0.002 0.00012589254 0.9444631 1 1 0.038581609 0.77168122
0.002 0.00015848932 0.94391079 1 1 0.0274458 0.81965214
0.002 0.00019952623 0.94022031 1 1 0.016135959 0.85369463
0.002 0.0001 0.94389195 1 1 0.047353109 0.70590811
0.002 0.00025118864 0.94205432 1 1 0.0086870638 0.8711782
0.002 0.00031622777 0.94154012 1 1 0.0031225941 0.88211267
0.002 0.001 0.94281683 1 1 5.2173765e-08 0.24008143
0.002 0.0031622777 0.94059539 1 1 6.8077656e-48 1
0.002 0.01 0.9405801 1 1 0 1
0.002 0.031622777 0.94376889 1 1 0 1
0.002 0.1 0.94089962 1 1 0 1
0.002 1.2589254e-05 0.94207091 1 1 0.0055173732 0.5051945
0.002 1.2589254e-06 0.94042496 1 1 5.6014413e-05 0.48244763
0.002 1.2589254e-07 0.9404058 1 1 5.7607872e-07 0.48444727
0.002 1.2589254e-08 0.94069846 1 1 5.8387818e-09 0.48213314
0.002 1.2589254e-09 0.94023128 1 1 5.7268007e-11 0.50931645
0.002 1.5848932e-05 0.94115671 1 1 0.0079659538 0.51381271
0.002 1.5848932e-06 0.94388751 1 1 9.4230623e-05 0.47715369
0.002 1.5848932e-07 0.94284946 1 1 8.9770845e-07 0.50513265
0.002 1.5848932e-08 0.9445639 1 1 9.2226321e-09 0.49267911
0.002 1.5848932e-09 0.93823925 1 1 8.7376167e-11 0.49292117
0.002 1.9952623e-05 0.94543011 1 1 0.01251951 0.51417857
0.002 1.9952623e-06 0.94293204 1 1 0.00014404251 0.48861286
0.002 1.9952623e-07 0.94201048 1 1 1.4049503e-06 0.49140407
0.002 1.9952623e-08 0.94195197 1 1 1.3762482e-08 0.48165068
0.002 1.9952623e-09 0.93866308 1 1 1.4675731e-10 0.47133269
0.002 1e-05 0.94005779 1 1 0.0034858353 0.48871395
0.002 1e-06 0.94182527 1 1 3.6490066e-05 0.48553134
0.002 1e-07 0.93913336 1 1 3.6161465e-07 0.50522936
0.002 1e-08 0.93881119 1 1 3.5841473e-09 0.48574726
0.002 1e-09 0.93999059 1 1 3.685649e-11 0.46756006
0.002 2.5118864e-05 0.94047219 1 1 0.017868057 0.53221106
0.002 2.5118864e-06 0.94017611 1 1 0.00022534988 0.48318606
0.002 2.5118864e-07 0.94258277 1 1 2.2921936e-06 0.48332739
0.002 2.5118864e-08 0.94395856 1 1 2.2966682e-08 0.47614641
0.002 2.5118864e-09 0.94279761 1 1 2.3674231e-10 0.47546858
0.002 3.1622777e-05 0.94334677 1 1 0.025621792 0.53513553
0.002 3.1622777e-06 0.94117647 1 1 0.00035035363 0.50143238
0.002 3.1622777e-07 0.94433226 1 1 3.6044033e-06 0.49990406
0.002 3.1622777e-08 0.94342158 1 1 3.7419153e-08 0.48503116
0.002 3.1622777e-09 0.94128329 1 1 3.7643929e-10 0.47928187
0.002 3.9810717e-05 0.94278423 1 1 0.034254069 0.56803538
0.002 3.9810717e-06 0.94259433 1 1 0.00056172341 0.49653965
0.002 3.9810717e-07 0.94106579 1 1 5.6959812e-06 0.49484326
0.002 3.9810717e-08 0.93949987 1 1 5.8363592e-08 0.47206026
0.002 3.9810717e-09 0.94363832 1 1 5.6260301e-10 0.50041571
0.002 5.0118723e-05 0.94262075 1 1 0.044871932 0.60024174
0.002 5.0118723e-06 0.9424383 1 1 0.00084904887 0.5210639
0.002 5.0118723e-07 0.94537025 1 1 8.8999837e-06 0.48157056
0.002 5.0118723e-08 0.94020023 1 1 9.1936612e-08 0.48833649
0.002 5.0118723e-09 0.94238655 1 1 9.013283e-10 0.47212316
0.002 6.3095734e-05 0.94195588 1 1 0.04923863 0.63566621
0.002 6.3095734e-06 0.93701211 1 1 0.0013971305 0.49766589
0.002 6.3095734e-07 0.94102616 1 1 1.4684616e-05 0.47535105
0.002 6.3095734e-08 0.9433163 1 1 1.3998566e-07 0.51163439
0.002 6.3095734e-09 0.94273246 1 1 1.4197384e-09 0.51357855
0.002 7.9432823e-05 0.94096685 1 1 0.053445216 0.67513703
0.002 7.9432823e-06 0.9422276 1 1 0.0022091254 0.50143527
0.002 7.9432823e-07 0.94407475 1 1 2.2617434e-05 0.47544704
0.002 7.9432823e-08 0.94039691 1 1 2.3230246e-07 0.4896268
0.002 7.9432823e-09 0.9426246 1 1 2.2874418e-09 0.50162312
0.005 0.00012589254 0.9039316 1 1 0.0031932723 0.84951329
0.005 0.00015848932 0.90653955 1 1 0.00089462288 0.86645979
0.005 0.00019952623 0.90765508 1 1 0.00019609192 0.90025423
0.005 0.0001 0.90787969 1 1 0.0079131503 0.82787124
0.005 0.00025118864 0.91332349 1 1 2.1525264e-05 0.84231109
0.005 0.00031622777 0.90918868 1 1 1.7631037e-06 0.97434343
0.005 0.001 0.90917036 1 1 4.6291943e-33 1
0.005 0.0031622777 0.90764781 1 1 0 1
0.005 0.01 0.90307392 1 1 0 1
0.005 0.031622777 0.91209087 1 1 0 1
0.005 0.1 0.91000134 1 1 0 1
0.005 1.2589254e-05 0.91308147 1 1 0.025337656 0.49990273
0.005 1.2589254e-06 0.9054499 1 1 0.00035724776 0.46796328
0.005 1.2589254e-07 0.90970214 1 1 3.6786362e-06 0.45725608
0.005 1.2589254e-08 0.90655903 1 1 3.7884879e-08 0.43859709
0.005 1.2589254e-09 0.90848575 1 1 3.7589446e-10 0.46646598
0.005 1.5848932e-05 0.9110797 1 1 0.035302094 0.52367666
0.005 1.5848932e-06 0.90567686 1 1 0.00054564667 0.46198699
0.005 1.5848932e-07 0.91218855 1 1 5.6896907e-06 0.44748103
0.005 1.5848932e-08 0.90490921 1 1 5.7765101e-08 0.446155
0.005 1.5848932e-09 0.90845497 1 1 5.7139411e-10 0.46564962
0.005 1.9952623e-05 0.91085584 1 1 0.043636761 0.53525433
0.005 1.9952623e-06 0.90336247 1 1 0.00088241036 0.47030479
0.005 1.9952623e-07 0.9074398 1 1 9.1467519e-06 0.44249424
0.005 1.9952623e-08 0.90956803 1 1 8.9884337e-08 0.4547419
0.005 1.9952623e-09 0.90560452 1 1 9.2142858e-10 0.46700939
0.005 1e-05 0.90972035 1 1 0.018232158 0.50638113
0.005 1e-06 0.90415938 1 1 0.00023344996 0.4570595
0.005 1e-07 0.90957983 1 1 2.2335786e-06 0.46597675
0.005 1e-08 0.91356696 1 1 2.3226603e-08 0.44974172
0.005 1e-09 0.90882808 1 1 2.247564e-10 0.46008149
0.005 2.5118864e-05 0.90972082 1 1 0.051772393 0.57520499
0.005 2.5118864e-06 0.90750202 1 1 0.0014688139 0.44138736
0.005 2.5118864e-07 0.91008816 1 1 1.402573e-05 0.45778981
0.005 2.5118864e-08 0.91005042 1 1 1.494224e-07 0.44156282
0.005 2.5118864e-09 0.90980023 1 1 1.4524281e-09 0.45052399
0.005 3.1622777e-05 0.90340795 1 1 0.052305848 0.60202018
0.005 3.1622777e-06 0.90553987 1 1 0.0022336036 0.45370301
0.005 3.1622777e-07 0.90851035 1 1 2.316126e-05 0.4343708
0.005 3.1622777e-08 0.90745346 1 1 2.3478628e-07 0.45377539
0.005 3.1622777e-09 0.90749966 1 1 2.3013751e-09 0.47080169
0.005 3.9810717e-05 0.90819892 1 1 0.04948364 0.65643376
0.005 3.9810717e-06 0.90829694 1 1 0.0034789773 0.45047082
0.005 3.9810717e-07 0.90500202 1 1 3.6302032e-05 0.46544435
0.005 3.9810717e-08 0.90888904 1 1 3.6199843e-07 0.4486547
0.005 3.9810717e-09 0.9084853 1 1 3.7154654e-09 0.44471035
0.005 5.0118723e-05 0.90877311 1 1 0.040427084 0.69746763
0.005 5.0118723e-06 0.90531629 1 1 0.0054748546 0.46346585
0.005 5.0118723e-07 0.90891356 1 1 5.711861e-05 0.47813975
0.005 5.0118723e-08 0.90512372 1 1 5.6457854e-07 0.46672131
0.005 5.0118723e-09 0.90389523 1 1 5.7200728e-09 0.47069873
0.005 6.3095734e-05 0.90478433 1 1 0.02764724 0.76032179
0.005 6.3095734e-06 0.90492863 1 1 0.0078761383 0.48277999
0.005 6.3095734e-07 0.90956194 1 1 9.3194435e-05 0.48207573
0.005 6.3095734e-08 0.90902974 1 1 8.8490025e-07 0.46870137
0.005 6.3095734e-09 0.90695798 1 1 8.9942119e-09 0.45361703
0.005 7.9432823e-05 0.90622898 1 1 0.016755204 0.78211661
0.005 7.9432823e-06 0.90632145 1 1 0.012482215 0.48808215
0.005 7.9432823e-07 0.90806223 1 1 0.00015353554 0.41938913
0.005 7.9432823e-08 0.90917641 1 1 1.5069168e-06 0.43686261
0.005 7.9432823e-09 0.90979918 1 1 1.4238641e-08 0.47422688
0.01 0.00012589254 0.89995287 1 1 2.2310951e-05 0.94260221
0.01 0.00015848932 0.8999529 1 1 7.889142e-07 0.83651738
0.01 0.00019952623 0.89722017 1 1 1.6549134e-08 0.76956978
0.01 0.0001 0.89740312 1 1 0.00020070869 0.81396323
0.01 0.00025118864 0.89908627 1 1 3.1683626e-11 0.1688709
0.01 0.00031622777 0.89096531 1 1 2.6424792e-16 0.260506
0.01 0.001 0.89630577 1 1 0 0.260506
0.01 0.0031622777 0.89602529 1 1 0 0.260506
0.01 0.01 0.89922585 1 1 0 0.260506
0.01 0.031622777 0.89181188 1 1 0 0.260506
0.01 0.1 0.90004708 1 1 0 0.260506
0.01 1.2589254e-05 0.89533867 1 1 0.050927282 0.56817022
0.01 1.2589254e-06 0.89440032 1 1 0.0013715785 0.45496249
0.01 1.2589254e-07 0.89897836 1 1 1.4756051e-05 0.45200538
0.01 1.2589254e-08 0.89651694 1 1 1.4219928e-07 0.46611289
0.01 1.2589254e-09 0.89733584 1 1 1.4454237e-09 0.45851511
0.01 1.5848932e-05 0.89425148 1 1 0.053379429 0.59763349
0.01 1.5848932e-06 0.89658189 1 1 0.0023260645 0.45339697
0.01 1.5848932e-07 0.89531755 1 1 2.3059595e-05 0.47155804
0.01 1.5848932e-08 0.89815687 1 1 2.4009731e-07 0.45812962
0.01 1.5848932e-09 0.89690444 1 1 2.2784809e-09 0.44661705
0.01 1.9952623e-05 0.90213081 1 1 0.049545594 0.6523056
0.01 1.9952623e-06 0.89544813 1 1 0.0035037362 0.46971787
0.01 1.9952623e-07 0.89711325 1 1 3.7106211e-05 0.44032269
0.01 1.9952623e-08 0.90033625 1 1 3.4911869e-07 0.49645925
0.01 1.9952623e-09 0.89879631 1 1 3.5841283e-09 0.4829894
0.01 1e-05 0.89409629 1 1 0.043519606 0.54126245
0.01 1e-06 0.89564984 1 1 0.00092755852 0.45202655
0.01 1e-07 0.89869413 1 1 9.1602927e-06 0.44004265
0.01 1e-08 0.89839285 1 1 9.6659069e-08 0.44828045
0.01 1e-09 0.89323652 1 1 9.3004728e-10 0.48158974
0.01 2.5118864e-05 0.89526117 1 1 0.03981987 0.70873242
0.01 2.5118864e-06 0.90003366 1 1 0.0055400593 0.46728132
0.01 2.5118864e-07 0.90121131 1 1 5.6597396e-05 0.4790442
0.01 2.5118864e-08 0.89578565 1 1 5.8860318e-07 0.44943384
0.01 2.5118864e-09 0.89621563 1 1 5.7236011e-09 0.47294341
0.01 3.1622777e-05 0.89761184 1 1 0.027347917 0.73659421
0.01 3.1622777e-06 0.89716169 1 1 0.0082586858 0.47777659
0.01 3.1622777e-07 0.8969093 1 1 9.2147536e-05 0.47062668
0.01 3.1622777e-08 0.89277076 1 1 9.0207467e-07 0.48931314
0.01 3.1622777e-09 0.8948959 1 1 9.4542297e-09 0.45436234
0.01 3.9810717e-05 0.9022046 1 1 0.015951553 0.7605518
0.01 3.9810717e-06 0.89447439 1 1 0.01272005 0.4844119
0.01 3.9810717e-07 0.89697377 1 1 0.00014981938 0.46164262
0.01 3.9810717e-08 0.89272752 1 1 1.4909882e-06 0.44413168
0.01 3.9810717e-09 0.89547015 1 1 1.4348824e-08 0.47250951
0.01 5.0118723e-05 0.89716169 1 1 0.0085347178 0.79156637
0.01 5.0118723e-06 0.89787263 1 1 0.018013599 0.49107228
0.01 5.0118723e-07 0.89475456 1 1 0.00023081392 0.46120792
0.01 5.0118723e-08 0.89689266 1 1 2.2594956e-06 0.4584892
0.01 5.0118723e-09 0.90011435 1 1 2.3324472e-08 0.45438909
0.01 6.3095734e-05 0.90111074 1 1 0.0029663232 0.82182358
0.01 6.3095734e-06 0.903125 1 1 0.026597047 0.50753557
0.01 6.3095734e-07 0.90106862 1 1 0.00036814934 0.44335934
0.01 6.3095734e-08 0.89692732 1 1 3.7758112e-06 0.45282853
0.01 6.3095734e-09 0.89826971 1 1 3.693122e-08 0.46502748
0.01 7.9432823e-05 0.89668616 1 1 0.00099899071 0.80592243
0.01 7.9432823e-06 0.89695708 1 1 0.034981008 0.51238082
0.01 7.9432823e-07 0.89669338 1 1 0.00058502936 0.46134443
0.01 7.9432823e-08 0.89549428 1 1 5.6452127e-06 0.46135386
0.01 7.9432823e-09 0.89953538 1 1 5.7492528e-08 0.45490607
0.05 0.00012589254 0.89740487 1 1 0 0.45490607
0.05 0.00015848932 0.89972426 1 1 0 0.45490607
0.05 0.00019952623 0.8946413 1 1 0 0.45490607
0.05 0.0001 0.89736347 1 1 1.3499669e-35 0.89009945
0.05 0.00025118864 0.89526117 1 1 0 0.89009945
0.05 0.00031622777 0.90360312 1 1 0 0.89009945
0.05 0.001 0.89539102 1 1 0 0.89009945
0.05 0.0031622777 0.89965677 1 1 0 0.89009945
0.05 0.01 0.89944209 1 1 0 0.89009945
0.05 0.031622777 0.8934553 1 1 0 0.89009945
0.05 0.1 0.89535899 1 1 0 0.89009945
0.05 1.2589254e-05 0.90065201 1 1 0.0033156232 0.82418496
0.05 1.2589254e-06 0.90003364 1 1 0.025926384 0.50526156
0.05 1.2589254e-07 0.89326787 1 1 0.00036448743 0.45047341
0.05 1.2589254e-08 0.89657723 1 1 3.6609657e-06 0.46768834
0.05 1.2589254e-09 0.89955627 1 1 3.4513722e-08 0.43718712
0.05 1.5848932e-05 0.89847374 1 1 0.00092503676 0.8527822
0.05 1.5848932e-06 0.8939058 1 1 0.03468748 0.52540248
0.05 1.5848932e-07 0.8962664 1 1 0.00057833648 0.4448805
0.05 1.5848932e-08 0.90033625 1 1 5.6934049e-06 0.44750626
0.05 1.5848932e-09 0.89759279 1 1 5.7253329e-08 0.45357643
0.05 1.9952623e-05 0.89842017 1 1 0.0001918887 0.81869177
0.05 1.9952623e-06 0.89934104 1 1 0.043670732 0.54265186
0.05 1.9952623e-07 0.89878188 1 1 0.00092149825 0.44991731
0.05 1.9952623e-08 0.892946 1 1 8.6188248e-06 0.47664001
0.05 1.9952623e-09 0.89787406 1 1 8.896313e-08 0.46581869
0.05 1e-05 0.90005381 1 1 0.0087515768 0.79278331
0.05 1e-06 0.89931327 1 1 0.018434418 0.49749934
0.05 1e-07 0.89614842 1 1 0.0002312252 0.46167026
0.05 1e-08 0.8996705 1 1 2.3200341e-06 0.45207373
0.05 1e-09 0.89601398 1 1 2.263378e-08 0.45801495
0.05 2.5118864e-05 0.89812387 1 1 2.3898582e-05 0.94508722
0.05 2.5118864e-06 0.90107527 1 1 0.050490946 0.58109851
0.05 2.5118864e-07 0.89522207 1 1 0.00141276 0.45157784
0.05 2.5118864e-08 0.89974449 1 1 1.4648018e-05 0.45366023
0.05 2.5118864e-09 0.89965026 1 1 1.4385819e-07 0.4570886
0.05 3.1622777e-05 0.89957624 1 1 1.305453e-06 0.83438529
0.05 3.1622777e-06 0.89550131 1 1 0.053890253 0.60428711
0.05 3.1622777e-07 0.89577313 1 1 0.0022757596 0.46249172
0.05 3.1622777e-08 0.89650529 1 1 2.272004e-05 0.46241497
0.05 3.1622777e-09 0.89714977 1 1 2.2600251e-07 0.43823997
0.05 3.9810717e-05 0.89930229 1 1 2.2950149e-08 0.94341156
0.05 3.9810717e-06 0.89535899 1 1 0.048300747 0.64316467
0.05 3.9810717e-07 0.89657028 1 1 0.0035758409 0.46345614
0.05 3.9810717e-08 0.89741519 1 1 3.6201444e-05 0.46841652
0.05 3.9810717e-09 0.89675814 1 1 3.636218e-07 0.45396748
0.05 5.0118723e-05 0.89370714 1 1 2.8589274e-10 0.99959771
0.05 5.0118723e-06 0.89310461 1 1 0.040315199 0.70290099
0.05 5.0118723e-07 0.89562063 1 1 0.0054610875 0.46300802
0.05 5.0118723e-08 0.8981282 1 1 5.6889232e-05 0.47861989
0.05 5.0118723e-09 0.8996235 1 1 5.8664865e-07 0.44932907
0.05 6.3095734e-05 0.89502055 1 1 1.934411e-17 0.97456419
0.05 6.3095734e-06 0.90154012 1 1 0.028922781 0.75294445
0.05 6.3095734e-07 0.89785489 1 1 0.0084473562 0.47131064
0.05 6.3095734e-08 0.89784115 1 1 9.0789768e-05 0.48270874
0.05 6.3095734e-09 0.90160737 1 1 9.27e-07 0.46246483
0.05 7.9432823e-05 0.89532849 1 1 2.5705552e-23 0.99997331
0.05 7.9432823e-06 0.89454936 1 1 0.017016459 0.76400026
0.05 7.9432823e-07 0.89769443 1 1 0.012636696 0.46189061
0.05 7.9432823e-08 0.90148512 1 1 0.00014968311 0.45290826
0.05 7.9432823e-09 0.89475809 1 1 1.4352708e-06 0.45064902
0.1 0.00012589254 0.90411418 1 1 0 0.45064902
0.1 0.00015848932 0.90343534 1 1 0 0.45064902
0.1 0.00019952623 0.90531673 1 1 0 0.45064902
0.1 0.0001 0.90380627 1 1 0 0.45064902
0.1 0.00025118864 0.90502344 1 1 0 0.45064902
0.1 0.00031622777 0.90743347 1 1 0 0.45064902
0.1 0.001 0.90391697 1 1 0 0.45064902
0.1 0.0031622777 0.90496919 1 1 0 0.45064902
0.1 0.01 0.9046535 1 1 0 0.45064902
0.1 0.031622777 0.90462486 1 1 0 0.45064902
0.1 0.1 0.90381782 1 1 0 0.45064902
0.1 1.2589254e-05 0.90667825 1 1 1.7988343e-05 0.85672658
0.1 1.2589254e-06 0.90262348 1 1 0.051368057 0.57724016
0.1 1.2589254e-07 0.90533851 1 1 0.0013659439 0.4648332
0.1 1.2589254e-08 0.90277871 1 1 1.4754093e-05 0.46923562
0.1 1.2589254e-09 0.90711224 1 1 1.4311425e-07 0.46979495
0.1 1.5848932e-05 0.90965065 1 1 1.6121518e-06 0.52220396
0.1 1.5848932e-06 0.90608882 1 1 0.05282233 0.62740237
0.1 1.5848932e-07 0.90506499 1 1 0.0021719981 0.48446925
0.1 1.5848932e-08 0.90507135 1 1 2.3747493e-05 0.4686112
0.1 1.5848932e-09 0.90204082 1 1 2.2986666e-07 0.46868888
0.1 1.9952623e-05 0.9058335 1 1 1.7184804e-08 0.96589732
0.1 1.9952623e-06 0.90215789 1 1 0.049131915 0.64719129
0.1 1.9952623e-07 0.90393627 1 1 0.0035475792 0.4444262
0.1 1.9952623e-08 0.90709505 1 1 3.7564932e-05 0.4558925
0.1 1.9952623e-09 0.90401338 1 1 3.6543007e-07 0.45610353
0.1 1e-05 0.90020094 1 1 0.00018531014 0.82018863
0.1 1e-06 0.90786743 1 1 0.044580281 0.55045292
0.1 1e-07 0.90139335 1 1 0.00089236954 0.47023442
0.1 1e-08 0.90350231 1 1 8.6557782e-06 0.47676217
0.1 1e-09 0.90697207 1 1 9.1574495e-08 0.46806478
0.1 2.5118864e-05 0.9024717 1 1 2.6529141e-12 0.99994548
0.1 2.5118864e-06 0.90283916 1 1 0.040503644 0.70261593
0.1 2.5118864e-07 0.90801903 1 1 0.005471322 0.46693522
0.1 2.5118864e-08 0.90526245 1 1 5.9228259e-05 0.43928481
0.1 2.5118864e-09 0.90503616 1 1 5.9028003e-07 0.45540605
0.1 3.1622777e-05 0.90207497 1 1 3.6089409e-13 0.00014845081
0.1 3.1622777e-06 0.90274064 1 1 0.028885778 0.72991288
0.1 3.1622777e-07 0.9076851 1 1 0.0084662579 0.47428507
0.1 3.1622777e-08 0.90426458 1 1 9.3171454e-05 0.4563467
0.1 3.1622777e-09 0.90785509 1 1 9.059548e-07 0.45130658
0.1 3.9810717e-05 0.90702189 1 1 3.5454316e-22 0.99999995
0.1 3.9810717e-06 0.90302503 1 1 0.016041584 0.78653914
0.1 3.9810717e-07 0.90383714 1 1 0.012815694 0.47763719
0.1 3.9810717e-08 0.90845165 1 1 0.00014589287 0.46841968
0.1 3.9810717e-09 0.90791589 1 1 1.4090198e-06 0.46959408
0.1 5.0118723e-05 0.90435074 1 1 6.2923764e-34 0.99994067
0.1 5.0118723e-06 0.90497556 1 1 0.008060076 0.82109254
0.1 5.0118723e-07 0.90881703 1 1 0.018684387 0.49414538
0.1 5.0118723e-08 0.90456098 1 1 0.00022236853 0.45446275
0.1 5.0118723e-09 0.90732066 1 1 2.2910679e-06 0.45180203
0.1 6.3095734e-05 0.90385387 1 1 0 0.45180203
0.1 6.3095734e-06 0.9020225 1 1 0.0037174948 0.8472051
0.1 6.3095734e-07 0.90583981 1 1 0.025949212 0.50607039
0.1 6.3095734e-08 0.90836627 1 1 0.00038417803 0.42960489
0.1 6.3095734e-09 0.90699699 1 1 3.7385944e-06 0.4603875
0.1 7.9432823e-05 0.90346352 1 1 0 0.4603875
0.1 7.9432823e-06 0.90557193 1 1 0.00095324635 0.85207068
0.1 7.9432823e-07 0.90652014 1 1 0.034433884 0.51941301
0.1 7.9432823e-08 0.90498828 1 1 0.00056550049 0.47006089
0.1 7.9432823e-09 0.90539636 1 1 5.9957037e-06 0.46218369
0.15 0.00012589254 0.91603818 1 1 0 0.46218369
0.15 0.00015848932 0.92008538 1 1 0 0.46218369
0.15 0.00019952623 0.91584357 1 1 0 0.46218369
0.15 0.0001 0.91428762 1 1 0 0.46218369
0.15 0.00025118864 0.91159004 1 1 0 0.46218369
0.15 0.00031622777 0.91748382 1 1 0 0.46218369
0.15 0.001 0.91751752 1 1 0 0.46218369
0.15 0.0031622777 0.91295641 1 1 0 0.46218369
0.15 0.01 0.91691137 1 1 0 0.46218369
0.15 0.031622777 0.91966371 1 1 0 0.46218369
0.15 0.1 0.91621081 1 1 0 0.46218369
0.15 1.2589254e-05 0.91961544 1 1 4.5724288e-08 0.94397934
0.15 1.2589254e-06 0.91183341 1 1 0.05129066 0.65648399
0.15 1.2589254e-07 0.91450881 1 1 0.0032218442 0.46052237
0.15 1.2589254e-08 0.91473747 1 1 3.3506797e-05 0.45618009
0.15 1.2589254e-09 0.91286362 1 1 3.2552897e-07 0.46467611
0.15 1.5848932e-05 0.91427427 1 1 9.1147976e-12 0.87827474
0.15 1.5848932e-06 0.91571009 1 1 0.042626122 0.68032237
0.15 1.5848932e-07 0.91648879 1 1 0.0048837684 0.48567952
0.15 1.5848932e-08 0.91859612 1 1 5.1623874e-05 0.46066016
0.15 1.5848932e-09 0.9204644 1 1 5.1399232e-07 0.46483219
0.15 1.9952623e-05 0.91391391 1 1 1.3314136e-15 0.99884071
0.15 1.9952623e-06 0.91660546 1 1 0.030460762 0.7315752
0.15 1.9952623e-07 0.91111111 1 1 0.007558039 0.47599859
0.15 1.9952623e-08 0.91950878 1 1 8.4804155e-05 0.45316214
0.15 1.9952623e-09 0.91806232 1 1 8.0909181e-07 0.47313044
0.15 1e-05 0.91754023 1 1 3.3266773e-06 0.71049798
0.15 1e-06 0.91706699 1 1 0.053638569 0.60778249
0.15 1e-07 0.91200801 1 1 0.0020427983 0.48364236
0.15 1e-08 0.91589408 1 1 2.1181839e-05 0.46693222
0.15 1e-09 0.91325237 1 1 2.0084782e-07 0.47586045
0.15 2.5118864e-05 0.91382993 1 1 8.1490375e-19 0.999907
0.15 2.5118864e-06 0.91169403 1 1 0.01971944 0.76493053
0.15 2.5118864e-07 0.91587725 1 1 0.011498886 0.49868387
0.15 2.5118864e-08 0.916789 1 1 0.00013133912 0.46052803
0.15 2.5118864e-09 0.91566587 1 1 1.3073856e-06 0.46978695
0.15 3.1622777e-05 0.90873916 1 1 2.7430415e-32 0.0040023013
0.15 3.1622777e-06 0.91441532 1 1 0.009737225 0.79877459
0.15 3.1622777e-07 0.91338898 1 1 0.016897024 0.49554626
0.15 3.1622777e-08 0.91408178 1 1 0.0002118649 0.48844125
0.15 3.1622777e-09 0.91405102 1 1 2.0789789e-06 0.46392627
0.15 3.9810717e-05 0.91727819 1 1 1.0598912e-47 1
0.15 3.9810717e-06 0.91060111 1 1 0.0043710459 0.78637602
0.15 3.9810717e-07 0.91830742 1 1 0.024604752 0.51179086
0.15 3.9810717e-08 0.91320881 1 1 0.00032673367 0.46545178
0.15 3.9810717e-09 0.91487091 1 1 3.3767667e-06 0.47184309
0.15 5.0118723e-05 0.91782832 1 1 0 0.47184309
0.15 5.0118723e-06 0.91875292 1 1 0.0012011494 0.81748522
0.15 5.0118723e-07 0.9170058 1 1 0.032339149 0.52166646
0.15 5.0118723e-08 0.91402443 1 1 0.00051902258 0.48410445
0.15 5.0118723e-09 0.91665555 1 1 5.1611037e-06 0.47235608
0.15 6.3095734e-05 0.91843001 1 1 0 0.47235608
0.15 6.3095734e-06 0.91966371 1 1 0.00027533376 0.85604106
0.15 6.3095734e-07 0.91676679 1 1 0.041571526 0.5519189
0.15 6.3095734e-08 0.91549296 1 1 0.00081475666 0.46543298
0.15 6.3095734e-09 0.91723401 1 1 8.2010831e-06 0.47445233
0.15 7.9432823e-05 0.91653869 1 1 0 0.47445233
0.15 7.9432823e-06 0.91286362 1 1 3.8606181e-05 0.8897461
0.15 7.9432823e-07 0.91593275 1 1 0.050173176 0.56954467
0.15 7.9432823e-08 0.90978246 1 1 0.0012936768 0.47709018
0.15 7.9432823e-09 0.91894056 1 1 1.3086641e-05 0.47184287
0.2 0.00012589254 0.9256 1 1 0 0.47184287
0.2 0.00015848932 0.92806667 1 1 0 0.47184287
0.2 0.00019952623 0.92933333 1 1 0 0.47184287
0.2 0.0001 0.92746667 1 1 0 0.47184287
0.2 0.00025118864 0.92453333 1 1 0 0.47184287
0.2 0.00031622777 0.92726667 1 1 0 0.47184287
0.2 0.001 0.93026667 1 1 0 0.47184287
0.2 0.0031622777 0.93086667 1 1 0 0.47184287
0.2 0.01 0.9274 1 1 0 0.47184287
0.2 0.031622777 0.92586667 1 1 0 0.47184287
0.2 0.1 0.92946667 1 1 0 0.47184287
0.2 1.2589254e-05 0.9238 1 1 4.5109314e-11 0.1117615
0.2 1.2589254e-06 0.92386667 1 1 0.040121514 0.70367197
0.2 1.2589254e-07 0.926 1 1 0.0055859549 0.48736167
0.2 1.2589254e-09 0.92793333 1 1 5.7779809e-07 0.49706322
0.2 1.5848932e-05 0.9342 1 1 1.5688025e-15 0.99807292
0.2 1.5848932e-06 0.92793333 1 1 0.028063992 0.74244627
0.2 1.5848932e-07 0.92893333 1 1 0.008354717 0.48255654
0.2 1.5848932e-08 0.93072872 1 1 9.278503e-05 0.48367773
0.2 1.5848932e-09 0.92553333 1 1 9.3325666e-07 0.48127827
0.2 1.9952623e-05 0.92846667 1 1 1.6737925e-18 1
0.2 1.9952623e-06 0.92493333 1 1 0.017375198 0.78304947
0.2 1.9952623e-07 0.92773333 1 1 0.013043089 0.47738478
0.2 1.9952623e-08 0.92606667 1 1 0.00015436019 0.48721418
0.2 1.9952623e-09 0.92993333 1 1 1.4328587e-06 0.47621521
0.2 1e-05 0.92886667 1 1 2.1037948e-08 0.98663069
0.2 1e-06 0.9327 1 1 0.050376188 0.67141452
0.2 1e-07 0.935 1 1 0.003124173 0.5147164
0.2 1e-08 0.92966667 1 1 3.5983922e-05 0.48665288
0.2 1e-09 0.9268 1 1 3.6099167e-07 0.49113964
0.2 2.5118864e-05 0.92726667 1 1 1.0859481e-39 0.83077001
0.2 2.5118864e-06 0.9264 1 1 0.0082472114 0.7997551
0.2 2.5118864e-07 0.92953333 1 1 0.018523346 0.50721541
0.2 2.5118864e-08 0.92573333 1 1 0.00022912089 0.48846021
0.2 2.5118864e-09 0.9298 1 1 2.3413056e-06 0.49788376
0.2 3.1622777e-05 0.9338 1 1 2.1008972e-48 1
0.2 3.1622777e-06 0.93006667 1 1 0.0032843394 0.80896484
0.2 3.1622777e-07 0.9282 1 1 0.026991133 0.50396033
0.2 3.1622777e-08 0.92966667 1 1 0.00036986567 0.4746923
0.2 3.1622777e-09 0.92966667 1 1 3.6997756e-06 0.47019706
0.2 3.9810717e-05 0.92653333 1 1 0 0.47019706
0.2 3.9810717e-06 0.92726667 1 1 0.00093183893 0.83532399
0.2 3.9810717e-07 0.9296 1 1 0.035571876 0.53029057
0.2 3.9810717e-08 0.92213333 1 1 0.00056676954 0.51641774
0.2 3.9810717e-09 0.92746667 1 1 5.9425877e-06 0.46938851
0.2 5.0118723e-05 0.92693333 1 1 0 0.46938851
0.2 5.0118723e-06 0.92846667 1 1 0.00022026536 0.78824556
0.2 5.0118723e-07 0.92813333 1 1 0.044089847 0.57302808
0.2 5.0118723e-08 0.9276 1 1 0.00091946562 0.47892147
0.2 5.0118723e-09 0.92886667 1 1 9.2307908e-06 0.4742755
0.2 6.3095734e-05 0.92726667 1 1 0 0.4742755
0.2 6.3095734e-06 0.92993333 1 1 2.1452655e-05 0.88762698
0.2 6.3095734e-07 0.92706667 1 1 0.050471185 0.58072631
0.2 6.3095734e-08 0.92673333 1 1 0.0013958952 0.50908972
0.2 6.3095734e-09 0.93066667 1 1 1.4682154e-05 0.48402483
0.2 7.9432823e-05 0.92126667 1 1 0 0.48402483
0.2 7.9432823e-06 0.933 1 1 4.2756976e-07 0.84784091
0.2 7.9432823e-07 0.92713333 1 1 0.055656435 0.62346347
0.2 7.9432823e-08 0.9304 1 1 0.0021976443 0.47860305
0.2 7.9432823e-09 0.93006667 1 1 2.3182002e-05 0.48418347
0.25 0.00012589254 0.95657112 1 1 0 0.48418347
0.25 0.00015848932 0.95260378 1 1 0 0.48418347
0.25 0.00019952623 0.94960619 1 1 0 0.48418347
0.25 0.0001 0.9560131 1 1 0 0.48418347
0.25 0.00025118864 0.95328789 1 1 0 0.48418347
0.25 0.00031622777 0.95354589 1 1 0 0.48418347
0.25 0.25 0.95340909 1 1 0 0.48418347
0.25 1.1220185e-05 0.95101904 1 1 5.5413605e-20 0.96214088
0.25 1.1220185e-05 0.95101904 1 1 5.5413605e-20 0.96214088
0.25 1.2589254e-05 0.95444526 1 1 4.2359432e-25 0.99999996
0.25 1.2589254e-06 0.95665242 1 1 0.016368017 0.83037476
0.25 1.2589254e-07 0.95325543 1 1 0.014883766 0.5459247
0.25 1.2589254e-08 0.9544209 1 1 0.00017496834 0.5274663
0.25 1.2589254e-09 0.95465171 1 1 1.7484052e-06 0.51567447
0.25 1.4125375e-05 0.95249549 1 1 6.0763788e-23 4.1812735e-05
0.25 1.4125375e-05 0.95249549 1 1 6.0763788e-23 4.1812735e-05
0.25 1.5848932e-05 0.95341532 1 1 6.8009853e-40 0.99947162
0.25 1.5848932e-06 0.95648396 1 1 0.007557166 0.84242913
0.25 1.5848932e-07 0.95388933 1 1 0.02214569 0.55811487
0.25 1.5848932e-08 0.95568478 1 1 0.0002847651 0.51311547
0.25 1.5848932e-09 0.9542689 1 1 2.8059122e-06 0.53201851
0.25 1.7782794e-05 0.95352725 1 1 7.6943666e-47 1
0.25 1.7782794e-05 0.95352725 1 1 7.6943666e-47 1
0.25 1.9952623e-05 0.95296633 1 1 8.5468988e-48 1
0.25 1.9952623e-06 0.95768434 1 1 0.0027346862 0.86949361
0.25 1.9952623e-07 0.95615266 1 1 0.030532863 0.57465027
0.25 1.9952623e-08 0.95224738 1 1 0.00043614883 0.52093354
0.25 1.9952623e-09 0.95375259 1 1 4.2722775e-06 0.53035779
0.25 1e-05 0.95469731 1 1 4.5974569e-15 0.99999955
0.25 1e-06 0.95318552 1 1 0.02788475 0.81844926
0.25 1e-07 0.9526481 1 1 0.010105951 0.51853966
0.25 1e-08 0.95246373 1 1 0.00011209971 0.52449163
0.25 1e-09 0.9523332 1 1 1.1762465e-06 0.50930276
0.25 2.2387211e-05 0.95551399 1 1 0 0.50930276
0.25 2.5118864e-05 0.95469731 1 1 0 0.50930276
0.25 2.5118864e-06 0.95139213 1 1 0.0007961541 0.86856843
0.25 2.5118864e-07 0.95510122 1 1 0.038898804 0.61782962
0.25 2.5118864e-08 0.95670186 1 1 0.00071133684 0.52889107
0.25 2.5118864e-09 0.95593152 1 1 7.0047997e-06 0.52331257
0.25 2.8183829e-05 0.95402606 1 1 0 0.52331257
0.25 3.1622777e-05 0.95382868 1 1 0 0.52331257
0.25 3.1622777e-06 0.95488873 1 1 0.00014794731 0.88386304
0.25 3.1622777e-07 0.95435407 1 1 0.050202168 0.6301468
0.25 3.1622777e-08 0.95113485 1 1 0.0011587868 0.51390269
0.25 3.1622777e-09 0.9526481 1 1 1.1300969e-05 0.51246757
0.25 3.5481339e-05 0.95597862 1 1 0 0.51246757
0.25 3.9810717e-05 0.95382251 1 1 0 0.51246757
0.25 3.9810717e-06 0.95341532 1 1 1.7912756e-05 0.81377058
0.25 3.9810717e-07 0.95487015 1 1 0.056482474 0.66286995
0.25 3.9810717e-08 0.95309368 1 1 0.0017165497 0.51399539
0.25 3.9810717e-09 0.95488873 1 1 1.7359042e-05 0.51914712
0.25 4.4668359e-05 0.95200214 1 1 0 0.51914712
0.25 5.0118723e-06 0.9521138 1 1 3.0720667e-07 0.68725427
0.25 5.0118723e-07 0.95343088 1 1 0.057120169 0.70741921
0.25 5.0118723e-08 0.95278483 1 1 0.0027038299 0.53323824
0.25 5.0118723e-09 0.95199893 1 1 2.7479599e-05 0.52742958
0.25 5.6234133e-05 0.95318552 1 1 0 0.52742958
0.25 6.3095734e-05 0.95341532 1 1 0 0.52742958
0.25 6.3095734e-06 0.95361273 1 1 1.0304078e-08 0.62572784
0.25 6.3095734e-07 0.9552169 1 1 0.052119281 0.74827657
0.25 6.3095734e-08 0.95503741 1 1 0.0042193579 0.54687622
0.25 6.3095734e-09 0.95293097 1 1 4.4292757e-05 0.52080617
0.25 7.0794578e-05 0.95594625 1 1 0 0.52080617
0.25 7.9432823e-05 0.95528075 1 1 0 0.52080617
0.25 7.9432823e-06 0.95536848 1 1 5.9763385e-12 0.99941952
0.25 7.9432823e-07 0.95615559 1 1 0.039868057 0.77969629
0.25 7.9432823e-08 0.95407447 1 1 0.0063118397 0.53024629
0.25 7.9432823e-09 0.95237141 1 1 7.1228129e-05 0.51403461
0.3 0.00012589254 0.9589617 1 1 0 0.51403461
0.3 0.00015848932 0.96081703 1 1 0 0.51403461
0.3 0.00019952623 0.96095575 1 1 0 0.51403461
0.3 0.0001 0.95989858 1 1 0 0.51403461
0.3 0.00025118864 0.96029098 1 1 0 0.51403461
0.3 0.00031622777 0.95867548 1 1 0 0.51403461
0.3 1.2589254e-05 0.95814419 1 1 1.1007906e-33 1
0.3 1.2589254e-06 0.95867548 1 1 0.0081039488 0.86582585
0.3 1.2589254e-07 0.95942609 1 1 0.021569259 0.57475553
0.3 1.2589254e-08 0.95675964 1 1 0.00027959206 0.52349038
0.3 1.2589254e-09 0.95747947 1 1 2.6352443e-06 0.52333658
0.3 1.5848932e-05 0.95807744 1 1 0 0.52333658
0.3 1.5848932e-06 0.95751219 1 1 0.0030788289 0.85911859
0.3 1.5848932e-07 0.95541911 1 1 0.030398709 0.57903548
0.3 1.5848932e-08 0.9563042 1 1 0.00042814203 0.51782214
0.3 1.5848932e-09 0.95918231 1 1 4.337664e-06 0.5125151
0.3 1.9952623e-05 0.95635344 1 1 0 0.5125151
0.3 1.9952623e-06 0.95675098 1 1 0.00089836308 0.85716811
0.3 1.9952623e-07 0.95729062 1 1 0.03985105 0.59586875
0.3 1.9952623e-08 0.95615908 1 1 0.00070156846 0.54208114
0.3 1.9952623e-09 0.95748231 1 1 6.8252488e-06 0.51832283
0.3 1e-05 0.95916461 1 1 5.5202613e-25 0.99999466
0.3 1e-06 0.95928719 1 1 0.016609693 0.8450845
0.3 1e-07 0.95982381 1 1 0.015107721 0.54817831
0.3 1e-08 0.95682637 1 1 0.00017371083 0.53791796
0.3 1e-09 0.95649273 1 1 1.7510919e-06 0.53037499
0.3 2.5118864e-05 0.95694546 1 1 0 0.53037499
0.3 2.5118864e-06 0.95707897 1 1 0.00017722556 0.87982784
0.3 2.5118864e-07 0.96021893 1 1 0.050130289 0.61670269
0.3 2.5118864e-08 0.95963168 1 1 0.001112801 0.52729285
0.3 2.5118864e-09 0.95753772 1 1 1.1002076e-05 0.50917212
0.3 3.1622777e-05 0.95969303 1 1 0 0.50917212
0.3 3.1622777e-06 0.95781041 1 1 2.1225286e-05 0.74787742
0.3 3.1622777e-07 0.95861148 1 1 0.058755333 0.64650761
0.3 3.1622777e-08 0.95613274 1 1 0.0017011438 0.53090891
0.3 3.1622777e-09 0.95774084 1 1 1.71092e-05 0.5205708
0.3 3.9810717e-05 0.95761298 1 1 0 0.5205708
0.3 3.9810717e-06 0.9596209 1 1 5.9626905e-07 0.94847723
0.3 3.9810717e-07 0.95784418 1 1 0.061266345 0.67636056
0.3 3.9810717e-08 0.95863081 1 1 0.0026682631 0.5372596
0.3 3.9810717e-09 0.95895896 1 1 2.6547126e-05 0.54787591
0.3 5.0118723e-05 0.95801068 1 1 0 0.54787591
0.3 5.0118723e-06 0.95801629 1 1 1.0211411e-07 0.71526847
0.3 5.0118723e-07 0.95917278 1 1 0.053691773 0.73977776
0.3 5.0118723e-08 0.95914007 1 1 0.0042315225 0.548783
0.3 5.0118723e-09 0.96067566 1 1 4.2882907e-05 0.52740937
0.3 6.3095734e-05 0.95802749 1 1 0 0.52740937
0.3 6.3095734e-06 0.95948201 1 1 5.1728173e-12 0.83387496
0.3 6.3095734e-07 0.95787998 1 1 0.041613441 0.77137809
0.3 6.3095734e-08 0.95956765 1 1 0.006514185 0.54694598
0.3 6.3095734e-09 0.95695408 1 1 6.7903336e-05 0.5307151
0.3 7.9432823e-05 0.96000801 1 1 0 0.5307151
0.3 7.9432823e-06 0.95761015 1 1 1.6083225e-18 0.42701252
0.3 7.9432823e-07 0.95668424 1 1 0.028962813 0.82464456
0.3 7.9432823e-08 0.96048064 1 1 0.0098279623 0.55605432
0.3 7.9432823e-09 0.95715716 1 1 0.00010683058 0.54066971
0.35 0.00012589254 0.96224905 1 1 0 0.54066971
0.35 0.00015848932 0.96158976 1 1 0 0.54066971
0.35 0.00019952623 0.9618565 1 1 0 0.54066971
0.35 0.0001 0.96246166 1 1 0 0.54066971
0.35 0.00025118864 0.95711332 1 1 0 0.54066971
0.35 0.00031622777 0.95937834 1 1 0 0.54066971
0.35 1.2589254e-05 0.96392131 1 1 0 0.54066971
0.35 1.2589254e-07 0.95911971 1 1 0.028402703 0.57206089
0.35 1.2589254e-08 0.96212576 1 1 0.00037345219 0.54656614
0.35 1.2589254e-09 0.96212071 1 1 3.7041893e-06 0.5530932
0.35 1.5848932e-05 0.95998666 1 1 0 0.5530932
0.35 1.5848932e-06 0.96303463 1 1 0.0013198507 0.88850571
0.35 1.5848932e-07 0.96032275 1 1 0.03762272 0.58919116
0.35 1.5848932e-08 0.95998666 1 1 0.00057697404 0.52978057
0.35 1.5848932e-09 0.96046403 1 1 5.8561193e-06 0.54205244
0.35 1.9952623e-05 0.96438338 1 1 0 0.54205244
0.35 1.9952623e-06 0.96018673 1 1 0.00025843577 0.83325629
0.35 1.9952623e-07 0.95937834 1 1 0.049370655 0.60805467
0.35 1.9952623e-08 0.96037887 1 1 0.0009090021 0.56202581
0.35 1.9952623e-09 0.96405948 1 1 9.1419869e-06 0.54639779
0.35 1e-05 0.96179236 1 1 6.1497633e-37 0.9998351
0.35 1e-06 0.9599173 1 1 0.011018662 0.84199679
0.35 1e-07 0.96172568 1 1 0.018489284 0.57356906
0.35 1e-08 0.96072286 1 1 0.00023400658 0.53366067
0.35 1e-09 0.95818885 1 1 2.2578911e-06 0.54511414
0.35 2.5118864e-05 0.96012536 1 1 0 0.54511414
0.35 2.5118864e-06 0.96011206 1 1 3.5568355e-05 0.85672997
0.35 2.5118864e-07 0.96092291 1 1 0.055783878 0.63329647
0.35 2.5118864e-08 0.96052017 1 1 0.0014778091 0.53823924
0.35 2.5118864e-09 0.96198986 1 1 1.499005e-05 0.53180829
0.35 3.1622777e-05 0.96252834 1 1 0 0.53180829
0.35 3.1622777e-06 0.95925852 1 1 2.1123645e-06 0.87503062
0.35 3.1622777e-07 0.96326422 1 1 0.06182756 0.68700983
0.35 3.1622777e-08 0.96219244 1 1 0.0023472527 0.51872448
0.35 3.1622777e-09 0.96018938 1 1 2.2861368e-05 0.53689398
0.35 3.9810717e-05 0.95912788 1 1 0 0.53689398
0.35 3.9810717e-06 0.95858896 1 1 2.8173146e-08 0.92851192
0.35 3.9810717e-07 0.9606483 1 1 0.058731803 0.70322868
0.35 3.9810717e-08 0.96025077 1 1 0.003593597 0.54336616
0.35 3.9810717e-09 0.96066142 1 1 3.8586034e-05 0.52521943
0.35 5.0118723e-05 0.96331621 1 1 0 0.52521943
0.35 5.0118723e-06 0.96012004 1 1 2.3055986e-10 0.51764069
0.35 5.0118723e-07 0.96105368 1 1 0.049655407 0.74028513
0.35 5.0118723e-08 0.96039736 1 1 0.0054584919 0.55053163
0.35 5.0118723e-09 0.9591864 1 1 5.764269e-05 0.55583222
0.35 6.3095734e-05 0.96211818 1 1 0 0.55583222
0.35 6.3095734e-06 0.95939459 1 1 3.477647e-14 0.95424197
0.35 6.3095734e-07 0.95991997 1 1 0.034813336 0.80288961
0.35 6.3095734e-08 0.96105628 1 1 0.0086680925 0.53566982
0.35 6.3095734e-09 0.96299013 1 1 9.3690623e-05 0.53933373
0.35 7.9432823e-05 0.96138455 1 1 0 0.53933373
0.35 7.9432823e-06 0.96032804 1 1 4.2922161e-21 0.99999852
0.35 7.9432823e-07 0.96271842 1 1 0.022185138 0.81795948
0.35 7.9432823e-08 0.95905575 1 1 0.012877967 0.57107272
0.35 7.9432823e-09 0.9605816 1 1 0.00015046246 0.53297315
0.3 1.5848932e-05 0.95807744 1 1 0 0.53297315
0.4 0.00012589254 0.96626667 0.99813716 1 0 0.53297315
0.4 0.00015848932 0.9684 0.99841663 1 0 0.53297315
0.4 0.00019952623 0.96719563 0.99738039 1 0 0.53297315
0.4 0.0001 0.96726448 0.99744968 1 0 0.53297315
0.4 0.00025118864 0.97019702 0.99783527 1 0 0.53297315
0.4 0.00031622777 0.96593333 0.99855062 1 0 0.53297315
0.4 1.2589254e-05 0.96599547 0.99751518 1 0 0.53297315
0.4 1.2589254e-06 0.96739783 0.99800138 1 0.0019704049 0.87444322
0.4 1.2589254e-07 0.96992932 0.99821269 1 0.033493206 0.6061629
0.4 1.2589254e-08 0.96693113 0.99751775 1 0.00050686775 0.56896045
0.4 1.2589254e-09 0.96853333 0.99786619 1 5.074505e-06 0.56303962
0.4 1.5848932e-05 0.96819788 0.99848506 1 0 0.56303962
0.4 1.5848932e-06 0.96553104 0.99779036 1 0.00050299456 0.82890466
0.4 1.5848932e-07 0.96746667 0.99848401 1 0.044755093 0.623972
0.4 1.5848932e-08 0.9668 0.99800028 1 0.00080595506 0.55536924
0.4 1.5848932e-09 0.96613333 0.99765388 1 8.0328887e-06 0.55667296
0.4 1.9952623e-05 0.96926462 0.99821158 1 0 0.55667296
0.4 1.9952623e-06 0.96806667 0.9973831 1 4.2803893e-05 0.88106508
0.4 1.9952623e-07 0.96899793 0.99814229 1 0.054357295 0.63689636
0.4 1.9952623e-08 0.96833333 0.99765921 1 0.0012464963 0.56374194
0.4 1.9952623e-09 0.96866458 0.99745337 1 1.2836178e-05 0.53833429
0.4 1e-05 0.96772903 0.99731294 1 2.8951053e-36 1
0.4 1e-06 0.9698 0.99821269 1 0.0055590648 0.85738939
0.4 1e-07 0.96786452 0.9977268 1 0.024557052 0.58615319
0.4 1e-08 0.96513333 0.9986185 1 0.0003199672 0.54149333
0.4 1e-09 0.96659332 0.99855132 1 3.2074388e-06 0.54666852
0.4 2.5118864e-05 0.968 0.99786501 1 0 0.54666852
0.4 2.5118864e-06 0.96473333 0.99799599 1 6.072471e-06 0.85776263
0.4 2.5118864e-07 0.96846667 0.99814139 1 0.061713397 0.6772466
0.4 2.5118864e-08 0.96833122 0.9980033 1 0.0020017382 0.55722776
0.4 2.5118864e-09 0.96812908 0.99758953 1 2.0150123e-05 0.5558196
0.4 3.1622777e-05 0.9664 0.99772351 1 0 0.5558196
0.4 3.1622777e-06 0.96479765 0.9981342 1 2.0027479e-07 0.8509344
0.4 3.1622777e-07 0.9666 0.99786192 1 0.059883386 0.70632178
0.4 3.1622777e-08 0.96479765 0.99834151 1 0.0030516895 0.5542367
0.4 3.1622777e-09 0.96759784 0.99875973 1 3.1453026e-05 0.54987718
0.4 3.9810717e-05 0.96539769 0.9980663 1 0 0.54987718
0.4 3.9810717e-06 0.96786452 0.99765792 1 1.1309678e-08 0.99835513
0.4 3.9810717e-07 0.9676 0.99827753 1 0.052175189 0.73775522
0.4 3.9810717e-08 0.96719781 0.99834563 1 0.0048429703 0.55292196
0.4 3.9810717e-09 0.9658 0.99827431 1 4.9092568e-05 0.56417859
0.4 5.0118723e-05 0.96693333 0.99820739 1 0 0.56417859
0.4 5.0118723e-06 0.96773333 0.99731331 1 1.4585266e-13 0.19250395
0.4 5.0118723e-07 0.96726448 0.99779432 1 0.039241389 0.77329355
0.4 5.0118723e-08 0.9686 0.99793516 1 0.0070374076 0.59276369
0.4 5.0118723e-09 0.96893126 0.99883025 1 7.9623287e-05 0.57360186
0.4 6.3095734e-05 0.96859791 0.99779736 1 0 0.57360186
0.4 6.3095734e-06 0.96613333 0.99786089 1 1.2632956e-18 0.99999677
0.4 6.3095734e-07 0.96593333 0.99786045 1 0.024914844 0.82833357
0.4 6.3095734e-08 0.96766667 0.99772649 1 0.011458446 0.56522667
0.4 6.3095734e-09 0.96413094 0.99806376 1 0.00012305998 0.56087813
0.4 7.9432823e-05 0.9676 0.99807083 1 0 0.56087813
0.4 7.9432823e-06 0.96659777 0.99765485 1 1.1210831e-23 1
0.4 7.9432823e-07 0.96946667 0.99828084 1 0.013404893 0.85951931
0.4 7.9432823e-08 0.9679 0.99886352 1 0.016306593 0.58411833
0.4 7.9432823e-09 0.96366667 0.99792459 1 0.00019675637 0.56019877
0.45 0.00012589254 0.9718 0.99684434 1 0 0.56019877
0.45 0.00015848932 0.97233333 0.99677751 1 0 0.56019877
0.45 0.00019952623 0.97046667 0.99766435 1 0 0.56019877
0.45 0.0001 0.97233333 0.99657182 1 0 0.56019877
0.45 0.00025118864 0.97313333 0.99760225 1 0 0.56019877
0.45 0.00031622777 0.97146667 0.99718638 1 0 0.56019877
0.45 1.2589254e-05 0.97193333 0.99766788 1 0 0.56019877
0.45 1.2589254e-06 0.97086667 0.99656664 1 0.0008388237 0.86107163
0.45 1.2589254e-07 0.9742 0.99692055 1 0.039217984 0.62013398
0.45 1.2589254e-08 0.97393333 0.99705661 1 0.00062653157 0.6055221
0.45 1.2589254e-09 0.97333333 0.99664384 1 6.3773968e-06 0.58197397
0.45 1.5848932e-05 0.97013333 0.99656405 1 0 0.58197397
0.45 1.5848932e-06 0.97006667 0.99731977 1 0.00019221282 0.85269788
0.45 1.5848932e-07 0.97246667 0.99677795 1 0.049787032 0.64680413
0.45 1.5848932e-08 0.9724 0.99664061 1 0.00099298966 0.58548497
0.45 1.5848932e-09 0.971 0.99684174 1 1.0066055e-05 0.58259807
0.45 1.9952623e-05 0.97173333 0.99691273 1 0 0.58259807
0.45 1.9952623e-06 0.97293333 0.99828697 1 1.3536717e-05 0.93110701
0.45 1.9952623e-07 0.97506667 0.99753863 1 0.057474097 0.66276147
0.45 1.9952623e-08 0.97133333 0.99732327 1 0.0016032506 0.57694953
0.45 1.9952623e-09 0.97473333 0.9973326 1 1.6125404e-05 0.58428147
0.45 1e-05 0.97353333 0.99657605 1 0 0.58428147
0.45 1e-06 0.97079805 0.99690955 1 0.0031446925 0.87584461
0.45 1e-07 0.97253333 0.99718947 1 0.029150107 0.6074673
0.45 1e-08 0.97473165 0.99726402 1 0.00039984224 0.58878231
0.45 1e-09 0.972 0.99643347 1 4.0264751e-06 0.58233627
0.45 2.5118864e-05 0.97193333 0.99725633 1 0 0.58233627
0.45 2.5118864e-06 0.9734 0.99753442 1 5.5947841e-07 0.4934803
0.45 2.5118864e-07 0.9728 0.99691612 1 0.060495835 0.69287588
0.45 2.5118864e-08 0.97293333 0.99684802 1 0.0025380597 0.58217384
0.45 2.5118864e-09 0.97206667 0.99691379 1 2.5140787e-05 0.57063848
0.45 3.1622777e-05 0.97313333 0.99698568 1 0 0.57063848
0.45 3.1622777e-06 0.9718 0.99691295 1 7.9423931e-09 0.74906155
0.45 3.1622777e-07 0.969 0.99662883 1 0.05711614 0.73269055
0.45 3.1622777e-08 0.97153144 0.99691189 1 0.0038513538 0.58960651
0.45 3.1622777e-09 0.97273333 0.99664177 1 3.9005001e-05 0.57339793
0.45 3.9810717e-05 0.97313333 0.99643762 1 0 0.57339793
0.45 3.9810717e-06 0.97153144 0.99711776 1 1.1751721e-12 0.99992006
0.45 3.9810717e-07 0.97153333 0.99711796 1 0.04571758 0.76767467
0.45 3.9810717e-08 0.9694 0.99718039 1 0.0060915391 0.58382896
0.45 3.9810717e-09 0.96933333 0.99690509 1 6.4370292e-05 0.5727553
0.45 5.0118723e-05 0.97013333 0.9971138 1 0 0.5727553
0.45 5.0118723e-06 0.97313333 0.99780777 1 8.7115015e-18 0.98202681
0.45 5.0118723e-07 0.97006667 0.99745722 1 0.030793511 0.79800822
0.45 5.0118723e-08 0.97066667 0.99739011 1 0.0094029396 0.5617462
0.45 5.0118723e-09 0.97373333 0.997056 1 0.00010095496 0.58653838
0.45 6.3095734e-05 0.9708 0.99622305 1 0 0.58653838
0.45 6.3095734e-06 0.972 0.99677641 1 1.181789e-22 1
0.45 6.3095734e-07 0.9734 0.99767139 1 0.017784308 0.82233132
0.45 6.3095734e-08 0.9748 0.99733279 1 0.013923639 0.59350439
0.45 6.3095734e-09 0.97213333 0.99602249 1 0.00016126461 0.56794494
0.45 7.9432823e-05 0.97126667 0.99704853 1 0 0.56794494
0.45 7.9432823e-06 0.97393333 0.99712506 1 8.8999434e-35 0.99999635
0.45 7.9432823e-07 0.9738 0.99767235 1 0.0091189346 0.83877893
0.45 7.9432823e-08 0.9718 0.99684434 1 0.020540683 0.59866532
0.45 7.9432823e-09 0.97433333 0.99692097 1 0.0002555195 0.58419035
0.5 0.00012589254 0.9752 0.99535138 1 0 0.58419035
0.5 0.00015848932 0.979 0.99659517 1 0 0.58419035
0.5 0.00019952623 0.97613333 0.99603879 1 0 0.58419035
0.5 0.0001 0.97726667 0.99624804 1 0 0.58419035
0.5 0.00025118864 0.97746667 0.99502114 1 0 0.58419035
0.5 0.00031622777 0.979 0.99659517 1 0 0.58419035
0.5 1.2589254e-05 0.976 0.9965847 1 0 0.58419035
0.5 1.2589254e-06 0.97406667 0.99630415 1 0.00034207145 0.85073212
0.5 1.2589254e-07 0.97866667 0.99625341 1 0.045148651 0.65925497
0.5 1.2589254e-08 0.97653333 0.99624522 1 0.0007835122 0.59114386
0.5 1.2589254e-09 0.97726667 0.99645269 1 7.673961e-06 0.61288181
0.5 1.5848932e-05 0.97506667 0.99535075 1 0 0.61288181
0.5 1.5848932e-06 0.97486667 0.99589687 1 5.1852263e-05 0.93950362
0.5 1.5848932e-07 0.97833333 0.99597956 1 0.056112097 0.66060773
0.5 1.5848932e-08 0.97746667 0.99597599 1 0.0012256421 0.59745674
0.5 1.5848932e-09 0.97693333 0.99624676 1 1.2487058e-05 0.59575722
0.5 1.9952623e-05 0.97733333 0.99570259 1 0 0.59575722
0.5 1.9952623e-06 0.97646667 0.99644978 1 2.4670649e-06 0.93644923
0.5 1.9952623e-07 0.97813333 0.99482007 1 0.062434571 0.69197631
0.5 1.9952623e-08 0.97706667 0.99576965 1 0.0019301526 0.60380716
0.5 1.9952623e-09 0.97826667 0.99611558 1 2.0175242e-05 0.580558
0.5 1e-05 0.97646667 0.99597187 1 0 0.580558
0.5 1e-06 0.97333333 0.99561644 1 0.0019609543 0.88296771
0.5 1e-07 0.97693333 0.99713389 1 0.033680179 0.65210908
0.5 1e-08 0.97693333 0.996315 1 0.00049066702 0.60652112
0.5 1e-09 0.97506667 0.99514563 1 4.8903333e-06 0.59408869
0.5 2.5118864e-05 0.9772 0.99665712 1 0 0.59408869
0.5 2.5118864e-06 0.97586667 0.99631097 1 8.4898523e-08 0.89768455
0.5 2.5118864e-07 0.977 0.99576936 1 0.059193983 0.73399969
0.5 2.5118864e-08 0.9756 0.99507995 1 0.003060873 0.59354498
0.5 2.5118864e-09 0.97473333 0.99664866 1 3.135834e-05 0.59946207
0.5 3.1622777e-05 0.97633333 0.99665415 1 0 0.59946207
0.5 3.1622777e-06 0.97713333 0.99624753 1 5.802156e-11 0.99681266
0.5 3.1622777e-07 0.97626667 0.99562961 1 0.05388762 0.75758471
0.5 3.1622777e-08 0.9754 0.99569407 1 0.0047052824 0.59289974
0.5 3.1622777e-09 0.97746667 0.99645342 1 4.9113865e-05 0.61811424
0.5 3.9810717e-05 0.979 0.99645897 1 0 0.61811424
0.5 3.9810717e-06 0.97733333 0.99611187 1 1.4844094e-13 0.0072568737
0.5 3.9810717e-07 0.97646667 0.99638151 1 0.040475121 0.80037004
0.5 3.9810717e-08 0.97533333 0.99562543 1 0.007339354 0.61806305
0.5 3.9810717e-09 0.97786667 0.99659122 1 7.9418657e-05 0.60524729
0.5 5.0118723e-05 0.97713333 0.9961793 1 0 0.60524729
0.5 5.0118723e-06 0.976 0.99603825 1 3.2708529e-16 1
0.5 5.0118723e-07 0.97566667 0.99596857 1 0.0252722 0.83546752
0.5 5.0118723e-08 0.97766667 0.99502216 1 0.010920892 0.62643779
0.5 5.0118723e-09 0.97773333 0.9954998 1 0.00012595357 0.60657215
0.5 6.3095734e-05 0.97773333 0.9959089 1 0 0.60657215
0.5 6.3095734e-07 0.97546667 0.99624112 1 0.011700373 0.83759463
0.5 6.3095734e-08 0.97826667 0.99638817 1 0.016889305 0.61906885
0.5 6.3095734e-09 0.97766667 0.99502216 1 0.00019345653 0.59431612
0.5 7.9432823e-05 0.97873333 0.99618555 1 0 0.59431612
0.5 7.9432823e-06 0.977 0.99645172 1 8.0598996e-44 0.013959856
0.5 7.9432823e-07 0.97506667 0.99555586 1 0.005688269 0.86464477
0.5 7.9432823e-08 0.97806667 0.99672824 1 0.023889422 0.61183416
0.5 7.9432823e-09 0.9768 0.9957685 1 0.00031562624 0.58407152
0.55 1.2589254e-05 0.9807 0.99581931 1 0 0.58407152
0.55 1.2589254e-06 0.9842 0.99552936 1 0.0001388208 0.81766747
0.55 1.2589254e-07 0.9819 0.99399124 1 0.050791847 0.67168407
0.55 1.2589254e-08 0.9807 0.9949016 1 0.0010319564 0.61565156
0.55 1.5848932e-05 0.9809 0.99551432 1 0 0.61565156
0.55 1.5848932e-06 0.9824 0.99552117 1 5.0339146e-06 0.83715263
0.55 1.5848932e-07 0.9833 0.99511848 1 0.059635757 0.69262032
0.55 1.5848932e-08 0.9824 0.99368893 1 0.0015932131 0.60060289
0.55 1.9952623e-05 0.9794 0.99499694 1 0 0.60060289
0.55 1.9952623e-06 0.98 0.99469388 1 7.3079369e-08 0.65030341
0.55 1.9952623e-07 0.9827 0.9951155 1 0.063606602 0.7223609
0.55 1.9952623e-08 0.9816 0.9952119 1 0.002548224 0.62248526
0.55 1e-05 0.9801 0.99540863 1 0 0.62248526
0.55 1e-06 0.9799 0.99397898 1 0.00063576674 0.93964487
0.55 1e-07 0.9795 0.99632466 1 0.040740125 0.65907569
0.55 1e-08 0.9816 0.9952119 1 0.00062762936 0.63417818
0.55 2.5118864e-05 0.9798 0.99489692 1 0 0.63417818
0.55 2.5118864e-06 0.9806 0.99520702 1 2.8848705e-10 0.97844516
0.55 2.5118864e-07 0.979 0.99489275 1 0.05547749 0.7470455
0.55 2.5118864e-08 0.9809 0.99510653 1 0.0039338491 0.63662814
0.55 3.1622777e-05 0.9833 0.993593 1 0 0.63662814
0.55 3.1622777e-06 0.9826 0.99491146 1 1.8285294e-13 0.86581491
0.55 3.1622777e-07 0.9795 0.99509954 1 0.044126656 0.78361981
0.55 3.1622777e-08 0.9847 0.99461765 1 0.0061691654 0.61600387
0.55 3.1622777e-09 0.9819 0.99399124 1 6.4097631e-05 0.62442457
0.55 3.9810717e-06 0.9817 0.99449934 1 3.1566317e-21 0.19370537
0.55 3.9810717e-07 0.9807 0.99530947 1 0.030368476 0.81309617
0.55 3.9810717e-08 0.9827 0.99358909 1 0.0095396248 0.61425616
0.55 3.9810717e-09 0.9827 0.99430141 1 0.00010481681 0.63538356
0.55 5.0118723e-06 0.9816 0.99429503 1 3.9999945e-29 1
0.55 5.0118723e-07 0.9826 0.99460615 1 0.017136803 0.826868
0.55 5.0118723e-08 0.98 0.995 1 0.014729401 0.60218289
0.55 5.0118723e-09 0.9799 0.9956118 1 0.00016320977 0.61896143
0.55 6.3095734e-06 0.9807 0.99449373 1 6.9654569e-42 1
0.55 6.3095734e-07 0.9798 0.99418249 1 0.0072141016 0.85183666
0.55 6.3095734e-08 0.9814 0.99714693 1 0.021191034 0.62944008
0.55 6.3095734e-09 0.98 0.99336735 1 0.00026623408 0.61093568
0.55 7.9432823e-06 0.9815 0.99623026 1 0 0.61093568
0.55 7.9432823e-07 0.9825 0.99552163 1 0.0025518031 0.82735931
0.55 7.9432823e-08 0.9829 0.99511649 1 0.029899629 0.63872464
0.55 7.9432823e-09 0.9815 0.99623026 1 0.00040869588 0.59426472
0.6 1.2589254e-05 0.9849 0.99258808 1 0 0.59426472
0.6 1.2589254e-06 0.9845 0.99228035 1 1.1993383e-05 0.87259186
0.6 1.2589254e-07 0.9847 0.99278968 1 0.054951277 0.70872607
0.6 1.2589254e-08 0.985 0.99319797 1 0.0013416933 0.63399333
0.6 1.5848932e-05 0.9832 0.99237185 1 0 0.63399333
0.6 1.5848932e-06 0.9843 0.99258356 1 8.7129935e-07 0.99745796
0.6 1.5848932e-07 0.9844 0.99227956 1 0.063009226 0.73930576
0.6 1.5848932e-08 0.9846 0.99360146 1 0.002082952 0.62688569
0.6 1.9952623e-05 0.9846 0.99157018 1 0 0.62688569
0.6 1.9952623e-06 0.9861 0.99300274 1 5.3361845e-09 0.99211916
0.6 1.9952623e-07 0.9868 0.99442643 1 0.056900552 0.7560647
0.6 1.9952623e-08 0.9842 0.99329405 1 0.0032203718 0.64631485
0.6 1e-05 0.9842 0.99380207 1 0 0.64631485
0.6 1e-06 0.9846 0.99410928 1 0.00014953334 0.77174146
0.6 1e-08 0.985 0.99147208 1 0.00085717182 0.63556856
0.6 2.5118864e-05 0.9862 0.99168526 1 0 0.63556856
0.6 2.5118864e-06 0.9854 0.99360666 1 6.43146e-13 0.99961296
0.6 2.5118864e-07 0.9836 0.99461163 1 0.048231394 0.7785919
0.6 2.5118864e-08 0.9842 0.9924812 1 0.0051538956 0.63945287
0.6 3.1622777e-05 0.9847 0.99278968 1 0 0.63945287
0.6 3.1622777e-06 0.9842 0.99309084 1 3.7678191e-20 0.99838043
0.6 3.1622777e-07 0.9842 0.99288762 1 0.033890382 0.80980121
0.6 3.1622777e-08 0.9845 0.99299137 1 0.007754499 0.63598976
0.6 3.1622777e-09 0.9879 0.99352161 1 8.9210023e-05 0.63478604
0.6 3.9810717e-06 0.985 0.99350254 1 1.2077196e-27 0.99998844
0.6 3.9810717e-07 0.9863 0.99239582 1 0.020295265 0.82006225
0.6 3.9810717e-08 0.9845 0.99349924 1 0.01180091 0.64432045
0.6 3.9810717e-09 0.9877 0.99453275 1 0.00013459103 0.63437597
0.6 5.0118723e-06 0.9847 0.99370367 1 1.4018839e-37 1
0.6 5.0118723e-07 0.985 0.99248731 1 0.0099503991 0.85048841
0.6 5.0118723e-08 0.9842 0.99309084 1 0.018581091 0.65784329
0.6 5.0118723e-09 0.9845 0.99380396 1 0.00020628155 0.64296951
0.6 6.3095734e-06 0.9856 0.99421672 1 1.421772e-49 1
0.6 6.3095734e-07 0.9863 0.99310555 1 0.0034321336 0.91306865
0.6 6.3095734e-08 0.9854 0.99411407 1 0.025389383 0.64561709
0.6 6.3095734e-09 0.9878 0.99200243 1 0.00033344442 0.64406214
0.6 7.9432823e-06 0.9856 0.99462256 1 0 0.64406214
0.6 7.9432823e-07 0.9838 0.99359626 1 0.0011360359 0.88023073
0.6 7.9432823e-08 0.9876 0.99250709 1 0.034838157 0.65810897
0.6 7.9432823e-09 0.9836 0.99247662 1 0.00054245131 0.63793089
0.65 1.1220185e-06 0.9912 0.99192897 1 5.2448762e-06 0.83922226
0.65 1.1220185e-06 0.9912 0.99192897 1 5.2448762e-06 0.83922226
0.65 1.2589254e-05 0.9906 0.98990511 1 0 0.83922226
0.65 1.2589254e-06 0.99 0.99171717 1 1.1440853e-06 0.74190341
0.65 1.2589254e-07 0.9898 0.99131138 1 0.057995794 0.72172624
0.65 1.2589254e-08 0.9892 0.99069956 1 0.0019355854 0.64582702
0.65 1.4125375e-06 0.991 0.99051463 1 3.6137688e-08 0.96910053
0.65 1.4125375e-06 0.991 0.99051463 1 3.6137688e-08 0.96910053
0.65 1.5848932e-05 0.9894 0.99272286 1 0 0.96910053
0.65 1.5848932e-06 0.9874 0.98987239 1 2.7187816e-09 0.99981135
0.65 1.5848932e-07 0.9898 0.99009901 1 0.054446007 0.73829642
0.65 1.5848932e-08 0.992 0.99072581 1 0.0031451411 0.63903286
0.65 1.7782794e-06 0.9918 0.99274047 1 2.862185e-10 0.099948217
0.65 1.7782794e-06 0.9918 0.99274047 1 2.862185e-10 0.099948217
0.65 1.9952623e-05 0.9926 0.99254483 1 0 0.099948217
0.65 1.9952623e-06 0.9902 0.98808322 1 2.7001767e-11 0.99998172
0.65 1.9952623e-07 0.9898 0.9927258 1 0.046483526 0.74868487
0.65 1.9952623e-08 0.9896 0.99252223 1 0.0046745885 0.65077773
0.65 1e-05 0.9898 0.99030107 1 0 0.65077773
0.65 1e-06 0.989 0.99049545 1 2.5812402e-05 0.82930829
0.65 1e-08 0.9894 0.98969072 1 0.0012069797 0.66294226
0.65 2.2387211e-06 0.9908 0.98889786 1 3.9200001e-12 0.99999996
0.65 2.2387211e-06 0.9908 0.98889786 1 3.9200001e-12 0.99999996
0.65 2.5118864e-05 0.9878 0.99109131 1 0 0.99999996
0.65 2.5118864e-06 0.9878 0.98987649 1 8.4435919e-16 0.99999995
0.65 2.5118864e-07 0.9906 0.98990511 1 0.032918427 0.78594882
0.65 2.5118864e-08 0.9878 0.99271108 1 0.0072440891 0.64780645
0.65 2.8183829e-06 0.9896 0.99252223 1 2.1694882e-19 1
0.65 2.8183829e-06 0.9896 0.99252223 1 2.1694882e-19 1
0.65 3.1622777e-05 0.99 0.99272727 1 0 1
0.65 3.1622777e-06 0.9926 0.99113439 1 4.3090958e-27 1
0.65 3.1622777e-07 0.991 0.99112008 1 0.020346097 0.82335005
0.65 3.1622777e-08 0.9896 0.99191593 1 0.011044789 0.65015386
0.65 3.1622777e-09 0.9906 0.9903089 1 0.00012615104 0.63610241
0.65 3.5481339e-06 0.9904 0.98990307 1 2.0723405e-27 1.159708e-08
0.65 3.5481339e-06 0.9904 0.98990307 1 2.0723405e-27 1.159708e-08
0.65 3.9810717e-06 0.9892 0.99272139 1 3.2302844e-35 1
0.65 3.9810717e-07 0.9908 0.99071457 1 0.0094097435 0.82975139
0.65 3.9810717e-08 0.9916 0.99112545 1 0.016781606 0.64006358
0.65 3.9810717e-09 0.9868 0.99047426 1 0.0001984754 0.65662819
0.65 4.4668359e-06 0.988 0.9917004 1 0 0.65662819
0.65 4.4668359e-06 0.988 0.9917004 1 0 0.65662819
0.65 5.0118723e-06 0.991 0.99051463 1 0 0.65662819
0.65 5.0118723e-07 0.9868 0.99006891 1 0.0036760282 0.90004612
0.65 5.0118723e-08 0.9888 0.99029126 1 0.024294909 0.68676356
0.65 5.0118723e-09 0.9898 0.98929077 1 0.00033192044 0.66984296
0.65 5.6234133e-06 0.9896 0.99232013 1 0 0.66984296
0.65 6.3095734e-06 0.9924 0.98891576 1 0 0.66984296
0.65 6.3095734e-07 0.9896 0.99252223 1 0.00090140554 0.88950207
0.65 6.3095734e-08 0.9912 0.99233253 1 0.032487375 0.70015838
0.65 6.3095734e-09 0.9916 0.98971359 1 0.00051389061 0.61746894
0.65 7.0794578e-06 0.9896 0.99333064 1 0 0.61746894
0.65 7.9432823e-06 0.9888 0.99271845 1 0 0.61746894
0.65 7.9432823e-07 0.9904 0.99232633 1 0.00025789476 0.87005917
0.65 7.9432823e-08 0.9924 0.9917372 1 0.045220441 0.68449947
0.65 7.9432823e-09 0.99 0.98747475 1 0.00081894539 0.6815446
0.65 8.9125094e-06 0.9892 0.98989082 1 0 0.6815446
0.7 1.2589254e-05 0.9926 0.98670159 1 0 0.6815446
0.7 1.2589254e-06 0.9938 0.9865164 1 1.7723108e-10 0.94880573
0.7 1.2589254e-07 0.9926 0.98408221 1 0.049749114 0.77256897
0.7 1.2589254e-08 0.993 0.98610272 1 0.0029974292 0.64521334
0.7 1.5848932e-05 0.992 0.98709677 1 0 0.64521334
0.7 1.5848932e-06 0.9936 0.98369565 1 4.9061471e-14 0.99935475
0.7 1.5848932e-07 0.9948 0.98472055 1 0.039035816 0.76653844
0.7 1.5848932e-08 0.9912 0.9826473 1 0.00482692 0.6333247
0.7 1.9952623e-05 0.9938 0.98329644 1 0 0.6333247
0.7 1.9952623e-06 0.9928 0.98609992 1 1.1011954e-21 1
0.7 1.9952623e-07 0.9936 0.98570853 1 0.028762937 0.81255636
0.7 1.9952623e-08 0.9956 0.9837284 1 0.0070779546 0.63666209
0.7 1e-05 0.9938 0.98450392 1 0 0.63666209
0.7 1e-06 0.995 0.98472362 1 4.6960427e-07 0.98545586
0.7 1e-07 0.9936 0.98530596 1 0.052610284 0.7381378
0.7 1e-08 0.9948 0.98371532 1 0.0019145796 0.67028055
0.7 2.5118864e-05 0.9944 0.98411102 1 0 0.67028055
0.7 2.5118864e-06 0.994 0.98591549 1 2.0777852e-27 0.78127231
0.7 2.5118864e-07 0.9928 0.98630137 1 0.018101834 0.81839887
0.7 2.5118864e-08 0.994 0.9832998 1 0.011138424 0.66609289
0.7 3.1622777e-05 0.993 0.98388721 1 0 0.66609289
0.7 3.1622777e-06 0.9924 0.98589279 1 9.8898574e-46 1
0.7 3.1622777e-07 0.9938 0.98490642 1 0.0080980623 0.79489506
0.7 3.1622777e-08 0.995 0.98351759 1 0.015828209 0.67550031
0.7 3.1622777e-09 0.9926 0.98408221 1 0.00018917406 0.64178767
0.7 3.9810717e-06 0.9954 0.98493068 1 0 0.64178767
0.7 3.9810717e-07 0.9932 0.98711236 1 0.0025020499 0.83035003
0.7 3.9810717e-08 0.9938 0.98430268 1 0.022276814 0.66178004
0.7 3.9810717e-09 0.9952 0.98432476 1 0.00031505953 0.65651597
0.7 5.0118723e-06 0.9922 0.98407579 1 0 0.65651597
0.7 5.0118723e-07 0.9932 0.98368909 1 0.00050062692 0.86450136
0.7 5.0118723e-08 0.9946 0.98753268 1 0.032512595 0.66961742
0.7 5.0118723e-09 0.9942 0.98611949 1 0.00048634291 0.63932799
0.7 6.3095734e-06 0.9942 0.98531483 1 0 0.63932799
0.7 6.3095734e-07 0.9926 0.98267177 1 9.1585726e-05 0.89058758
0.7 6.3095734e-08 0.9924 0.98307134 1 0.041954282 0.69719745
0.7 6.3095734e-09 0.9938 0.98430268 1 0.00075543636 0.64202198
0.7 7.9432823e-06 0.9936 0.98450081 1 0 0.64202198
0.7 7.9432823e-07 0.9918 0.98588425 1 4.2855642e-06 0.82783518
0.7 7.9432823e-08 0.9948 0.98612786 1 0.046654889 0.71012714
0.7 7.9432823e-09 0.9936 0.98450081 1 0.0012392521 0.64810909
0.75 1.1220185e-06 0.9956 0.9837284 1 1.7891331e-12 0.99999158
0.75 1.1220185e-06 0.9956 0.9837284 1 1.7891331e-12 0.99999158
0.75 1.2589254e-05 0.9952 0.98452572 1 0 0.99999158
0.75 1.2589254e-06 0.9956 0.98212133 1 6.4055921e-15 0.99959888
0.75 1.2589254e-07 0.9972 0.98555957 1 0.039393781 0.77280442
0.75 1.2589254e-08 0.994 0.98470825 1 0.0051681829 0.64820063
0.75 1.4125375e-06 0.9956 0.98332664 1 7.6989118e-20 0.9999717
0.75 1.4125375e-06 0.9956 0.98332664 1 7.6989118e-20 0.9999717
0.75 1.5848932e-05 0.9956 0.98453194 1 0 0.9999717
0.75 1.5848932e-06 0.9942 0.98491249 1 1.4404087e-20 0.99999998
0.75 1.5848932e-07 0.9966 0.98213927 1 0.024559792 0.79446754
0.75 1.5848932e-08 0.9952 0.98553055 1 0.0073861422 0.66380375
0.75 1.7782794e-06 0.9954 0.9859353 1 1.7050989e-28 0.9999298
0.75 1.7782794e-06 0.9954 0.9859353 1 1.7050989e-28 0.9999298
0.75 1.9952623e-05 0.9944 0.98169751 1 0 0.9999298
0.75 1.9952623e-06 0.995 0.98371859 1 2.3058756e-32 6.1661077e-08
0.75 1.9952623e-07 0.997 0.98635908 1 0.014354062 0.84440446
0.75 1.9952623e-08 0.9964 0.98615014 1 0.01120627 0.67363305
0.75 1e-05 0.996 0.98433735 1 0 0.67363305
0.75 1e-06 0.9968 0.98515249 1 7.5500209e-12 0.998255
0.75 1e-07 0.9954 0.98151497 1 0.047998867 0.76707512
0.75 1e-08 0.9956 0.98392929 1 0.0030546216 0.68713525
0.75 2.2387211e-06 0.997 0.98355065 1 1.2473384e-44 0.24526176
0.75 2.2387211e-06 0.997 0.98355065 1 1.2473384e-44 0.24526176
0.75 2.5118864e-05 0.997 0.98375125 1 0 0.24526176
0.75 2.5118864e-06 0.9978 0.98657046 1 3.7384812e-46 1
0.75 2.5118864e-07 0.9964 0.98052991 1 0.006256596 0.81463667
0.75 2.5118864e-08 0.9968 0.98535313 1 0.016723124 0.66287292
0.75 2.8183829e-06 0.9966 0.98474814 1 0 0.66287292
0.75 3.1622777e-05 0.9954 0.98292144 1 0 0.66287292
0.75 3.1622777e-06 0.9958 0.98634264 1 0 0.66287292
0.75 3.1622777e-07 0.9928 0.98388396 1 0.0019144173 0.82088972
0.75 3.1622777e-08 0.9954 0.98734177 1 0.024550274 0.69490744
0.75 3.1622777e-09 0.9952 0.98432476 1 0.00032169845 0.66897807
0.75 3.5481339e-06 0.9966 0.98454746 1 0 0.66897807
0.75 3.9810717e-06 0.9962 0.98494278 1 0 0.66897807
0.75 3.9810717e-07 0.9964 0.98354075 1 0.00039206032 0.94214409
0.75 3.9810717e-08 0.996 0.98393574 1 0.032927085 0.6894103
0.75 3.9810717e-09 0.9966 0.98535019 1 0.00050379349 0.63727258
0.75 4.4668359e-06 0.9968 0.98334671 1 0 0.63727258
0.75 5.0118723e-06 0.9952 0.98492765 1 0 0.63727258
0.75 5.0118723e-07 0.9954 0.98714085 1 7.8916035e-05 0.85485314
0.75 5.0118723e-08 0.9962 0.98413973 1 0.04189073 0.71083842
0.75 5.0118723e-09 0.9954 0.98794454 1 0.00078472558 0.66799186
0.75 5.6234133e-06 0.997 0.98355065 1 0 0.66799186
0.75 6.3095734e-06 0.9964 0.98374147 1 0 0.66799186
0.75 6.3095734e-07 0.996 0.98373494 1 4.9746744e-06 0.87517547
0.75 6.3095734e-08 0.9968 0.98274478 1 0.048993399 0.71025904
0.75 6.3095734e-09 0.9956 0.98734431 1 0.0013428874 0.67108465
0.75 7.0794578e-06 0.9954 0.98975286 1 0 0.67108465
0.75 7.9432823e-06 0.9972 0.98415564 1 0 0.67108465
0.75 7.9432823e-07 0.9954 0.98352421 1 4.3269483e-08 0.96380404
0.75 7.9432823e-08 0.9966 0.98474814 1 0.054062847 0.74349535
0.75 7.9432823e-09 0.997 0.98314945 1 0.0019709783 0.61624564
0.75 8.9125094e-06 0.9972 0.98215002 1 0 0.61624564
0.7 2.5118864e-07 0.9928 0.98630137 1 0.018101834 0.81839887
0.8 1.1220185e-06 0.9952 0.98593248 1 1.6140773e-12 0.92234263
0.8 1.2589254e-05 0.9968 0.98555377 1 0 0.92234263
0.8 1.2589254e-06 0.9944 0.98873693 1 1.2561821e-15 0.9797342
0.8 1.2589254e-07 0.9962 0.9859466 1 0.040779285 0.78240513
0.8 1.2589254e-08 0.9966 0.9863536 1 0.0044966577 0.64421859
0.8 1.4125375e-06 0.996 0.98393574 1 1.9902998e-15 0.99925738
0.8 1.5848932e-05 0.9966 0.98715633 1 0 0.99925738
0.8 1.5848932e-06 0.9958 0.98112071 1 1.6352459e-19 0.40678465
0.8 1.5848932e-07 0.996 0.98393574 1 0.027918059 0.82493278
0.8 1.5848932e-08 0.9956 0.9863399 1 0.0068033333 0.71171704
0.8 1.7782794e-06 0.9964 0.98875953 1 8.9191233e-27 0.99999702
0.8 1.9952623e-05 0.9964 0.98334002 1 0 0.99999702
0.8 1.9952623e-06 0.9946 0.9843153 1 1.4584867e-28 1
0.8 1.9952623e-07 0.9962 0.98735194 1 0.015548968 0.81702567
0.8 1.9952623e-08 0.9964 0.98635086 1 0.010824333 0.65594878
0.8 1e-05 0.9956 0.98292487 1 0 0.65594878
0.8 1e-06 0.9952 0.98673633 1 2.4487956e-09 0.99561643
0.8 1e-07 0.9964 0.9857487 1 0.052310463 0.75631683
0.8 1e-08 0.9964 0.98655159 1 0.003115775 0.68523148
0.8 2.2387211e-06 0.996 0.98433735 1 3.0116007e-41 1
0.8 2.5118864e-05 0.9954 0.98513161 1 0 1
0.8 2.5118864e-06 0.9966 0.98555087 1 4.9017043e-44 1
0.8 2.5118864e-07 0.9952 0.98613344 1 0.0074049747 0.84062304
0.8 2.5118864e-08 0.997 0.98555667 1 0.016267954 0.66059649
0.8 2.8183829e-06 0.9964 0.98615014 1 0 0.66059649
0.8 3.1622777e-05 0.9936 0.98852657 1 0 0.66059649
0.8 3.1622777e-06 0.9964 0.9875552 1 0 0.66059649
0.8 3.1622777e-07 0.9958 0.98493673 1 0.0027369775 0.82449456
0.8 3.1622777e-08 0.9968 0.98535313 1 0.023972324 0.67427799
0.8 3.1622777e-09 0.9958 0.98734686 1 0.0002993487 0.64531051
0.8 3.5481339e-06 0.996 0.98574297 1 0 0.64531051
0.8 3.9810717e-06 0.9954 0.98573438 1 0 0.64531051
0.8 3.9810717e-07 0.997 0.98676028 1 0.000698598 0.82224031
0.8 3.9810717e-08 0.996 0.98955823 1 0.033100518 0.69075507
0.8 3.9810717e-09 0.9952 0.98171222 1 0.00046810954 0.64725244
0.8 4.4668359e-06 0.9944 0.98692679 1 0 0.64725244
0.8 5.0118723e-06 0.9962 0.98494278 1 0 0.64725244
0.8 5.0118723e-07 0.9972 0.98676294 1 8.5858237e-05 0.76826155
0.8 5.0118723e-08 0.9958 0.98574011 1 0.041679653 0.6997833
0.8 5.0118723e-09 0.996 0.98453815 1 0.00072314729 0.68533355
0.8 5.6234133e-06 0.9978 0.98476649 1 0 0.68533355
0.8 6.3095734e-06 0.9962 0.98654889 1 0 0.68533355
0.8 6.3095734e-07 0.9972 0.98676294 1 8.4928573e-06 0.93916478
0.8 6.3095734e-08 0.9962 0.98534431 1 0.049905762 0.7037134
0.8 6.3095734e-09 0.9954 0.986739 1 0.001183463 0.65533657
0.8 7.0794578e-06 0.9964 0.98775592 1 0 0.65533657
0.8 7.9432823e-06 0.996 0.98493976 1 0 0.65533657
0.8 7.9432823e-07 0.995 0.98472362 1 1.785708e-07 0.98199569
0.8 7.9432823e-08 0.996 0.98594378 1 0.053728799 0.77071765
0.8 7.9432823e-09 0.9954 0.98553345 1 0.0019226204 0.66055012
0.8 8.9125094e-06 0.995 0.98653266 1 0 0.66055012
0.81 1.1220185e-06 0.9948 0.98572577 1 5.6169423e-10 0.99997933
0.81 1.1220185e-06 0.9948 0.98572577 1 5.6169423e-10 0.99997933
0.81 1.2589254e-05 0.997 0.98716148 1 0 0.99997933
0.81 1.2589254e-06 0.996 0.987751 1 3.208394e-14 0.99141539
0.81 1.2589254e-07 0.994 0.98551308 1 0.04434462 0.78679002
0.81 1.2589254e-08 0.995 0.98592965 1 0.0042397917 0.68056097
0.81 1.4125375e-06 0.9956 0.98654078 1 1.9665759e-13 0.99994722
0.81 1.4125375e-06 0.9956 0.98654078 1 1.9665759e-13 0.99994722
0.81 1.5848932e-05 0.9952 0.98733923 1 0 0.99994722
0.81 1.5848932e-06 0.9964 0.98635086 1 3.2630461e-17 0.99675427
0.81 1.5848932e-07 0.9952 0.98774116 1 0.031900347 0.80924841
0.81 1.5848932e-08 0.995 0.98874372 1 0.0060614347 0.66971834
0.81 1.7782794e-06 0.998 0.98537074 1 1.9327091e-21 0.99999995
0.81 1.7782794e-06 0.998 0.98537074 1 1.9327091e-21 0.99999995
0.81 1.9952623e-05 0.9952 0.9869373 1 0 0.99999995
0.81 1.9952623e-06 0.9968 0.98735955 1 8.3323049e-24 1
0.81 1.9952623e-07 0.996 0.98935743 1 0.019534554 0.826606
0.81 1.9952623e-08 0.9958 0.9843342 1 0.0098292595 0.65200951
0.81 1e-05 0.995 0.99035176 1 0 0.65200951
0.81 1e-06 0.9958 0.98453505 1 4.6924627e-10 0.9978375
0.81 1e-07 0.995 0.98733668 1 0.052783518 0.74623491
0.81 1e-08 0.9958 0.98714601 1 0.0026603227 0.66654508
0.81 2.2387211e-06 0.9934 0.98691363 1 4.143678e-33 1
0.81 2.2387211e-06 0.9934 0.98691363 1 4.143678e-33 1
0.81 2.5118864e-05 0.9962 0.98454126 1 0 1
0.81 2.5118864e-06 0.9966 0.98715633 1 5.793046e-47 1
0.81 2.5118864e-07 0.9952 0.98754019 1 0.0095433834 0.82214588
0.81 2.5118864e-08 0.9948 0.98592682 1 0.015118953 0.69709612
0.81 2.8183829e-06 0.9962 0.98434049 1 2.0255669e-47 0
0.81 3.1622777e-05 0.9964 0.98635086 1 0 0
0.81 3.1622777e-06 0.9948 0.98773623 1 0 0
0.81 3.1622777e-07 0.9944 0.9885358 1 0.0038213389 0.8213916
0.81 3.1622777e-08 0.9958 0.98574011 1 0.021734363 0.64642508
0.81 3.1622777e-09 0.9952 0.98854502 1 0.00026854854 0.6493384
0.81 3.5481339e-06 0.997 0.98555667 1 0 0.6493384
0.81 3.9810717e-06 0.9942 0.98611949 1 0 0.6493384
0.81 3.9810717e-07 0.9958 0.98533842 1 0.00071741078 0.79784942
0.81 3.9810717e-08 0.9942 0.98652183 1 0.029440941 0.69401697
0.81 3.9810717e-09 0.9954 0.98834639 1 0.00043147125 0.68289475
0.81 4.4668359e-06 0.9956 0.98433106 1 0 0.68289475
0.81 5.0118723e-06 0.996 0.98433735 1 0 0.68289475
0.81 5.0118723e-07 0.9946 0.9843153 1 0.00025569637 0.83556412
0.81 5.0118723e-08 0.997 0.98816449 1 0.037838721 0.69983895
0.81 5.0118723e-09 0.9964 0.9893617 1 0.0006703029 0.68521112
0.81 5.6234133e-06 0.995 0.98512563 1 0 0.68521112
0.81 6.3095734e-06 0.994 0.98712274 1 0 0.68521112
0.81 6.3095734e-07 0.9954 0.98955194 1 1.1854879e-05 0.76226617
0.81 6.3095734e-08 0.9962 0.98674965 1 0.048254821 0.72097358
0.81 6.3095734e-09 0.9948 0.98693205 1 0.0010431255 0.67995889
0.81 7.0794578e-06 0.9952 0.98995177 1 0 0.67995889
0.81 7.9432823e-06 0.9942 0.98571716 1 0 0.67995889
0.81 7.9432823e-07 0.995 0.98673367 1 2.5647376e-07 0.98182572
0.81 7.9432823e-08 0.9964 0.98715375 1 0.053141722 0.70415792
0.81 7.9432823e-09 0.997 0.98655968 1 0.0016851302 0.65715073
0.81 8.9125094e-06 0.9962 0.98695041 1 0 0.65715073
0.82 1.1220185e-06 0.996 0.9873494 1 7.2457358e-10 0.92214364
0.82 1.1220185e-06 0.996 0.9873494 1 7.2457358e-10 0.92214364
0.82 1.2589254e-05 0.9952 0.98613344 1 0 0.92214364
0.82 1.2589254e-06 0.9948 0.98773623 1 3.0323957e-12 0.11782503
0.82 1.2589254e-07 0.995 0.98974874 1 0.047111285 0.79010566
0.82 1.2589254e-08 0.9962 0.98614736 1 0.0038461134 0.66317456
0.82 1.4125375e-06 0.996 0.98694779 1 2.6297341e-15 0.8925796
0.82 1.4125375e-06 0.996 0.98694779 1 2.6297341e-15 0.8925796
0.82 1.5848932e-05 0.9952 0.98814309 1 0 0.8925796
0.82 1.5848932e-06 0.9958 0.98533842 1 3.1531576e-16 0.15043217
0.82 1.5848932e-07 0.9954 0.98774362 1 0.034947335 0.79750216
0.82 1.5848932e-08 0.9972 0.98756518 1 0.0058300266 0.67587347
0.82 1.7782794e-06 0.9934 0.98892692 1 6.8711045e-19 2.1129209e-06
0.82 1.7782794e-06 0.9934 0.98892692 1 6.8711045e-19 2.1129209e-06
0.82 1.9952623e-05 0.997 0.98696088 1 0 2.1129209e-06
0.82 1.9952623e-06 0.9948 0.98934459 1 1.0770905e-24 1
0.82 1.9952623e-07 0.9928 0.98892023 1 0.021539863 0.81313379
0.82 1.9952623e-08 0.993 0.98892246 1 0.0089888513 0.68875639
0.82 1e-05 0.996 0.99096386 1 0 0.68875639
0.82 1e-06 0.9966 0.98735701 1 6.8936129e-08 0.82516471
0.82 1e-07 0.9956 0.99116111 1 0.053530697 0.76289174
0.82 1e-08 0.9952 0.98713826 1 0.0024880378 0.64973367
0.82 2.2387211e-06 0.995 0.99236181 1 1.6859498e-34 0.99999793
0.82 2.2387211e-06 0.995 0.99236181 1 1.6859498e-34 0.99999793
0.82 2.5118864e-05 0.9952 0.98774116 1 0 0.99999793
0.82 2.5118864e-06 0.995 0.9881407 1 1.515374e-45 0.99962825
0.82 2.5118864e-07 0.994 0.9915493 1 0.011519079 0.80362322
0.82 2.5118864e-08 0.9954 0.98874824 1 0.013955061 0.66533127
0.82 2.8183829e-06 0.9934 0.99174552 1 7.7557793e-44 1
0.82 2.8183829e-06 0.9934 0.99174552 1 7.7557793e-44 1
0.82 3.1622777e-05 0.9958 0.98855192 1 0 1
0.82 3.1622777e-06 0.9936 0.9897343 1 0 1
0.82 3.1622777e-07 0.9956 0.98613901 1 0.0044005011 0.85788756
0.82 3.1622777e-08 0.9936 0.98550725 1 0.020319834 0.71791435
0.82 3.1622777e-09 0.9968 0.9861557 1 0.00025286777 0.66209683
0.82 3.5481339e-06 0.9954 0.98814547 1 0 0.66209683
0.82 3.9810717e-06 0.9924 0.98770657 1 0 0.66209683
0.82 3.9810717e-07 0.9958 0.98634264 1 0.0015236562 0.81520708
0.82 3.9810717e-08 0.9944 0.98612228 1 0.027179685 0.69626037
0.82 3.9810717e-09 0.9954 0.98834639 1 0.00039544171 0.68515979
0.82 4.4668359e-06 0.995 0.9881407 1 0 0.68515979
0.82 5.0118723e-06 0.9948 0.99075191 1 0 0.68515979
0.82 5.0118723e-07 0.9958 0.98594095 1 0.00029927152 0.84186826
0.82 5.0118723e-08 0.9964 0.98735448 1 0.038417634 0.71289299
0.82 5.0118723e-09 0.9958 0.99116288 1 0.00067554143 0.64235237
0.82 5.6234133e-06 0.9946 0.99195657 1 0 0.64235237
0.82 6.3095734e-06 0.9948 0.98572577 1 0 0.64235237
0.82 6.3095734e-07 0.9958 0.98794939 1 2.2229268e-05 0.88052497
0.82 6.3095734e-08 0.995 0.98653266 1 0.047708467 0.72119855
0.82 6.3095734e-09 0.9952 0.98774116 1 0.00097113894 0.6758891
0.82 7.0794578e-06 0.9946 0.98632616 1 0 0.6758891
0.82 7.9432823e-06 0.9964 0.98735448 1 0 0.6758891
0.82 7.9432823e-07 0.9956 0.98734431 1 8.640086e-07 0.97302024
0.82 7.9432823e-08 0.9958 0.9875477 1 0.053781861 0.71267461
0.82 7.9432823e-09 0.9952 0.99015273 1 0.001606275 0.66146248
0.82 8.9125094e-06 0.9942 0.98712533 1 0 0.66146248
0.83 1.1220185e-06 0.9948 0.98793727 1 2.1201968e-09 0.99954829
0.83 1.1220185e-06 0.9948 0.98793727 1 2.1201968e-09 0.99954829
0.83 1.2589254e-05 0.9942 0.98772883 1 0 0.99954829
0.83 1.2589254e-06 0.9954 0.98955194 1 2.3854273e-11 0.31856151
0.83 1.2589254e-07 0.9944 0.98793242 1 0.048739121 0.76670484
0.83 1.2589254e-08 0.9952 0.98713826 1 0.0036811005 0.67935932
0.83 1.4125375e-06 0.9932 0.9895288 1 3.0212675e-16 0.99999999
0.83 1.4125375e-06 0.9932 0.9895288 1 3.0212675e-16 0.99999999
0.83 1.5848932e-05 0.996 0.98895582 1 0 0.99999999
0.83 1.5848932e-06 0.993 0.99113797 1 3.6159009e-18 0.99978555
0.83 1.5848932e-07 0.9938 0.98973637 1 0.039447172 0.79076221
0.83 1.5848932e-08 0.9938 0.98913262 1 0.0057491667 0.69344339
0.83 1.7782794e-06 0.9956 0.98915227 1 7.4001819e-17 1
0.83 1.7782794e-06 0.9956 0.98915227 1 7.4001819e-17 1
0.83 1.9952623e-05 0.996 0.9873494 1 0 1
0.83 1.9952623e-06 0.9958 0.98815023 1 2.0089375e-23 1
0.83 1.9952623e-07 0.9944 0.9885358 1 0.024208215 0.81046671
0.83 1.9952623e-08 0.995 0.9881407 1 0.0085563705 0.69197663
0.83 1e-05 0.9938 0.98812638 1 0 0.69197663
0.83 1e-06 0.9948 0.991154 1 3.6206245e-08 0.99976794
0.83 1e-07 0.9944 0.98954143 1 0.054007174 0.73212513
0.83 1e-08 0.9968 0.99016854 1 0.0022840847 0.65032889
0.83 2.2387211e-06 0.994 0.98792757 1 9.3606553e-26 1
0.83 2.2387211e-06 0.994 0.98792757 1 9.3606553e-26 1
0.83 2.5118864e-05 0.9964 0.98875953 1 0 1
0.83 2.5118864e-06 0.9948 0.98753518 1 6.1447757e-37 1
0.83 2.5118864e-07 0.9928 0.98972603 1 0.013064044 0.79866632
0.83 2.5118864e-08 0.9948 0.98874146 1 0.013763629 0.69833061
0.83 2.8183829e-06 0.9936 0.98611111 1 7.0655424e-40 1
0.83 2.8183829e-06 0.9936 0.98611111 1 7.0655424e-40 1
0.83 3.1622777e-05 0.9952 0.98954984 1 0 1
0.83 3.1622777e-06 0.9928 0.99133763 1 3.1052142e-48 0
0.83 3.1622777e-07 0.9936 0.98550725 1 0.0062977063 0.86643323
0.83 3.1622777e-08 0.9978 0.98837442 1 0.018485258 0.68318007
0.83 3.1622777e-09 0.9936 0.98752013 1 0.00024866779 0.64453014
0.83 3.5481339e-06 0.995 0.98552764 1 0 0.64453014
0.83 3.9810717e-06 0.996 0.98935743 1 0 0.64453014
0.83 3.9810717e-07 0.995 0.98954774 1 0.0015866483 0.80133684
0.83 3.9810717e-08 0.9938 0.98993761 1 0.027236852 0.71098177
0.83 3.9810717e-09 0.9956 0.98794697 1 0.00036965881 0.64916961
0.83 4.4668359e-06 0.9958 0.98895361 1 0 0.64916961
0.83 5.0118723e-06 0.9944 0.98813355 1 0 0.64916961
0.83 5.0118723e-07 0.9936 0.98953301 1 0.0003403181 0.92462839
0.83 5.0118723e-08 0.9934 0.9867123 1 0.036860764 0.6749977
0.83 5.0118723e-09 0.9926 0.99073141 1 0.00059305111 0.67229961
0.83 5.6234133e-06 0.9946 0.99014679 1 0 0.67229961
0.83 6.3095734e-06 0.9936 0.98872786 1 0 0.67229961
0.83 6.3095734e-07 0.995 0.98733668 1 2.7856178e-05 0.66608424
0.83 6.3095734e-08 0.995 0.98713568 1 0.045956802 0.7580179
0.83 6.3095734e-09 0.995 0.98934673 1 0.00091580639 0.63467073
0.83 7.0794578e-06 0.9948 0.99034982 1 0 0.63467073
0.83 7.9432823e-06 0.9934 0.98731629 1 0 0.63467073
0.83 7.9432823e-07 0.9954 0.98874824 1 1.9301735e-06 0.86073975
0.83 7.9432823e-08 0.9956 0.98674166 1 0.052439023 0.73486834
0.83 7.9432823e-09 0.9956 0.9887505 1 0.0014541417 0.69283151
0.83 8.9125094e-06 0.9948 0.98753518 1 0 0.69283151
0.84 1.2589254e-05 0.997 0.99057172 1 0 0.69283151
0.84 1.2589254e-06 0.9952 0.99095659 1 5.7723511e-11 0.9999166
0.84 1.2589254e-07 0.9932 0.98670963 1 0.053441731 0.77119222
0.84 1.2589254e-08 0.9956 0.99015669 1 0.0035228166 0.70058352
0.84 1.5848932e-05 0.9952 0.9903537 1 0 0.70058352
0.84 1.5848932e-06 0.9914 0.98971152 1 1.592953e-16 0.78730899
0.84 1.5848932e-07 0.9958 0.99015867 1 0.040494474 0.78719368
0.84 1.5848932e-08 0.9938 0.99195009 1 0.0054342486 0.69696767
0.84 1.9952623e-05 0.9936 0.99074074 1 0 0.69696767
0.84 1.9952623e-06 0.9952 0.98834405 1 3.5392481e-20 0.99999974
0.84 1.9952623e-07 0.9934 0.98973223 1 0.027834746 0.82262162
0.84 1.9952623e-08 0.9948 0.98914355 1 0.0083066527 0.68469064
0.84 1e-05 0.9952 0.99236334 1 0 0.68469064
0.84 1e-06 0.9944 0.98974256 1 4.2046076e-08 0.89208106
0.84 1e-07 0.9946 0.98934245 1 0.056101922 0.76810167
0.84 1e-08 0.9948 0.99155609 1 0.0022108885 0.67406239
0.84 2.5118864e-05 0.9944 0.98712792 1 0 0.67406239
0.84 2.5118864e-06 0.995 0.98874372 1 1.7663278e-31 1
0.84 2.5118864e-07 0.993 0.99053374 1 0.013499731 0.83334327
0.84 2.5118864e-08 0.9926 0.99032843 1 0.012579699 0.70017057
0.84 3.1622777e-05 0.993 0.98912387 1 0 0.70017057
0.84 3.1622777e-06 0.9948 0.99055086 1 0 0.70017057
0.84 3.1622777e-07 0.9944 0.99034594 1 0.0075159196 0.84500717
0.84 3.1622777e-08 0.9942 0.99195333 1 0.018212368 0.69751663
0.84 3.1622777e-09 0.9942 0.99054516 1 0.00021668821 0.6889351
0.84 3.9810717e-06 0.9958 0.98835107 1 0 0.6889351
0.84 3.9810717e-07 0.9944 0.98974256 1 0.0019568025 0.87654964
0.84 3.9810717e-08 0.9938 0.98973637 1 0.025741422 0.67281947
0.84 3.9810717e-09 0.9956 0.98674166 1 0.00035700095 0.68448825
0.84 5.0118723e-06 0.9944 0.9885358 1 0 0.68448825
0.84 5.0118723e-07 0.994 0.99014085 1 0.00047911759 0.76939236
0.84 5.0118723e-08 0.9964 0.98896026 1 0.034675864 0.71314376
0.84 5.0118723e-09 0.9924 0.99052801 1 0.00056376237 0.65564642
0.84 6.3095734e-06 0.9948 0.98813832 1 0 0.65564642
0.84 6.3095734e-07 0.9948 0.99175714 1 9.2951538e-05 0.77329045
0.84 6.3095734e-08 0.9938 0.98953512 1 0.046162441 0.73151216
0.84 6.3095734e-09 0.9938 0.98591266 1 0.00085514125 0.65011285
0.84 7.9432823e-06 0.9932 0.99033427 1 0 0.65011285
0.84 7.9432823e-07 0.9924 0.98710198 1 1.8381314e-06 0.76985354
0.84 7.9432823e-08 0.9946 0.98914136 1 0.052242476 0.72772442
0.84 7.9432823e-09 0.996 0.98935743 1 0.0012954003 0.70049369
0.85 1.2589254e-05 0.9934 0.99214818 1 0 0.70049369
0.85 1.2589254e-06 0.994 0.99074447 1 1.1536203e-09 0.97307193
0.85 1.2589254e-07 0.9936 0.99094203 1 0.053260191 0.75988188
0.85 1.2589254e-08 0.9932 0.99295207 1 0.0029064559 0.70714009
0.85 1.5848932e-05 0.995 0.98693467 1 0 0.70714009
0.85 1.5848932e-06 0.9926 0.99012694 1 1.2199126e-12 0.99985772
0.85 1.5848932e-07 0.9924 0.9923418 1 0.044159451 0.79599187
0.85 1.5848932e-08 0.9928 0.99153908 1 0.0047826911 0.72205623
0.85 1.9952623e-05 0.9926 0.99073141 1 0 0.72205623
0.85 1.9952623e-06 0.9938 0.98933387 1 1.1381634e-21 0.85064059
0.85 1.9952623e-07 0.9944 0.98793242 1 0.032449838 0.81606918
0.85 1.9952623e-08 0.9964 0.99036532 1 0.0076489318 0.70309084
0.85 1e-05 0.9924 0.99214027 1 0 0.70309084
0.85 1e-06 0.9944 0.98994368 1 1.9956841e-07 0.77694857
0.85 1e-07 0.9936 0.99174718 1 0.056265448 0.75222362
0.85 1e-08 0.9922 0.99092925 1 0.0020906404 0.68502766
0.85 2.5118864e-05 0.9934 0.99073888 1 0 0.68502766
0.85 2.5118864e-06 0.9924 0.98992342 1 1.2506524e-30 0.99999959
0.85 2.5118864e-07 0.9922 0.99294497 1 0.019335487 0.8458258
0.85 2.5118864e-08 0.9932 0.98932743 1 0.011885106 0.66847795
0.85 3.1622777e-05 0.9926 0.99294781 1 0 0.66847795
0.85 3.1622777e-06 0.9932 0.99073701 1 2.8217851e-47 1
0.85 3.1622777e-07 0.993 0.99154079 1 0.0087772108 0.83132162
0.85 3.1622777e-08 0.9938 0.99054136 1 0.017102772 0.68980971
0.85 3.1622777e-09 0.9956 0.9925673 1 0.0002047589 0.6903765
0.85 3.9810717e-06 0.9928 0.99053183 1 0 0.6903765
0.85 3.9810717e-07 0.9926 0.99194036 1 0.0027853358 0.85697438
0.85 3.9810717e-08 0.9918 0.98931236 1 0.024990524 0.68045215
0.85 3.9810717e-09 0.9938 0.98913262 1 0.00031834984 0.69768264
0.85 5.0118723e-06 0.9934 0.99094021 1 0 0.69768264
0.85 5.0118723e-07 0.9944 0.98974256 1 0.00077009952 0.8464256
0.85 5.0118723e-08 0.9946 0.99075005 1 0.035098211 0.72779576
0.85 5.0118723e-09 0.9924 0.99052801 1 0.00051145983 0.67044288
0.85 6.3095734e-06 0.9944 0.99094932 1 0 0.67044288
0.85 6.3095734e-07 0.9938 0.9911451 1 0.00016444914 0.67381925
0.85 6.3095734e-08 0.9944 0.99094932 1 0.044050516 0.73539467
0.85 6.3095734e-09 0.9934 0.99194685 1 0.00080936413 0.68580146
0.85 7.9432823e-06 0.9938 0.98893137 1 0 0.68580146
0.85 7.9432823e-07 0.9916 0.9895119 1 5.0739369e-06 0.58711632
0.85 7.9432823e-08 0.995 0.99055276 1 0.052067538 0.72068827
0.85 7.9432823e-09 0.9916 0.99031868 1 0.0013016962 0.69202269
0.86 1.1220185e-06 0.9944 0.98913918 1 9.824085e-10 0.98805086
0.86 1.1220185e-06 0.9944 0.98913918 1 9.824085e-10 0.98805086
0.86 1.2589254e-05 0.993 0.9897281 1 0 0.98805086
0.86 1.2589254e-06 0.9942 0.99114866 1 2.1376767e-09 0.99231821
0.86 1.2589254e-07 0.9948 0.98914355 1 0.055059556 0.79642049
0.86 1.2589254e-08 0.9956 0.98814785 1 0.0031461682 0.65569041
0.86 1.4125375e-06 0.994 0.99215292 1 2.5859643e-11 0.77454191
0.86 1.4125375e-06 0.994 0.99215292 1 2.5859643e-11 0.77454191
0.86 1.5848932e-05 0.991 0.98829465 1 0 0.77454191
0.86 1.5848932e-06 0.9946 0.98873919 1 5.5236993e-14 0.99996339
0.86 1.5848932e-07 0.994 0.99014085 1 0.042925786 0.81071762
0.86 1.5848932e-08 0.994 0.99195171 1 0.0050168431 0.66756682
0.86 1.7782794e-06 0.9926 0.99032843 1 1.1295229e-18 0.99596983
0.86 1.7782794e-06 0.9926 0.99032843 1 1.1295229e-18 0.99596983
0.86 1.9952623e-05 0.9932 0.9921466 1 0 0.99596983
0.86 1.9952623e-06 0.993 0.98992951 1 5.07725e-20 0.99998777
0.86 1.9952623e-07 0.9932 0.98932743 1 0.032742313 0.81103575
0.86 1.9952623e-08 0.9948 0.99095296 1 0.0076726411 0.67220104
0.86 1e-05 0.9934 0.98973223 1 0 0.67220104
0.86 1e-06 0.9934 0.9895309 1 1.9067561e-07 0.96844929
0.86 1e-07 0.9942 0.99235566 1 0.057177828 0.73690617
0.86 1e-08 0.9942 0.98853349 1 0.0021969472 0.6888705
0.86 2.2387211e-06 0.994 0.99014085 1 1.1470772e-23 8.9854993e-06
0.86 2.2387211e-06 0.994 0.99014085 1 1.1470772e-23 8.9854993e-06
0.86 2.5118864e-05 0.993 0.99194361 1 0 8.9854993e-06
0.86 2.5118864e-06 0.995 0.99155779 1 6.0174128e-29 1
0.86 2.5118864e-07 0.994 0.99114688 1 0.016219374 0.85505623
0.86 2.5118864e-08 0.993 0.99154079 1 0.011877479 0.69401444
0.86 2.8183829e-06 0.9936 0.99074074 1 7.7682476e-39 0.00054179522
0.86 2.8183829e-06 0.9936 0.99074074 1 7.7682476e-39 0.00054179522
0.86 3.1622777e-05 0.9946 0.99095114 1 0 0.00054179522
0.86 3.1622777e-06 0.9952 0.99075563 1 2.0831586e-43 1
0.86 3.1622777e-07 0.9938 0.99134635 1 0.0076141097 0.82454721
0.86 3.1622777e-08 0.9936 0.98993559 1 0.017279891 0.72131796
0.86 3.1622777e-09 0.9932 0.98973017 1 0.00020907857 0.70819906
0.86 3.5481339e-06 0.9926 0.98891799 1 0 0.70819906
0.86 3.9810717e-06 0.9936 0.99094203 1 0 0.70819906
0.86 3.9810717e-07 0.9932 0.98912606 1 0.0024419982 0.86302591
0.86 3.9810717e-08 0.9958 0.99136373 1 0.023829025 0.72244753
0.86 3.9810717e-09 0.9918 0.98951401 1 0.00033652491 0.70886726
0.86 4.4668359e-06 0.9928 0.99194198 1 0 0.70886726
0.86 5.0118723e-06 0.993 0.98872105 1 0 0.70886726
0.86 5.0118723e-07 0.9952 0.99095659 1 0.00046359044 0.81162927
0.86 5.0118723e-08 0.995 0.99296482 1 0.03535017 0.71723359
0.86 5.0118723e-09 0.9934 0.99134286 1 0.00055104561 0.69377731
0.86 5.6234133e-06 0.993 0.99133938 1 0 0.69377731
0.86 6.3095734e-06 0.9946 0.99155439 1 0 0.69377731
0.86 6.3095734e-07 0.9944 0.99034594 1 0.0001224956 0.73462433
0.86 6.3095734e-08 0.9928 0.99133763 1 0.042830729 0.72972443
0.86 6.3095734e-09 0.9946 0.99014679 1 0.00077709061 0.69364473
0.86 7.0794578e-06 0.993 0.9897281 1 0 0.69364473
0.86 7.9432823e-06 0.9934 0.99053755 1 0 0.69364473
0.86 7.9432823e-07 0.9964 0.9893617 1 1.0036029e-05 0.93428862
0.86 7.9432823e-08 0.9962 0.98976109 1 0.054005485 0.73216072
0.86 7.9432823e-09 0.9924 0.99012495 1 0.0013277692 0.6686934
0.86 8.9125094e-06 0.9948 0.99195818 1 0 0.6686934
0.87 1.1220185e-06 0.9932 0.98912606 1 2.2430963e-08 0.85475683
0.87 1.1220185e-06 0.9932 0.98912606 1 2.2430963e-08 0.85475683
0.87 1.2589254e-05 0.9926 0.99234334 1 0 0.85475683
0.87 1.2589254e-06 0.992 0.99415323 1 1.8736984e-09 0.086029821
0.87 1.2589254e-07 0.9922 0.99153396 1 0.058111248 0.78234887
0.87 1.2589254e-08 0.9926 0.99194036 1 0.0027040261 0.68861037
0.87 1.4125375e-06 0.9922 0.99092925 1 1.4288343e-11 0.88954115
0.87 1.4125375e-06 0.9922 0.99092925 1 1.4288343e-11 0.88954115
0.87 1.5848932e-05 0.9944 0.98974256 1 0 0.88954115
0.87 1.5848932e-06 0.9928 0.99174053 1 1.5012782e-13 0.0086556808
0.87 1.5848932e-07 0.9922 0.99294497 1 0.049331994 0.78714022
0.87 1.5848932e-08 0.9922 0.99234025 1 0.0043338432 0.69274789
0.87 1.7782794e-06 0.9944 0.99336283 1 1.0814906e-14 1
0.87 1.7782794e-06 0.9944 0.99336283 1 1.0814906e-14 1
0.87 1.9952623e-05 0.993 0.99113797 1 0 1
0.87 1.9952623e-06 0.9946 0.99276091 1 1.6870402e-19 0.99994538
0.87 1.9952623e-07 0.9952 0.99176045 1 0.035377585 0.82016112
0.87 1.9952623e-08 0.9924 0.99415558 1 0.0069442486 0.67371437
0.87 1e-05 0.994 0.9917505 1 0 0.67371437
0.87 1e-06 0.9936 0.9931562 1 1.1725199e-06 0.98863474
0.87 1e-07 0.9916 0.99173054 1 0.05627427 0.75736269
0.87 1e-08 0.9914 0.9913254 1 0.00180388 0.70872157
0.87 2.2387211e-06 0.9928 0.99012893 1 6.6997903e-24 0.99999999
0.87 2.2387211e-06 0.9928 0.99012893 1 6.6997903e-24 0.99999999
0.87 2.5118864e-05 0.9946 0.99054896 1 0 0.99999999
0.87 2.5118864e-06 0.9912 0.98910412 1 1.9220777e-30 0.97985821
0.87 2.5118864e-07 0.994 0.99315895 1 0.022008294 0.81351845
0.87 2.5118864e-08 0.9942 0.99014283 1 0.010125624 0.69888082
0.87 2.8183829e-06 0.9942 0.99074633 1 9.183634e-36 1
0.87 2.8183829e-06 0.9942 0.99074633 1 9.183634e-36 1
0.87 3.1622777e-05 0.9944 0.99275945 1 0 1
0.87 3.1622777e-06 0.9914 0.99253581 1 3.060018e-43 1
0.87 3.1622777e-07 0.9946 0.98873919 1 0.01082869 0.85645775
0.87 3.1622777e-08 0.9946 0.98994571 1 0.015751725 0.72311931
0.87 3.1622777e-09 0.992 0.99092742 1 0.00019183206 0.69452228
0.87 3.5481339e-06 0.9916 0.99394917 1 0 0.69452228
0.87 3.9810717e-06 0.9926 0.99294781 1 0 0.69452228
0.87 3.9810717e-07 0.9948 0.99316446 1 0.0044353552 0.85103391
0.87 3.9810717e-08 0.992 0.99112903 1 0.02247197 0.72848016
0.87 3.9810717e-09 0.992 0.9921371 1 0.00030589224 0.66952441
0.87 4.4668359e-06 0.9942 0.9909475 1 0 0.66952441
0.87 5.0118723e-06 0.9926 0.98992545 1 0 0.66952441
0.87 5.0118723e-07 0.9904 0.99131664 1 0.00087491936 0.90026814
0.87 5.0118723e-08 0.993 0.99053374 1 0.032637998 0.71837038
0.87 5.0118723e-09 0.9918 0.98971567 1 0.00044317164 0.70880305
0.87 5.6234133e-06 0.9958 0.99136373 1 0 0.70880305
0.87 6.3095734e-06 0.9938 0.99376132 1 0 0.70880305
0.87 6.3095734e-07 0.9922 0.99133239 1 0.00020333865 0.85871191
0.87 6.3095734e-08 0.994 0.99034205 1 0.043251226 0.75067491
0.87 6.3095734e-09 0.9932 0.99254934 1 0.00073391766 0.64785787
0.87 7.0794578e-06 0.9932 0.99194523 1 0 0.64785787
0.87 7.9432823e-06 0.9948 0.99075191 1 0 0.64785787
0.87 7.9432823e-07 0.9936 0.99255233 1 1.4744412e-05 0.96524697
0.87 7.9432823e-08 0.9944 0.9923572 1 0.051884931 0.73091856
0.87 7.9432823e-09 0.9902 0.99394062 1 0.0011790153 0.69818336
0.87 8.9125094e-06 0.993 0.99375629 1 0 0.69818336
0.88 1.1220185e-06 0.9938 0.99275508 1 4.9292216e-08 0.9704022
0.88 1.1220185e-06 0.9938 0.99275508 1 4.9292216e-08 0.9704022
0.88 1.2589254e-05 0.9938 0.99335882 1 0 0.9704022
0.88 1.2589254e-06 0.9922 0.9941544 1 2.2488993e-09 0.98079677
0.88 1.2589254e-07 0.9916 0.99475595 1 0.057174616 0.75369621
0.88 1.2589254e-08 0.9912 0.9909201 1 0.002907311 0.70804683
0.88 1.4125375e-06 0.9922 0.99314654 1 4.6748307e-11 0.99999046
0.88 1.4125375e-06 0.9922 0.99314654 1 4.6748307e-11 0.99999046
0.88 1.5848932e-05 0.9924 0.99395405 1 0 0.99999046
0.88 1.5848932e-06 0.9918 0.99395039 1 2.5358526e-11 0.99964735
0.88 1.5848932e-07 0.9926 0.99234334 1 0.052600441 0.80104463
0.88 1.5848932e-08 0.9938 0.99195009 1 0.0044744464 0.67832404
0.88 1.7782794e-06 0.994 0.9943662 1 1.1209241e-14 0.17114982
0.88 1.7782794e-06 0.994 0.9943662 1 1.1209241e-14 0.17114982
0.88 1.9952623e-05 0.9934 0.99194685 1 0 0.17114982
0.88 1.9952623e-06 0.993 0.99415911 1 9.9666614e-20 0.15558731
0.88 1.9952623e-07 0.9934 0.99255084 1 0.038438969 0.81495373
0.88 1.9952623e-08 0.9926 0.99153738 1 0.0065536849 0.6994006
0.88 1e-05 0.9904 0.99293215 1 0 0.6994006
0.88 1e-06 0.9936 0.99094203 1 6.9321736e-07 0.79082211
0.88 1e-07 0.994 0.99034205 1 0.057562713 0.76407015
0.88 1e-08 0.993 0.99254783 1 0.001728623 0.72155611
0.88 2.2387211e-06 0.9924 0.98952035 1 1.2366728e-21 0.99998018
0.88 2.2387211e-06 0.9924 0.98952035 1 1.2366728e-21 0.99998018
0.88 2.5118864e-05 0.9924 0.99113261 1 0 0.99998018
0.88 2.5118864e-06 0.9904 0.99313409 1 8.5067627e-30 1
0.88 2.5118864e-07 0.9952 0.99236334 1 0.021875597 0.83768852
0.88 2.5118864e-08 0.993 0.99154079 1 0.01027433 0.71215866
0.88 2.8183829e-06 0.9946 0.99255982 1 6.5953347e-34 0.99999558
0.88 2.8183829e-06 0.9946 0.99255982 1 6.5953347e-34 0.99999558
0.88 3.1622777e-05 0.9926 0.9931493 1 0 0.99999558
0.88 3.1622777e-06 0.994 0.99336016 1 1.0237669e-40 0.99999263
0.88 3.1622777e-07 0.9928 0.99315068 1 0.010972059 0.82865063
0.88 3.1622777e-08 0.993 0.9939577 1 0.016042183 0.70417964
0.88 3.1622777e-09 0.9944 0.99356396 1 0.00018657264 0.64675901
0.88 3.5481339e-06 0.9926 0.99214185 1 8.4305233e-42 1
0.88 3.5481339e-06 0.9926 0.99214185 1 8.4305233e-42 1
0.88 3.9810717e-06 0.9928 0.99153908 1 0 1
0.88 3.9810717e-07 0.9924 0.9923418 1 0.0044121343 0.86379809
0.88 3.9810717e-08 0.9928 0.99113618 1 0.022168732 0.70124118
0.88 3.9810717e-09 0.9924 0.99193873 1 0.00029803325 0.69414582
0.88 4.4668359e-06 0.9908 0.99374243 1 0 0.69414582
0.88 5.0118723e-06 0.993 0.99335347 1 0 0.69414582
0.88 5.0118723e-07 0.9938 0.99054136 1 0.0011004788 0.87738686
0.88 5.0118723e-08 0.993 0.99214502 1 0.031279427 0.69629973
0.88 5.0118723e-09 0.9928 0.99294923 1 0.00045876035 0.71769413
0.88 5.6234133e-06 0.9932 0.99154249 1 0 0.71769413
0.88 6.3095734e-06 0.9926 0.99153738 1 0 0.71769413
0.88 6.3095734e-07 0.9906 0.99333737 1 0.00023699318 0.9200863
0.88 6.3095734e-08 0.9934 0.99073888 1 0.043322359 0.7382076
0.88 6.3095734e-09 0.9942 0.99356266 1 0.00071380974 0.70993568
0.88 7.0794578e-06 0.993 0.99315206 1 0 0.70993568
0.88 7.9432823e-06 0.9944 0.99296058 1 0 0.70993568
0.88 7.9432823e-07 0.9942 0.99436733 1 3.784147e-05 0.78701341
0.88 7.9432823e-08 0.9926 0.99214185 1 0.050169024 0.72360107
0.88 7.9432823e-09 0.9922 0.99254183 1 0.00110416 0.68560467
0.88 8.9125094e-06 0.9934 0.99355748 1 0 0.68560467
0.89 1.1220185e-06 0.9922 0.99516227 1 8.449678e-08 0.6421181
0.89 1.1220185e-06 0.9922 0.99516227 1 8.449678e-08 0.6421181
0.89 1.2589254e-05 0.9926 0.9909329 1 0 0.6421181
0.89 1.2589254e-06 0.9924 0.9923418 1 9.2209135e-10 0.95697234
0.89 1.2589254e-07 0.9932 0.99194523 1 0.061352958 0.76995851
0.89 1.2589254e-08 0.993 0.99154079 1 0.0025169016 0.70235443
0.89 1.4125375e-06 0.9898 0.9927258 1 3.3692653e-09 0.9999212
0.89 1.4125375e-06 0.9898 0.9927258 1 3.3692653e-09 0.9999212
0.89 1.5848932e-05 0.9926 0.99395527 1 0 0.9999212
0.89 1.5848932e-06 0.9938 0.99396257 1 9.429957e-11 0.42820329
0.89 1.5848932e-07 0.993 0.99375629 1 0.05457437 0.79294913
0.89 1.5848932e-08 0.993 0.99234642 1 0.0040243764 0.68019302
0.89 1.7782794e-06 0.9922 0.99213868 1 4.753231e-13 0.99892735
0.89 1.7782794e-06 0.9922 0.99213868 1 4.753231e-13 0.99892735
0.89 1.9952623e-05 0.9924 0.99395405 1 0 0.99892735
0.89 1.9952623e-06 0.9918 0.99213551 1 7.8569234e-17 0.99999996
0.89 1.9952623e-07 0.9932 0.99395892 1 0.039250296 0.79447505
0.89 1.9952623e-08 0.9914 0.99435142 1 0.006408816 0.71365224
0.89 1e-05 0.9914 0.99374622 1 0 0.71365224
0.89 1e-06 0.99 0.99414141 1 1.1669594e-06 0.98306354
0.89 1e-07 0.9926 0.99435825 1 0.058262619 0.78226664
0.89 1e-08 0.9942 0.9945685 1 0.0016812934 0.68677536
0.89 2.2387211e-06 0.9914 0.99253581 1 1.3672776e-21 1
0.89 2.2387211e-06 0.9914 0.99253581 1 1.3672776e-21 1
0.89 2.5118864e-05 0.9922 0.99173554 1 0 1
0.89 2.5118864e-06 0.9918 0.99495866 1 2.8731115e-26 0.00063857026
0.89 2.5118864e-07 0.9936 0.99436393 1 0.025835179 0.84106319
0.89 2.5118864e-08 0.9922 0.9941544 1 0.0097332811 0.71628908
0.89 2.8183829e-06 0.9922 0.99496069 1 1.6832495e-28 0.013745453
0.89 2.8183829e-06 0.9922 0.99496069 1 1.6832495e-28 0.013745453
0.89 3.1622777e-05 0.9926 0.99435825 1 0 0.013745453
0.89 3.1622777e-06 0.9918 0.99354709 1 1.9807011e-33 1
0.89 3.1622777e-07 0.9914 0.99293928 1 0.013510234 0.853609
0.89 3.1622777e-08 0.9924 0.9917372 1 0.014487022 0.71031656
0.89 3.1622777e-09 0.9924 0.99375252 1 0.00017245942 0.66606192
0.89 3.5481339e-06 0.9916 0.99475595 1 2.1197536e-47 1
0.89 3.5481339e-06 0.9916 0.99475595 1 2.1197536e-47 1
0.89 3.9810717e-06 0.992 0.99294355 1 0 1
0.89 3.9810717e-07 0.9924 0.99355099 1 0.0057600518 0.8429342
0.89 3.9810717e-08 0.9936 0.99476651 1 0.021601667 0.71163844
0.89 3.9810717e-09 0.9916 0.99253731 1 0.00027207822 0.6987001
0.89 4.4668359e-06 0.9928 0.99254633 1 0 0.6987001
0.89 5.0118723e-06 0.9922 0.99234025 1 0 0.6987001
0.89 5.0118723e-07 0.9918 0.99274047 1 0.0016633348 0.85913899
0.89 5.0118723e-08 0.9926 0.9933508 1 0.032106191 0.72338307
0.89 5.0118723e-09 0.9902 0.99232478 1 0.0004347273 0.73809229
0.89 5.6234133e-06 0.9938 0.99335882 1 0 0.73809229
0.89 6.3095734e-06 0.9914 0.99475489 1 0 0.73809229
0.89 6.3095734e-07 0.9908 0.99232943 1 0.00020501742 0.87125779
0.89 6.3095734e-08 0.994 0.99235412 1 0.042450751 0.74881596
0.89 6.3095734e-09 0.9934 0.99214818 1 0.00068010392 0.67897519
0.89 7.0794578e-06 0.9912 0.99394673 1 0 0.67897519
0.89 7.9432823e-06 0.9932 0.99315344 1 0 0.67897519
0.89 7.9432823e-07 0.9922 0.99314654 1 2.1734125e-05 0.96404775
0.89 7.9432823e-08 0.9924 0.99375252 1 0.049579011 0.75188938
0.89 7.9432823e-09 0.9922 0.99354969 1 0.0010870404 0.70200148
0.8 1.1220185e-06 0.9952 0.98593248 1 1.6140773e-12 0.92234263
0.8 1.4125375e-06 0.996 0.98393574 1 1.9902998e-15 0.99925738
0.8 1.7782794e-06 0.9964 0.98875953 1 8.9191233e-27 0.99999702
0.8 2.2387211e-06 0.996 0.98433735 1 3.0116007e-41 1
0.8 2.8183829e-06 0.9964 0.98615014 1 0 1
0.9 1.1220185e-06 0.9906 0.99353927 1 8.8466751e-08 0.36978267
0.9 1.2589254e-05 0.9924 0.99193873 1 0 0.36978267
0.9 1.2589254e-06 0.9916 0.99394917 1 3.0538634e-09 0.90964527
0.9 1.2589254e-07 0.9918 0.99395039 1 0.061701689 0.78626316
0.9 1.2589254e-08 0.9912 0.99293785 1 0.0026792033 0.68958409
0.9 1.4125375e-06 0.9928 0.99294923 1 3.619242e-10 0.64427475
0.9 1.5848932e-05 0.994 0.99315895 1 0 0.64427475
0.9 1.5848932e-06 0.9928 0.99335214 1 3.6528096e-12 0.80196069
0.9 1.5848932e-07 0.9916 0.99475595 1 0.054749258 0.79999135
0.9 1.5848932e-08 0.991 0.99434914 1 0.0040002828 0.70329976
0.9 1.7782794e-06 0.9906 0.99414496 1 3.0233096e-15 0.96069281
0.9 1.9952623e-05 0.992 0.99314516 1 0 0.96069281
0.9 1.9952623e-06 0.9914 0.99394795 1 8.1491467e-17 0.99999994
0.9 1.9952623e-07 0.9926 0.99375378 1 0.041209618 0.82448793
0.9 1.9952623e-08 0.993 0.99577039 1 0.0062747476 0.70380424
0.9 1e-05 0.99 0.99171717 1 0 0.70380424
0.9 1e-06 0.9918 0.99415205 1 5.6716171e-07 0.83242363
0.9 1e-07 0.9912 0.99414851 1 0.05606328 0.7711435
0.9 1e-08 0.9944 0.99477072 1 0.0016349047 0.70631011
0.9 2.2387211e-06 0.992 0.99314516 1 2.429108e-21 1
0.9 2.5118864e-05 0.9932 0.99355618 1 0 1
0.9 2.5118864e-06 0.9892 0.99272139 1 7.0070144e-21 1
0.9 2.5118864e-07 0.9926 0.99214185 1 0.025932186 0.81847468
0.9 2.5118864e-08 0.9902 0.99495052 1 0.0097695356 0.72139015
0.9 2.8183829e-06 0.9906 0.99555825 1 3.1097516e-31 0.99995253
0.9 3.1622777e-05 0.9922 0.99435598 1 0 0.99995253
0.9 3.1622777e-06 0.9876 0.99392467 1 7.3054623e-28 1
0.9 3.1622777e-07 0.9928 0.99375504 1 0.01307215 0.83791155
0.9 3.1622777e-08 0.9926 0.99355229 1 0.014904203 0.72030502
0.9 3.1622777e-09 0.9928 0.99294923 1 0.00017091756 0.69154799
0.9 3.5481339e-06 0.9924 0.99415558 1 1.7509171e-47 1
0.9 3.9810717e-06 0.9906 0.99394306 1 0 1
0.9 3.9810717e-07 0.9922 0.99354969 1 0.0056942504 0.83460555
0.9 3.9810717e-08 0.9944 0.99376508 1 0.021401403 0.72229801
0.9 3.9810717e-09 0.9932 0.99295207 1 0.00025300367 0.70139822
0.9 4.4668359e-06 0.9934 0.99255084 1 0 0.70139822
0.9 5.0118723e-06 0.9938 0.99315758 1 0 0.70139822
0.9 5.0118723e-07 0.9936 0.99295491 1 0.0017517452 0.90494258
0.9 5.0118723e-08 0.993 0.99436052 1 0.031183844 0.71094221
0.9 5.0118723e-09 0.9942 0.9933615 1 0.00040586935 0.70422803
0.9 5.6234133e-06 0.9936 0.99355878 1 0 0.70422803
0.9 6.3095734e-06 0.9924 0.99375252 1 0 0.70422803
0.9 6.3095734e-07 0.993 0.99536757 1 0.00037608712 0.84360731
0.9 6.3095734e-08 0.9932 0.99234797 1 0.040935938 0.7568886
0.9 6.3095734e-09 0.9938 0.99335882 1 0.0006438972 0.70428356
0.9 7.0794578e-06 0.9916 0.9929407 1 0 0.70428356
0.9 7.9432823e-06 0.9916 0.9929407 1 0 0.70428356
0.9 7.9432823e-07 0.9928 0.99556809 1 3.4144598e-05 0.94019404
0.9 7.9432823e-08 0.9908 0.99495357 1 0.050433932 0.74207458
0.9 7.9432823e-09 0.9898 0.99252374 1 0.0010584426 0.71312248
0.9 8.9125094e-06 0.993 0.99274924 1 0 0.71312248
0.95 1.1220185e-06 0.9898 0.9953526 1 1.0828513e-06 0.97170722
0.95 1.1220185e-06 0.9898 0.9953526 1 1.0828513e-06 0.97170722
0.95 1.2589254e-05 0.9922 0.99657327 1 0 0.97170722
0.95 1.2589254e-06 0.9924 0.99657396 1 3.2777188e-08 0.70731414
0.95 1.2589254e-07 0.9932 0.99677809 1 0.064978359 0.77564428
0.95 1.2589254e-08 0.9914 0.99576357 1 0.0024968174 0.70992397
0.95 1.4125375e-06 0.9926 0.99576869 1 2.1371317e-09 0.84564859
0.95 1.4125375e-06 0.9926 0.99576869 1 2.1371317e-09 0.84564859
0.95 1.5848932e-05 0.991 0.99495459 1 0 0.84564859
0.95 1.5848932e-06 0.9882 0.99635701 1 1.282325e-10 0.53950496
0.95 1.5848932e-07 0.9916 0.99556273 1 0.059662825 0.79964155
0.95 1.5848932e-08 0.9938 0.9953713 1 0.0035704511 0.72138717
0.95 1.7782794e-06 0.9926 0.99536571 1 2.3267038e-14 0.89075392
0.95 1.7782794e-06 0.9926 0.99536571 1 2.3267038e-14 0.89075392
0.95 1.9952623e-05 0.99 0.9969697 1 0 0.89075392
0.95 1.9952623e-06 0.9926 0.99536571 1 1.6739413e-14 0.99986962
0.95 1.9952623e-07 0.9912 0.99636804 1 0.047786213 0.8086023
0.95 1.9952623e-08 0.9916 0.99596612 1 0.0058719649 0.71868372
0.95 1e-05 0.992 0.99576613 1 0 0.71868372
0.95 1e-06 0.9896 0.99494745 1 3.8557166e-06 0.95370941
0.95 1e-07 0.9888 0.99575243 1 0.061003159 0.76174541
0.95 1e-08 0.9922 0.9963717 1 0.0015850161 0.69376632
0.95 2.2387211e-06 0.9912 0.99656981 1 2.0638642e-16 0.99999983
0.95 2.2387211e-06 0.9912 0.99656981 1 2.0638642e-16 0.99999983
0.95 2.5118864e-05 0.9894 0.995755 1 0 0.99999983
0.95 2.5118864e-06 0.991 0.99636731 1 1.4229534e-23 0.99999998
0.95 2.5118864e-07 0.9918 0.9943537 1 0.031195098 0.85219971
0.95 2.5118864e-08 0.9894 0.99434 1 0.0090417564 0.74030801
0.95 2.8183829e-06 0.9928 0.99576954 1 3.9032383e-25 0.99999993
0.95 2.8183829e-06 0.9928 0.99576954 1 3.9032383e-25 0.99999993
0.95 3.1622777e-05 0.9926 0.9955672 1 0 0.99999993
0.95 3.1622777e-06 0.9912 0.99535916 1 7.1721926e-31 0.34296665
0.95 3.1622777e-07 0.9936 0.99456522 1 0.017962318 0.83311196
0.95 3.1622777e-08 0.9914 0.99576357 1 0.014002449 0.7304133
0.95 3.1622777e-09 0.9928 0.99456084 1 0.00014895001 0.70243637
0.95 3.5481339e-06 0.9918 0.99576528 1 2.8257682e-49 1
0.95 3.5481339e-06 0.9918 0.99576528 1 2.8257682e-49 1
0.95 3.9810717e-06 0.9918 0.99596693 1 4.6907753e-47 1
0.95 3.9810717e-07 0.9916 0.9963695 1 0.0080948615 0.8223306
0.95 3.9810717e-08 0.9918 0.99495866 1 0.019583101 0.7308511
0.95 3.9810717e-09 0.9908 0.99677029 1 0.00024605582 0.72450927
0.95 4.4668359e-06 0.9912 0.99677159 1 0 0.72450927
0.95 5.0118723e-06 0.9902 0.99575843 1 0 0.72450927
0.95 5.0118723e-07 0.989 0.99615774 1 0.0023272494 0.83802037
0.95 5.0118723e-08 0.9928 0.99536664 1 0.029750284 0.74316958
0.95 5.0118723e-09 0.9918 0.9969752 1 0.00039604352 0.70176365
0.95 5.6234133e-06 0.9918 0.99536197 1 0 0.70176365
0.95 6.3095734e-06 0.991 0.99616549 1 0 0.70176365
0.95 6.3095734e-07 0.989 0.99615774 1 0.000558632 0.87999715
0.95 6.3095734e-08 0.9884 0.99635775 1 0.037524604 0.74415823
0.95 6.3095734e-09 0.9916 0.99596612 1 0.00063032873 0.72537667
0.95 7.0794578e-06 0.9916 0.99394917 1 0 0.72537667
0.95 7.9432823e-06 0.9914 0.99495663 1 0 0.72537667
0.95 7.9432823e-07 0.9942 0.99597666 1 5.0703413e-05 0.91226582
0.95 7.9432823e-08 0.992 0.99657258 1 0.049796585 0.75834989
0.95 7.9432823e-09 0.9928 0.99758259 1 0.00096470104 0.73846999
0.95 8.9125094e-06 0.9912 0.99596449 1 0 0.73846999
0.9 1.1220185e-06 0.9906 0.99353927 1 8.8466751e-08 0.36978267
0.9 1.4125375e-06 0.9928 0.99294923 1 3.619242e-10 0.64427475
0.9 1.7782794e-06 0.9906 0.99414496 1 3.0233096e-15 0.96069281
0.9 2.2387211e-06 0.992 0.99314516 1 2.429108e-21 1
0.9 2.8183829e-06 0.9906 0.99555825 1 3.1097516e-31 0.99995253
0.9 3.5481339e-06 0.9924 0.99415558 1 1.7509171e-47 1
