lowest error 0.002 1.26755262795e-06
0.002 1.26755262795e-06 6.72025239257e-05
0.002 1.26754679067e-06 0.000336911967371
0.002 1.26755846526e-06 0.000471246021691
0.002 1.26754095341e-06 0.000741097464372
0.002 1.26756430259e-06 0.000875218538848
0.002 1.26753511618e-06 0.00114535397952
0.002 1.26757013996e-06 0.00127912008756
0.002 1.26752927898e-06 0.00154968152555
0.002 1.26757597735e-06 0.00168295068027
0.002 1.26752344181e-06 0.00195408011483
0.002 1.26758181476e-06 0.0020867103297
0.002 1.26751760466e-06 0.00235854975954
lowest error 0.002 4.60301086491e-13
0.002 4.60301086491e-13 9.08295987534e-06
0.002 4.6030320626e-13 1.13912693909e-05
0.002 4.60298966731e-13 2.95570069024e-05
0.002 4.6030532604e-13 3.18656809339e-05
0.002 4.6029684698e-13 5.0030871674e-05
0.002 4.60307445829e-13 5.23402747379e-05
0.002 4.6029472724e-13 7.05045541909e-05
0.002 4.60309565628e-13 7.28150508045e-05
0.002 4.60292607509e-13 9.09780544558e-05
0.002 4.60311685437e-13 9.32900091346e-05
0.002 4.60290487788e-13 0.000111451372469
0.002 4.60313805255e-13 0.00011376514973
lowest error 0.005 1.45081487603e-07
0.005 1.45081487603e-07 7.0455752943e-05
0.005 1.4508215573e-07 0.000187187142353
0.005 1.4508081948e-07 0.000328127511398
0.005 1.45082823859e-07 0.000444801177724
0.005 1.45080151359e-07 0.000585828136131
0.005 1.45083491992e-07 0.000702386356289
0.005 1.45079483242e-07 0.000843557630584
0.005 1.45084160128e-07 0.000959942681488
0.005 1.45078815128e-07 0.00110131599792
0.005 1.45084828266e-07 0.0012174701565
0.005 1.45078147017e-07 0.00135910324123
0.005 1.45085496408e-07 0.00147496878438
lowest error 0.005 1.86665475098e-13
0.005 1.86665475098e-13 4.42135013756e-06
0.005 1.86666334726e-13 1.73009110003e-05
0.005 1.86664615473e-13 2.61434061413e-05
0.005 1.86667194358e-13 3.90233773122e-05
0.005 1.86663755853e-13 4.78652569931e-05
0.005 1.86668053994e-13 6.07460487823e-05
0.005 1.86662896237e-13 6.95869026952e-05
0.005 1.86668913634e-13 8.24689254113e-05
0.005 1.86662036624e-13 9.13083432499e-05
0.005 1.86669773279e-13 0.000104192007202
0.005 1.86661177016e-13 0.000113029578659
0.005 1.86670632927e-13 0.000125915294155
lowest error 0.01 5.49859838274e-08
0.01 5.49859838274e-08 1.3663993605e-05
0.01 5.49857306081e-08 0.000145685559358
0.01 5.49862370478e-08 0.000173002507146
0.01 5.49854773901e-08 0.000305046152438
0.01 5.49864902693e-08 0.000332329981958
0.01 5.49852241732e-08 0.00046441778654
0.01 5.49867434921e-08 0.000491646418948
0.01 5.49849709574e-08 0.00062380046236
0.01 5.4986996716e-08 0.00065095181881
0.01 5.49847177429e-08 0.000783194180592
0.01 5.4987249941e-08 0.000810246182307
0.01 5.49844645295e-08 0.000942598942141
lowest error 0.01 9.11267748422e-14
0.01 9.11267748422e-14 5.65711319522e-06
0.01 9.11263551889e-14 1.63324457914e-05
0.01 9.11271944975e-14 2.76468824381e-05
0.01 9.11259355374e-14 3.83217945625e-05
0.01 9.11276141547e-14 4.96368619194e-05
0.01 9.1125515888e-14 6.03109331019e-05
0.01 9.11280338138e-14 7.16270516414e-05
0.01 9.11250962404e-14 8.22998614103e-05
0.01 9.11284534749e-14 9.3617451606e-05
0.01 9.11246765948e-14 0.00010428857949
0.01 9.11288731379e-14 0.000115608061815
0.01 9.11242569511e-14 0.000126277087344
lowest error 0.05 1.92391552862e-09
0.05 1.92391552862e-09 1.42815165893e-05
0.05 1.92390666868e-09 0.000163647134406
0.05 1.9239243886e-09 0.000192196403955
0.05 1.92389780879e-09 0.000341589550099
0.05 1.92393324862e-09 0.000370097528753
0.05 1.92388894893e-09 0.000519545731552
0.05 1.92394210868e-09 0.00054798489189
0.05 1.92388008912e-09 0.000697515679676
0.05 1.92395096878e-09 0.000725858494748
0.05 1.92387122934e-09 0.000875499395845
0.05 1.92395982893e-09 0.000903718338235
0.05 1.92386236961e-09 0.00105349688097
lowest error 0.05 1.90242699563e-14
0.05 1.90242699563e-14 9.28193901295e-06
0.05 1.90241823465e-14 1.23191155135e-05
0.05 1.90243575665e-14 3.08831964122e-05
0.05 1.90240947371e-14 3.39199671688e-05
0.05 1.90244451771e-14 5.24846566674e-05
0.05 1.90240071281e-14 5.5520615954e-05
0.05 1.90245327881e-14 7.4086319819e-05
0.05 1.90239195195e-14 7.71210618726e-05
0.05 1.90246203995e-14 9.56881858483e-05
0.05 1.90238319113e-14 9.87213049068e-05
0.05 1.90247080113e-14 0.000117290254759
0.05 1.90237443035e-14 0.000120321345096
lowest error 0.1 4.27614083213e-10
0.1 4.27614083213e-10 5.16224793401e-06
0.1 4.27612113982e-10 0.000196006166447
0.1 4.27616052453e-10 0.000206313068712
0.1 4.2761014476e-10 0.000397192175967
0.1 4.27618021702e-10 0.000407446297249
0.1 4.27608175547e-10 0.000598395782164
0.1 4.2761999096e-10 0.000608561935441
0.1 4.27606206343e-10 0.000799616986578
0.1 4.27621960228e-10 0.000809659984648
0.1 4.27604237148e-10 0.00100085579057
0.1 4.27623929504e-10 0.00101074044641
0.1 4.27602267962e-10 0.00120211219604
lowest error 0.1 9.51954080971e-15
0.1 9.51954080971e-15 5.82241213776e-06
0.1 9.51958464891e-15 1.46719354794e-05
0.1 9.5194969707e-15 2.63165771388e-05
0.1 9.51962848832e-15 3.5166465695e-05
0.1 9.5194531319e-15 4.68105595268e-05
0.1 9.51967232793e-15 5.5661178548e-05
0.1 9.5194092933e-15 6.73043593022e-05
0.1 9.51971616774e-15 7.61560740212e-05
0.1 9.5193654549e-15 8.77979764669e-05
0.1 9.51976000776e-15 9.66511521159e-05
0.1 9.5193216167e-15 0.000108291411022
0.1 9.51980384797e-15 0.000117146412835
lowest error 0.15 1.67805426131e-10
0.15 1.67805426131e-10 7.26192332978e-05
0.15 1.6780465336e-10 0.000123992334386
0.15 1.67806198905e-10 0.000269213995058
0.15 1.67803880593e-10 0.000320620709779
0.15 1.67806971683e-10 0.00046579195216
0.15 1.67803107829e-10 0.000517265894145
0.15 1.67807744464e-10 0.000662353106035
0.15 1.67802335069e-10 0.000713927888917
0.15 1.67808517249e-10 0.000858897458123
0.15 1.67801562312e-10 0.000910606695537
0.15 1.67809290038e-10 0.00105542500986
0.15 1.6780078956e-10 0.00110730231544
lowest error 0.15 6.27988947074e-15
0.15 6.27988947074e-15 1.40159878814e-06
0.15 6.27991839077e-15 2.14096901918e-05
0.15 6.27986055085e-15 2.42126615286e-05
0.15 6.27994731093e-15 4.42212053926e-05
0.15 6.27983163109e-15 4.70234980323e-05
0.15 6.27997623122e-15 6.70329468573e-05
0.15 6.27980271146e-15 6.9834108301e-05
0.15 6.28000515165e-15 8.98449145676e-05
0.15 6.27977379197e-15 9.26444923373e-05
0.15 6.2800340722e-15 0.000112657108526
0.15 6.27974487261e-15 0.000115454650123
0.15 6.2800629929e-15 0.000135469528736
lowest error 0.2 9.76220672364e-11
0.2 9.76220672364e-11 1.56282537631e-05
0.2 9.76225168037e-11 4.43186431358e-05
0.2 9.76216176712e-11 7.55767130869e-05
0.2 9.7622966373e-11 0.000104263977597
0.2 9.76211681081e-11 0.000135526734983
0.2 9.76234159444e-11 0.000164207749662
0.2 9.7620718547e-11 0.000195478319438
0.2 9.76238655179e-11 0.00022414995937
0.2 9.7620268988e-11 0.000255431466494
0.2 9.76243150934e-11 0.000284090606764
0.2 9.76198194311e-11 0.00031538617619
0.2 9.76247646711e-11 0.000344029691883
lowest error 0.2 5.06092614945e-15
0.2 5.06092614945e-15 8.71023873827e-06
0.2 5.06090284308e-15 1.29346141895e-05
0.2 5.06094945593e-15 3.03552953436e-05
0.2 5.06087953681e-15 3.45792634229e-05
0.2 5.06097276252e-15 5.20005556668e-05
0.2 5.06085623066e-15 5.62237089636e-05
0.2 5.06099606921e-15 7.36460196906e-05
0.2 5.06083292461e-15 7.78679508131e-05
0.2 5.06101937601e-15 9.52916874168e-05
0.2 5.06080961866e-15 9.95119889735e-05
0.2 5.06104268292e-15 0.000116937558847
0.2 5.06078631283e-15 0.000121155823447
lowest error 0.25 2.6579450613e-11
0.25 2.6579450613e-11 2.57579984173e-05
0.25 2.65795730162e-11 9.62737107311e-05
0.25 2.65793282104e-11 0.000147796182508
0.25 2.65796954199e-11 0.000218298945286
0.25 2.65792058083e-11 0.000269840841773
0.25 2.65798178242e-11 0.000340317705588
0.25 2.65790834069e-11 0.000391891976774
0.25 2.65799402291e-11 0.00046232999198
0.25 2.65789610059e-11 0.000513949587742
0.25 2.65800626345e-11 0.000584335804807
0.25 2.65788386056e-11 0.00063601367503
0.25 2.65801850405e-11 0.000706335144301
lowest error 0.25 2.82885052391e-15
0.25 2.82885052391e-15 8.29245817258e-06
0.25 2.8288374966e-15 1.4445307738e-05
0.25 2.82886355128e-15 3.10304488704e-05
0.25 2.82882446935e-15 3.71828488648e-05
0.25 2.82887657871e-15 5.37686643369e-05
0.25 2.82881144217e-15 5.99201652092e-05
0.25 2.82888960619e-15 7.65071046147e-05
0.25 2.82879841504e-15 8.26572567734e-05
0.25 2.82890263374e-15 9.92457696851e-05
0.25 2.82878538797e-15 0.00010539412356
0.25 2.82891566135e-15 0.000121984659552
0.25 2.82877236096e-15 0.000128130765551
lowest error 0.3 2.52879718858e-11
0.3 2.52879718858e-11 1.18315577207e-05
0.3 2.52878554307e-11 0.000221221497021
0.3 2.52880883415e-11 0.000244860999863
0.3 2.52877389761e-11 0.000454298166548
0.3 2.52882047977e-11 0.000477866832217
0.3 2.5287622522e-11 0.000687398453258
0.3 2.52883212545e-11 0.000710849056958
0.3 2.52875060684e-11 0.000920522359534
0.3 2.52884377118e-11 0.000943807676483
0.3 2.52873896154e-11 0.00115366988777
0.3 2.52885541696e-11 0.00117674269319
0.3 2.5287273163e-11 0.00138684104038
lowest error 0.3 2.33381270629e-15
0.3 2.33381270629e-15 6.12307633219e-06
0.3 2.33380195871e-15 1.76260584279e-05
0.3 2.33382345392e-15 2.98724562997e-05
0.3 2.33379121118e-15 4.13749479615e-05
0.3 2.3338342016e-15 5.3622081519e-05
0.3 2.3337804637e-15 6.51235922717e-05
0.3 2.33384494932e-15 7.7371951972e-05
0.3 2.33376971626e-15 8.88719913612e-05
0.3 2.3338556971e-15 0.000101122067662
0.3 2.33375896888e-15 0.000112620145232
0.3 2.33386644493e-15 0.00012487242859
0.3 2.33374822155e-15 0.000136368053866
lowest error 0.35 1.21410430767e-11
0.35 1.21410430767e-11 4.07219179079e-05
0.35 1.21410989884e-11 5.83127345117e-05
0.35 1.21409871652e-11 0.000139760834723
0.35 1.21411549003e-11 0.000157343122719
0.35 1.21409312541e-11 0.000238804016119
0.35 1.21412108125e-11 0.000256369246897
0.35 1.21408753431e-11 0.000337851462191
0.35 1.2141266725e-11 0.000355391107143
0.35 1.21408194325e-11 0.000436903173296
0.35 1.21413226377e-11 0.000454408703814
0.35 1.2140763522e-11 0.000535959149534
0.35 1.21413785507e-11 0.000553422037008
lowest error 0.35 2.11546575793e-15
0.35 2.11546575793e-15 2.34010258771e-06
0.35 2.11547550004e-15 1.94086214771e-05
0.35 2.11545601588e-15 2.40886209792e-05
0.35 2.11548524218e-15 4.11575511969e-05
0.35 2.11544627386e-15 4.58369337384e-05
0.35 2.11549498437e-15 6.2906686574e-05
0.35 2.1154365319e-15 6.75850408487e-05
0.35 2.11550472661e-15 8.46560276107e-05
0.35 2.11542678997e-15 8.93329423106e-05
0.35 2.11551446889e-15 0.000106405574309
0.35 2.11541704809e-15 0.000111080638127
0.35 2.11552421122e-15 0.000128155326669
lowest error 0.4 6.98238835065e-12
0.4 6.98238835065e-12 2.0906924898e-05
0.4 6.98235619564e-12 5.41265104719e-05
0.4 6.98242050581e-12 9.5937912493e-05
0.4 6.98232404077e-12 0.000129162393698
0.4 6.98245266112e-12 0.000170966452391
0.4 6.98229188606e-12 0.000204200724859
0.4 6.98248481658e-12 0.000245992544675
0.4 6.98225973149e-12 0.000279241503969
0.4 6.98251697218e-12 0.000321016189354
0.4 6.98222757707e-12 0.000354284731239
0.4 6.98254912793e-12 0.000396037386645
0.4 6.98219542279e-12 0.000429330406686
lowest error 0.4 1.937117658e-15
0.4 1.937117658e-15 3.48832777375e-06
0.4 1.93710873726e-15 1.6801623151e-05
0.4 1.93712657877e-15 2.37784576913e-05
0.4 1.93709981657e-15 3.70913950656e-05
0.4 1.93713549959e-15 4.40687666043e-05
0.4 1.93709089591e-15 5.73809880078e-05
0.4 1.93714442045e-15 6.43592545146e-05
0.4 1.9370819753e-15 7.76704019616e-05
0.4 1.93715334135e-15 8.46499214227e-05
0.4 1.93707305473e-15 9.7959636927e-05
0.4 1.93716226229e-15 0.000104940767313
0.4 1.9370641342e-15 0.000118248692908
lowest error 0.45 4.79541282022e-12
0.45 4.79541282022e-12 1.16899811289e-05
0.45 4.79539073658e-12 0.000113503302558
0.45 4.79543490396e-12 0.000136876450652
0.45 4.79536865304e-12 0.000238703400784
0.45 4.79545698781e-12 0.000262056106375
0.45 4.7953465696e-12 0.000363910313807
0.45 4.79547907175e-12 0.000387228948673
0.45 4.79532448626e-12 0.000489124042224
0.45 4.7955011558e-12 0.000512394977916
0.45 4.79530240303e-12 0.00061434458629
0.45 4.79552323995e-12 0.000637554194367
0.45 4.7952803199e-12 0.000739571946378
lowest error 0.45 1.85193611057e-15
0.45 1.85193611057e-15 5.30327984238e-06
0.45 1.85192758211e-15 1.29535526892e-05
0.45 1.85194463907e-15 2.35602572927e-05
0.45 1.85191905369e-15 3.12102403019e-05
0.45 1.85195316761e-15 4.18173796635e-05
0.45 1.85191052531e-15 4.94667829827e-05
0.45 1.85196169619e-15 6.00746469552e-05
0.45 1.85190199696e-15 6.77231807638e-05
0.45 1.85197022481e-15 7.83320591529e-05
0.45 1.85189346866e-15 8.59794336301e-05
0.45 1.85197875347e-15 9.65896162914e-05
0.45 1.85188494039e-15 0.000104235541583
lowest error 0.5 3.71353909162e-12
0.5 3.71353909162e-12 1.73285964622e-05
0.5 3.71355619314e-12 4.81532736094e-05
0.5 3.71352199018e-12 8.28123309238e-05
0.5 3.71357329474e-12 0.000113633279459
0.5 3.71350488882e-12 0.000148297929772
0.5 3.71359039642e-12 0.000179111421082
0.5 3.71348778754e-12 0.000213785393058
0.5 3.71360749817e-12 0.000244587698532
0.5 3.71347068634e-12 0.000279274720837
0.5 3.71362460001e-12 0.000310062111862
0.5 3.71345358521e-12 0.00034476591316
0.5 3.71364170192e-12 0.000375534661124
lowest error 0.5 1.7898968346e-15
0.5 1.7898968346e-15 9.91873530776e-06
0.5 1.7899050774e-15 1.158735905e-05
0.5 1.78988859184e-15 3.14246285549e-05
0.5 1.78991332024e-15 3.30936545008e-05
0.5 1.78988034912e-15 5.29303207326e-05
0.5 1.78992156311e-15 5.46001510466e-05
0.5 1.78987210643e-15 7.44358118219e-05
0.5 1.78992980602e-15 7.61068486894e-05
0.5 1.78986386379e-15 9.59411018262e-05
0.5 1.78993804897e-15 9.76137474304e-05
0.5 1.78985562118e-15 0.000117446190747
0.5 1.78994629196e-15 0.000119120847272
lowest error 0.55 2.46853904008e-12
0.55 2.46853904008e-12 9.72379951225e-07
0.55 2.46852767206e-12 6.38928136527e-05
0.55 2.46855040814e-12 6.58357442616e-05
0.55 2.4685163041e-12 0.000128759836603
0.55 2.46856177626e-12 0.000130697279272
0.55 2.46850493618e-12 0.00019362868895
0.55 2.46857314444e-12 0.000195556985148
0.55 2.46849356832e-12 0.000258499370746
0.55 2.46858451266e-12 0.000260414861886
0.55 2.46848220052e-12 0.000323371882043
0.55 2.46859588094e-12 0.000325270909534
0.55 2.46847083276e-12 0.000388246222834
lowest error 0.55 1.7499514502e-15
0.55 1.7499514502e-15 1.65329039348e-07
0.55 1.7499433914e-15 1.94649743812e-05
0.55 1.74995950905e-15 1.97958000046e-05
0.55 1.74993533263e-15 3.90951102589e-05
0.55 1.74996756793e-15 3.9426438498e-05
0.55 1.7499272739e-15 5.87250785946e-05
0.55 1.74997562684e-15 5.9057244556e-05
0.55 1.7499192152e-15 7.8354879391e-05
0.55 1.7499836858e-15 7.86882181623e-05
0.55 1.74991115655e-15 9.79845126308e-05
0.55 1.74999174479e-15 9.83193593194e-05
0.55 1.74990309793e-15 0.000117613978351
lowest error 0.6 1.74521927143e-12
0.6 1.74521927143e-12 1.9559849509e-05
0.6 1.74522730848e-12 2.22283123197e-05
0.6 1.74521123442e-12 6.13487705845e-05
0.6 1.74523534557e-12 6.40157149161e-05
0.6 1.74520319744e-12 0.000103138450883
0.6 1.74524338269e-12 0.000105802358293
0.6 1.7451951605e-12 0.000144928890493
0.6 1.74525141985e-12 0.000147588242464
0.6 1.7451871236e-12 0.000186720089392
0.6 1.74525945705e-12 0.000189373367444
0.6 1.74517908673e-12 0.000228512047592
0.6 1.74526749429e-12 0.000231157733209
lowest error 0.6 1.78843845708e-15
0.6 1.78843845708e-15 1.1042737269e-05
0.6 1.78844669316e-15 1.19288365026e-05
0.6 1.78843022103e-15 3.40140816104e-05
0.6 1.78845492928e-15 3.4900639708e-05
0.6 1.78842198503e-15 5.69851965033e-05
0.6 1.78846316544e-15 5.78726723481e-05
0.6 1.78841374906e-15 7.995608199e-05
0.6 1.78847140164e-15 8.08449344256e-05
0.6 1.78840551313e-15 0.000102926738053
0.6 1.78847963787e-15 0.000103817425943
0.6 1.78839727723e-15 0.000125897164695
0.6 1.78848787414e-15 0.000126790146882
lowest error 0.65 1.0003592678e-12
0.65 1.0003592678e-12 2.98785715613e-05
0.65 1.00036387463e-12 3.22886164614e-05
0.65 1.00035466098e-12 9.20474399377e-05
0.65 1.00036848149e-12 9.44541241208e-05
0.65 1.00035005419e-12 0.000154217988713
0.65 1.00037308837e-12 0.000156617951573
0.65 1.00034544742e-12 0.000216390217934
0.65 1.00037769526e-12 0.000218780098807
0.65 1.00034084067e-12 0.000278564127643
0.65 1.00038230218e-12 0.000280940565869
0.65 1.00033623394e-12 0.000340739717834
0.65 1.00038690913e-12 0.000343099352805
lowest error 0.65 1.779852447e-15
0.65 1.779852447e-15 6.21597257178e-06
0.65 1.7798442505e-15 1.45052192999e-05
0.65 1.77986064354e-15 2.69373511266e-05
0.65 1.77983605403e-15 3.52262244907e-05
0.65 1.77986884012e-15 4.76589163472e-05
0.65 1.7798278576e-15 5.59470430015e-05
0.65 1.77987703674e-15 6.83806682722e-05
0.65 1.77981966121e-15 7.66676748349e-05
0.65 1.7798852334e-15 8.91026068852e-05
0.65 1.77981146485e-15 9.73881199742e-05
0.65 1.77989343009e-15 0.000109824732188
0.65 1.77980326854e-15 0.000118108378457
lowest error 0.7 3.94875328312e-13
0.7 3.94875328312e-13 7.48740334089e-06
0.7 3.94877146785e-13 2.03043426179e-05
0.7 3.94873509848e-13 3.52794851208e-05
0.7 3.94878965265e-13 4.80957527356e-05
0.7 3.94871691393e-13 6.30719027259e-05
0.7 3.94880783754e-13 7.58868270649e-05
0.7 3.94869872946e-13 9.08646561593e-05
0.7 3.94882602252e-13 0.000103677565586
0.7 3.94868054507e-13 0.000118657745426
0.7 3.94884420757e-13 0.000131467968302
0.7 3.94866236077e-13 0.000146451170505
0.7 3.94886239272e-13 0.000159258035217
lowest error 0.7 1.91618748775e-15
0.7 1.91618748775e-15 9.56406344699e-06
0.7 1.9161786634e-15 9.994477427e-06
0.7 1.91619631214e-15 2.91227706244e-05
0.7 1.9161698391e-15 2.95528519811e-05
0.7 1.91620513657e-15 4.86816441412e-05
0.7 1.91616101483e-15 4.91110602172e-05
0.7 1.91621396105e-15 6.82406839823e-05
0.7 1.9161521906e-15 6.8669102137e-05
0.7 1.91622278556e-15 8.77998901481e-05
0.7 1.91614336641e-15 8.82269777409e-05
0.7 1.91623161011e-15 0.000107359262641
0.7 1.91613454227e-15 0.000107784687031
lowest error 0.75 1.59075024941e-13
0.75 1.59075024941e-13 7.34761637133e-06
0.75 1.5907575751e-13 2.11663828114e-05
0.75 1.59074292375e-13 3.5861969057e-05
0.75 1.59076490083e-13 4.96800284964e-05
0.75 1.59073559813e-13 6.43766752235e-05
0.75 1.59077222659e-13 7.81933206873e-05
0.75 1.59072827253e-13 9.28917349268e-05
0.75 1.59077955238e-13 0.000106706259389
0.75 1.59072094698e-13 0.000121407148146
0.75 1.59078687821e-13 0.000135218844606
0.75 1.59071362145e-13 0.000149922914885
0.75 1.59079420407e-13 0.000163731076317
lowest error 0.75 2.13956753771e-15
0.75 2.13956753771e-15 3.08996701559e-06
0.75 2.13955768466e-15 1.37435682852e-05
0.75 2.1395773908e-15 1.99236255214e-05
0.75 2.13954783165e-15 3.05769803686e-05
0.75 2.13958724394e-15 3.67574072317e-05
0.75 2.13953797869e-15 4.74102692638e-05
0.75 2.13959709713e-15 5.3591312148e-05
0.75 2.13952812578e-15 6.42434349576e-05
0.75 2.13960695036e-15 7.04253402715e-05
0.75 2.13951827291e-15 8.10764774513e-05
0.75 2.13961680364e-15 8.72594916026e-05
0.75 2.13950842009e-15 9.79093967453e-05
lowest error 0.8 1.36921610892e-13
0.8 1.36921610892e-13 2.7917544827e-06
0.8 1.36922241441e-13 1.80865394181e-05
0.8 1.36920980346e-13 2.36702379079e-05
0.8 1.36922871993e-13 3.89646437959e-05
0.8 1.36920349803e-13 4.45489108407e-05
0.8 1.36923502547e-13 5.98425586529e-05
0.8 1.36919719263e-13 6.54277733205e-05
0.8 1.36924133105e-13 8.07202839899e-05
0.8 1.36919088726e-13 8.63068253301e-05
0.8 1.36924763665e-13 0.000101597819809
0.8 1.36918458192e-13 0.000107186066871
0.8 1.36925394228e-13 0.000122475166094
lowest error 0.8 3.60132238081e-15
0.8 3.60132238081e-15 8.92295001442e-07
0.8 3.60130579615e-15 1.39712021516e-05
0.8 3.60133896556e-15 1.57558882083e-05
0.8 3.60128921156e-15 2.88346032509e-05
0.8 3.60135555037e-15 3.06195774704e-05
0.8 3.60127262705e-15 4.36979082838e-05
0.8 3.60137213527e-15 4.54833627881e-05
0.8 3.60125604262e-15 5.85611172776e-05
0.8 3.60138872024e-15 6.03472441485e-05
0.8 3.60123945826e-15 7.34242302194e-05
0.8 3.60140530528e-15 7.52112215792e-05
0.8 3.60122287397e-15 8.828724711e-05
lowest error 0.81 1.33057083548e-13
0.81 1.33057083548e-13 8.31778506694e-06
0.81 1.330576963e-13 2.02313678486e-05
0.81 1.33056470799e-13 3.68672923567e-05
0.81 1.33058309055e-13 4.87801663684e-05
0.81 1.33055858053e-13 6.54171540253e-05
0.81 1.33058921812e-13 7.73286105482e-05
0.81 1.33055245309e-13 9.39673700775e-05
0.81 1.33059534573e-13 0.000105876700367
0.81 1.33054632569e-13 0.000122517940517
0.81 1.33060147336e-13 0.000134424435828
0.81 1.33054019831e-13 0.000151068865349
0.81 1.33060760102e-13 0.000162971816937
lowest error 0.81 4.15057245901e-15
0.81 4.15057245901e-15 4.505985296e-06
0.81 4.15059157315e-15 7.76185101214e-06
0.81 4.15055334496e-15 1.67737561689e-05
0.81 4.15061068737e-15 2.00297527546e-05
0.81 4.150534231e-15 2.90414615973e-05
0.81 4.15062980169e-15 3.22977199327e-05
0.81 4.15051511713e-15 4.13091016029e-05
0.81 4.15064891609e-15 4.45657525461e-05
0.81 4.15049600335e-15 5.35766761751e-05
0.81 4.15066803058e-15 5.68338505951e-05
0.81 4.15047688965e-15 6.58441853139e-05
0.81 4.15068714515e-15 6.91020140695e-05
lowest error 0.82 1.65714305093e-13
0.82 1.65714305093e-13 1.05812125395e-05
0.82 1.65713541952e-13 1.55196420337e-05
0.82 1.65715068238e-13 3.66817709172e-05
0.82 1.65712778815e-13 4.16207928056e-05
0.82 1.65715831385e-13 6.27820331021e-05
0.82 1.06059115276e-09 6.69127611066e-05
0.82 1.65712015681e-13 6.77222397796e-05
0.82 1.65716594537e-13 8.88819990985e-05
0.82 1.65711252551e-13 9.38239829367e-05
0.82 1.65717357692e-13 0.000114981668886
0.82 1.65710489424e-13 0.000119926022326
0.82 1.06058626857e-09 0.000124720417659
lowest error 0.82 4.88596104399e-15
0.82 4.88596104399e-15 3.82266637944e-06
0.82 4.88598354473e-15 9.25181027656e-06
0.82 4.88593854336e-15 1.68970687131e-05
0.82 4.88600604556e-15 2.23263612553e-05
0.82 4.88591604284e-15 2.99713967249e-05
0.82 4.88602854651e-15 3.54009865453e-05
0.82 4.88589354241e-15 4.30456504152e-05
0.82 4.88605104755e-15 4.84756861705e-05
0.82 4.88587104209e-15 5.6119829773e-05
0.82 4.8860735487e-15 6.15504601198e-05
0.82 4.88584854188e-15 6.91939348219e-05
0.82 4.88609604995e-15 7.46253083932e-05
lowest error 0.83 1.53001609711e-13
0.83 1.53001609711e-13 2.02745189437e-06
0.83 1.53002314311e-13 2.08838681921e-05
0.83 1.53000905114e-13 2.49390002334e-05
0.83 1.53003018914e-13 4.37949600696e-05
0.83 1.53000200521e-13 4.78507768062e-05
0.83 1.53003723521e-13 6.67058237194e-05
0.83 1.5299949593e-13 7.07627816157e-05
0.83 1.53004428131e-13 8.96164591442e-05
0.83 1.52998791343e-13 9.36750146638e-05
0.83 1.53005132744e-13 0.000112526866347
0.83 1.52998086759e-13 0.000116587475953
0.83 1.5300583736e-13 0.000135437045328
lowest error 0.83 5.75768631034e-15
0.83 5.75768631034e-15 4.89053485708e-07
0.83 5.75771282552e-15 1.24243421182e-05
0.83 5.75765979527e-15 1.34023765992e-05
0.83 5.75773934083e-15 2.53378102357e-05
0.83 5.75763328033e-15 2.63156272102e-05
0.83 5.75776585626e-15 3.8251350857e-05
0.83 5.75760676551e-15 3.92288053206e-05
0.83 5.75779237181e-15 5.11649639812e-05
0.83 5.75758025081e-15 5.21419109298e-05
0.83 5.75781888749e-15 6.40786496087e-05
0.83 5.75755373624e-15 6.50549440384e-05
0.83 5.75784540329e-15 7.69924077408e-05
lowest error 0.84 1.58076750582e-13
0.84 1.58076750582e-13 2.02758067047e-06
0.84 1.58076022614e-13 1.74890539406e-05
0.84 1.58077478554e-13 2.15440496918e-05
0.84 1.58075294648e-13 3.70058541774e-05
0.84 1.5807820653e-13 4.10603531074e-05
0.84 1.58074566686e-13 5.6522820024e-05
0.84 1.58078934508e-13 6.0576490919e-05
0.84 1.58073838728e-13 7.60399514816e-05
0.84 1.58079662491e-13 8.00924631279e-05
0.84 1.58073110773e-13 9.55572485521e-05
0.84 1.58080390476e-13 9.96082697347e-05
0.84 1.58072382821e-13 0.000115074711237
lowest error 0.84 6.98801775889e-15
0.84 6.98801775889e-15 2.93849538169e-06
0.84 6.98798557796e-15 1.0534673184e-05
0.84 6.98804993998e-15 1.64117428842e-05
0.84 6.98795339717e-15 2.40077628373e-05
0.84 6.98808212121e-15 2.98850693117e-05
0.84 6.98792121653e-15 3.74807735661e-05
0.84 6.98811430259e-15 4.33584746649e-05
0.84 6.98788903603e-15 5.09537053723e-05
0.84 6.98814648412e-15 5.68319589447e-05
0.84 6.98785685569e-15 6.4426558255e-05
0.84 6.9881786658e-15 7.03055221507e-05
0.84 6.98782467549e-15 7.78993322155e-05
lowest error 0.85 1.65239548636e-13
0.85 1.65239548636e-13 7.02582150591e-06
0.85 1.65238787682e-13 1.22360726795e-05
0.85 1.65240309594e-13 2.62875543791e-05
0.85 1.65238026731e-13 3.14981281786e-05
0.85 1.65241070556e-13 4.55491259412e-05
0.85 1.65237265783e-13 5.07603449762e-05
0.85 1.65241831521e-13 6.48105361933e-05
0.85 1.6523650484e-13 7.0022723107e-05
0.85 1.65242592489e-13 8.40717851203e-05
0.85 1.65235743899e-13 8.92852625558e-05
0.85 1.65243353461e-13 0.000103332872757
0.85 1.65234982962e-13 0.000108547963323
lowest error 0.85 8.61473653633e-15
0.85 8.61473653633e-15 3.46505638227e-06
0.85 8.61477620874e-15 9.89526952822e-06
0.85 8.61469686409e-15 1.68253046851e-05
0.85 8.61481588135e-15 2.32556730348e-05
0.85 8.61465719204e-15 3.01854753806e-05
0.85 8.61485555413e-15 3.66161541621e-05
0.85 8.61461752016e-15 4.35455684697e-05
0.85 8.6148952271e-15 4.99767128979e-05
0.85 8.61457784848e-15 5.69055839525e-05
0.85 8.61493490025e-15 6.33373492436e-05
0.85 8.61453817697e-15 7.0265521829e-05
0.85 8.61497457358e-15 7.66980631992e-05
lowest error 0.86 1.25063909324e-13
0.86 1.25063909324e-13 6.57751093947e-06
0.86 1.25064485266e-13 7.93684538047e-06
0.86 1.25063333385e-13 2.10919588537e-05
0.86 1.25065061211e-13 2.24511101061e-05
0.86 1.25062757448e-13 3.56064983631e-05
0.86 1.25065637158e-13 3.69652832259e-05
0.86 1.25062181515e-13 5.01211294681e-05
0.86 1.25066213108e-13 5.14793647661e-05
0.86 1.25061605583e-13 6.46358521563e-05
0.86 1.2506678906e-13 6.59933547134e-05
0.86 1.25061029655e-13 7.91506664544e-05
0.86 1.25067365016e-13 8.05072530699e-05
lowest error 0.86 1.08866434622e-14
0.86 1.08866434622e-14 4.74038359144e-06
0.86 1.08865933275e-14 6.76957100332e-06
0.86 1.08866935972e-14 1.62503957863e-05
0.86 1.0886543193e-14 1.82794679993e-05
0.86 1.08867437324e-14 2.77604655818e-05
0.86 1.08864930587e-14 2.97893073959e-05
0.86 1.08867938678e-14 3.92705929664e-05
0.86 1.08864429247e-14 4.12990891832e-05
0.86 1.08868440034e-14 5.07807779626e-05
0.86 1.08863927909e-14 5.28088133827e-05
0.86 1.08868941393e-14 6.22910205594e-05
0.86 1.08863426573e-14 6.43184799833e-05
lowest error 0.87 1.50475571004e-13
0.87 1.50475571004e-13 5.43462387981e-07
0.87 1.50476263971e-13 9.54034907696e-06
0.87 1.5047487804e-13 1.06273180722e-05
0.87 1.50476956941e-13 1.96241163408e-05
0.87 1.50474185079e-13 2.07112179669e-05
0.87 1.50477649915e-13 2.97078393952e-05
0.87 1.50473492121e-13 3.07951620724e-05
0.87 1.50478342892e-13 3.97915182391e-05
0.87 1.50472799167e-13 4.08791503888e-05
0.87 1.50479035872e-13 4.98751528739e-05
0.87 1.50472106216e-13 5.09631829164e-05
0.87 1.50479728855e-13 5.99587432992e-05
lowest error 0.87 1.40593097737e-14
0.87 1.40593097737e-14 4.53004962964e-06
0.87 1.40593745194e-14 7.54719725826e-06
0.87 1.40592450284e-14 1.66072331007e-05
0.87 1.40594392654e-14 1.96245075639e-05
0.87 1.40591802833e-14 2.8684353155e-05
0.87 1.40595040116e-14 3.17018812876e-05
0.87 1.40591155385e-14 4.07614097928e-05
0.87 1.40595687582e-14 4.37793184185e-05
0.87 1.40590507941e-14 5.28384030036e-05
0.87 1.4059633505e-14 5.58568189781e-05
0.87 1.40589860499e-14 6.49153328096e-05
0.87 1.40596982522e-14 6.79343829573e-05
lowest error 0.88 1.02527885329e-13
0.88 1.02527885329e-13 3.93781081209e-06
0.88 1.02528357488e-13 5.46771497945e-06
0.88 1.02527413171e-13 1.33433750666e-05
0.88 1.0252882965e-13 1.48732023089e-05
0.88 1.02526941016e-13 2.27489777842e-05
0.88 1.02529301814e-13 2.42786511673e-05
0.88 1.02526468863e-13 3.21546189639e-05
0.88 1.0252977398e-13 3.36840615724e-05
0.88 1.02525996713e-13 4.15602986075e-05
0.88 1.02530246148e-13 4.30894335151e-05
0.88 1.02525524564e-13 5.09660167061e-05
0.88 1.02530718318e-13 5.2494766996e-05
lowest error 0.88 2.09174143805e-14
0.88 2.09174143805e-14 2.81196701479e-06
0.88 2.0917510709e-14 7.26339495438e-06
0.88 2.09173180525e-14 1.28872848486e-05
0.88 2.09176070379e-14 1.73388010603e-05
0.88 2.09172217249e-14 2.29625585466e-05
0.88 2.09177033672e-14 2.7414251293e-05
0.88 2.09171253977e-14 3.30377881093e-05
0.88 2.09177996971e-14 3.74897456719e-05
0.88 2.0917029071e-14 4.31129735361e-05
0.88 2.09178960273e-14 4.75652841869e-05
0.88 2.09169327448e-14 5.31881148187e-05
0.88 2.0917992358e-14 5.76408668387e-05
lowest error 0.89 6.93783552779e-14
0.89 6.93783552779e-14 1.02856917206e-07
0.89 6.93780357795e-14 3.87536544499e-06
0.89 6.93786747777e-14 4.08107239824e-06
0.89 6.93777162826e-14 7.85359468836e-06
0.89 6.93789942791e-14 8.05928099501e-06
0.89 6.93773967871e-14 1.18318308124e-05
0.89 6.93793137819e-14 1.20374827146e-05
0.89 6.93770772931e-14 1.58100738177e-05
0.89 6.93796332862e-14 1.6015677553e-05
0.89 6.93767578006e-14 1.97883237005e-05
0.89 6.93799527919e-14 1.99938655103e-05
0.89 6.93764383096e-14 2.37665804677e-05
lowest error 0.89 5.34785963704e-14
0.89 5.34785963704e-14 3.77521082395e-07
0.89 5.34783500929e-14 1.90592582872e-06
0.89 5.3478842649e-14 2.66097026014e-06
0.89 5.34781038166e-14 4.18937047275e-06
0.89 5.34790889287e-14 4.94442170496e-06
0.89 5.34778575414e-14 6.47281284971e-06
0.89 5.34793352096e-14 7.22787541685e-06
0.89 5.34776112673e-14 8.75625295738e-06
0.89 5.34795814916e-14 9.51133139404e-06
0.89 5.34773649944e-14 1.10396908006e-05
0.89 5.34798277748e-14 1.17947896401e-05
0.89 5.34771187226e-14 1.33231263764e-05
High eps empty 0.8 6.73758100983e-13
High eps empty 0.8 6.71855690633e-13
lowest error 0.8 6.72722572155e-13
0.8 6.72722572155e-13 7.25406884778e-05
0.8 6.72725670164e-13 0.000155775161073
0.8 6.7271947416e-13 0.000300879203967
0.8 6.72728768187e-13 0.000384068346936
0.8 6.72716376179e-13 0.000529240387447
0.8 6.72731866225e-13 0.000612338871369
0.8 6.72713278213e-13 0.000757624241572
0.8 6.72734964277e-13 0.000840586736613
0.8 6.72710180261e-13 0.000986030768378
0.8 6.72738062343e-13 0.0010688119447
0.8 6.72707082323e-13 0.00121445997012
0.8 6.72741160423e-13 0.00129701449832
lowest error 0.95 1.3854472661e-09
0.95 1.3854472661e-09 1.0857036485e-05
0.95 1.38544088589e-09 0.000234874327846
0.95 1.38545364633e-09 0.00025661465718
0.95 1.38543450572e-09 0.000480579438467
0.95 1.3854600266e-09 0.000502398537459
0.95 1.38542812557e-09 0.000726258298109
0.95 1.38546640689e-09 0.000748208679826
0.95 1.38542174545e-09 0.000971910909651
0.95 1.38547278721e-09 0.000994045087238
0.95 1.38541536536e-09 0.00121753727578
0.95 1.38547916757e-09 0.00123990776239
0.95 1.3854089853e-09 0.00146313739924
Low eps empty 0.95 1.38710711692e-09
Low eps empty 0.95 1.38347080889e-09
