0.45 2.5118864e-07 0.00020012007 1 0 0.0
0.5 1.2589254e-09 0.0002002002 1 3.2381802e-06 1
0.5 1.9952623e-05 0.00020012007 1 0 0.0
0.5 1e-05 0.0002002002 1 0 0.0
0.5 1e-06 0.00020004001 1 0 0.0
0.5 2.5118864e-07 0.00040016006 1 0.11851835 0.35908886
0.5 3.9810717e-09 0.00020008003 1 8.995294e-05 1
0.5 6.3095734e-07 0.00020008003 1 0.23701358 1
0.5 7.9432823e-08 0.0002151463 1 0 0.0
0.55 1.2589254e-05 0.00020016013 1 0 0.0
0.55 1.2589254e-07 0.00020028039 1 0 0.0
0.55 1.5848932e-08 0.00020004001 1 0 0.0
0.55 1.9952623e-08 0.0002002002 1 0 0.0
0.55 1e-06 0.00020012007 1 0 0.0
0.55 1e-07 0.0004 1 0 0.0
0.55 1e-08 0.00020008003 1 0.0002872961 1
0.55 2.5118864e-05 0.00020008003 1 0 0.0
0.55 2.5118864e-08 0.00020016013 1 0 0.0
0.55 3.1622777e-05 0.0004 1 0 0.0
0.55 3.1622777e-06 0.00020008003 1 0 0.0
0.55 3.1622777e-07 0.0002002002 1 0.24350236 1
0.55 5.0118723e-06 0.0002002002 1 0 0.0
0.55 5.0118723e-08 0.00040032026 1 0 0.0
0.55 6.3095734e-07 0.0002002002 1 0 0.0
0.55 7.9432823e-06 0.00020004001 1 0 0.0
0.55 7.9432823e-08 0.00020016013 1 0 0.0
0.6 1.2589254e-05 0.00080032013 1 0 0.0
0.6 1.2589254e-07 0.0004004004 1 0 0.0
0.6 1.2589254e-08 0.00040024014 1 0 0.0
0.6 1.5848932e-05 0.0002 1 0 0.0
0.6 1.5848932e-06 0.00040016006 1 2.6217174e-08 1
0.6 1.5848932e-07 0.00040016006 1 0.059095863 1
0.6 1.5848932e-08 0.00020004001 1 0 0.0
0.6 1.9952623e-05 0.00020012007 1 0 0.0
0.6 1.9952623e-06 0.00040016006 1 1.0462948e-06 1
0.6 1.9952623e-07 0.00040024014 1 0 0.0
0.6 1.9952623e-08 0.00040024014 1 0.0014160906 1
0.6 1e-05 0.00020008003 1 0 0.0
0.6 1e-06 0.00020012007 1 0 0.0
0.6 1e-08 0.00020004001 1 0 0.0
0.6 2.5118864e-05 0.00040024014 1 0 0.0
0.6 2.5118864e-06 0.0004 1 0 0.0
0.6 2.5118864e-07 0.00021800741 1 0 0.0
0.6 2.5118864e-08 0.00080064051 1 0.0005351486 1
0.6 3.1622777e-05 0.00040024014 1 0 0.0
0.6 3.1622777e-06 0.00040032026 1 4.7839923e-27 1
0.6 3.1622777e-07 0.00020016013 1 0 0.0
0.6 3.1622777e-08 0.0010004002 1 0.0029654046 1
0.6 3.1622777e-09 0.0008 1 1.481247e-05 1
0.6 3.9810717e-06 0.0002 1 0 0.0
0.6 3.9810717e-07 0.00020012007 1 0 0.0
0.6 5.0118723e-06 0.00040016006 1 0 0.0
0.6 5.0118723e-07 0.00040032026 1 0.092402861 1
0.6 5.0118723e-08 0.00060036022 1 0 0.0
0.6 5.0118723e-09 0.0002002002 1 0 0.0
0.6 6.3095734e-06 0.00060048038 1 0 0.0
0.6 6.3095734e-07 0.00040024014 1 0 0.0
0.6 6.3095734e-09 0.0002002002 1 0 0.0
0.6 7.9432823e-06 0.00060048038 1 0 0.0
0.6 7.9432823e-07 0.0010008006 1 0.016460036 0.34345518
0.6 7.9432823e-08 0.0006002401 1 0 0.0
0.6 7.9432823e-09 0.0012004802 1 0 0.0
0.65 1.1220184543e-06 0.0008 1 0.01053652 1
0.65 1.2589254e-05 0.00120024 1 0 0.0
0.65 1.2589254e-06 0.0008 1 9.2962754e-14 1
0.65 1.2589254e-07 0.00060012002 1 0.014687784 1
0.65 1.2589254e-08 0.0012009608 1 0.00030485959 0.65327487
0.65 1.41253754462e-06 0.0006002401 1 0 0.0
0.65 1.5848932e-06 0.0018 1 1.1476427e-08 1
0.65 1.5848932e-07 0.0016006403 1 0.072548539 1
0.65 1.5848932e-08 0.0014008405 1 0.00044530567 1
0.65 1.77827941004e-06 0.00060036022 1 1.9856242e-18 1
0.65 1.9952623e-05 0.0012009608 1 0 0.0
0.65 1.9952623e-06 0.00080048029 1 0 0.0
0.65 1.9952623e-07 0.00040016006 1 0 0.0
0.65 1.9952623e-08 0.002 1 0.00083471335 1
0.65 1e-05 0.0014 1 0 0.0
0.65 1e-06 0.0012 1 0.00025039021 1
0.65 1e-07 0.00120024 1 0.024376489 1
0.65 1e-08 0.0012004802 1 0.0010070368 1
0.65 2.23872113857e-06 0.0012004802 1 0 0.0
0.65 2.5118864e-05 0.0014005602 1 0 0.0
0.65 2.5118864e-06 0.0018010806 1 1.0852449e-23 1
0.65 2.5118864e-07 0.002 1 0.077421048 1
0.65 2.5118864e-08 0.0026010404 1 0.0015985916 0.69458188
0.65 2.81838293126e-06 0.0020004001 1 2.3646889e-37 1
0.65 3.1622777e-06 0.0008 1 0 0.0
0.65 3.1622777e-07 0.0020008003 1 0.06435914 1
0.65 3.1622777e-08 0.00080016003 1 0.0037061246 1
0.65 3.1622777e-09 0.00080048029 1 1.981019e-05 1
0.65 3.54813389234e-06 0.00060012002 1 0 0.0
0.65 3.9810717e-06 0.0024009604 1 0 0.0
0.65 3.9810717e-07 0.00060036022 1 0.090956708 1
0.65 3.9810717e-08 0.0018 1 0.001819601 1
0.65 3.9810717e-09 0.001 1 3.7129168e-05 0
0.65 4.46683592151e-06 0.0010006004 1 0 0.0
0.65 5.0118723e-06 0.0014005602 1 0 0.0
0.65 5.0118723e-07 0.00060012002 1 0.072405472 1
0.65 5.0118723e-08 0.00120024 1 0.010524767 1
0.65 5.0118723e-09 0.0012 1 0 0.0
0.65 5.6234132519e-06 0.0010006004 1 0 0.0
0.65 6.3095734e-06 0.001 1 0 0.0
0.65 6.3095734e-07 0.0022013208 1 0.024358517 0.99717514
0.65 6.3095734e-08 0.0014002801 1 0.0024452755 1
0.65 6.3095734e-09 0.001601281 1 0 0.0
0.65 7.07945784384e-06 0.0010004002 1 0 0.0
0.65 7.9432823e-06 0.0016003201 1 0 0.0
0.65 7.9432823e-07 0.0022008804 1 0.00020892708 1
0.65 7.9432823e-08 0.0006 1 0 0.0
0.65 7.9432823e-09 0.0016009606 1 0.00051959014 1
0.65 8.91250938134e-06 0.0020004001 1 0 0.0
0.7 1.2589254e-05 0.10111181 0.89419087 0 0.0
0.7 1.2589254e-06 0.10484194 0.91984733 1.2843314e-06 0.99923597
0.7 1.2589254e-07 0.0984 0.8902439 0.013962603 0.87752991
0.7 1.2589254e-08 0.091436575 0.88840263 0.00016305725 0.9164869
0.7 1.5848932e-05 0.098639456 0.93509128 0 0.0
0.7 1.5848932e-06 0.10144058 0.88560158 5.3171925e-09 0.99999987
0.7 1.5848932e-07 0.102 0.90392157 0.015436486 0.7982945
0.7 1.5848932e-08 0.10042008 0.91633466 0.00041322453 0.83349219
0.7 1.9952623e-05 0.097258355 0.91975309 0 0.0
0.7 1.9952623e-06 0.094837935 0.87341772 6.7769628e-14 0.91720355
0.7 1.9952623e-07 0.10304122 0.90873786 0.014822011 0.72904938
0.7 1.9952623e-08 0.0948 0.88396624 0.00049421839 0.91748171
0.7 1e-05 0.098258955 0.90631365 0 0.0
0.7 1e-06 0.1040208 0.89230769 4.8936222e-05 0.93856623
0.7 1e-07 0.10146088 0.89349112 0.010414523 0.8607823
0.7 2.5118864e-05 0.096419284 0.92116183 0 0.0
0.7 2.5118864e-06 0.096038415 0.90833333 7.8199265e-22 1
0.7 2.5118864e-07 0.10448359 0.89272031 0.016066913 0.81372493
0.7 2.5118864e-08 0.0928 0.91810345 0.00074243116 0.72893476
0.7 3.1622777e-05 0.10342068 0.90522244 0 0.0
0.7 3.1622777e-06 0.0996 0.87751004 1.0384265e-33 0.99860991
0.7 3.1622777e-07 0.1042417 0.90786948 0.011732108 0.82555346
0.7 3.1622777e-08 0.10284114 0.88132296 0.001280892 0.90240889
0.7 3.1622777e-09 0.1006604 0.89860835 1.0596125e-05 0.85990669
0.7 3.9810717e-06 0.091309571 0.89912281 0 0.0
0.7 3.9810717e-07 0.094218844 0.88322718 0.0090377242 0.98109962
0.7 3.9810717e-08 0.1028 0.88132296 0.0020716047 0.85570398
0.7 3.9810717e-09 0.0914 0.89496718 1.5214739e-05 0.88002011
0.7 5.0118723e-06 0.097 0.89484536 0 0.0
0.7 5.0118723e-07 0.0894 0.89261745 0.0048587601 0.94229543
0.7 5.0118723e-08 0.0936 0.88034188 0.0034608028 0.93696969
0.7 5.0118723e-09 0.1038 0.89980732 3.3896624e-05 0.94938411
0.7 6.3095734e-06 0.094637855 0.89429175 0 0.0
0.7 6.3095734e-07 0.099219844 0.90120968 0.00118364 0.86420851
0.7 6.3095734e-08 0.086817363 0.91474654 0.0043680711 0.89681863
0.7 6.3095734e-09 0.095438175 0.87840671 3.5435903e-05 0.89268272
0.7 7.9432823e-06 0.0986 0.90263692 0 0.0
0.7 7.9432823e-07 0.094656794 0.90063425 0.00062690577 0.999867
0.7 7.9432823e-08 0.092055233 0.89565217 0.0066959718 0.82275729
0.7 7.9432823e-09 0.10122024 0.91501976 8.1202285e-05 0.77564108
0.75 1.1220184543e-06 0.116 0.90517241 1.4011653e-08 0.99999984
0.75 1.2589254e-05 0.11382276 0.89630931 0 0.0
0.75 1.2589254e-06 0.115 0.9026087 5.173754e-11 0.99997263
0.75 1.2589254e-07 0.11564626 0.88581315 0.018223538 0.87706677
0.75 1.2589254e-08 0.1168 0.88869863 0.00026115829 0.92009656
0.75 1.41253754462e-06 0.11622324 0.88812392 2.1336614e-12 0.85585174
0.75 1.5848932e-05 0.1226 0.90538336 0 0.0
0.75 1.5848932e-06 0.11542308 0.89081456 9.8693652e-17 1
0.75 1.5848932e-07 0.106 0.89622642 0.018105091 0.84005631
0.75 1.5848932e-08 0.117 0.87863248 0.00050907249 0.84011424
0.75 1.77827941004e-06 0.1180236 0.88983051 2.3520254e-19 0.013514739
0.75 1.9952623e-05 0.11942388 0.8961474 0 0.0
0.75 1.9952623e-06 0.1138 0.93321617 6.1024919e-26 1
0.75 1.9952623e-07 0.114 0.8877193 0.022217585 0.90325147
0.75 1.9952623e-08 0.10642128 0.87030075 0.00067564757 0.84997304
0.75 1e-05 0.11904762 0.8907563 0 0.0
0.75 1e-06 0.11704682 0.90598291 5.5183306e-07 0.99997279
0.75 1e-07 0.11682336 0.89383562 0.014838983 0.86620787
0.75 1e-08 0.11022204 0.89655172 0.00022164327 0.88122022
0.75 2.23872113857e-06 0.11684674 0.90239726 8.1136266e-25 0.98951452
0.75 2.5118864e-05 0.11464586 0.89877836 0 0.0
0.75 2.5118864e-06 0.11484594 0.88675958 5.7950939e-33 0.99835471
0.75 2.5118864e-07 0.1110222 0.87747748 0.01550283 0.8504152
0.75 2.5118864e-08 0.1126935 0.88095238 0.0016655406 0.8322343
0.75 2.81838293126e-06 0.1118 0.88908766 2.3889946e-36 1
0.75 3.1622777e-05 0.1210242 0.91239669 0 0.0
0.75 3.1622777e-06 0.10982196 0.90528233 0 0.0
0.75 3.1622777e-07 0.110022 0.89636364 0.0077449137 0.98635419
0.75 3.1622777e-08 0.11582316 0.91018998 0.0023884604 0.89302428
0.75 3.1622777e-09 0.1182 0.89001692 2.4598807e-05 0.87242529
0.75 3.54813389234e-06 0.1072429 0.91604478 0 0.0
0.75 3.9810717e-06 0.1124 0.87188612 0 0.0
0.75 3.9810717e-07 0.1144 0.9020979 0.0045377279 0.93995842
0.75 3.9810717e-08 0.1092 0.9047619 0.002833253 0.86954273
0.75 3.9810717e-09 0.1220244 0.85737705 3.3101653e-05 0.83378009
0.75 4.46683592151e-06 0.11362272 0.89964789 0 0.0
0.75 5.0118723e-06 0.11362272 0.91021127 0 0.0
0.75 5.0118723e-07 0.12122424 0.91089109 0.0011704583 0.56313179
0.75 5.0118723e-08 0.11462292 0.91448517 0.0058688947 0.82155214
0.75 5.0118723e-09 0.10784314 0.8812616 6.4299511e-05 0.92208304
0.75 5.6234132519e-06 0.11122224 0.89928058 0 0.0
0.75 6.3095734e-06 0.1172 0.90273038 0 0.0
0.75 6.3095734e-07 0.11982396 0.87145242 0.00014157364 0.99925778
0.75 6.3095734e-08 0.11742348 0.88926746 0.0084759156 0.87254915
0.75 6.3095734e-09 0.11482296 0.90243902 0.00011050654 0.68937767
0.75 7.07945784384e-06 0.10822164 0.86691312 0 0.0
0.75 7.9432823e-06 0.1138 0.8857645 0 0.0
0.75 7.9432823e-07 0.11662332 0.89536878 2.6701886e-06 0.79234142
0.75 7.9432823e-08 0.1156 0.90657439 0.0095150861 0.83370709
0.75 7.9432823e-09 0.1106664 0.89873418 0.00018714715 0.80179372
0.75 8.91250938134e-06 0.11482296 0.90069686 0 0.0
0.8 1.1220184543e-06 0.11162232 0.90501792 3.8095156e-09 0.87795506
0.8 1.2589254e-05 0.11142228 0.8940754 0 0.0
0.8 1.2589254e-06 0.113 0.92743363 1.0589655e-09 0.31446281
0.8 1.2589254e-07 0.1102 0.91107078 0.02144223 0.91536525
0.8 1.2589254e-08 0.10680799 0.89694656 0.00031904583 0.86753614
0.8 1.41253754462e-06 0.11142228 0.89766607 7.1332798e-11 1
0.8 1.5848932e-05 0.1120224 0.89821429 0 0.0
0.8 1.5848932e-06 0.11064426 0.89511754 4.3678187e-15 0.96685482
0.8 1.5848932e-07 0.11305549 0.89205703 0.019559831 0.94744239
0.8 1.5848932e-08 0.10362072 0.91698842 0.00055052173 0.82889636
0.8 1.77827941004e-06 0.11262252 0.93428064 2.0839793e-16 1
0.8 1.9952623e-05 0.1098 0.90892532 0 0.0
0.8 1.9952623e-06 0.111 0.90630631 7.3508916e-20 1
0.8 1.9952623e-07 0.1142457 0.93169877 0.020255637 0.83732414
0.8 1.9952623e-08 0.11162232 0.92473118 0.00068290482 0.8866277
0.8 1e-05 0.105021 0.90666667 0 0.0
0.8 1e-06 0.10996089 0.88493724 2.1315498e-07 0.99999918
0.8 1e-07 0.117 0.90940171 0.010596628 0.90077868
0.8 1e-08 0.11286772 0.91843972 0.00018472643 0.89035072
0.8 2.23872113857e-06 0.1126 0.88277087 2.820611e-29 0.98739651
0.8 2.5118864e-05 0.12411682 0.91271347 0 0.0
0.8 2.5118864e-06 0.1126 0.90941385 3.7594525e-33 0.57312771
0.8 2.5118864e-07 0.12162432 0.91118421 0.014084123 0.93621379
0.8 2.5118864e-08 0.1120224 0.87321429 0.001668928 0.89044834
0.8 2.81838293126e-06 0.1172 0.89590444 1.2733578e-40 0.99999946
0.8 3.1622777e-06 0.10744298 0.91247672 1.5656966e-47 1
0.8 3.1622777e-07 0.11642328 0.91580756 0.010366699 0.92217237
0.8 3.1622777e-08 0.10382076 0.91714836 0.0023404498 0.94059166
0.8 3.1622777e-09 0.1242 0.90016103 1.8917389e-05 0.89146645
0.8 3.54813389234e-06 0.1130226 0.91327434 0 0.0
0.8 3.9810717e-06 0.11322264 0.91166078 0 0.0
0.8 3.9810717e-07 0.11108887 0.91711712 0.0057823431 0.96024069
0.8 3.9810717e-08 0.10382076 0.90366089 0.0036147659 0.91389391
0.8 3.9810717e-09 0.12022404 0.89018303 3.6647901e-05 0.86129926
0.8 4.46683592151e-06 0.109 0.91376147 0 0.0
0.8 5.0118723e-06 0.10482096 0.90267176 0 0.0
0.8 5.0118723e-07 0.11544618 0.88734835 0.0015422731 0.8845347
0.8 5.0118723e-08 0.11022204 0.87114338 0.0044837217 0.92058381
0.8 5.0118723e-09 0.10746448 0.88268156 7.4452954e-05 0.90780616
0.8 5.6234132519e-06 0.11422284 0.91593695 0 0.0
0.8 6.3095734e-06 0.1160232 0.90862069 0 0.0
0.8 6.3095734e-07 0.1152 0.87673611 0.00036599506 0.67767563
0.8 6.3095734e-08 0.11084434 0.92238267 0.0060066402 0.85517991
0.8 6.3095734e-09 0.11864746 0.9005059 0.00010505269 0.85915543
0.8 7.07945784384e-06 0.11622324 0.90361446 0 0.0
0.8 7.9432823e-06 0.111667 0.87455197 0 0.0
0.8 7.9432823e-07 0.117 0.89230769 2.6711552e-05 0.94065004
0.8 7.9432823e-08 0.1160232 0.92758621 0.011046483 0.87846174
0.8 7.9432823e-09 0.11762352 0.9047619 0.00010163152 0.79808619
0.8 8.91250938134e-06 0.113 0.92212389 0 0.0
0.81 1.1220184543e-06 0.10604242 0.92264151 1.5025701e-08 0.99794701
0.81 1.2589254e-05 0.10282056 0.91245136 0 0.0
0.81 1.2589254e-06 0.11684674 0.89726027 1.880931e-08 0.045101449
0.81 1.2589254e-07 0.1032 0.91085271 0.016071869 0.90714072
0.81 1.2589254e-08 0.10382076 0.90944123 0.00037016565 0.85948786
0.81 1.41253754462e-06 0.10342068 0.89555126 2.4517582e-10 0.99741055
0.81 1.5848932e-05 0.106 0.88301887 0 0.0
0.81 1.5848932e-06 0.1084 0.90405904 1.2278655e-13 1
0.81 1.5848932e-08 0.10568455 0.90340909 0.00059651732 0.9041065
0.81 1.77827941004e-06 0.1092437 0.90659341 3.9257134e-15 1
0.81 1.9952623e-05 0.114 0.9 0 0.0
0.81 1.9952623e-06 0.1076 0.90892193 1.2915648e-26 1
0.81 1.9952623e-07 0.11444578 0.9020979 0.017552846 0.87954527
0.81 1.9952623e-08 0.1014 0.89940828 0.00089500717 0.74126494
0.81 1e-05 0.10982196 0.90710383 0 0.0
0.81 1e-06 0.10488391 0.89694656 3.2166312e-06 0.12788576
0.81 1e-07 0.10582116 0.89413989 0.010990077 0.8479279
0.81 1e-08 0.10626376 0.90583804 0.00021041545 0.79193588
0.81 2.23872113857e-06 0.10942188 0.91956124 3.3275399e-23 1
0.81 2.5118864e-05 0.10804322 0.91296296 0 0.0
0.81 2.5118864e-06 0.11015859 0.93190661 3.7660972e-32 1
0.81 2.5118864e-07 0.108 0.89814815 0.014112899 0.85235812
0.81 2.5118864e-08 0.10822164 0.91497227 0.0011704673 0.89037184
0.81 2.81838293126e-06 0.1058 0.8979206 1.6232839e-40 0.99961655
0.81 3.1622777e-05 0.10342068 0.9032882 0 0.0
0.81 3.1622777e-06 0.108 0.87592593 4.5140261e-42 1
0.81 3.1622777e-07 0.10482096 0.89694656 0.009325001 0.86208906
0.81 3.1622777e-08 0.10664266 0.89118199 0.0022452378 0.74175583
0.81 3.1622777e-09 0.10826496 0.91127542 2.609739e-05 0.94770785
0.81 3.54813389234e-06 0.1060212 0.91320755 0 0.0
0.81 3.9810717e-06 0.11084434 0.89891697 0 0.0
0.81 3.9810717e-07 0.1068 0.90449438 0.0042981453 0.79656432
0.81 3.9810717e-08 0.10950879 0.88271605 0.0032049426 0.86184876
0.81 3.9810717e-09 0.1068 0.90074906 3.2721013e-05 0.93214107
0.81 4.46683592151e-06 0.1038 0.89595376 0 0.0
0.81 5.0118723e-06 0.098585776 0.92931393 0 0.0
0.81 5.0118723e-07 0.10684274 0.92134831 0.0016911952 0.91622476
0.81 5.0118723e-08 0.11664666 0.90051458 0.0047887229 0.88201905
0.81 5.0118723e-09 0.11082216 0.92238267 6.5248536e-05 0.92941592
0.81 5.6234132519e-06 0.10564226 0.92234848 0 0.0
0.81 6.3095734e-06 0.1086 0.86924494 0 0.0
0.81 6.3095734e-07 0.10704282 0.88971963 0.00037836623 0.99038121
0.81 6.3095734e-08 0.1108 0.92238267 0.0080641141 0.93268976
0.81 6.3095734e-09 0.11122224 0.88129496 7.4987487e-05 0.71595287
0.81 7.07945784384e-06 0.111 0.9045045 0 0.0
0.81 7.9432823e-06 0.11682336 0.92123288 0 0.0
0.81 7.9432823e-07 0.11249137 0.91411043 2.9136156e-05 0.83052325
0.81 7.9432823e-08 0.11164466 0.91935484 0.0087998391 0.89977938
0.81 7.9432823e-09 0.11462292 0.91623037 0.00012895585 0.84948094
0.81 8.91250938134e-06 0.1042 0.88867562 0 0.0
0.82 1.1220184543e-06 0.11162232 0.91218638 9.5490121e-07 0.99907749
0.82 1.2589254e-05 0.10442088 0.90996169 0 0.0
0.82 1.2589254e-06 0.1076646 0.90148699 8.3173843e-09 1
0.82 1.2589254e-07 0.10482096 0.91984733 0.018861451 0.85786187
0.82 1.2589254e-08 0.10642128 0.89849624 0.00034226864 0.85179495
0.82 1.41253754462e-06 0.099219844 0.90725806 9.074373e-12 0.96655912
0.82 1.5848932e-05 0.10184074 0.92534381 0 0.0
0.82 1.5848932e-06 0.10082016 0.89285714 1.6667569e-13 0.94042462
0.82 1.5848932e-07 0.1012 0.8972332 0.018965473 0.77199858
0.82 1.5848932e-08 0.099219844 0.91733871 0.00040056207 0.84685402
0.82 1.77827941004e-06 0.10662132 0.91369606 5.0879668e-16 0.99996548
0.82 1.9952623e-05 0.10592711 0.89035917 0 0.0
0.82 1.9952623e-06 0.10182036 0.89587426 4.0044945e-19 0.99602765
0.82 1.9952623e-07 0.11186712 0.89087657 0.018684435 0.89994161
0.82 1.9952623e-08 0.1036 0.91119691 0.00091110714 0.88607215
0.82 1e-05 0.1042 0.90211132 0 0.0
0.82 1e-06 0.10264106 0.91033138 4.5123414e-06 0.9912917
0.82 1e-07 0.10642128 0.91353383 0.012413659 0.86816767
0.82 1e-08 0.1102441 0.91651543 0.00022896489 0.85998118
0.82 2.23872113857e-06 0.1140228 0.92982456 1.0352758e-22 1
0.82 2.5118864e-06 0.11362272 0.8943662 1.5350304e-25 0.0043218408
0.82 2.5118864e-07 0.11104442 0.9045045 0.016966706 0.89993686
0.82 2.5118864e-08 0.10542108 0.90891841 0.0014082108 0.8968731
0.82 2.81838293126e-06 0.10242048 0.90820312 5.0274245e-30 6.7378291e-14
0.82 3.1622777e-05 0.10884354 0.91727941 0 0.0
0.82 3.1622777e-06 0.1018 0.88408644 1.3950616e-40 1
0.82 3.1622777e-07 0.1040208 0.89807692 0.011835166 0.94618754
0.82 3.1622777e-08 0.1024 0.91210938 0.0018820035 0.96293699
0.82 3.1622777e-09 0.1110222 0.9027027 2.1532923e-05 0.73641259
0.82 3.54813389234e-06 0.1068 0.8988764 6.4205182e-40 0
0.82 3.9810717e-06 0.1046628 0.92734226 0 0.0
0.82 3.9810717e-07 0.10384154 0.92100193 0.0077026233 0.78740752
0.82 3.9810717e-08 0.11164466 0.92293907 0.0027032485 0.90592606
0.82 3.9810717e-09 0.098819764 0.89878543 2.8916211e-05 0.89905561
0.82 4.46683592151e-06 0.1032 0.90116279 0 0.0
0.82 5.0118723e-06 0.1040208 0.91346154 0 0.0
0.82 5.0118723e-07 0.10968775 0.89781022 0.0032656515 0.88961882
0.82 5.0118723e-08 0.1088 0.89889706 0.0047981161 0.79633548
0.82 5.0118723e-09 0.10204082 0.90980392 4.2199173e-05 0.83129896
0.82 5.6234132519e-06 0.1036622 0.92471042 0 0.0
0.82 6.3095734e-06 0.0996 0.89156627 0 0.0
0.82 6.3095734e-07 0.10282056 0.92217899 0.00097182005 0.92256127
0.82 6.3095734e-08 0.098839536 0.93117409 0.0078985188 0.90155308
0.82 6.3095734e-09 0.10386232 0.88246628 6.4032091e-05 0.91731191
0.82 7.07945784384e-06 0.095819164 0.90605428 0 0.0
0.82 7.9432823e-06 0.0988 0.91497976 0 0.0
0.82 7.9432823e-07 0.101 0.9049505 3.104819e-05 0.88161764
0.82 7.9432823e-08 0.102 0.91764706 0.0088145252 0.87320589
0.82 7.9432823e-09 0.10622124 0.92467043 0.00011320704 0.89269746
0.82 8.91250938134e-06 0.1012 0.91304348 0 0.0
0.83 1.1220184543e-06 0.105021 0.89333333 2.6413566e-06 0.88769057
0.83 1.2589254e-05 0.0994 0.90744467 0 0.0
0.83 1.2589254e-06 0.096 0.92083333 3.6385094e-09 0.4131134
0.83 1.2589254e-07 0.094256554 0.92569002 0.020261124 0.82551292
0.83 1.2589254e-08 0.10582116 0.92060491 0.00036635206 0.88636385
0.83 1.41253754462e-06 0.10384154 0.89595376 3.9592121e-10 1
0.83 1.5848932e-05 0.10442088 0.90038314 0 0.0
0.83 1.5848932e-06 0.10704282 0.90654206 2.0183445e-11 1
0.83 1.5848932e-07 0.1008807 0.90674603 0.017655209 0.95505403
0.83 1.5848932e-08 0.10002 0.926 0.00068575892 0.93532127
0.83 1.77827941004e-06 0.10542108 0.89184061 1.8331329e-14 0.03366487
0.83 1.9952623e-05 0.088252952 0.92290249 0 0.0
0.83 1.9952623e-06 0.1010202 0.93465347 7.6703623e-15 0.99999999
0.83 1.9952623e-07 0.104 0.91153846 0.020206974 0.88284795
0.83 1.9952623e-08 0.1058 0.89603025 0.00076854388 0.84232602
0.83 1e-05 0.0994 0.88732394 0 0.0
0.83 1e-06 0.097619524 0.89754098 3.3453593e-06 0.99999868
0.83 1e-07 0.1032 0.91666667 0.014377338 0.92224024
0.83 1e-08 0.10664266 0.91369606 0.0001961463 0.90162534
0.83 2.23872113857e-06 0.10062012 0.90258449 6.964301e-21 0.99999993
0.83 2.5118864e-05 0.1015015 0.89546351 0 0.0
0.83 2.5118864e-06 0.10082016 0.87698413 1.0682654e-26 1
0.83 2.5118864e-07 0.10562112 0.89772727 0.022092617 0.92543787
0.83 2.5118864e-08 0.097077662 0.89690722 0.0012889413 0.82927473
0.83 2.81838293126e-06 0.099439776 0.90744467 8.1282018e-30 1
0.83 3.1622777e-05 0.095238095 0.94117647 0 0.0
0.83 3.1622777e-06 0.10306184 0.92038835 1.3136459e-37 1
0.83 3.1622777e-07 0.0994 0.92555332 0.01230758 0.94334451
0.83 3.1622777e-08 0.110022 0.89818182 0.0016570463 0.73911292
0.83 3.1622777e-09 0.098819764 0.90688259 2.1476999e-05 0.87125955
0.83 3.54813389234e-06 0.096419284 0.90456432 1.7382497e-43 0
0.83 3.9810717e-06 0.097419484 0.90759754 0 0.0
0.83 3.9810717e-07 0.1002401 0.92015968 0.0061913879 0.9336108
0.83 3.9810717e-08 0.1076 0.91635688 0.003620197 0.80736966
0.83 3.9810717e-09 0.1006 0.89264414 4.2371747e-05 0.92077223
0.83 4.46683592151e-06 0.097019404 0.90103093 0 0.0
0.83 5.0118723e-06 0.1018 0.92141454 0 0.0
0.83 5.0118723e-07 0.10442088 0.9137931 0.0049444403 0.91217226
0.83 5.0118723e-08 0.096277022 0.90852391 0.0054910686 0.85433632
0.83 5.0118723e-09 0.10264106 0.92007797 5.1103896e-05 0.85033105
0.83 5.6234132519e-06 0.10204082 0.91176471 0 0.0
0.83 6.3095734e-06 0.092813697 0.90533981 0 0.0
0.83 6.3095734e-07 0.098039216 0.91428571 0.00050126113 0.9025541
0.83 6.3095734e-08 0.1036622 0.9034749 0.008034045 0.88137667
0.83 6.3095734e-09 0.1004 0.92629482 6.2079123e-05 0.88889657
0.83 7.07945784384e-06 0.10804322 0.90740741 0 0.0
0.83 7.9432823e-06 0.10406244 0.925 0 0.0
0.83 7.9432823e-07 0.1002 0.91816367 0.0001373239 0.73436563
0.83 7.9432823e-08 0.096819364 0.91115702 0.014140155 0.81857341
0.83 7.9432823e-09 0.094237695 0.92781316 0.00010203897 0.85180232
0.83 8.91250938134e-06 0.10384154 0.91714836 0 0.0
0.84 1.2589254e-05 0.0976 0.91393443 0 0.0
0.84 1.2589254e-06 0.098839536 0.89676113 6.0703821e-09 0.99992462
0.84 1.2589254e-07 0.10084034 0.89880952 0.017923233 0.85528733
0.84 1.2589254e-08 0.0932 0.9055794 0.00026189672 0.8234839
0.84 1.5848932e-05 0.099259556 0.92741935 0 0.0
0.84 1.5848932e-06 0.096419284 0.90871369 2.100084e-11 0.51411775
0.84 1.5848932e-07 0.098258955 0.90835031 0.023897314 0.91746098
0.84 1.5848932e-08 0.0964 0.93568465 0.00043271415 0.9108029
0.84 1.9952623e-05 0.093237295 0.89270386 0 0.0
0.84 1.9952623e-06 0.099239696 0.90927419 3.2522034e-15 0.99975342
0.84 1.9952623e-07 0.092255353 0.90889371 0.02337704 0.89368556
0.84 1.9952623e-08 0.094637855 0.91120507 0.00083403944 0.71849661
0.84 1e-05 0.092818564 0.91594828 0 0.0
0.84 1e-06 0.098639456 0.91075051 1.603309e-05 0.99999404
0.84 1e-07 0.10004002 0.934 0.015304927 0.93901502
0.84 1e-08 0.097819564 0.91820041 0.00020281707 0.82610953
0.84 2.5118864e-05 0.10122024 0.90711462 0 0.0
0.84 2.5118864e-06 0.096819364 0.90289256 1.1623662e-25 0.99996185
0.84 2.5118864e-07 0.091018204 0.92307692 0.021152437 0.90861947
0.84 2.5118864e-08 0.0992 0.91935484 0.0014489751 0.91959618
0.84 3.1622777e-05 0.096019204 0.90416667 0 0.0
0.84 3.1622777e-06 0.099839936 0.91983968 9.3320999e-39 1
0.84 3.1622777e-07 0.1012 0.93478261 0.01635819 0.87167371
0.84 3.1622777e-08 0.091836735 0.91938998 0.0018426099 0.90588159
0.84 3.1622777e-09 0.093418684 0.8993576 2.0638592e-05 0.9452647
0.84 3.9810717e-07 0.1002 0.91417166 0.0070352596 0.86188862
0.84 3.9810717e-08 0.096038415 0.92708333 0.0033628553 0.80004427
0.84 5.0118723e-06 0.10084034 0.92460317 0 0.0
0.84 5.0118723e-07 0.096 0.9125 0.0037826006 0.85236946
0.84 5.0118723e-08 0.089635854 0.92857143 0.0045148326 0.88843182
0.84 6.3095734e-06 0.10326196 0.90310078 0 0.0
0.84 6.3095734e-07 0.0942 0.91507431 0.0020749262 0.75038089
0.84 6.3095734e-08 0.098039216 0.90612245 0.0077625321 0.74723143
0.84 6.3095734e-09 0.094618924 0.92389006 7.5427106e-05 0.78019049
0.84 7.9432823e-06 0.092436975 0.92857143 0 0.0
0.84 7.9432823e-07 0.097219444 0.90740741 9.1023909e-05 0.58768388
0.84 7.9432823e-08 0.092473979 0.91341991 0.010470326 0.94250221
0.84 7.9432823e-09 0.090054032 0.89777778 0.00012927617 0.80459221
0.85 1.2589254e-05 0.075815163 0.94459103 0 0.0
0.85 1.2589254e-06 0.091018204 0.94945055 3.1742131e-07 0.99668831
0.85 1.2589254e-07 0.093456074 0.90149893 0.01842445 0.79681232
0.85 1.2589254e-08 0.089017804 0.88764045 0.0002069091 0.85969448
0.85 1.5848932e-05 0.084850911 0.91509434 0 0.0
0.85 1.5848932e-06 0.091018204 0.89450549 3.7916413e-10 0.99999298
0.85 1.5848932e-07 0.082216443 0.89294404 0.024209844 0.78754093
0.85 1.5848932e-08 0.0902 0.92017738 0.00038385533 0.89769181
0.85 1.9952623e-05 0.087852712 0.8952164 0 0.0
0.85 1.9952623e-06 0.10084034 0.91865079 2.7663397e-14 0.99768699
0.85 1.9952623e-07 0.088417684 0.92760181 0.019487626 0.80710647
0.85 1.9952623e-08 0.092455473 0.93506494 0.00071010489 0.78938921
0.85 1e-05 0.090636255 0.92935982 0 0.0
0.85 1e-06 0.095438175 0.8951782 4.521347e-05 0.99989052
0.85 1e-07 0.089817964 0.89309577 0.013706051 0.88460752
0.85 1e-08 0.093837535 0.91257996 0.00015376455 0.91230499
0.85 2.5118864e-05 0.08304983 0.91325301 0 0.0
0.85 2.5118864e-06 0.085285285 0.91549296 6.9806948e-19 1
0.85 2.5118864e-07 0.095438175 0.90775681 0.023562648 0.94726772
0.85 2.5118864e-08 0.086017203 0.91627907 0.0010164737 0.79076241
0.85 3.1622777e-05 0.091018204 0.93186813 0 0.0
0.85 3.1622777e-06 0.077615523 0.89948454 3.3161029e-32 0.00032056458
0.85 3.1622777e-08 0.088635454 0.91196388 0.0015376481 0.92728083
0.85 3.1622777e-09 0.088835534 0.91216216 2.281819e-05 0.85415792
0.85 3.9810717e-06 0.091618324 0.92358079 0 0.0
0.85 3.9810717e-07 0.087034814 0.92873563 0.016165091 0.83950526
0.85 3.9810717e-08 0.087817564 0.91571754 0.002370664 0.98704196
0.85 3.9810717e-09 0.095676541 0.90585774 2.6924578e-05 0.87784406
0.85 5.0118723e-06 0.087052231 0.95172414 0 0.0
0.85 5.0118723e-07 0.095619124 0.92259414 0.0061833973 0.91295451
0.85 5.0118723e-08 0.090854513 0.91409692 0.0030992499 0.91951605
0.85 5.0118723e-09 0.088417684 0.93438914 4.9141666e-05 0.83113482
0.85 6.3095734e-06 0.093037215 0.90752688 0 0.0
0.85 6.3095734e-07 0.092655593 0.9049676 0.0018680006 0.87276352
0.85 6.3095734e-08 0.085417083 0.91100703 0.0076000176 0.85848626
0.85 6.3095734e-09 0.10002 0.894 8.2796848e-05 0.80311759
0.85 7.9432823e-06 0.094237695 0.92569002 0 0.0
0.85 7.9432823e-07 0.089817964 0.9376392 0.00036284031 0.76734587
0.85 7.9432823e-08 0.092655593 0.91360691 0.010826207 0.83172152
0.85 7.9432823e-09 0.084684685 0.92907801 0.00011976034 0.85445966
0.86 1.1220184543e-06 0.0942 0.91507431 2.8460117e-06 0.78566784
0.86 1.2589254e-05 0.089253552 0.92376682 0 0.0
0.86 1.2589254e-06 0.091436575 0.9190372 4.6525729e-07 0.43174516
0.86 1.2589254e-07 0.093 0.92473118 0.016328334 0.78275925
0.86 1.2589254e-08 0.085634254 0.9182243 0.00041468585 0.89107101
0.86 1.41253754462e-06 0.095857515 0.92901879 7.5648987e-08 0.99999999
0.86 1.5848932e-05 0.089217844 0.89686099 0 0.0
0.86 1.5848932e-06 0.094 0.9106383 1.9682312e-09 0.99999984
0.86 1.5848932e-07 0.087217443 0.93119266 0.022594379 0.81585141
0.86 1.5848932e-08 0.0924 0.90909091 0.00061065523 0.79722269
0.86 1.77827941004e-06 0.088017604 0.90227273 5.529979e-12 0.44051844
0.86 1.9952623e-05 0.092818564 0.92025862 0 0.0
0.86 1.9952623e-06 0.081816363 0.92176039 3.0942197e-15 0.99999071
0.86 1.9952623e-07 0.088435374 0.88914027 0.022907343 0.89358301
0.86 1.9952623e-08 0.0926 0.91144708 0.00071270975 0.87082973
0.86 1e-05 0.09049049 0.93141593 0 0.0
0.86 1e-06 0.089217844 0.89237668 2.1479553e-05 0.92357773
0.86 1e-07 0.094256554 0.91295117 0.01662595 0.89113491
0.86 1e-08 0.087417483 0.90389016 0.00019545379 0.90879786
0.86 2.23872113857e-06 0.089635854 0.93526786 1.2750701e-19 0.9102377
0.86 2.5118864e-05 0.091618324 0.90393013 0 0.0
0.86 2.5118864e-06 0.096657995 0.91304348 7.5614863e-22 0.99999999
0.86 2.5118864e-07 0.081665332 0.91176471 0.018652108 0.9044948
0.86 2.5118864e-08 0.095219044 0.91176471 0.0012152825 0.75004899
0.86 2.81838293126e-06 0.096438575 0.91493776 1.0882649e-31 0.36454149
0.86 3.1622777e-05 0.086068855 0.93953488 0 0.0
0.86 3.1622777e-06 0.088470777 0.90497738 4.3370236e-38 0.99999999
0.86 3.1622777e-07 0.085668535 0.90186916 0.01724185 0.92507413
0.86 3.1622777e-08 0.091618324 0.93886463 0.0021800998 0.88398726
0.86 3.1622777e-09 0.096677342 0.90890269 1.813303e-05 0.95220641
0.86 3.54813389234e-06 0.0948 0.9092827 7.8082183e-42 1
0.86 3.9810717e-06 0.094456674 0.90677966 0 0.0
0.86 3.9810717e-07 0.091454873 0.92778993 0.01239354 0.81076309
0.86 3.9810717e-08 0.093818764 0.90831557 0.0024668997 0.85424907
0.86 3.9810717e-09 0.088088088 0.93181818 2.7962269e-05 0.84024998
0.86 4.46683592151e-06 0.088835534 0.90990991 0 0.0
0.86 5.0118723e-06 0.0988 0.91497976 0 0.0
0.86 5.0118723e-07 0.093418684 0.91648822 0.0046132518 0.97516483
0.86 5.0118723e-08 0.089253552 0.93946188 0.0051538967 0.84410427
0.86 5.0118723e-09 0.098219644 0.93482688 5.3995684e-05 0.77886386
0.86 5.6234132519e-06 0.0904 0.90707965 0 0.0
0.86 6.3095734e-06 0.094056434 0.92765957 0 0.0
0.86 6.3095734e-07 0.090236094 0.9135255 0.0013636452 0.74839902
0.86 6.3095734e-08 0.087434974 0.91304348 0.0079428993 0.84960302
0.86 6.3095734e-09 0.092218444 0.9154013 6.5192535e-05 0.74622927
0.86 7.07945784384e-06 0.0928 0.90948276 0 0.0
0.86 7.9432823e-06 0.098639456 0.9127789 0 0.0
0.86 7.9432823e-07 0.08224935 0.93187348 0.00025028711 0.63771007
0.86 7.9432823e-08 0.092436975 0.8961039 0.0084970428 0.76388329
0.86 7.9432823e-09 0.090854513 0.89207048 0.00013944657 0.75251142
0.86 8.91250938134e-06 0.090836335 0.9185022 0 0.0
0.87 1.1220184543e-06 0.0854 0.92740047 8.3475699e-06 0.99426267
0.87 1.2589254e-05 0.076045627 0.92368421 0 0.0
0.87 1.2589254e-06 0.081032413 0.92839506 2.8770843e-06 0.99998785
0.87 1.2589254e-07 0.082866293 0.91062802 0.014109386 0.88412262
0.87 1.2589254e-08 0.085085085 0.91294118 0.00025062667 0.95686959
0.87 1.41253754462e-06 0.0926 0.92656587 2.8409962e-07 0.4068597
0.87 1.5848932e-05 0.081632653 0.93382353 0 0.0
0.87 1.5848932e-06 0.085051031 0.93176471 1.4020582e-08 0.64184767
0.87 1.5848932e-07 0.085085085 0.92941176 0.025081089 0.88428802
0.87 1.5848932e-08 0.076430572 0.94502618 0.00039929384 0.95583399
0.87 1.77827941004e-06 0.0858 0.93706294 7.0063539e-12 1
0.87 1.9952623e-05 0.084216843 0.9216152 0 0.0
0.87 1.9952623e-06 0.08425055 0.9263658 7.1036315e-14 1
0.87 1.9952623e-07 0.078231293 0.92071611 0.015427919 0.91058336
0.87 1.9952623e-08 0.079647789 0.90954774 0.00060436177 0.75470711
0.87 1e-05 0.085468375 0.93911007 0 0.0
0.87 1e-06 0.084033613 0.92142857 6.271204e-05 0.99459133
0.87 1e-07 0.08244947 0.91990291 0.016514771 0.87063224
0.87 1e-08 0.079447669 0.92191436 0.00018392857 0.78647285
0.87 2.23872113857e-06 0.0848 0.90330189 5.694176e-15 0.91730039
0.87 2.5118864e-05 0.082816563 0.92028986 0 0.0
0.87 2.5118864e-06 0.083616723 0.91626794 3.7127485e-21 1
0.87 2.5118864e-07 0.080832333 0.92574257 0.028307623 0.87379096
0.87 2.5118864e-08 0.087434974 0.90846682 0.0013268675 0.78836362
0.87 2.81838293126e-06 0.081648989 0.91421569 1.1738446e-23 0.99972811
0.87 3.1622777e-05 0.0754 0.91777188 0 0.0
0.87 3.1622777e-06 0.08365019 0.90669856 9.2424611e-30 1
0.87 3.1622777e-07 0.088017604 0.92727273 0.022027343 0.90487701
0.87 3.1622777e-08 0.088853312 0.92342342 0.0018110313 0.84748733
0.87 3.1622777e-09 0.077831132 0.93316195 2.1351759e-05 0.76550678
0.87 3.54813389234e-06 0.087017403 0.90114943 2.9342588e-40 1
0.87 3.9810717e-06 0.0836 0.88755981 0 0.0
0.87 3.9810717e-08 0.08465079 0.92671395 0.0027811303 0.80437592
0.87 3.9810717e-09 0.080216043 0.91770574 2.9064754e-05 0.90264851
0.87 4.46683592151e-06 0.08465079 0.91962175 0 0.0
0.87 5.0118723e-06 0.084633854 0.90543735 0 0.0
0.87 5.0118723e-07 0.083083083 0.93012048 0.0070049841 0.83743086
0.87 5.0118723e-08 0.079447669 0.88413098 0.003327394 0.88453521
0.87 5.0118723e-09 0.091036415 0.94285714 3.8210254e-05 0.87923456
0.87 5.6234132519e-06 0.086617323 0.91916859 0 0.0
0.87 6.3095734e-06 0.0794 0.93450882 0 0.0
0.87 6.3095734e-07 0.085817163 0.91841492 0.0015842728 0.97971729
0.87 6.3095734e-08 0.0868 0.9124424 0.0068852128 0.82840144
0.87 6.3095734e-09 0.086434574 0.91666667 7.8177307e-05 0.82784959
0.87 7.07945784384e-06 0.084416883 0.89336493 0 0.0
0.87 7.9432823e-06 0.091254753 0.92763158 0 0.0
0.87 7.9432823e-07 0.0832 0.90865385 0.00063700804 0.75563334
0.87 7.9432823e-08 0.082416483 0.92475728 0.012313194 0.89512924
0.87 7.9432823e-09 0.080216043 0.93017456 0.00012400046 0.79441329
0.87 8.91250938134e-06 0.086217243 0.94199536 0 0.0
0.88 1.1220184543e-06 0.078678679 0.89821883 1.3126578e-05 0.99834848
0.88 1.2589254e-05 0.0762 0.9343832 0 0.0
0.88 1.2589254e-06 0.085217043 0.92253521 1.7318253e-07 0.99698676
0.88 1.2589254e-07 0.080216043 0.91770574 0.01748049 0.86053882
0.88 1.2589254e-08 0.079463571 0.9395466 0.00027693492 0.80756301
0.88 1.41253754462e-06 0.075830332 0.92084433 5.5401577e-09 0.99991463
0.88 1.5848932e-05 0.076661329 0.91644909 0 0.0
0.88 1.5848932e-06 0.081616323 0.94117647 1.5176019e-09 0.11835806
0.88 1.5848932e-07 0.078631453 0.9389313 0.027715354 0.84247936
0.88 1.77827941004e-06 0.083 0.89879518 7.57728e-12 1
0.88 1.9952623e-05 0.074629852 0.91152815 0 0.0
0.88 1.9952623e-07 0.081232493 0.91133005 0.020300965 0.92575621
0.88 1.9952623e-08 0.080016003 0.925 0.00063464935 0.92318534
0.88 1e-05 0.080832333 0.91584158 0 0.0
0.88 1e-06 0.079615923 0.91959799 6.6751547e-05 0.87083862
0.88 1e-07 0.079415883 0.94710327 0.014078436 0.90084979
0.88 1e-08 0.080832333 0.89108911 0.00020242579 0.90523971
0.88 2.23872113857e-06 0.081416283 0.9017199 5.6928952e-17 0.9992856
0.88 2.5118864e-05 0.08 0.92 0 0.0
0.88 2.5118864e-06 0.08304983 0.91325301 1.97756e-19 0.00011813673
0.88 2.5118864e-07 0.074059247 0.92972973 0.022899049 0.90387496
0.88 2.5118864e-08 0.081632653 0.91176471 0.0010156883 0.90145425
0.88 2.81838293126e-06 0.08365019 0.94258373 2.4773221e-22 2.2252614e-07
0.88 3.1622777e-05 0.081281281 0.89901478 0 0.0
0.88 3.1622777e-06 0.089817964 0.9376392 1.704379e-29 0.99853194
0.88 3.1622777e-07 0.077831132 0.93316195 0.019189554 0.85391652
0.88 3.1622777e-08 0.080864692 0.93069307 0.0017410331 0.89350582
0.88 3.1622777e-09 0.079415883 0.92947103 1.7561447e-05 0.93567386
0.88 3.54813389234e-06 0.083833533 0.93078759 7.1027505e-42 0.97863387
0.88 3.9810717e-06 0.082816563 0.93719807 0 0.0
0.88 3.9810717e-07 0.085668535 0.93691589 0.014116929 0.82368135
0.88 3.9810717e-08 0.08405043 0.90952381 0.0020167456 0.86356295
0.88 3.9810717e-09 0.0778 0.94601542 3.2246464e-05 0.90653746
0.88 4.46683592151e-06 0.081616323 0.93137255 0 0.0
0.88 5.0118723e-06 0.08204923 0.92926829 0 0.0
0.88 5.0118723e-07 0.075230092 0.92287234 0.0059900609 0.98371501
0.88 5.0118723e-08 0.08204923 0.91463415 0.0040191677 0.92610964
0.88 5.0118723e-09 0.079663731 0.90452261 4.5356471e-05 1
0.88 5.6234132519e-06 0.081032413 0.9037037 0 0.0
0.88 6.3095734e-06 0.081216243 0.93103448 0 0.0
0.88 6.3095734e-07 0.077015403 0.93506494 0.0036027785 0.97245011
0.88 6.3095734e-08 0.075260208 0.93351064 0.0067781628 0.91358254
0.88 6.3095734e-09 0.075015003 0.936 6.5165502e-05 0.93511911
0.88 7.07945784384e-06 0.085 0.91294118 0 0.0
0.88 7.9432823e-06 0.0866 0.92378753 0 0.0
0.88 7.9432823e-07 0.080416083 0.95522388 0.00038374066 0.84105381
0.88 7.9432823e-08 0.07746197 0.91989664 0.0071978167 0.7923345
0.88 7.9432823e-09 0.0768 0.9296875 0.0001109201 0.80740662
0.88 8.91250938134e-06 0.078325321 0.91815857 0 0.0
0.89 1.1220184543e-06 0.076615323 0.91644909 1.8484877e-05 0.99434128
0.89 1.2589254e-05 0.080848509 0.93564356 0 0.0
0.89 1.2589254e-06 0.07078534 0.9260355 1.6539912e-06 0.9998736
0.89 1.2589254e-07 0.074844907 0.91176471 0.016738981 0.78055925
0.89 1.2589254e-08 0.07786229 0.93059126 0.0003048178 0.93716968
0.89 1.41253754462e-06 0.073444066 0.95367847 2.7314164e-08 0.7241916
0.89 1.5848932e-05 0.071414283 0.92156863 0 0.0
0.89 1.5848932e-06 0.072414483 0.93093923 2.0357385e-08 0.99996622
0.89 1.5848932e-07 0.071457166 0.93557423 0.025289069 0.88947803
0.89 1.5848932e-08 0.073414683 0.94277929 0.00044928459 0.86401633
0.89 1.77827941004e-06 0.073058447 0.95068493 1.0022402e-09 0.9999962
0.89 1.9952623e-05 0.073614723 0.92934783 0 0.0
0.89 1.9952623e-06 0.077646588 0.92525773 8.4122274e-12 1
0.89 1.9952623e-07 0.069427771 0.94236311 0.02602923 0.82957779
0.89 1.9952623e-08 0.080248149 0.91521197 0.00073387785 0.8325246
0.89 1e-05 0.074259408 0.93800539 0 0.0
0.89 1e-06 0.067053643 0.91343284 2.5958613e-05 0.96003487
0.89 1e-07 0.069827931 0.92550143 0.015727049 0.91710805
0.89 1e-08 0.075845507 0.93403694 0.00020646764 0.89049888
0.89 2.23872113857e-06 0.072443466 0.93093923 3.8367504e-17 1
0.89 2.5118864e-05 0.0682 0.92668622 0 0.0
0.89 2.5118864e-06 0.078631453 0.94402036 8.1452176e-18 1
0.89 2.5118864e-07 0.072214443 0.91966759 0.027102934 0.84211801
0.89 2.5118864e-08 0.069641785 0.93103448 0.00090529304 0.88301361
0.89 2.81838293126e-06 0.074414883 0.90591398 1.5920913e-22 0.99999999
0.89 3.1622777e-05 0.074659728 0.90348525 0 0.0
0.89 3.1622777e-06 0.077030812 0.8961039 2.9025216e-30 0.031551131
0.89 3.1622777e-07 0.075260208 0.92021277 0.019879974 0.77907684
0.89 3.1622777e-08 0.074029612 0.93243243 0.0018785102 0.84928013
0.89 3.1622777e-09 0.080032013 0.9225 1.9713807e-05 0.80675254
0.89 3.54813389234e-06 0.079447669 0.93450882 2.2131338e-45 1
0.89 3.9810717e-06 0.079695635 0.93467337 1.3573718e-40 0.99776968
0.89 3.9810717e-07 0.076846108 0.91666667 0.01510758 0.86329783
0.89 3.9810717e-08 0.0722 0.88365651 0.0021644853 0.80196275
0.89 3.9810717e-09 0.074214843 0.92722372 2.7569037e-05 0.8671846
0.89 4.46683592151e-06 0.072523203 0.94345238 0 0.0
0.89 5.0118723e-06 0.077215443 0.93264249 0 0.0
0.89 5.0118723e-07 0.073214643 0.91803279 0.0068633869 0.9411575
0.89 5.0118723e-08 0.076030412 0.91315789 0.0041233229 0.83046683
0.89 5.0118723e-09 0.076876877 0.92708333 4.8027165e-05 0.91447387
0.89 5.6234132519e-06 0.074659728 0.91152815 0 0.0
0.89 6.3095734e-06 0.072043226 0.94166667 0 0.0
0.89 6.3095734e-07 0.073859087 0.88346883 0.0022549318 0.95715464
0.89 6.3095734e-08 0.079079079 0.92911392 0.0055709361 0.89846122
0.89 6.3095734e-09 0.078615723 0.93638677 5.6266658e-05 0.81663017
0.89 7.07945784384e-06 0.071614323 0.92178771 0 0.0
0.89 7.9432823e-06 0.076861489 0.9375 0 0.0
0.89 7.9432823e-07 0.081248749 0.92118227 0.0010415938 0.99998331
0.89 7.9432823e-08 0.073844307 0.89701897 0.0084421771 0.86066415
0.89 7.9432823e-09 0.076630652 0.93472585 0.00011736186 0.89055235
0.9 1.1220184543e-06 0.074229692 0.93530997 5.9084962e-06 0.87771434
0.9 1.2589254e-05 0.080648389 0.90074442 0 0.0
0.9 1.2589254e-06 0.077615523 0.94329897 2.4321488e-06 0.99957524
0.9 1.2589254e-07 0.0742 0.91644205 0.018694386 0.88246191
0.9 1.2589254e-08 0.070442265 0.92045455 0.00020468086 0.94878855
0.9 1.41253754462e-06 0.075815163 0.92348285 3.8995762e-08 1
0.9 1.5848932e-05 0.075260208 0.94414894 0 0.0
0.9 1.5848932e-06 0.072043226 0.93611111 4.0335662e-09 0.99895307
0.9 1.5848932e-07 0.074844907 0.92513369 0.019105552 0.81197327
0.9 1.5848932e-08 0.075060048 0.944 0.0005277051 0.84700625
0.9 1.77827941004e-06 0.071843106 0.95543175 5.620085e-10 0.99747764
0.9 1.9952623e-05 0.075045027 0.94133333 0 0.0
0.9 1.9952623e-06 0.076476476 0.94764398 5.7000969e-15 0.98894021
0.9 1.9952623e-07 0.075684025 0.95043732 0.021600396 0.93563912
0.9 1.9952623e-08 0.077415483 0.93023256 0.00095609865 0.78761096
0.9 1e-05 0.080816163 0.93811881 0 0.0
0.9 1e-06 0.0718 0.91364903 0.00015606745 0.987744
0.9 1e-07 0.077230892 0.93523316 0.011280759 0.84651977
0.9 1e-08 0.074244547 0.94070081 0.00016257963 0.93182505
0.9 2.23872113857e-06 0.074644787 0.93297587 4.1838033e-13 1
0.9 2.5118864e-05 0.073214643 0.93715847 0 0.0
0.9 2.5118864e-06 0.073014603 0.9260274 4.6734533e-18 0.99999999
0.9 2.5118864e-07 0.067654123 0.92011834 0.024075916 0.81855416
0.9 2.5118864e-08 0.069027611 0.93333333 0.0010068797 0.92336545
0.9 2.81838293126e-06 0.077015403 0.94285714 9.8801544e-29 0.88209518
0.9 3.1622777e-05 0.075030012 0.92533333 0 0.0
0.9 3.1622777e-06 0.069711538 0.92528736 1.5656488e-29 1
0.9 3.1622777e-07 0.072243346 0.93351801 0.023045157 0.95952307
0.9 3.1622777e-08 0.074244547 0.93261456 0.0021368837 0.81827984
0.9 3.1622777e-09 0.079047428 0.92911392 2.1706249e-05 0.81997605
0.9 3.54813389234e-06 0.077615523 0.94329897 1.4645711e-35 1
0.9 3.9810717e-06 0.072028812 0.93888889 6.1793019e-42 1
0.9 3.9810717e-07 0.073644187 0.9375 0.02006088 0.94720605
0.9 3.9810717e-08 0.073644187 0.94293478 0.0030122506 0.87440643
0.9 4.46683592151e-06 0.0798 0.94235589 0 0.0
0.9 5.0118723e-06 0.078231293 0.92838875 0 0.0
0.9 5.0118723e-07 0.073058447 0.92054795 0.0079011918 0.95958575
0.9 5.0118723e-08 0.074644787 0.93565684 0.0048853328 0.91043338
0.9 5.0118723e-09 0.070642385 0.92351275 4.6011636e-05 0.94069596
0.9 5.6234132519e-06 0.073414683 0.94277929 0 0.0
0.9 6.3095734e-06 0.0718 0.94150418 0 0.0
0.9 6.3095734e-07 0.070628251 0.94050992 0.0022980568 0.69295246
0.9 6.3095734e-08 0.074474474 0.92204301 0.0058506542 0.92782625
0.9 6.3095734e-09 0.077415483 0.92764858 6.7160676e-05 0.92102567
0.9 7.07945784384e-06 0.079615923 0.92462312 0 0.0
0.9 7.9432823e-06 0.071843106 0.91922006 0 0.0
0.9 7.9432823e-07 0.080264211 0.93266833 0.00072233493 0.76271641
0.9 7.9432823e-08 0.072443466 0.93922652 0.0089515264 0.87143604
0.9 7.9432823e-09 0.069627851 0.93390805 0.00011597624 0.75935137
0.9 8.91250938134e-06 0.070414083 0.90909091 0 0.0
0.95 1.1220184543e-06 0.088853312 0.95045045 0.00010030214 0.90096539
0.95 1.2589254e-05 0.088488488 0.93891403 0 0.0
0.95 1.2589254e-07 0.077615523 0.95103093 0.024820769 0.91707742
0.95 1.2589254e-08 0.086852111 0.96082949 0.00027839135 0.89366843
0.95 1.41253754462e-06 0.088052832 0.97727273 1.1970717e-06 0.99992324
0.95 1.5848932e-05 0.09347478 0.96573876 0 0.0
0.95 1.5848932e-06 0.089 0.97078652 2.2189689e-08 0.27087934
0.95 1.5848932e-07 0.093856314 0.96162047 0.024242862 0.93795731
0.95 1.5848932e-08 0.087052231 0.95172414 0.00053737099 0.98585967
0.95 1.77827941004e-06 0.089635854 0.95535714 3.6434988e-09 0.27576435
0.95 1.9952623e-05 0.093437375 0.96788009 0 0.0
0.95 1.9952623e-06 0.089853912 0.95768374 3.2823027e-12 0.9939845
0.95 1.9952623e-07 0.090254152 0.96452328 0.033706426 0.94648976
0.95 1.9952623e-08 0.089817964 0.94209354 0.00079228451 0.87156962
0.95 1e-05 0.089017804 0.95505618 0 0.0
0.95 1e-06 0.088288288 0.95464853 0.0001740321 0.97542009
0.95 1e-07 0.086834734 0.97004608 0.016458668 0.93833528
0.95 1e-08 0.087652592 0.96575342 0.00026188755 0.74612664
0.95 2.23872113857e-06 0.085834334 0.96270396 1.3898058e-14 0.99998405
0.95 2.5118864e-05 0.087252351 0.94954128 0 0.0
0.95 2.5118864e-06 0.093656194 0.94444444 7.8566414e-17 0.99416828
0.95 2.5118864e-07 0.084033613 0.96904762 0.03915339 0.95057898
0.95 2.5118864e-08 0.090072058 0.96444444 0.0016865362 0.94758632
0.95 2.81838293126e-06 0.086669335 0.96766744 6.5678066e-23 0.99999965
0.95 3.1622777e-05 0.083283283 0.95913462 0 0.0
0.95 3.1622777e-06 0.083633453 0.96172249 1.2572075e-25 0.99907025
0.95 3.1622777e-07 0.089817964 0.95545657 0.029075962 0.82546796
0.95 3.1622777e-08 0.091836735 0.95860566 0.0022145123 0.86805147
0.95 3.1622777e-09 0.086051631 0.9627907 2.1787085e-05 0.92744539
0.95 3.54813389234e-06 0.092418484 0.96753247 2.0004083e-29 1
0.95 3.9810717e-06 0.085834334 0.95337995 5.9100044e-37 1
0.95 3.9810717e-07 0.085851511 0.96969697 0.026011653 0.92074935
0.95 3.9810717e-08 0.092436975 0.96536797 0.0029524738 0.88033157
0.95 3.9810717e-09 0.083416683 0.95203837 3.7644184e-05 0.84924294
0.95 4.46683592151e-06 0.086486486 0.97222222 0 0.0
0.95 5.0118723e-06 0.088635454 0.95259594 0 0.0
0.95 5.0118723e-07 0.090836335 0.96696035 0.013030111 0.91186605
0.95 5.0118723e-08 0.094218844 0.96178344 0.0060693298 0.91567801
0.95 5.0118723e-09 0.089635854 0.96205357 6.9442152e-05 0.81681221
0.95 5.6234132519e-06 0.086817363 0.94239631 0 0.0
0.95 6.3095734e-06 0.090054032 0.96444444 0 0.0
0.95 6.3095734e-07 0.0886 0.97065463 0.0051014972 0.87834156
0.95 6.3095734e-08 0.088724214 0.94808126 0.0067962329 0.79893254
0.95 6.3095734e-09 0.089253552 0.96412556 9.0249436e-05 0.89827769
0.95 7.07945784384e-06 0.08405043 0.96904762 0 0.0
0.95 7.9432823e-07 0.087217443 0.9587156 0.0012367771 0.83232803
0.95 7.9432823e-08 0.092255353 0.96529284 0.010015383 0.92783272
0.95 7.9432823e-09 0.087417483 0.96338673 0.00013433372 0.79718588
0.95 8.91250938134e-06 0.088017604 0.95 0 0.0
1 1.2589254e-05 0.13218506 0.93636364 0 0.0
1 1.2589254e-06 0.11884754 0.93265993 7.3325232e-07 0.99996863
1 1.2589254e-07 0.11722344 0.94880546 0.023380663 0.9369514
1 1.2589254e-08 0.121673 0.93585526 0.00038172278 0.88262185
1 1.5848932e-05 0.11864746 0.95615514 0 0.0
1 1.5848932e-06 0.11464586 0.92495637 5.1387974e-09 0.80404161
1 1.5848932e-07 0.1203372 0.92819615 0.031870449 0.89374506
1 1.5848932e-08 0.11284514 0.94326241 0.00044274812 0.86343294
1 1.9952623e-05 0.11671672 0.92281304 0 0.0
1 1.9952623e-06 0.11974369 0.93311037 1.3318114e-14 0.99989605
1 1.9952623e-07 0.12489992 0.94070513 0.032342736 0.95431017
1 1.9952623e-08 0.1220244 0.92786885 0.00096355345 0.83097333
1 1e-05 0.11269015 0.93428064 0 0.0
1 1e-06 0.12042408 0.93355482 9.156947e-05 0.86449466
1 1e-07 0.1176 0.94047619 0.018162409 0.9439703
1 1e-08 0.11947168 0.94304858 0.00028880435 0.92425685
1 2.5118864e-05 0.11644658 0.93298969 0 0.0
1 2.5118864e-06 0.1162465 0.93975904 3.0524909e-20 0.99998911
1 2.5118864e-07 0.11464586 0.92321117 0.0309007 0.81251483
1 2.5118864e-08 0.12432432 0.93880837 0.0015909665 0.82592331
1 3.1622777e-05 0.111667 0.94265233 0 0.0
1 3.1622777e-06 0.11664666 0.95368782 5.1615726e-29 1
1 3.1622777e-07 0.12052052 0.95016611 0.031168037 0.91889491
1 3.1622777e-08 0.12052052 0.92358804 0.0022956564 0.86843332
1 3.1622777e-09 0.1166 0.92624357 2.2206871e-05 0.88043178
1 3.9810717e-06 0.12032032 0.94176373 3.7305783e-47 1
1 3.9810717e-08 0.12287372 0.94299674 0.0039062299 0.8750146
1 3.9810717e-09 0.1168 0.93664384 3.0737911e-05 0.82391029
1 5.0118723e-06 0.12142428 0.94398682 0 0.0
1 5.0118723e-07 0.11404562 0.94210526 0.0090702094 0.81164388
1 5.0118723e-08 0.1198 0.93322204 0.0055963832 0.92664343
1 5.0118723e-09 0.11922384 0.92785235 5.7571125e-05 0.84775915
1 6.3095734e-06 0.11678686 0.94682676 0 0.0
1 6.3095734e-07 0.12062412 0.94527363 0.0047415003 0.95764982
1 6.3095734e-08 0.11562312 0.93771626 0.0086075902 0.8451331
1 6.3095734e-09 0.12004802 0.92166667 6.7628316e-05 0.83562672
1 7.9432823e-06 0.11751752 0.92844974 0 0.0
1 7.9432823e-07 0.11729384 0.92320819 0.00059144147 0.80833864
1 7.9432823e-08 0.12164866 0.92105263 0.015424446 0.82470288
1 7.9432823e-09 0.11622324 0.94148021 0.00014537187 0.85535568
1.1 1.2589254e-05 0.1006604 0.93240557 0 0.0
1.1 1.2589254e-06 0.099859916 0.92985972 1.7890841e-06 0.99982799
1.1 1.2589254e-07 0.1036622 0.92857143 0.023587379 0.82015788
1.1 1.2589254e-08 0.097897898 0.93660532 0.00035359735 0.84157885
1.1 1.5848932e-05 0.097717261 0.93647541 0 0.0
1.1 1.5848932e-06 0.092036815 0.93695652 9.3739628e-09 0.995784
1.1 1.5848932e-07 0.098058835 0.94489796 0.020682352 0.87823299
1.1 1.5848932e-08 0.10246148 0.94140625 0.00070366247 0.89650807
1.1 1.9952623e-05 0.095076061 0.91578947 0 0.0
1.1 1.9952623e-06 0.099419884 0.92555332 2.5918269e-15 0.99775393
1.1 1.9952623e-07 0.10168135 0.92913386 0.031793615 0.87929224
1.1 1.9952623e-08 0.099059436 0.92727273 0.00093189558 0.87438029
1.1 1e-05 0.097297297 0.9526749 0 0.0
1.1 1e-06 0.099059436 0.94343434 6.41545e-05 0.9263559
1.1 1e-07 0.10364146 0.94594595 0.02034235 0.92308255
1.1 1e-08 0.10526316 0.93726236 0.00022567535 0.77490852
1.1 2.5118864e-05 0.096 0.95208333 0 0.0
1.1 2.5118864e-06 0.095695696 0.9539749 8.3117803e-23 1
1.1 2.5118864e-07 0.097753069 0.9478673 0.034690825 0.92988976
1.1 2.5118864e-08 0.0986 0.95334686 0.0014995419 0.76167177
1.1 3.1622777e-05 0.099118943 0.93535354 0 0.0
1.1 3.1622777e-06 0.099358974 0.93346774 3.1544057e-31 1
1.1 3.1622777e-07 0.093255954 0.9248927 0.027355452 0.8852698
1.1 3.1622777e-08 0.099679744 0.93373494 0.0024710556 0.83900726
1.1 3.1622777e-09 0.099839936 0.94789579 2.5895849e-05 0.89253326
1.1 3.9810717e-06 0.099659796 0.91365462 0 0.0
1.1 3.9810717e-07 0.094932906 0.92827004 0.020740579 0.95177488
1.1 3.9810717e-08 0.091884929 0.92523364 0.0027482342 0.90696586
1.1 3.9810717e-09 0.095314377 0.91806723 3.6431704e-05 0.85475356
1.1 5.0118723e-06 0.10144058 0.92899408 0 0.0
1.1 5.0118723e-07 0.095528455 0.93380615 0.01174546 0.95221299
1.1 5.0118723e-08 0.10164066 0.8996063 0.0056722196 0.84181862
1.1 5.0118723e-09 0.099219844 0.94153226 5.1396312e-05 0.89809382
1.1 6.3095734e-06 0.10288231 0.94357977 0 0.0
1.1 6.3095734e-07 0.10062012 0.9304175 0.0035625053 0.75926742
1.1 6.3095734e-08 0.097477982 0.9486653 0.007106675 0.8888801
1.1 6.3095734e-09 0.096819364 0.94421488 8.4533232e-05 0.89403884
1.1 7.9432823e-06 0.10368295 0.92857143 0 0.0
1.1 7.9432823e-07 0.094837935 0.93881857 0.00094874409 0.9868023
1.1 7.9432823e-08 0.098239296 0.93279022 0.0119748 0.87600599
1.1 7.9432823e-09 0.093055834 0.93333333 0.00014271971 0.97035115
1.2 1.2589254e-05 0.10584234 0.93572779 0 0.0
1.2 1.2589254e-06 0.10446268 0.93869732 2.026057e-07 0.93922309
1.2 1.2589254e-07 0.11142228 0.94793537 0.026897114 0.82136071
1.2 1.2589254e-08 0.10744298 0.94227188 0.00040051021 0.90665321
1.2 1.5848932e-05 0.10128102 0.95059289 0 0.0
1.2 1.5848932e-06 0.099118943 0.94949495 3.4369355e-10 0.18025661
1.2 1.5848932e-07 0.099439776 0.93762575 0.035926785 0.88728206
1.2 1.5848932e-08 0.10762152 0.94237918 0.00066044662 0.79569224
1.2 1.9952623e-05 0.095076061 0.93473684 0 0.0
1.2 1.9952623e-06 0.1002 0.93013972 1.7938245e-15 0.99461195
1.2 1.9952623e-07 0.098439376 0.92276423 0.031885936 0.84079297
1.2 1.9952623e-08 0.10904362 0.93394495 0.0011671072 0.88570181
1.2 1e-05 0.10611303 0.95 0 0.0
1.2 1e-06 0.097639056 0.92213115 7.3770884e-06 0.98598859
1.2 1e-07 0.099019804 0.94141414 0.018398136 0.84314543
1.2 1e-08 0.099859916 0.94188377 0.00028653271 0.97175711
1.2 2.5118864e-05 0.099439776 0.95171026 0 0.0
1.2 2.5118864e-06 0.10662132 0.93996248 5.5837963e-20 1.4541743e-06
1.2 2.5118864e-07 0.090036014 0.94444444 0.023045041 0.82727175
1.2 2.5118864e-08 0.094694695 0.9217759 0.0017583906 0.89999064
1.2 3.1622777e-05 0.10342068 0.92263056 0 0.0
1.2 3.1622777e-06 0.10704282 0.94018692 3.3282469e-34 1
1.2 3.1622777e-07 0.1029029 0.94357977 0.018535761 0.84998936
1.2 3.1622777e-08 0.10206124 0.93529412 0.003211323 0.89115512
1.2 3.1622777e-09 0.1023023 0.94324853 2.5544565e-05 0.77584389
1.2 3.9810717e-06 0.10542108 0.9544592 0 0.0
1.2 3.9810717e-07 0.10222044 0.91780822 0.015880167 0.82113945
1.2 3.9810717e-08 0.10846508 0.94280443 0.0040027402 0.86217993
1.2 3.9810717e-09 0.096477182 0.94190871 4.3960515e-05 0.71255879
1.2 5.0118723e-06 0.1030206 0.91650485 0 0.0
1.2 5.0118723e-07 0.1102441 0.94373866 0.0059008044 0.89123357
1.2 5.0118723e-08 0.10348279 0.95551257 0.0077425389 0.84932245
1.2 5.0118723e-09 0.098498498 0.93292683 6.9794897e-05 0.88006518
1.2 6.3095734e-07 0.10782156 0.93692022 0.0013631244 0.95469362
1.2 6.3095734e-08 0.099239696 0.93951613 0.0079469387 0.84643366
1.2 6.3095734e-09 0.10032038 0.9261477 0.00012084618 0.94650633
1.2 7.9432823e-06 0.097678143 0.92418033 0 0.0
1.2 7.9432823e-07 0.10444178 0.93678161 0.00019797468 0.95276678
1.2 7.9432823e-08 0.099219844 0.94153226 0.015217802 0.89312064
1.2 7.9432823e-09 0.10242048 0.94726562 0.00020274543 0.81708548
1.3 1.2589254e-05 0.11462292 0.92844677 0 0.0
1.3 1.2589254e-06 0.12164866 0.93914474 1.0947659e-09 0.9999756
1.3 1.2589254e-07 0.11606964 0.93448276 0.028843909 0.85704682
1.3 1.2589254e-08 0.11564626 0.94636678 0.00054024743 0.80424643
1.3 1.5848932e-05 0.12189752 0.9408867 0 0.0
1.3 1.5848932e-06 0.11862372 0.92748735 3.7239886e-14 1
1.3 1.5848932e-07 0.11586952 0.95854922 0.033168747 0.87138981
1.3 1.5848932e-08 0.12464986 0.93579454 0.00066665797 0.94581407
1.3 1.9952623e-05 0.1186712 0.93086003 0 0.0
1.3 1.9952623e-06 0.12702541 0.94015748 2.5857014e-21 0.9476243
1.3 1.9952623e-07 0.11951952 0.93467337 0.032025589 0.89453314
1.3 1.9952623e-08 0.12642529 0.94778481 0.0011911645 0.85897559
1.3 1e-05 0.1194956 0.93802345 0 0.0
1.3 1e-06 0.12767661 0.94357367 2.763508e-06 0.46897977
1.3 1e-07 0.12004802 0.92666667 0.022595245 0.89812141
1.3 1e-08 0.12947769 0.9381762 0.00036498671 0.84420252
1.3 2.5118864e-05 0.12802561 0.9453125 0 0.0
1.3 2.5118864e-06 0.1164 0.93298969 1.169258e-27 0.99999999
1.3 2.5118864e-07 0.11344538 0.96472663 0.028669971 0.86616027
1.3 2.5118864e-08 0.11847108 0.93243243 0.0021598177 0.85935492
1.3 3.1622777e-05 0.12362472 0.94012945 0 0.0
1.3 3.1622777e-06 0.12807685 0.940625 1.1195061e-44 1
1.3 3.1622777e-07 0.11651652 0.93298969 0.017489003 0.92807962
1.3 3.1622777e-08 0.1292517 0.94891641 0.0030848619 0.92893686
1.3 3.1622777e-09 0.12627577 0.94770206 4.0799088e-05 0.8400322
1.3 3.9810717e-06 0.12464986 0.94060995 0 0.0
1.3 3.9810717e-07 0.12987793 0.94915254 0.0080915918 0.88537596
1.3 3.9810717e-08 0.11887132 0.93097643 0.0056007792 0.89008131
1.3 3.9810717e-09 0.12382476 0.91922456 5.3871985e-05 0.84950284
1.3 5.0118723e-06 0.1178 0.9524618 0 0.0
1.3 5.0118723e-07 0.11629303 0.91222031 0.0032450798 0.8893999
1.3 5.0118723e-09 0.12144858 0.93739703 6.702174e-05 0.78944441
1.3 6.3095734e-06 0.11704682 0.93675214 0 0.0
1.3 6.3095734e-07 0.12122424 0.93234323 0.00075742666 0.93637597
1.3 6.3095734e-08 0.12262452 0.94127243 0.011033368 0.92370476
1.3 6.3095734e-09 0.1248 0.94871795 0.0001465962 0.86968612
1.3 7.9432823e-06 0.11964786 0.92976589 0 0.0
1.3 7.9432823e-07 0.11982396 0.95325543 5.2759307e-05 0.8802616
1.3 7.9432823e-08 0.12527517 0.92651757 0.013259107 0.88158834
1.3 7.9432823e-09 0.1232493 0.9237013 0.00018377895 0.86464544
1.4 1.1220184543e-06 0.1518 0.95125165 1.0468158e-09 0.93149485
1.4 1.2589254e-06 0.15692554 0.9630102 4.5054347e-11 0.99999781
1.4 1.2589254e-07 0.15403081 0.95324675 0.036599433 0.87903567
1.4 1.2589254e-08 0.15806323 0.94177215 0.0007346934 0.87427962
1.4 1.41253754462e-06 0.16883377 0.95260664 4.4271817e-14 0.99999927
1.4 1.5848932e-05 0.16209726 0.95432099 0 0.0
1.4 1.5848932e-06 0.15343069 0.95958279 9.765028e-17 1
1.4 1.5848932e-07 0.15989594 0.95994994 0.02805753 0.85095775
1.4 1.5848932e-08 0.15386154 0.95578674 0.0011979343 0.80523907
1.4 1.77827941004e-06 0.15466186 0.96248383 1.4244375e-20 0.99810836
1.4 1.9952623e-05 0.14951962 0.95716198 0 0.0
1.4 1.9952623e-06 0.16289774 0.95454545 4.4140468e-25 0.99999758
1.4 1.9952623e-07 0.16673339 0.95198079 0.029458204 0.92399204
1.4 1.9952623e-08 0.15303061 0.95947712 0.0017934621 0.8579003
1.4 1e-05 0.15263053 0.95281782 0 0.0
1.4 1e-06 0.15726291 0.95165394 4.7332094e-08 0.89781118
1.4 1e-07 0.16232986 0.95437731 0.02492419 0.88998599
1.4 1e-08 0.14888933 0.95833333 0.0004242439 0.81832048
1.4 2.23872113857e-06 0.15303061 0.95294118 5.2735409e-28 0.83566223
1.4 2.5118864e-05 0.16 0.95 0 0.0
1.4 2.5118864e-06 0.1552621 0.94072165 2.7032745e-37 1
1.4 2.5118864e-07 0.1621297 0.94074074 0.022586805 0.85106604
1.4 2.5118864e-08 0.15669402 0.95402299 0.0032619359 0.88586079
1.4 2.81838293126e-06 0.15203041 0.96973684 1.1007568e-45 1
1.4 3.1622777e-05 0.15363073 0.9453125 0 0.0
1.4 3.1622777e-06 0.15286114 0.95418848 0 0.0
1.4 3.1622777e-07 0.14451561 0.95290859 0.014488574 0.8548183
1.4 3.1622777e-08 0.15809486 0.95063291 0.0045332758 0.87052399
1.4 3.1622777e-09 0.16483297 0.95145631 3.8882708e-05 0.89960418
1.4 3.54813389234e-06 0.15306122 0.93856209 0 0.0
1.4 3.9810717e-06 0.15743149 0.94536213 0 0.0
1.4 3.9810717e-07 0.15363073 0.95703125 0.0067473069 0.89280581
1.4 3.9810717e-08 0.15669402 0.94763729 0.0077694457 0.82816338
1.4 3.9810717e-09 0.15652522 0.94629156 6.9461522e-05 0.88579642
1.4 4.46683592151e-06 0.15523105 0.95231959 0 0.0
1.4 5.0118723e-06 0.14808885 0.95405405 0 0.0
1.4 5.0118723e-07 0.15803161 0.96582278 0.0014385171 0.83539228
1.4 5.0118723e-08 0.14848909 0.95552561 0.010033698 0.88959183
1.4 5.0118723e-09 0.163 0.95828221 0.00011261989 0.8499063
1.4 6.3095734e-06 0.15523105 0.94974227 0 0.0
1.4 6.3095734e-07 0.15192154 0.95125165 0.00012157631 0.91406174
1.4 6.3095734e-08 0.14845938 0.95552561 0.016384657 0.89360166
1.4 6.3095734e-09 0.16609966 0.96385542 0.00017092371 0.89176879
1.4 7.07945784384e-06 0.15923185 0.93718593 0 0.0
1.4 7.9432823e-06 0.16923385 0.94444444 0 0.0
1.4 7.9432823e-07 0.14751801 0.96743555 8.9616928e-06 0.80169459
1.4 7.9432823e-08 0.16209726 0.95432099 0.018417941 0.87794417
1.4 7.9432823e-09 0.14862973 0.95827725 0.00028046686 0.91567318
1.4 8.91250938134e-06 0.15395395 0.95708713 0 0.0
1.5 1.2589254e-05 0.182 0.95054945 0 0.0
1.5 1.2589254e-06 0.18103621 0.94364641 8.3403635e-15 0.99999622
1.5 1.2589254e-07 0.19447779 0.96399177 0.034756287 0.84789474
1.5 1.2589254e-08 0.19723945 0.96653144 0.00102669 0.87720603
1.5 1.5848932e-05 0.18203641 0.95604396 0 0.0
1.5 1.5848932e-06 0.17507003 0.95428571 3.6329115e-20 0.99999998
1.5 1.5848932e-07 0.19023805 0.95268139 0.035141288 0.86098376
1.5 1.5848932e-08 0.19483897 0.95995893 0.0015698634 0.86526134
1.5 1.9952623e-05 0.177 0.94576271 0 0.0
1.5 1.9952623e-06 0.19027611 0.95268139 2.8447972e-33 0.99999954
1.5 1.9952623e-07 0.184 0.95543478 0.025688007 0.92177141
1.5 1.9952623e-08 0.18343669 0.95310796 0.0023753872 0.84353357
1.5 1e-05 0.18567427 0.95366379 0 0.0
1.5 1e-06 0.18783757 0.9542066 1.0770912e-09 0.9785426
1.5 1e-07 0.17490494 0.94050343 0.032719957 0.88059441
1.5 1e-08 0.18463693 0.96208017 0.00070622909 0.86606602
1.5 2.5118864e-05 0.17963593 0.95211581 0 0.0
1.5 2.5118864e-06 0.18187275 0.95819582 1.5415825e-48 1
1.5 2.5118864e-07 0.17834267 0.95510662 0.015035933 0.92135083
1.5 2.5118864e-08 0.18467387 0.9631636 0.0032990148 0.88803883
1.5 3.1622777e-05 0.18447379 0.95119306 0 0.0
1.5 3.1622777e-06 0.1817454 0.95814978 0 0.0
1.5 3.1622777e-07 0.18727491 0.96047009 0.0087165128 0.89614531
1.5 3.1622777e-08 0.18703741 0.9540107 0.0052597468 0.86989934
1.5 3.1622777e-09 0.18891335 0.96292373 6.1447611e-05 0.88884676
1.5 3.9810717e-06 0.18423685 0.94896851 0 0.0
1.5 3.9810717e-07 0.18414732 0.95108696 0.0020194984 0.90498854
1.5 3.9810717e-08 0.1856 0.95258621 0.0087550013 0.90740251
1.5 3.9810717e-09 0.17967187 0.95211581 9.2442877e-05 0.8910621
1.5 5.0118723e-06 0.18230939 0.95499451 0 0.0
1.5 5.0118723e-07 0.19683937 0.95325203 0.00054068561 0.71364395
1.5 5.0118723e-08 0.18663733 0.9624866 0.013371595 0.85176156
1.5 5.0118723e-09 0.18083617 0.94800885 0.00015996603 0.89485315
1.5 6.3095734e-06 0.18270963 0.95071194 0 0.0
1.5 6.3095734e-07 0.17883577 0.9541387 4.1165595e-05 0.81887857
1.5 6.3095734e-08 0.18227291 0.96377607 0.019567113 0.8529983
1.5 6.3095734e-09 0.18391035 0.94994559 0.00023729344 0.91208603
1.5 7.9432823e-06 0.1908 0.94863732 0 0.0
1.5 7.9432823e-07 0.17763553 0.95833333 9.4611765e-07 0.91715467
1.5 7.9432823e-08 0.17430458 0.95637199 0.022841898 0.87566475
1.5 7.9432823e-09 0.17554043 0.95096921 0.00042842966 0.80599076
1.6 1.2589254e-06 0.20292175 0.95759369 1.266727e-18 0.18926066
1.6 1.2589254e-07 0.19631779 0.96024465 0.029098024 0.93762108
1.6 1.2589254e-08 0.21264253 0.96707432 0.0010586228 0.81784553
1.6 1.5848932e-06 0.20544109 0.95910419 4.4547026e-24 0.99999997
1.6 1.5848932e-07 0.20512307 0.95414634 0.029245681 0.89769787
1.6 1.5848932e-08 0.1964 0.9592668 0.0017712072 0.83867166
1.6 1.9952623e-06 0.2093076 0.95553145 7.2174342e-41 0.82427989
1.6 1.9952623e-07 0.18803761 0.94574468 0.016986893 0.95023573
1.6 1.9952623e-08 0.2042042 0.94901961 0.0026602306 0.8786518
1.6 1e-06 0.20964193 0.95706107 1.0545807e-10 0.99949288
1.6 1e-07 0.20924185 0.94455067 0.030390707 0.8809295
1.6 1e-08 0.20944189 0.95606495 0.00073758366 0.86079439
1.6 2.5118864e-06 0.20648259 0.95639535 0 0.0
1.6 2.5118864e-07 0.19867947 0.95367573 0.012451164 0.88114172
1.6 2.5118864e-08 0.2018 0.95242815 0.004597192 0.90148523
1.6 3.1622777e-06 0.20728291 0.95559846 0 0.0
1.6 3.1622777e-07 0.20492295 0.95605469 0.0063416648 0.90315832
1.6 3.1622777e-08 0.19507803 0.9425641 0.0071453418 0.92915573
1.6 3.1622777e-09 0.2004 0.96207585 7.3868951e-05 0.86148806
1.6 3.9810717e-08 0.20288115 0.96646943 0.0096231776 0.90701251
1.6 3.9810717e-09 0.20064013 0.95314058 0.00011596465 0.8860195
1.6 5.0118723e-07 0.20328131 0.96358268 0.00014442762 0.95727112
1.6 5.0118723e-08 0.20508203 0.96390244 0.014559493 0.82234458
1.6 5.0118723e-09 0.203 0.96551724 0.00017663043 0.82766162
1.6 6.3095734e-07 0.20256205 0.96936759 8.16225e-06 0.98967883
1.6 6.3095734e-08 0.20788315 0.97016362 0.019481087 0.83622746
1.6 6.3095734e-09 0.2046 0.9657869 0.00031623298 0.86660135
1.6 7.9432823e-07 0.206 0.96601942 1.2635867e-07 0.99562852
1.6 7.9432823e-08 0.19803961 0.95858586 0.02632384 0.84077421
1.6 7.9432823e-09 0.20152091 0.96425025 0.0004415651 0.8781302
1.7 1.2589254e-06 0.2012 0.95626243 2.0257594e-18 0.0041721661
1.7 1.2589254e-07 0.2082 0.9673391 0.029343964 0.8835157
1.7 1.2589254e-08 0.20708283 0.96038647 0.001237681 0.90305901
1.7 1.5848932e-06 0.2126 0.96048918 1.5758293e-26 0.99999856
1.7 1.5848932e-07 0.2074 0.95756991 0.030431654 0.83877666
1.7 1.5848932e-08 0.20484097 0.9609375 0.0023715468 0.86393955
1.7 1.9952623e-06 0.21913148 0.96164384 1.1198358e-40 5.2133572e-05
1.7 1.9952623e-07 0.2118 0.95372993 0.021463892 0.90404096
1.7 1.9952623e-08 0.2163298 0.96299722 0.0036457624 0.83547693
1.7 1e-06 0.21268507 0.96048918 6.2211977e-13 0.99815298
1.7 1e-07 0.2133707 0.95966229 0.028248937 0.87303551
1.7 1e-08 0.20304061 0.9635468 0.00078527067 0.88291059
1.7 2.5118864e-06 0.20292175 0.96449704 0 0.0
1.7 2.5118864e-07 0.20812487 0.95384615 0.011158587 0.91310104
1.7 2.5118864e-08 0.21048419 0.95627376 0.0049533196 0.83826751
1.7 3.1622777e-06 0.21884377 0.95155393 0 0.0
1.7 3.1622777e-07 0.21564313 0.95732839 0.0032110711 0.911632
1.7 3.1622777e-08 0.21076861 0.95631529 0.0077337578 0.93897602
1.7 3.1622777e-09 0.21544309 0.94893222 7.6911354e-05 0.87802326
1.7 3.9810717e-07 0.21324265 0.96153846 0.00056682033 0.9630609
1.7 3.9810717e-08 0.20804161 0.95480769 0.0097484718 0.92210077
1.7 3.9810717e-09 0.2254902 0.95474712 0.00012496112 0.83828995
1.7 5.0118723e-07 0.21308523 0.94553991 5.0411698e-05 0.93851606
1.7 5.0118723e-08 0.21793076 0.95408632 0.014999736 0.87724845
1.7 5.0118723e-09 0.21424285 0.96638655 0.00021463175 0.85270533
1.7 6.3095734e-07 0.2096 0.96087786 2.1126452e-06 0.91504451
1.7 6.3095734e-08 0.22889156 0.96066434 0.021516163 0.86554283
1.7 6.3095734e-09 0.21388555 0.95790458 0.00030873183 0.89440674
1.7 7.9432823e-08 0.20808323 0.95961538 0.025746039 0.91260045
1.7 7.9432823e-09 0.20584117 0.96209913 0.0005437147 0.82635639
1.8 1.2589254e-06 0.19263853 0.94496366 4.1078781e-21 0.99999952
1.8 1.2589254e-07 0.21893136 0.95978062 0.028991216 0.88031194
1.8 1.2589254e-08 0.2084 0.96737044 0.001260824 0.84902434
1.8 1.5848932e-06 0.20724145 0.96428571 4.1621261e-30 0.99998379
1.8 1.5848932e-07 0.2076 0.97013487 0.026008248 0.92610266
1.8 1.5848932e-08 0.20564113 0.95428016 0.0018774131 0.84465908
1.8 1.9952623e-06 0.1994 0.96188566 1.8271695e-47 1
1.8 1.9952623e-07 0.20172103 0.9593254 0.017831113 0.91258412
1.8 1.9952623e-08 0.21917534 0.96073059 0.0033073456 0.81267216
1.8 1e-06 0.20248099 0.95849802 4.7016683e-13 0.99999419
1.8 1e-07 0.2076 0.95183044 0.032647191 0.82512526
1.8 1e-08 0.211 0.95924171 0.00089599568 0.87846625
1.8 2.5118864e-06 0.20924185 0.96558317 0 0.0
1.8 2.5118864e-07 0.21368547 0.95505618 0.00961981 0.92012698
1.8 2.5118864e-08 0.21301301 0.95676692 0.0048746799 0.89627417
1.8 3.1622777e-06 0.2092 0.95602294 0 0.0
1.8 3.1622777e-07 0.20864173 0.95685523 0.0037680041 0.94659945
1.8 3.1622777e-08 0.2202 0.97002725 0.0079225317 0.88282576
1.8 3.1622777e-09 0.2108 0.96774194 9.3011127e-05 0.90117055
1.8 3.9810717e-07 0.20064013 0.95314058 0.00068269779 0.93822636
1.8 3.9810717e-08 0.21004201 0.96 0.010820824 0.84504076
1.8 3.9810717e-09 0.20632379 0.95053346 0.00013174735 0.85726773
1.8 5.0118723e-07 0.20248099 0.96245059 5.8448379e-05 0.95712025
1.8 5.0118723e-08 0.2124 0.95480226 0.016939471 0.90361
1.8 5.0118723e-09 0.221 0.96923077 0.00021682632 0.86396268
1.8 6.3095734e-07 0.20264053 0.96248766 2.0042507e-06 0.99922341
1.8 6.3095734e-08 0.20208083 0.94455446 0.021803704 0.87344912
1.8 6.3095734e-09 0.20664133 0.96902227 0.00033296874 0.88626076
1.8 7.9432823e-07 0.21008403 0.96285714 1.4845647e-09 0.69316407
1.8 7.9432823e-08 0.2124 0.96892655 0.028229796 0.85591874
1.8 7.9432823e-09 0.21868747 0.95150961 0.00056483527 0.87371923
1.9 1.2589254e-06 0.18547419 0.96116505 2.5538175e-21 0.94541953
1.9 1.2589254e-07 0.18283657 0.94857768 0.03432281 0.90700825
1.9 1.2589254e-08 0.1858 0.95048439 0.0013665504 0.86801535
1.9 1.5848932e-06 0.19203841 0.95208333 3.8217913e-33 1
1.9 1.5848932e-07 0.18491095 0.95454545 0.023639615 0.93236903
1.9 1.5848932e-08 0.19543909 0.95598772 0.0023871021 0.86290165
1.9 1.9952623e-06 0.18354684 0.93784079 2.7200777e-46 1
1.9 1.9952623e-07 0.18531119 0.95356371 0.018192839 0.92466649
1.9 1.9952623e-08 0.19167667 0.93736952 0.0029998979 0.88298586
1.9 1e-06 0.18247299 0.95175439 6.4119693e-14 0.99999673
1.9 1e-08 0.18683737 0.94646681 0.0008639597 0.85142781
1.9 2.5118864e-06 0.20292175 0.95069034 0 0.0
1.9 2.5118864e-07 0.18463693 0.9631636 0.0098794896 0.93799891
1.9 2.5118864e-08 0.1824 0.9495614 0.0052098504 0.83590757
1.9 3.1622777e-06 0.18663733 0.95176849 0 0.0
1.9 3.1622777e-07 0.18067227 0.95902547 0.0034690291 0.92110545
1.9 3.1622777e-08 0.18090855 0.96792035 0.0078189514 0.8911269
1.9 3.1622777e-09 0.18771263 0.94882729 8.4203788e-05 0.8432556
1.9 3.9810717e-07 0.18927571 0.96300211 0.00052774413 0.93086199
1.9 3.9810717e-09 0.18362034 0.9563795 0.00010887687 0.88866334
1.9 5.0118723e-07 0.18187275 0.95269527 3.814878e-05 0.88412038
1.9 5.0118723e-08 0.18247299 0.9627193 0.013868162 0.86438543
1.9 5.0118723e-09 0.18871323 0.96394486 0.00020267938 0.88711365
1.9 6.3095734e-07 0.1822 0.94182217 1.1402157e-06 0.9932172
1.9 6.3095734e-08 0.18823765 0.94899044 0.018126247 0.92935247
1.9 6.3095734e-09 0.19743949 0.95136778 0.00031991325 0.89221773
1.9 7.9432823e-07 0.18847539 0.95859873 1.5541313e-09 0.99981791
1.9 7.9432823e-08 0.18183637 0.94279428 0.023108628 0.8379
1.9 7.9432823e-09 0.18209877 0.96489104 0.00054355172 0.91730556
2 1.2589254e-06 0.19103821 0.95602094 4.2797628e-23 0.99784362
2 1.2589254e-07 0.20144029 0.96425025 0.026827549 0.81527345
2 1.2589254e-08 0.18607443 0.95806452 0.0013861742 0.85748541
2 1.5848932e-06 0.19371623 0.95661157 1.8663087e-36 0.99990009
2 1.5848932e-07 0.1962 0.96738022 0.016542882 0.93646676
2 1.5848932e-08 0.19863973 0.95266868 0.0023976194 0.90645324
2 1.9952623e-06 0.20176141 0.96230159 0 0.0
2 1.9952623e-07 0.19983997 0.95095095 0.012519262 0.90558771
2 1.9952623e-08 0.1922 0.9396462 0.0034125304 0.853855
2 1e-06 0.19447779 0.95884774 4.5618864e-15 0.81219416
2 1e-07 0.19523905 0.95184426 0.027514191 0.88498168
2 1e-08 0.19567827 0.96523517 0.00095121541 0.89258563
2 2.5118864e-06 0.19843969 0.94858871 0 0.0
2 2.5118864e-07 0.18863773 0.95227996 0.0068169207 0.94194508
2 2.5118864e-08 0.19223845 0.95213319 0.0058370187 0.84678333
2 3.1622777e-06 0.18903781 0.95449735 0 0.0
2 3.1622777e-07 0.189 0.95026455 0.0017066043 0.95593263
2 3.1622777e-08 0.19683937 0.95528455 0.0071144695 0.87167434
2 3.9810717e-07 0.18507403 0.94918919 0.00025943849 0.94193784
2 3.9810717e-09 0.19247699 0.96153846 0.00019440375 0.83263654
2 5.0118723e-07 0.18967587 0.95147679 5.0417886e-06 0.92271085
2 5.0118723e-08 0.19463893 0.95991778 0.017693367 0.85544963
2 5.0118723e-09 0.19583917 0.94484168 0.00020067923 0.8405814
2 6.3095734e-07 0.19907963 0.95879397 3.6013387e-07 0.83595415
2 6.3095734e-08 0.19643929 0.95621181 0.022070478 0.89806019
2 6.3095734e-09 0.19563913 0.9601227 0.00037978229 0.88100176
2 7.9432823e-07 0.20008003 0.952 2.7754733e-10 0.99908266
2 7.9432823e-08 0.18127251 0.95143488 0.027851338 0.88502521
2 7.9432823e-09 0.18958959 0.94825766 0.00043935726 0.83357809
2.1 1.2589254e-06 0.1952 0.95491803 7.0921903e-25 0.96346323
2.1 1.2589254e-07 0.18803761 0.95957447 0.028383774 0.86566999
2.1 1.2589254e-08 0.1946 0.94964029 0.0016649335 0.88484124
2.1 1.5848932e-06 0.20388155 0.95093229 1.9185752e-38 0.99977921
2.1 1.5848932e-07 0.19147659 0.95506792 0.020032525 0.90815477
2.1 1.5848932e-08 0.19983997 0.95695696 0.0027727473 0.93349939
2.1 1.9952623e-06 0.20564113 0.94844358 0 0.0
2.1 1.9952623e-07 0.20064013 0.94516451 0.011451122 0.95409301
2.1 1.9952623e-08 0.20844169 0.93666027 0.0034313747 0.93112437
2.1 1e-06 0.2022 0.94658754 3.3092324e-17 1
2.1 1e-07 0.20476381 0.96187683 0.030748954 0.88144048
2.1 1e-08 0.19391635 0.9494324 0.0008989172 0.92026143
2.1 2.5118864e-06 0.19683937 0.95223577 0 0.0
2.1 2.5118864e-07 0.2038 0.94700687 0.0054514692 0.96108666
2.1 2.5118864e-08 0.18863773 0.95121951 0.0045721375 0.84521653
2.1 3.1622777e-06 0.19867947 0.95568983 0 0.0
2.1 3.1622777e-07 0.2034 0.95378564 0.0011583481 0.95364498
2.1 3.1622777e-08 0.20092055 0.95318725 0.0082952636 0.87041696
2.1 3.1622777e-09 0.20368147 0.96463654 9.3358824e-05 0.84322769
2.1 3.9810717e-07 0.19367747 0.96177686 0.00017201832 0.91517584
2.1 3.9810717e-08 0.19215372 0.96145833 0.014116192 0.87233906
2.1 5.0118723e-07 0.20364073 0.95579568 3.8590652e-06 0.87355666
2.1 5.0118723e-08 0.20928371 0.94455067 0.020744973 0.85175589
2.1 5.0118723e-09 0.20724145 0.96042471 0.00028599821 0.89191874
2.1 6.3095734e-07 0.20488195 0.94824219 6.1289229e-08 0.84840786
2.1 6.3095734e-08 0.20653926 0.95540691 0.025923892 0.86844571
2.1 6.3095734e-09 0.19707883 0.95837563 0.00040285731 0.82200457
2.1 7.9432823e-07 0.19503901 0.95692308 2.2410411e-11 0.99653047
2.1 7.9432823e-08 0.19563913 0.95501022 0.027238583 0.88619994
2.2 1.2589254e-06 0.20368147 0.95284872 9.0307859e-30 0.99999999
2.2 1.2589254e-07 0.20432259 0.9510284 0.023713902 0.83374105
2.2 1.2589254e-08 0.21104221 0.95829384 0.0017560369 0.86829765
2.2 1.5848932e-06 0.20028011 0.95304695 1.5720861e-45 1
2.2 1.5848932e-07 0.20152091 0.94538232 0.019445461 0.89897853
2.2 1.5848932e-08 0.20728291 0.9527027 0.0026367246 0.88455247
2.2 1.9952623e-06 0.2096 0.96278626 0 0.0
2.2 1.9952623e-07 0.20804161 0.96057692 0.0090002851 0.86222735
2.2 1.9952623e-08 0.21272764 0.95296331 0.0043780028 0.86764865
2.2 1e-06 0.20868347 0.95493768 7.966144e-20 0.99988273
2.2 1e-07 0.19563913 0.95194274 0.02805351 0.8797079
2.2 1e-08 0.19947979 0.95687061 0.0011268607 0.82335911
2.2 2.5118864e-06 0.2 0.95595596 0 0.0
2.2 2.5118864e-07 0.19451671 0.94753086 0.0037994201 0.72529258
2.2 2.5118864e-08 0.19603921 0.94285714 0.005409751 0.83320892
2.2 3.1622777e-06 0.20844169 0.95585413 0 0.0
2.2 3.1622777e-07 0.2128 0.96428571 0.00086844154 0.92478977
2.2 3.1622777e-08 0.21048419 0.9648289 0.0090601666 0.80171309
2.2 3.1622777e-09 0.20384077 0.94406281 0.00010879356 0.86299087
2.2 3.9810717e-07 0.19951971 0.93681043 6.3747914e-05 0.99294012
2.2 3.9810717e-08 0.20244049 0.95750988 0.014576332 0.90118717
2.2 3.9810717e-09 0.20988395 0.9485224 0.00017122706 0.88037485
2.2 5.0118723e-07 0.21292776 0.95488722 2.9482074e-06 0.70647618
2.2 5.0118723e-08 0.21368547 0.95599251 0.018195438 0.86823133
2.2 5.0118723e-09 0.2088 0.9559387 0.00030025177 0.86203133
2.2 6.3095734e-07 0.20304061 0.9635468 7.0763296e-09 0.82597229
2.2 6.3095734e-08 0.1948 0.95893224 0.025364402 0.85946855
2.2 6.3095734e-09 0.2046046 0.97651663 0.00041335371 0.86096106
2.2 7.9432823e-07 0.20332199 0.95866142 1.2785244e-12 0.83516315
2.2 7.9432823e-08 0.20884177 0.96168582 0.031417897 0.87025891
2.2 7.9432823e-09 0.20964193 0.94942748 0.00068058142 0.89544289
2.3 1.2589254e-06 0.20304061 0.95369458 5.9042885e-31 0.99972243
2.3 1.2589254e-07 0.20128051 0.96023857 0.022430014 0.86995079
2.3 1.2589254e-08 0.20548219 0.95228822 0.001855066 0.87265717
2.3 1.5848932e-06 0.19311587 0.95025907 0 0.0
2.3 1.5848932e-07 0.20228091 0.94065282 0.016456541 0.8687261
2.3 1.5848932e-08 0.2036 0.94990177 0.0024451234 0.91101724
2.3 1.9952623e-06 0.21673004 0.95937211 0 0.0
2.3 1.9952623e-07 0.2148 0.96461825 0.0095690091 0.85569113
2.3 1.9952623e-08 0.21228491 0.94439208 0.0039587503 0.81860404
2.3 1e-06 0.20336269 0.94783465 3.3743527e-21 0.99118166
2.3 1e-07 0.21308523 0.95117371 0.023818974 0.90696246
2.3 1e-08 0.2154 0.95636026 0.0012092869 0.91074152
2.3 2.5118864e-06 0.21052632 0.95057034 0 0.0
2.3 2.5118864e-07 0.1978 0.96258847 0.0030706815 0.98850506
2.3 2.5118864e-08 0.20512307 0.94634146 0.0064813119 0.87995279
2.3 3.1622777e-06 0.20464093 0.95014663 0 0.0
2.3 3.1622777e-07 0.1975976 0.95947315 0.00074987328 0.95589391
2.3 3.1622777e-08 0.20004001 0.961 0.0098721771 0.84556568
2.3 3.1622777e-09 0.19295436 0.9533195 8.89557e-05 0.89723003
2.3 3.9810717e-07 0.2036 0.96463654 4.1634141e-05 0.97701925
2.3 3.9810717e-08 0.2086 0.94343241 0.012520867 0.84285609
2.3 3.9810717e-09 0.20632379 0.95926285 0.00017342388 0.86867557
2.3 5.0118723e-07 0.20788315 0.95765159 1.8448576e-06 0.9968235
2.3 5.0118723e-08 0.20724145 0.94015444 0.018890271 0.90157714
2.3 5.0118723e-09 0.19767907 0.95445344 0.00025958518 0.89419527
2.3 6.3095734e-07 0.22064413 0.94378966 5.727406e-10 0.88081719
2.3 6.3095734e-08 0.20784157 0.95283927 0.024274529 0.9216247
2.3 6.3095734e-09 0.20212127 0.95049505 0.0004329981 0.86469864
2.3 7.9432823e-07 0.20268107 0.95360316 1.1228559e-14 0.93072943
2.3 7.9432823e-08 0.20832499 0.94620557 0.029463273 0.91626808
2.3 7.9432823e-09 0.20608243 0.96504854 0.00079256381 0.95159304
2.4 1.2589254e-06 0.19347739 0.9565667 1.2778136e-31 0.99827052
2.4 1.2589254e-07 0.20624125 0.94083414 0.021607131 0.90621049
2.4 1.2589254e-08 0.20228091 0.94757666 0.002251196 0.88287963
2.4 1.5848932e-06 0.1958 0.95199183 4.2940709e-48 1
2.4 1.5848932e-07 0.20032019 0.95504496 0.014672068 0.92827828
2.4 1.5848932e-08 0.20912548 0.93684211 0.0027322805 0.92634626
2.4 1.9952623e-06 0.21292776 0.96146617 0 0.0
2.4 1.9952623e-07 0.20661917 0.95216908 0.0078794859 0.89679527
2.4 1.9952623e-08 0.21308523 0.95023474 0.0037402767 0.84487735
2.4 1e-06 0.20524105 0.9619883 7.3231174e-22 1
2.4 1e-07 0.20592355 0.95432459 0.028178907 0.85760683
2.4 1e-08 0.2032 0.93996063 0.0010638908 0.88755546
2.4 2.5118864e-06 0.19787915 0.94742164 0 0.0
2.4 2.5118864e-07 0.20872524 0.957814 0.0020043537 0.86851401
2.4 2.5118864e-08 0.21757406 0.95124195 0.0068008111 0.93878528
2.4 3.1622777e-06 0.20688275 0.95841393 0 0.0
2.4 3.1622777e-07 0.20908363 0.96555024 0.00028481 0.85751023
2.4 3.1622777e-08 0.2034 0.94886922 0.010422238 0.88418298
2.4 3.1622777e-09 0.20228091 0.94856578 0.00010022096 0.92605701
2.4 3.9810717e-07 0.20172103 0.95138889 2.1988598e-05 0.75267406
2.4 3.9810717e-08 0.21108443 0.95165877 0.01296994 0.93488278
2.4 3.9810717e-09 0.2016 0.95535714 0.00017184413 0.86925302
2.4 5.0118723e-07 0.19915817 0.95216908 4.7961683e-07 0.97786415
2.4 5.0118723e-08 0.20732439 0.95559846 0.021280488 0.84146159
2.4 5.0118723e-09 0.19683937 0.94613821 0.00032262283 0.88662291
2.4 6.3095734e-07 0.19591755 0.96220633 2.1887233e-10 0.71107728
2.4 6.3095734e-08 0.21184237 0.95561851 0.021255368 0.86184771
2.4 6.3095734e-09 0.2128 0.95112782 0.0004694401 0.86237791
2.4 7.9432823e-07 0.2048 0.94824219 2.4398329e-14 0.91707692
2.4 7.9432823e-08 0.20104021 0.95820896 0.029905662 0.90775575
2.4 7.9432823e-09 0.21464293 0.94967381 0.00078242096 0.88572484
2.5 1.2589254e-06 0.20868347 0.93863854 3.4033905e-37 0.99941086
2.5 1.2589254e-07 0.2066 0.95062924 0.019774834 0.87490719
2.5 1.2589254e-08 0.20712427 0.95652174 0.0021533681 0.86144171
2.5 1.5848932e-06 0.2094 0.96179561 0 0.0
2.5 1.5848932e-07 0.19435548 0.9454171 0.01348344 0.92135056
2.5 1.5848932e-08 0.20684137 0.94680851 0.0031450028 0.89626523
2.5 1.9952623e-06 0.2168244 0.95150339 0 0.0
2.5 1.9952623e-07 0.20104021 0.95323383 0.0051387157 0.8736158
2.5 1.9952623e-08 0.196 0.94591837 0.0052023853 0.86894741
2.5 1e-06 0.20804966 0.94898941 2.4004353e-23 1
2.5 1e-07 0.20548219 0.9503408 0.024341712 0.84643636
2.5 1e-08 0.20452271 0.95107632 0.0012452903 0.87708569
2.5 2.5118864e-06 0.20316253 0.93793103 0 0.0
2.5 2.5118864e-07 0.20684137 0.96421663 0.0011947191 0.88609376
2.5 2.5118864e-08 0.20908363 0.93875598 0.0070588996 0.90948484
2.5 3.1622777e-06 0.20212127 0.95445545 0 0.0
2.5 3.1622777e-07 0.20952572 0.95510984 0.00025447336 0.89619945
2.5 3.1622777e-08 0.19591755 0.94484168 0.010899165 0.87461711
2.5 3.1622777e-09 0.20551164 0.96569647 0.00012864816 0.86792631
2.5 3.9810717e-07 0.2113268 0.95170455 1.0893535e-05 0.8073159
2.5 3.9810717e-08 0.21452872 0.96455224 0.015578397 0.80089613
2.5 3.9810717e-09 0.20416333 0.94901961 0.00021999111 0.84342348
2.5 5.0118723e-07 0.20348139 0.94690265 9.4956591e-08 0.99061479
2.5 5.0118723e-08 0.20264053 0.95459033 0.01898241 0.86177853
2.5 5.0118723e-09 0.20904181 0.95502392 0.00030596097 0.91369986
2.5 6.3095734e-07 0.21484297 0.95530726 1.7472838e-10 0.99238981
2.5 6.3095734e-08 0.20964193 0.95229008 0.022864193 0.86849325
2.5 6.3095734e-09 0.20611916 0.95410156 0.00057795187 0.8097986
2.5 7.9432823e-07 0.19927971 0.95381526 8.6537238e-16 0.40270543
2.5 7.9432823e-08 0.21284257 0.94924812 0.025491063 0.90141228
2.5 7.9432823e-09 0.20968387 0.94465649 0.00076741594 0.90331263
2.6 1.2589254e-06 0.20028011 0.95904096 2.1827867e-39 1
2.6 1.2589254e-07 0.20804161 0.95288462 0.021673895 0.87964698
2.6 1.2589254e-08 0.1976 0.95040486 0.0021698937 0.88055864
2.6 1.5848932e-06 0.2134 0.94564199 0 0.0
2.6 1.5848932e-07 0.20960961 0.95988539 0.011699622 0.92343042
2.6 1.5848932e-08 0.20644129 0.94476744 0.003208259 0.82434829
2.6 1.9952623e-06 0.21544309 0.96564531 0 0.0
2.6 1.9952623e-07 0.20652391 0.95155039 0.0041714864 0.94376609
2.6 1.9952623e-08 0.21708683 0.95023041 0.0043417608 0.85357993
2.6 1e-06 0.20284057 0.94674556 6.6771332e-24 0.99999999
2.6 1e-07 0.19811887 0.95454545 0.023992094 0.84425727
2.6 1e-08 0.20936749 0.96175908 0.0010570278 0.88480309
2.6 2.5118864e-06 0.19903981 0.94271357 0 0.0
2.6 2.5118864e-07 0.20928371 0.96080306 0.0013601281 0.90094733
2.6 2.5118864e-08 0.1962 0.94393476 0.0067563859 0.84310805
2.6 3.1622777e-06 0.19483897 0.9476386 0 0.0
2.6 3.1622777e-07 0.2014 0.95134062 0.00016958263 0.975657
2.6 3.1622777e-08 0.1972 0.95131846 0.010093102 0.85823766
2.6 3.1622777e-09 0.20553846 0.95808383 0.00012603749 0.89223547
2.6 3.9810717e-07 0.20248099 0.94268775 1.0844525e-05 0.35857054
2.6 3.9810717e-08 0.20218839 0.96588235 0.013876315 0.87321143
2.6 5.0118723e-07 0.21268507 0.94637817 4.0007137e-08 0.3915748
2.6 5.0118723e-08 0.20588235 0.95918367 0.023264677 0.84964228
2.6 5.0118723e-09 0.19687875 0.94715447 0.00030909433 0.89779019
2.6 6.3095734e-07 0.20428171 0.95298727 2.3847701e-12 0.36151982
2.6 6.3095734e-08 0.20496397 0.95507812 0.023159892 0.90107836
2.6 6.3095734e-09 0.20484097 0.9609375 0.00046501892 0.89544042
2.6 7.9432823e-07 0.20544654 0.96101365 2.3420926e-16 0.13731532
2.6 7.9432823e-08 0.22 0.94818182 0.02635047 0.85545968
2.6 7.9432823e-09 0.20312187 0.94384236 0.00089171964 0.89473705
2.7 1.2589254e-06 0.19851911 0.9516129 2.3245154e-42 1
2.7 1.2589254e-07 0.19835869 0.93239152 0.019002018 0.94317541
2.7 1.2589254e-08 0.18607443 0.95483871 0.0018490201 0.86264078
2.7 1.5848932e-06 0.21112668 0.94881517 0 0.0
2.7 1.5848932e-07 0.19975981 0.94488978 0.0094836995 0.8902315
2.7 1.5848932e-08 0.1982 0.94752775 0.0033298962 0.85412552
2.7 1.9952623e-06 0.20404081 0.95588235 0 0.0
2.7 1.9952623e-07 0.20764918 0.94985535 0.0030652296 0.83738425
2.7 1.9952623e-08 0.20604121 0.94757282 0.0056169854 0.87727375
2.7 1e-06 0.2092 0.95315488 2.3792713e-27 0.99994781
2.7 1e-07 0.20736892 0.96355353 0.021970654 0.93028356
2.7 1e-08 0.20252151 0.94762846 0.0011714257 0.81052482
2.7 2.5118864e-06 0.1974 0.95238095 0 0.0
2.7 2.5118864e-07 0.20232139 0.96142433 0.00092254594 0.86630887
2.7 2.5118864e-08 0.20288115 0.95956607 0.0065836574 0.79377625
2.7 3.1622777e-06 0.20116093 0.95721393 0 0.0
2.7 3.1622777e-07 0.20109529 0.97058824 0.00015716147 0.84275983
2.7 3.1622777e-08 0.20308123 0.96059113 0.010918461 0.88348443
2.7 3.1622777e-09 0.20888355 0.96551724 0.00011633041 0.91572326
2.7 3.9810717e-07 0.2016016 0.94736842 2.1835355e-06 0.6728625
2.7 3.9810717e-08 0.20564113 0.94455253 0.015078547 0.86427484
2.7 3.9810717e-09 0.20516413 0.96292683 0.00023126858 0.89557868
2.7 5.0118723e-07 0.20648259 0.95348837 1.1384143e-08 0.8080159
2.7 5.0118723e-08 0.21141141 0.95549242 0.022271843 0.84408972
2.7 5.0118723e-09 0.21008403 0.94571429 0.00031794262 0.90526514
2.7 6.3095734e-07 0.19991995 0.94994995 2.1720427e-11 0.99996274
2.7 6.3095734e-08 0.2016 0.95039683 0.02421527 0.84644354
2.7 6.3095734e-09 0.1998 0.95895896 0.00052324439 0.83437388
2.7 7.9432823e-07 0.20088035 0.95916335 3.5236531e-18 0.97535092
2.7 7.9432823e-08 0.2048048 0.95796676 0.027179529 0.87360841
2.7 7.9432823e-09 0.20441272 0.95661376 0.0007292271 0.86937612
2.8 1.2589254e-06 0.19864613 0.95182139 2.6123744e-40 0.91084888
2.8 1.2589254e-07 0.2032032 0.9635468 0.015325141 0.81875562
2.8 1.2589254e-08 0.20472283 0.94819159 0.0020564425 0.89563186
2.8 1.5848932e-06 0.20036029 0.95804196 0 0.0
2.8 1.5848932e-07 0.19207683 0.95625 0.0097266826 0.84702657
2.8 1.5848932e-08 0.20548219 0.94839338 0.0034335355 0.93868673
2.8 1.9952623e-06 0.20088035 0.9501992 0 0.0
2.8 1.9952623e-07 0.19443332 0.95674562 0.0053090405 0.89300113
2.8 1.9952623e-08 0.19103821 0.95287958 0.0051450997 0.9331759
2.8 1e-06 0.20228091 0.96142433 1.4481674e-26 1
2.8 1e-07 0.18203641 0.96373626 0.022733069 0.93992527
2.8 1e-08 0.20164033 0.95634921 0.0012107596 0.84296113
2.8 2.5118864e-06 0.18647459 0.94635193 0 0.0
2.8 2.5118864e-07 0.19323865 0.95962733 0.00062944963 0.78917875
2.8 2.5118864e-08 0.19247699 0.95530146 0.0080625298 0.88746981
2.8 3.1622777e-06 0.19491695 0.95277207 0 0.0
2.8 3.1622777e-07 0.1986 0.95266868 9.2699455e-05 0.81324359
2.8 3.1622777e-08 0.19716024 0.94341564 0.0085150256 0.86007308
2.8 3.1622777e-09 0.1968119 0.9524838 0.00013630217 0.84995781
2.8 3.9810717e-07 0.19763953 0.94838057 1.3494396e-06 0.52418676
2.8 3.9810717e-08 0.1867494 0.94105038 0.01451744 0.82529308
2.8 3.9810717e-09 0.18687475 0.9496788 0.00026172852 0.9426652
2.8 5.0118723e-07 0.19211527 0.96458333 2.6060611e-09 0.99976249
2.8 5.0118723e-08 0.19307723 0.95544041 0.020980279 0.88555842
2.8 5.0118723e-09 0.19667867 0.95422177 0.0003032905 0.85885416
2.8 6.3095734e-08 0.19863973 0.95568983 0.024724711 0.86489163
2.8 6.3095734e-09 0.2002002 0.946 0.0005353264 0.84946726
2.8 7.9432823e-07 0.18767507 0.94776119 4.0403508e-18 0.99940765
2.8 7.9432823e-08 0.18911347 0.96507937 0.028050971 0.89045553
2.8 7.9432823e-09 0.195 0.95589744 0.00091161144 0.85427283
2.9 1.2589254e-06 0.19947979 0.94784353 5.4393431e-45 0.0010335917
2.9 1.2589254e-07 0.18863773 0.95652174 0.011212839 0.89228004
2.9 1.2589254e-08 0.1866 0.95498392 0.0019830766 0.91754658
2.9 1.5848932e-06 0.19527811 0.94569672 0 0.0
2.9 1.5848932e-07 0.1948338 0.95375128 0.0073600412 0.85575302
2.9 1.5848932e-08 0.19343869 0.94829369 0.0034940542 0.86822566
2.9 1.9952623e-06 0.19887955 0.94466801 0 0.0
2.9 1.9952623e-07 0.19875901 0.95166163 0.0031751577 0.85427113
2.9 1.9952623e-08 0.19715773 0.94314721 0.0044019458 0.85733442
2.9 1e-06 0.2018 0.94152626 8.4166583e-29 0.99999994
2.9 1e-07 0.19623925 0.94801223 0.023826868 0.89477329
2.9 1e-08 0.20028011 0.96903097 0.0013964535 0.88559838
2.9 2.5118864e-06 0.19231539 0.94693028 0 0.0
2.9 2.5118864e-07 0.19727891 0.96247465 0.00073355176 0.96210736
2.9 2.5118864e-08 0.1888 0.95974576 0.0065592446 0.91658124
2.9 3.1622777e-06 0.18527411 0.95140389 0 0.0
2.9 3.1622777e-07 0.1981982 0.95656566 6.2151356e-05 0.63400209
2.9 3.1622777e-08 0.19647859 0.94501018 0.012881743 0.87733737
2.9 3.1622777e-09 0.20368147 0.95088409 0.00014295293 0.85924063
2.9 3.9810717e-07 0.19523905 0.96004098 3.2278006e-06 0.56910349
2.9 3.9810717e-08 0.2028 0.96055227 0.014024494 0.9174384
2.9 3.9810717e-09 0.1975976 0.95542047 0.00025993124 0.88010442
2.9 5.0118723e-07 0.20848339 0.9452975 2.5458595e-09 0.9971535
2.9 5.0118723e-08 0.1956 0.95807771 0.020849504 0.86503704
2.9 5.0118723e-09 0.1997998 0.95490982 0.00036314512 0.89586712
2.9 6.3095734e-07 0.20688275 0.95067698 1.6299281e-12 0.56486528
2.9 6.3095734e-08 0.19707883 0.96040609 0.025965385 0.86896686
2.9 6.3095734e-09 0.18835068 0.95536663 0.00051661952 0.94776398
2.9 7.9432823e-07 0.19735789 0.95334686 3.8987679e-21 1
2.9 7.9432823e-08 0.18858859 0.95541401 0.023765026 0.8632436
