10 1.2589254e-07 1.0418801232e-11
10 1.2589254e-08 0.00266359548
10 1.5848932e-07 1.3679839922e-17
10 1.5848932e-08 0.00452842859
10 1.9952623e-08 0.006342122346
10 1e-06 0.0
10 1e-07 1.2503733438e-08
10 1e-08 0.0013782286308
10 2.5118864e-07 1.0738045934e-41
10 2.5118864e-08 0.007348833044
10 3.1622777e-07 0.0
10 3.1622777e-08 0.006040561786
10 3.1622777e-09 2.002040404e-05
10 3.9810717e-07 0.0
10 3.9810717e-08 0.0032475035432
10 3.9810717e-09 4.99354016e-05
10 5.0118723e-07 0.0
10 5.0118723e-08 0.0008710033304
10 5.0118723e-09 0.00012401743802
10 6.3095734e-07 0.0
10 6.3095734e-08 0.00012082607096
10 6.3095734e-09 0.00028934658998
10 7.9432823e-07 0.0
10 7.9432823e-08 2.7096045368e-06
10 7.9432823e-09 0.0006362449548
1.4 1.2589254e-05 0.0
1.4 1.2589254e-06 0.0
1.4 1.2589254e-07 0.0
1.4 1.2589254e-08 0.0
1.4 1.5848932e-05 0.0
1.4 1.5848932e-06 0.0
1.4 1.5848932e-07 0.0
1.4 1.5848932e-08 0.0
1.4 1.9952623e-05 0.0
1.4 1.9952623e-06 0.0
1.4 1.9952623e-07 0.0
1.4 1.9952623e-08 0.0
1.4 1e-05 0.0
1.4 1e-06 0.0
1.4 1e-07 0.0
1.4 1e-08 0.0
1.4 2.5118864e-05 0.0
1.4 2.5118864e-06 0.0
1.4 2.5118864e-07 0.0
1.4 2.5118864e-08 0.0
1.4 3.1622777e-05 0.0
1.4 3.1622777e-06 0.0
1.4 3.1622777e-07 0.0
1.4 3.1622777e-08 0.0
1.4 3.1622777e-09 0.0
1.4 3.9810717e-06 0.0
1.4 3.9810717e-07 0.0
1.4 3.9810717e-08 0.0
1.4 3.9810717e-09 0.0
1.4 5.0118723e-06 0.0
1.4 5.0118723e-07 0.0
1.4 5.0118723e-08 0.0
1.4 5.0118723e-09 0.0
1.4 6.3095734e-06 0.0
1.4 6.3095734e-07 0.0
1.4 6.3095734e-08 0.0
1.4 6.3095734e-09 0.0
1.4 7.9432823e-06 0.0
1.4 7.9432823e-07 0.0
1.4 7.9432823e-08 0.0
1.4 7.9432823e-09 0.0
1.5 1.2589254e-05 0.0
1.5 1.2589254e-06 5.184491298e-11
1.5 1.2589254e-07 580.9243692
1.5 1.2589254e-08 0.32307190972
1.5 1.5848932e-05 0.0
1.5 1.5848932e-06 1.8942256018e-16
1.5 1.5848932e-07 786.8032746
1.5 1.5848932e-08 0.8418188324
1.5 1.9952623e-05 0.0
1.5 1.9952623e-06 1.5933824844e-35
1.5 1.9952623e-07 849.8716394
1.5 1.9952623e-08 1.9455545984
1.5 1e-05 0.0
1.5 1e-06 1.5906583868e-05
1.5 1e-08 0.13043903852
1.5 2.5118864e-05 0.0
1.5 2.5118864e-06 0.0
1.5 2.5118864e-07 603.5659742
1.5 2.5118864e-08 4.82114444
1.5 3.1622777e-05 0.0
1.5 3.1622777e-06 0.0
1.5 3.1622777e-07 389.7742303
1.5 3.1622777e-08 11.330034534
1.5 3.1622777e-09 0.0013439060404
1.5 3.9810717e-06 0.0
1.5 3.9810717e-07 109.11437166
1.5 3.9810717e-08 27.309171008
1.5 3.9810717e-09 0.0033889777348
1.5 5.0118723e-06 0.0
1.5 5.0118723e-07 17.11681384
1.5 5.0118723e-08 56.98564844
1.5 5.0118723e-09 0.008127628334
1.5 6.3095734e-06 0.0
1.5 6.3095734e-07 1.3775706266
1.5 6.3095734e-08 132.6437119
1.5 6.3095734e-09 0.021242572848
1.5 7.9432823e-06 0.0
1.5 7.9432823e-07 0.01907285891
1.5 7.9432823e-08 243.83774954
1.5 7.9432823e-09 0.05331417014
1.6 1.2589254e-06 2.0688188374e-12
1.6 1.2589254e-07 541.7896638
1.6 1.2589254e-08 0.31112884726
1.6 1.5848932e-06 2.8506026934e-23
1.6 1.5848932e-07 607.8044112
1.6 1.5848932e-08 0.8064086492
1.6 1.9952623e-06 1.2114145176e-37
1.6 1.9952623e-07 571.4846662
1.6 1.9952623e-08 2.0241547368
1.6 1e-06 2.516107454e-07
1.6 1e-07 351.35724358
1.6 1e-08 0.12848242708
1.6 2.5118864e-06 0.0
1.6 2.5118864e-07 376.06330986
1.6 2.5118864e-08 4.966492846
1.6 3.1622777e-06 0.0
1.6 3.1622777e-07 154.60730502
1.6 3.1622777e-08 12.152429352
1.6 3.1622777e-09 0.00134779414
1.6 3.9810717e-07 31.631575304
1.6 3.9810717e-08 26.329858408
1.6 3.9810717e-09 0.0035116006968
1.6 5.0118723e-07 5.87755035
1.6 5.0118723e-08 54.01172686
1.6 6.3095734e-07 0.6419970004
1.6 6.3095734e-08 117.3960165
1.6 6.3095734e-09 0.021435814232
1.6 7.9432823e-07 0.00018439700692
1.6 7.9432823e-08 217.40350366
1.6 7.9432823e-09 0.05555136412
1.7 1.2589254e-06 8.399675536e-16
1.7 1.2589254e-07 413.4615492
1.7 1.2589254e-08 0.32945859016
1.7 1.5848932e-06 2.7367064172e-36
1.7 1.5848932e-07 468.2384602
1.7 1.5848932e-08 0.846819575
1.7 1.9952623e-06 0.0
1.7 1.9952623e-07 409.8323558
1.7 1.9952623e-08 1.9035988832
1.7 1e-06 1.5049714372e-09
1.7 1e-07 300.41430832
1.7 1e-08 0.1374560908
1.7 2.5118864e-06 0.0
1.7 2.5118864e-07 213.79003464
1.7 2.5118864e-08 4.969622294
1.7 3.1622777e-06 0.0
1.7 3.1622777e-07 73.26310194
1.7 3.1622777e-08 11.350250492
1.7 3.1622777e-09 0.0013460318158
1.7 3.9810717e-07 19.346374614
1.7 3.9810717e-08 22.668351468
1.7 3.9810717e-09 0.0032554718616
1.7 5.0118723e-07 1.0913421288
1.7 5.0118723e-08 51.15938198
1.7 5.0118723e-09 0.008244691532
1.7 6.3095734e-07 0.08669453604
1.7 6.3095734e-08 103.07339616
1.7 6.3095734e-09 0.022026310376
1.7 7.9432823e-07 0.00028446452118
1.7 7.9432823e-08 190.62628116
1.7 7.9432823e-09 0.05354562668
1.8 1.2589254e-06 4.570390314e-17
1.8 1.2589254e-07 364.75260458
1.8 1.2589254e-08 0.2852042004
1.8 1.5848932e-06 3.0941294916e-32
1.8 1.5848932e-07 369.19288448
1.8 1.5848932e-08 0.7601857522
1.8 1.9952623e-06 0.0
1.8 1.9952623e-07 295.34290548
1.8 1.9952623e-08 1.8159152256
1.8 1e-06 6.915364708e-10
1.8 1e-07 252.82967514
1.8 1e-08 0.11587596874
1.8 2.5118864e-06 0.0
1.8 2.5118864e-07 164.6217538
1.8 2.5118864e-08 4.551648948
1.8 3.1622777e-06 0.0
1.8 3.1622777e-07 62.07729444
1.8 3.1622777e-08 9.720905096
1.8 3.1622777e-09 0.0011747728146
1.8 3.9810717e-07 8.971275628
1.8 3.9810717e-08 21.500280942
1.8 3.9810717e-09 0.0032010788642
1.8 5.0118723e-07 0.7771328418
1.8 5.0118723e-08 47.18608328
1.8 5.0118723e-09 0.007485090298
1.8 6.3095734e-07 0.005162718736
1.8 6.3095734e-08 90.15432594
1.8 6.3095734e-09 0.018806732406
1.8 7.9432823e-07 3.6998052854e-05
1.8 7.9432823e-08 168.51362514
1.8 7.9432823e-09 0.05048505658
1.9 1.2589254e-06 1.5839530126e-17
1.9 1.2589254e-07 316.4811006
1.9 1.2589254e-08 0.24863611738
1.9 1.5848932e-06 9.920452066e-27
1.9 1.5848932e-07 330.79723712
1.9 1.5848932e-08 0.5875782626
1.9 1.9952623e-06 0.0
1.9 1.9952623e-07 254.3691094
1.9 1.9952623e-08 1.5562642186
1.9 1e-06 1.6196434576e-12
1.9 1e-07 228.03319672
1.9 1e-08 0.09744313432
1.9 2.5118864e-06 0.0
1.9 2.5118864e-07 151.58309628
1.9 2.5118864e-08 3.5753429404
1.9 3.1622777e-06 0.0
1.9 3.1622777e-07 52.40509148
1.9 3.1622777e-08 8.605856546
1.9 3.1622777e-09 0.0009924376056
1.9 3.9810717e-07 9.097088126
1.9 3.9810717e-08 19.48927484
1.9 3.9810717e-09 0.0026599301932
1.9 5.0118723e-07 0.835261364
1.9 5.0118723e-08 39.513993442
1.9 5.0118723e-09 0.006238099868
1.9 6.3095734e-07 0.006550299658
1.9 6.3095734e-08 86.98985232
1.9 6.3095734e-09 0.016841663986
1.9 7.9432823e-07 9.395818054e-05
1.9 7.9432823e-08 142.20698506
1.9 7.9432823e-09 0.039350303174
2 1.2589254e-06 8.491880166e-22
2 1.2589254e-07 235.28151066
2 1.2589254e-08 0.2509815672
2 1.5848932e-06 7.693195748e-35
2 1.5848932e-07 226.7827695
2 1.5848932e-08 0.57679405
2 1.9952623e-06 0.0
2 1.9952623e-07 169.34579116
2 1.9952623e-08 1.4153185578
2 1e-06 6.351718156e-11
2 1e-07 186.72095498
2 1e-08 0.10394489952
2 2.5118864e-06 0.0
2 2.5118864e-07 71.92862866
2 2.5118864e-08 3.6437662016
2 3.1622777e-06 0.0
2 3.1622777e-07 27.790259084
2 3.1622777e-08 8.012467246
2 3.1622777e-09 0.0009922722012
2 3.9810717e-07 3.1007939816
2 3.9810717e-08 17.931546626
2 3.9810717e-09 0.0024727406046
2 5.0118723e-07 0.10250701398
2 5.0118723e-08 39.081167804
2 5.0118723e-09 0.006575414412
2 6.3095734e-07 0.0023959540276
2 6.3095734e-08 71.83590638
2 6.3095734e-09 0.01530709726
2 7.9432823e-07 7.76549704e-07
2 7.9432823e-08 116.31711616
2 7.9432823e-09 0.036659279552
2.1 1.2589254e-06 7.18831932e-23
2.1 1.2589254e-07 193.51228344
2.1 1.2589254e-08 0.24015347412
2.1 1.5848932e-06 4.152712942e-35
2.1 1.5848932e-07 164.53709062
2.1 1.5848932e-08 0.5660821054
2.1 1.9952623e-06 0.0
2.1 1.9952623e-07 114.21865238
2.1 1.9952623e-08 1.4521887982
2.1 1e-06 6.932371642e-13
2.1 1e-07 156.34943478
2.1 1e-08 0.09412234258
2.1 2.5118864e-06 0.0
2.1 2.5118864e-07 50.08910508
2.1 2.5118864e-08 3.4261361946
2.1 3.1622777e-06 0.0
2.1 3.1622777e-07 16.184580594
2.1 3.1622777e-08 7.121164484
2.1 3.1622777e-09 0.0009715484996
2.1 3.9810717e-07 1.4045524934
2.1 3.9810717e-08 15.171654036
2.1 3.9810717e-09 0.0023310297962
2.1 5.0118723e-07 0.029889813786
2.1 5.0118723e-08 34.524436548
2.1 5.0118723e-09 0.005932345328
2.1 6.3095734e-07 0.00017553041352
2.1 6.3095734e-08 66.37317638
2.1 6.3095734e-09 0.01548214822
2.1 7.9432823e-07 1.7393507306e-09
2.1 7.9432823e-08 111.17495564
2.1 7.9432823e-09 0.03711000573
2.2 1.2589254e-06 1.4181734686e-29
2.2 1.2589254e-07 141.64642492
2.2 1.2589254e-08 0.20392470966
2.2 1.5848932e-06 1.3678730324e-41
2.2 1.5848932e-07 121.45618702
2.2 1.5848932e-08 0.5720602524
2.2 1.9952623e-06 0.0
2.2 1.9952623e-07 72.31899766
2.2 1.9952623e-08 1.4142765182
2.2 1e-06 1.915757284e-16
2.2 1e-07 132.75113544
2.2 1e-08 0.08349402586
2.2 2.5118864e-06 0.0
2.2 2.5118864e-07 19.510496054
2.2 2.5118864e-08 3.0067868334
2.2 3.1622777e-06 0.0
2.2 3.1622777e-07 4.820639782
2.2 3.1622777e-08 6.611275986
2.2 3.1622777e-09 0.0009225204268
2.2 3.9810717e-07 0.18907515816
2.2 3.9810717e-08 14.393188418
2.2 3.9810717e-09 0.0022463001946
2.2 5.0118723e-07 0.01597198925
2.2 5.0118723e-08 31.019162874
2.2 5.0118723e-09 0.005592648376
2.2 6.3095734e-07 6.59026711e-05
2.2 6.3095734e-08 55.77848458
2.2 6.3095734e-09 0.014135437288
2.2 7.9432823e-07 1.1689620614e-09
2.2 7.9432823e-08 85.2835277
2.2 7.9432823e-09 0.034277082266
2.3 1.2589254e-06 1.070147589e-28
2.3 1.2589254e-07 114.97025176
2.3 1.2589254e-08 0.2081572962
2.3 1.5848932e-06 9.593062598e-43
2.3 1.5848932e-07 89.66858754
2.3 1.5848932e-08 0.524218471
2.3 1.9952623e-06 0.0
2.3 1.9952623e-07 48.1800809
2.3 1.9952623e-08 1.2408670568
2.3 1e-06 6.860598962e-18
2.3 1e-07 105.54024404
2.3 1e-08 0.08212378398
2.3 2.5118864e-06 0.0
2.3 2.5118864e-07 14.561025976
2.3 2.5118864e-08 2.7835891048
2.3 3.1622777e-06 0.0
2.3 3.1622777e-07 2.7765595802
2.3 3.1622777e-08 6.503923496
2.3 3.1622777e-09 0.0008731224068
2.3 3.9810717e-07 0.27203806294
2.3 3.9810717e-08 12.908415968
2.3 3.9810717e-09 0.0020598628834
2.3 5.0118723e-07 0.004044671064
2.3 5.0118723e-08 26.735569742
2.3 5.0118723e-09 0.005590898516
2.3 6.3095734e-07 4.413901268e-06
2.3 6.3095734e-08 47.32103768
2.3 6.3095734e-09 0.01376632929
2.3 7.9432823e-07 1.5300982494e-11
2.3 7.9432823e-08 85.58679346
2.3 7.9432823e-09 0.033059650666
2.4 1.2589254e-06 1.579030628e-35
2.4 1.2589254e-07 86.19660546
2.4 1.2589254e-08 0.18678638188
2.4 1.5848932e-06 0.0
2.4 1.5848932e-07 65.83045588
2.4 1.5848932e-08 0.463531012
2.4 1.9952623e-06 0.0
2.4 1.9952623e-07 32.362728118
2.4 1.9952623e-08 1.079528828
2.4 1e-06 2.093311843e-19
2.4 1e-07 83.07143264
2.4 1e-08 0.07779598638
2.4 2.5118864e-06 0.0
2.4 2.5118864e-07 10.453145584
2.4 2.5118864e-08 2.5544295098
2.4 3.1622777e-06 0.0
2.4 3.1622777e-07 1.4735144354
2.4 3.1622777e-08 5.578650714
2.4 3.1622777e-09 0.00080448088
2.4 3.9810717e-07 0.08554706636
2.4 3.9810717e-08 12.543805232
2.4 3.9810717e-09 0.002061990973
2.4 5.0118723e-07 0.0004933683174
2.4 5.0118723e-08 24.075711898
2.4 5.0118723e-09 0.004832027676
2.4 6.3095734e-07 2.3721563376e-07
2.4 6.3095734e-08 41.4563758
2.4 6.3095734e-09 0.013175509158
2.4 7.9432823e-07 4.675581666e-11
2.4 7.9432823e-08 62.26599918
2.4 7.9432823e-09 0.02810009839
2.5 1.2589254e-06 2.0338116092e-37
2.5 1.2589254e-07 67.57524088
2.5 1.2589254e-08 0.17161801076
2.5 1.5848932e-06 0.0
2.5 1.5848932e-07 46.85080036
2.5 1.5848932e-08 0.4302297146
2.5 1.9952623e-06 0.0
2.5 1.9952623e-07 24.5993776
2.5 1.9952623e-08 1.0200161706
2.5 1e-06 4.095822192e-26
2.5 1e-07 71.75838068
2.5 1e-08 0.06646799768
2.5 2.5118864e-06 0.0
2.5 2.5118864e-07 5.977708114
2.5 2.5118864e-08 2.2815189894
2.5 3.1622777e-06 0.0
2.5 3.1622777e-07 0.4234214194
2.5 3.1622777e-08 5.20399229
2.5 3.1622777e-09 0.0006824158432
2.5 3.9810717e-07 0.037995326894
2.5 3.9810717e-08 11.227336022
2.5 3.9810717e-09 0.0018437544426
2.5 5.0118723e-07 5.193445628e-05
2.5 5.0118723e-08 21.91621089
2.5 5.0118723e-09 0.004418633198
2.5 6.3095734e-07 8.835137738e-09
2.5 6.3095734e-08 36.029426986
2.5 6.3095734e-09 0.011171191906
2.5 7.9432823e-07 9.47424345e-14
2.5 7.9432823e-08 55.16603358
2.5 7.9432823e-09 0.028912624566
2.6 1.2589254e-06 2.8941258122e-41
2.6 1.2589254e-07 53.38008018
2.6 1.2589254e-08 0.1631401177
2.6 1.5848932e-06 0.0
2.6 1.5848932e-07 35.84890071
2.6 1.5848932e-08 0.37860528804
2.6 1.9952623e-06 0.0
2.6 1.9952623e-07 15.288495964
2.6 1.9952623e-08 0.9508682806
2.6 1e-06 1.0218134514e-22
2.6 1e-07 53.07344868
2.6 1e-08 0.06743896292
2.6 2.5118864e-06 0.0
2.6 2.5118864e-07 3.7385499872
2.6 2.5118864e-08 2.0827074072
2.6 3.1622777e-06 0.0
2.6 3.1622777e-07 0.35078572956
2.6 3.1622777e-08 4.474779344
2.6 3.1622777e-09 0.000693500374
2.6 3.9810717e-07 0.025940402096
2.6 3.9810717e-08 9.910788048
2.6 3.9810717e-09 0.0016631768888
2.6 5.0118723e-07 6.964289332e-05
2.6 5.0118723e-08 18.430629028
2.6 5.0118723e-09 0.0038923507448
2.6 6.3095734e-07 1.9508007274e-10
2.6 6.3095734e-08 32.316604082
2.6 6.3095734e-09 0.011079261326
2.6 7.9432823e-07 9.580387684e-18
2.6 7.9432823e-08 48.67827538
2.6 7.9432823e-09 0.026901599382
2.7 1.2589254e-06 0.0
2.7 1.2589254e-07 44.77432554
2.7 1.2589254e-08 0.13875593228
2.7 1.5848932e-06 0.0
2.7 1.5848932e-07 26.497333814
2.7 1.5848932e-08 0.33060729408
2.7 1.9952623e-06 0.0
2.7 1.9952623e-07 9.991083074
2.7 1.9952623e-08 0.802238948
2.7 1e-06 2.0956653438e-24
2.7 1e-07 46.18446098
2.7 1e-08 0.05854720564
2.7 2.5118864e-06 0.0
2.7 2.5118864e-07 2.0835632552
2.7 2.5118864e-08 1.7872711948
2.7 3.1622777e-06 0.0
2.7 3.1622777e-07 0.14710065328
2.7 3.1622777e-08 3.9999820756
2.7 3.1622777e-09 0.000631056153
2.7 3.9810717e-07 0.003105553479
2.7 3.9810717e-08 8.577709378
2.7 3.9810717e-09 0.0014392501872
2.7 5.0118723e-07 1.1953072796e-05
2.7 5.0118723e-08 16.338904036
2.7 5.0118723e-09 0.0037487596286
2.7 6.3095734e-07 1.1556070974e-08
2.7 6.3095734e-08 27.336415232
2.7 6.3095734e-09 0.009242588376
2.7 7.9432823e-07 4.169634616e-15
2.7 7.9432823e-08 40.550246324
2.7 7.9432823e-09 0.022231312768
2.8 1.2589254e-06 0.0
2.8 1.2589254e-07 32.063860556
2.8 1.2589254e-08 0.1260830361
2.8 1.5848932e-06 0.0
2.8 1.5848932e-07 18.887392832
2.8 1.5848932e-08 0.3050241663
2.8 1.9952623e-06 0.0
2.8 1.9952623e-07 7.727961934
2.8 1.9952623e-08 0.7462919856
2.8 1e-06 3.9075307194e-29
2.8 1e-07 37.544625076
2.8 1e-08 0.05280709644
2.8 2.5118864e-06 0.0
2.8 2.5118864e-07 1.818390567
2.8 2.5118864e-08 1.7120840954
2.8 3.1622777e-06 0.0
2.8 3.1622777e-07 0.11291375214
2.8 3.1622777e-08 3.5922872692
2.8 3.1622777e-09 0.0005619577544
2.8 3.9810717e-07 0.00598311441
2.8 3.9810717e-08 7.3866219
2.8 3.9810717e-09 0.001345638889
2.8 5.0118723e-07 4.15648387e-06
2.8 5.0118723e-08 13.841136008
2.8 5.0118723e-09 0.00326304636
2.8 6.3095734e-07 2.28683966e-09
2.8 6.3095734e-08 23.747191314
2.8 6.3095734e-09 0.008028421828
2.8 7.9432823e-07 6.306795068e-15
2.8 7.9432823e-08 32.88674298
2.8 7.9432823e-09 0.022433663574
2.9 1.2589254e-06 0.0
2.9 1.2589254e-07 27.667027934
2.9 1.2589254e-08 0.11468528036
2.9 1.5848932e-06 0.0
2.9 1.5848932e-07 14.17116813
2.9 1.5848932e-08 0.2603787214
2.9 1.9952623e-06 0.0
2.9 1.9952623e-07 4.726809122
2.9 1.9952623e-08 0.63163044
2.9 1e-06 1.7316632018e-28
2.9 1e-07 26.988546312
2.9 1e-08 0.04733550346
2.9 2.5118864e-06 0.0
2.9 2.5118864e-07 0.7560690746
2.9 2.5118864e-08 1.5532526324
2.9 3.1622777e-06 0.0
2.9 3.1622777e-07 0.05161195424
2.9 3.1622777e-08 3.2372636954
2.9 3.1622777e-09 0.0005275521776
2.9 3.9810717e-07 0.0017168798892
2.9 3.9810717e-08 6.784577492
2.9 3.9810717e-09 0.0012138146272
2.9 5.0118723e-07 4.063076262e-07
2.9 5.0118723e-08 11.759807864
2.9 5.0118723e-09 0.0030729369006
2.9 6.3095734e-07 1.0339660464e-10
2.9 6.3095734e-08 21.299369
2.9 6.3095734e-09 0.006925605652
2.9 7.9432823e-07 2.9002753724e-19
2.9 7.9432823e-08 27.231374506
2.9 7.9432823e-09 0.019420632826
3 1.2589254e-07 19.430227418
3 1.2589254e-08 0.10916860514
3 1.5848932e-07 11.676948948
3 1.5848932e-08 0.24078466202
3 1.9952623e-07 3.5868789026
3 1.9952623e-08 0.5833512342
3 1e-06 2.4312494346e-33
3 1e-07 23.177831124
3 1e-08 0.04574778768
3 2.5118864e-07 0.36416245516
3 2.5118864e-08 1.2712599326
3 3.1622777e-07 0.031899071652
3 3.1622777e-08 2.8860064618
3 3.1622777e-09 0.000497616742
3 3.9810717e-07 0.0002601901953
3 3.9810717e-08 5.915852796
3 3.9810717e-09 0.0011050517744
3 5.0118723e-07 2.2204648312e-07
3 5.0118723e-08 10.971290498
3 5.0118723e-09 0.0027590695468
3 6.3095734e-07 2.3216449032e-12
3 6.3095734e-08 17.364655322
3 6.3095734e-09 0.007148677886
3 7.9432823e-07 3.7376893078e-19
3 7.9432823e-08 22.437188872
3 7.9432823e-09 0.016199455622
3.1 1.2589254e-07 15.71142657
3.1 1.2589254e-08 0.11115026678
3.1 1.5848932e-07 8.127504504
3.1 1.5848932e-08 0.24323498976
3.1 1.9952623e-07 2.6104489026
3.1 1.9952623e-08 0.5453609616
3.1 1e-06 4.150039838e-41
3.1 1e-07 22.455393506
3.1 1e-08 0.0433224127
3.1 2.5118864e-07 0.29693732026
3.1 2.5118864e-08 1.2739229272
3.1 3.1622777e-07 0.025102039704
3.1 3.1622777e-08 2.8283041178
3.1 3.1622777e-09 0.0004816121408
3.1 3.9810717e-07 0.0003546357829
3.1 3.9810717e-08 5.776898078
3.1 3.9810717e-09 0.0011301907666
3.1 5.0118723e-07 8.158477432e-08
3.1 5.0118723e-08 10.563884114
3.1 5.0118723e-09 0.0029085172536
3.1 6.3095734e-07 3.9213669152e-15
3.1 6.3095734e-08 15.871254966
3.1 6.3095734e-09 0.007140933436
3.1 7.9432823e-07 3.4021055012e-22
3.1 7.9432823e-08 20.437225158
3.1 7.9432823e-09 0.017286190138
3.2 1.2589254e-07 15.557663002
3.2 1.2589254e-08 0.09674027118
3.2 1.5848932e-07 5.999913066
3.2 1.5848932e-08 0.24336753252
3.2 1.9952623e-07 1.848473543
3.2 1.9952623e-08 0.539337505
3.2 1e-06 4.138781458e-37
3.2 1e-07 19.34527679
3.2 1e-08 0.04139089206
3.2 2.5118864e-07 0.12303083366
3.2 2.5118864e-08 1.2375385876
3.2 3.1622777e-07 0.005068903098
3.2 3.1622777e-08 2.6726077462
3.2 3.1622777e-09 0.0004141772866
3.2 3.9810717e-07 0.00017300469158
3.2 3.9810717e-08 5.515245694
3.2 3.9810717e-09 0.0011384653308
3.2 5.0118723e-07 3.8926574372e-09
3.2 5.0118723e-08 9.38344358
3.2 5.0118723e-09 0.0026983146918
3.2 6.3095734e-07 9.401618982e-14
3.2 6.3095734e-08 14.486125878
3.2 6.3095734e-09 0.006851317396
3.2 7.9432823e-07 1.4359194444e-24
3.2 7.9432823e-08 18.461710764
3.2 7.9432823e-09 0.016634740402
3.3 1.2589254e-07 9.910728366
3.3 1.2589254e-08 0.10082889012
3.3 1.5848932e-07 4.679161774
3.3 1.5848932e-08 0.22465817556
3.3 1.9952623e-07 1.262253594
3.3 1.9952623e-08 0.5683481944
3.3 1e-06 8.694649152e-39
3.3 1e-07 15.11566217
3.3 1e-08 0.04157857368
3.3 2.5118864e-07 0.10260278126
3.3 2.5118864e-08 1.2118103676
3.3 3.1622777e-07 0.0037583910042
3.3 3.1622777e-08 2.5208021538
3.3 3.1622777e-09 0.0004429589514
3.3 3.9810717e-07 1.7907642158e-05
3.3 3.9810717e-08 5.145436534
3.3 3.9810717e-09 0.0010688114836
3.3 5.0118723e-07 1.5998638684e-09
3.3 5.0118723e-08 8.558765418
3.3 5.0118723e-09 0.0025531158562
3.3 6.3095734e-07 2.5350728914e-15
3.3 6.3095734e-08 13.033811098
3.3 6.3095734e-09 0.006597363584
3.3 7.9432823e-07 7.0912772e-25
3.3 7.9432823e-08 16.6789875
3.3 7.9432823e-09 0.01642601093
3.4 1.2589254e-07 8.90687875
3.4 1.2589254e-08 0.09856282142
3.4 1.5848932e-07 3.3874909222
3.4 1.5848932e-08 0.21605918488
3.4 1.9952623e-07 0.7725629464
3.4 1.9952623e-08 0.5024184228
3.4 1e-06 0.0
3.4 1e-07 11.700364998
3.4 1e-08 0.039160699956
3.4 2.5118864e-07 0.05473901902
3.4 2.5118864e-08 1.1974542076
3.4 3.1622777e-07 0.0017218428738
3.4 3.1622777e-08 2.5087727798
3.4 3.1622777e-09 0.00040125718514
3.4 3.9810717e-07 3.0802689764e-06
3.4 3.9810717e-08 4.457963636
3.4 3.9810717e-09 0.0010343455752
3.4 5.0118723e-07 9.333762578e-10
3.4 5.0118723e-08 7.578471922
3.4 5.0118723e-09 0.00252395584
3.4 6.3095734e-07 3.9194667946e-16
3.4 6.3095734e-08 12.4982837
3.4 6.3095734e-09 0.006435434544
3.4 7.9432823e-07 3.6285987318e-26
3.4 7.9432823e-08 14.414107568
3.4 7.9432823e-09 0.017191301848
3.5 1.2589254e-07 6.265500808
3.5 1.2589254e-08 0.08830431386
3.5 1.5848932e-07 2.7892728206
3.5 1.5848932e-08 0.19526411254
3.5 1.9952623e-07 0.5143653382
3.5 1.9952623e-08 0.5120736712
3.5 1e-06 0.0
3.5 1e-07 9.934499666
3.5 1e-08 0.035513024218
3.5 2.5118864e-07 0.05541172854
3.5 2.5118864e-08 1.025848726
3.5 3.1622777e-07 0.0008631648102
3.5 3.1622777e-08 2.3768142944
3.5 3.1622777e-09 0.0004212958064
3.5 3.9810717e-07 3.3528725608e-06
3.5 3.9810717e-08 4.318820534
3.5 3.9810717e-09 0.0009617983284
3.5 5.0118723e-07 4.412738484e-11
3.5 5.0118723e-08 7.37358727
3.5 5.0118723e-09 0.002588468834
3.5 6.3095734e-07 4.342181368e-16
3.5 6.3095734e-08 9.671441304
3.5 6.3095734e-09 0.006154359932
3.5 7.9432823e-07 6.203084804e-25
3.5 7.9432823e-08 12.282815034
3.5 7.9432823e-09 0.01558247082
3.6 1.2589254e-07 4.453210188
3.6 1.2589254e-08 0.10003757176
3.6 1.5848932e-07 1.7579597812
3.6 1.5848932e-08 0.23740571484
3.6 1.9952623e-07 0.18214106386
3.6 1.9952623e-08 0.5805696064
3.6 1e-06 0.0
3.6 1e-07 9.221224656
3.6 1e-08 0.04455144372
3.6 2.5118864e-07 0.011290405686
3.6 2.5118864e-08 1.2247200714
3.6 3.1622777e-07 0.0010758619578
3.6 3.1622777e-08 2.4324784372
3.6 3.1622777e-09 0.0004479034224
3.6 3.9810717e-07 8.106158242e-08
3.6 3.9810717e-08 4.433997862
3.6 3.9810717e-09 0.0011548435332
3.6 5.0118723e-07 6.322648962e-14
3.6 5.0118723e-08 7.338370424
3.6 5.0118723e-09 0.0026635888216
3.6 6.3095734e-07 1.350633907e-18
3.6 6.3095734e-08 10.63045025
3.6 6.3095734e-09 0.006575699018
3.6 7.9432823e-07 5.710040434e-36
3.6 7.9432823e-08 11.105637116
3.6 7.9432823e-09 0.018034993802
3.7 1.2589254e-07 4.29677717
3.7 1.2589254e-08 0.12647087978
3.7 1.5848932e-07 1.2240987696
3.7 1.5848932e-08 0.28793169622
3.7 1.9952623e-07 0.24634346786
3.7 1.9952623e-08 0.669712022
3.7 1e-06 0.0
3.7 1e-07 8.607151686
3.7 1e-08 0.05465978812
3.7 2.5118864e-07 0.00753885972
3.7 2.5118864e-08 1.368626812
3.7 3.1622777e-07 7.865790002e-05
3.7 3.1622777e-08 2.5982996368
3.7 3.1622777e-09 0.0005579780612
3.7 3.9810717e-07 3.3677083692e-08
3.7 3.9810717e-08 5.211720906
3.7 3.9810717e-09 0.0014285384862
3.7 5.0118723e-07 9.433939424e-13
3.7 5.0118723e-08 7.654752826
3.7 5.0118723e-09 0.0035337457638
3.7 6.3095734e-07 2.8841634654e-21
3.7 6.3095734e-08 9.758732522
3.7 6.3095734e-09 0.008142505392
3.7 7.9432823e-07 2.1645516074e-31
3.7 7.9432823e-08 10.144820658
3.7 7.9432823e-09 0.02099911982
3.8 1.2589254e-07 3.2081441168
3.8 1.2589254e-08 0.14168690718
3.8 1.5848932e-07 0.581915537
3.8 1.5848932e-08 0.32514617184
3.8 1.9952623e-07 0.08040918102
3.8 1.9952623e-08 0.6904133124
3.8 1e-06 0.0
3.8 1e-07 5.997873728
3.8 1e-08 0.059586793
3.8 2.5118864e-07 0.0021199666768
3.8 2.5118864e-08 1.5064859796
3.8 3.1622777e-07 3.3831286958e-05
3.8 3.1622777e-08 2.9631521052
3.8 3.1622777e-09 0.0005877202408
3.8 3.9810717e-07 4.73661727e-09
3.8 3.9810717e-08 4.80726533
3.8 3.9810717e-09 0.0015184057336
3.8 5.0118723e-07 8.56841279e-15
3.8 5.0118723e-08 7.73648631
3.8 5.0118723e-09 0.0037087577478
3.8 6.3095734e-07 1.4997440248e-25
3.8 6.3095734e-08 10.14262907
3.8 6.3095734e-09 0.009339165626
3.8 7.9432823e-07 1.7779314084e-39
3.8 7.9432823e-08 9.218190618
3.8 7.9432823e-09 0.02250958598
3.9 1.2589254e-07 1.9171688648
3.9 1.2589254e-08 0.13981484524
3.9 1.5848932e-07 0.36658890198
3.9 1.5848932e-08 0.3306664767
3.9 1.9952623e-07 0.027286247842
3.9 1.9952623e-08 0.6553656466
3.9 1e-06 0.0
3.9 1e-07 4.084581676
3.9 1e-08 0.06173044458
3.9 2.5118864e-07 0.0012579542976
3.9 2.5118864e-08 1.4718279926
3.9 3.1622777e-07 1.230880147e-06
3.9 3.1622777e-08 2.7416990398
3.9 3.1622777e-09 0.0006382903422
3.9 3.9810717e-07 2.2736677614e-10
3.9 3.9810717e-08 4.522462014
3.9 3.9810717e-09 0.0017722618214
3.9 5.0118723e-07 5.471890984e-18
3.9 5.0118723e-08 6.65942921
3.9 5.0118723e-09 0.0039573673818
3.9 6.3095734e-07 8.66512605e-28
3.9 6.3095734e-08 7.962830498
3.9 6.3095734e-09 0.009856207438
3.9 7.9432823e-07 0.0
3.9 7.9432823e-08 7.546676032
3.9 7.9432823e-09 0.02275651315
4 1.2589254e-07 1.0195874346
4 1.2589254e-08 0.14208056478
4 1.5848932e-07 0.1538645402
4 1.5848932e-08 0.36142322188
4 1.9952623e-07 0.008015807002
4 1.9952623e-08 0.7209570578
4 1e-06 0.0
4 1e-07 3.7426607372
4 1e-08 0.06064725688
4 2.5118864e-07 8.33775404e-05
4 2.5118864e-08 1.387405936
4 3.1622777e-07 2.5345446854e-08
4 3.1622777e-08 2.5875779888
4 3.1622777e-09 0.0007089506228
4 3.9810717e-07 5.828663078e-11
4 3.9810717e-08 4.620510202
4 3.9810717e-09 0.001845536945
4 5.0118723e-07 1.4948359314e-22
4 5.0118723e-08 6.34729032
4 5.0118723e-09 0.00430015509
4 6.3095734e-07 1.0114222062e-31
4 6.3095734e-08 6.212709846
4 6.3095734e-09 0.0103711888
4 7.9432823e-07 0.0
4 7.9432823e-08 5.382378134
4 7.9432823e-09 0.025213301162
4.1 1.2589254e-07 0.34686695666
4.1 1.2589254e-08 0.15649449046
4.1 1.5848932e-07 0.03029431321
4.1 1.5848932e-08 0.35776534864
4.1 1.9952623e-07 0.0019357154726
4.1 1.9952623e-08 0.7579411406
4.1 1e-06 0.0
4.1 1e-07 1.5483200166
4.1 1e-08 0.06243933276
4.1 2.5118864e-07 6.481214698e-06
4.1 2.5118864e-08 1.3931848994
4.1 3.1622777e-07 5.642312732e-10
4.1 3.1622777e-08 2.5671436434
4.1 3.1622777e-09 0.0007540976198
4.1 3.9810717e-07 1.563553096e-15
4.1 3.9810717e-08 4.0049466842
4.1 3.9810717e-09 0.0022098332746
4.1 5.0118723e-07 2.7385854258e-24
4.1 5.0118723e-08 4.98297198
4.1 5.0118723e-09 0.004772339992
4.1 6.3095734e-07 1.9160053906e-35
4.1 6.3095734e-08 5.136292196
4.1 6.3095734e-09 0.010860102932
4.1 7.9432823e-07 0.0
4.1 7.9432823e-08 3.2389534268
4.1 7.9432823e-09 0.028223859776
4.2 1.2589254e-07 0.30288688486
4.2 1.2589254e-08 0.14725803106
4.2 1.5848932e-07 0.027849500168
4.2 1.5848932e-08 0.33091856616
4.2 1.9952623e-07 0.001014064576
4.2 1e-06 0.0
4.2 1e-07 1.3309245558
4.2 1e-08 0.05873284914
4.2 2.5118864e-07 6.217091804e-06
4.2 2.5118864e-08 1.3796555178
4.2 3.1622777e-07 1.964229827e-10
4.2 3.1622777e-08 2.4860302838
4.2 3.1622777e-09 0.0007483443156
4.2 3.9810717e-07 5.000664242e-18
4.2 3.9810717e-08 3.472606508
4.2 3.9810717e-09 0.001611854104
4.2 5.0118723e-07 3.7095288636e-25
4.2 5.0118723e-08 4.544913002
4.2 5.0118723e-09 0.004327671334
4.2 6.3095734e-07 6.17791118e-38
4.2 6.3095734e-08 4.457255978
4.2 6.3095734e-09 0.010577865942
4.2 7.9432823e-07 0.0
4.2 7.9432823e-08 3.1680913642
4.2 7.9432823e-09 0.02610380654
4.3 1.2589254e-07 0.37504567898
4.3 1.2589254e-08 0.1312445953
4.3 1.5848932e-07 0.04086539814
4.3 1.5848932e-08 0.28300777288
4.3 1.9952623e-07 0.0012349079918
4.3 1.9952623e-08 0.6275334128
4.3 1e-06 0.0
4.3 1e-07 1.4352109338
4.3 1e-08 0.05737614736
4.3 2.5118864e-07 1.5811721562e-05
4.3 2.5118864e-08 1.307531323
4.3 3.1622777e-07 4.34520282e-09
4.3 3.1622777e-08 2.2983896292
4.3 3.1622777e-09 0.0005781903246
4.3 3.9810717e-07 7.837929876e-15
4.3 3.9810717e-08 3.2247237764
4.3 3.9810717e-09 0.0015747881716
4.3 5.0118723e-07 1.7893729756e-25
4.3 5.0118723e-08 3.914874894
4.3 5.0118723e-09 0.003645196905
4.3 6.3095734e-07 3.7261871248e-36
4.3 6.3095734e-08 4.293055774
4.3 6.3095734e-09 0.009315608694
4.3 7.9432823e-07 0.0
4.3 7.9432823e-08 3.4295197986
4.3 7.9432823e-09 0.022925907718
4.4 1.2589254e-07 0.14783600048
4.4 1.2589254e-08 0.13530662124
4.4 1.5848932e-07 0.011549186026
4.4 1.5848932e-08 0.2960305558
4.4 1.9952623e-07 0.00020454027062
4.4 1.9952623e-08 0.604031778
4.4 1e-06 0.0
4.4 1e-07 0.6789926542
4.4 1e-08 0.05362562898
4.4 2.5118864e-07 5.107391086e-07
4.4 2.5118864e-08 1.226983359
4.4 3.1622777e-07 3.0158584162e-11
4.4 3.1622777e-08 1.957121985
4.4 3.1622777e-09 0.0007037885358
4.4 3.9810717e-07 3.1656174844e-15
4.4 3.9810717e-08 3.013365292
4.4 3.9810717e-09 0.0016968495544
4.4 5.0118723e-07 9.305619876e-27
4.4 5.0118723e-08 3.3680161172
4.4 5.0118723e-09 0.0040068652372
4.4 6.3095734e-07 6.131980806e-43
4.4 6.3095734e-08 3.0273263328
4.4 6.3095734e-09 0.009900055438
4.4 7.9432823e-07 0.0
4.4 7.9432823e-08 2.033200498
4.4 7.9432823e-09 0.026332071514
4.5 1.2589254e-07 0.19037852372
4.5 1.2589254e-08 0.12191918942
4.5 1.5848932e-07 0.013541453604
4.5 1.5848932e-08 0.28987349678
4.5 1.9952623e-07 0.00018073714022
4.5 1.9952623e-08 0.5407403974
4.5 1e-06 0.0
4.5 1e-07 0.805587636
4.5 1e-08 0.05036583468
4.5 2.5118864e-07 8.696307256e-07
4.5 2.5118864e-08 1.1256127512
4.5 3.1622777e-07 1.2723746462e-11
4.5 3.1622777e-08 1.8354932358
4.5 3.9810717e-07 5.71307163e-17
4.5 3.9810717e-08 2.694752529
4.5 3.9810717e-09 0.0014687215648
4.5 5.0118723e-07 1.0587903886e-25
4.5 5.0118723e-08 3.2924280116
4.5 5.0118723e-09 0.003694177151
4.5 6.3095734e-07 7.203706314e-42
4.5 6.3095734e-08 2.8817521502
4.5 6.3095734e-09 0.008815090676
4.5 7.9432823e-07 0.0
4.5 7.9432823e-08 1.813322875
4.5 7.9432823e-09 0.021835452212
4.6 1.2589254e-07 0.12922861448
4.6 1.2589254e-08 0.1154037542
4.6 1.5848932e-07 0.013125999082
4.6 1.5848932e-08 0.25608396814
4.6 1.9952623e-07 7.703206896e-05
4.6 1.9952623e-08 0.5302599134
4.6 1e-06 0.0
4.6 1e-07 0.6128011344
4.6 1e-08 0.04629870938
4.6 2.5118864e-07 4.606480872e-07
4.6 2.5118864e-08 1.0128669166
4.6 3.1622777e-07 1.5737159662e-11
4.6 3.1622777e-08 1.7402594398
4.6 3.1622777e-09 0.0005447062054
4.6 3.9810717e-07 1.9366351032e-19
4.6 3.9810717e-08 2.5547867898
4.6 3.9810717e-09 0.0014648990342
4.6 5.0118723e-08 2.909162753
4.6 5.0118723e-09 0.003395424893
4.6 6.3095734e-07 1.3688257114e-43
4.6 6.3095734e-08 2.7521311286
4.6 6.3095734e-09 0.008601667438
4.6 7.9432823e-07 0.0
4.6 7.9432823e-08 1.7117123618
4.6 7.9432823e-09 0.021077672294
4.7 1.2589254e-07 0.06720981652
4.7 1.2589254e-08 0.10776889172
4.7 1.5848932e-07 0.006111116466
4.7 1.5848932e-08 0.23543264416
4.7 1.9952623e-07 5.975500286e-05
4.7 1.9952623e-08 0.4945254986
4.7 1e-06 0.0
4.7 1e-07 0.4056091641
4.7 1e-08 0.0525907228
4.7 2.5118864e-07 1.0501345904e-08
4.7 2.5118864e-08 0.9648389436
4.7 3.1622777e-07 2.312099762e-12
4.7 3.1622777e-08 1.5261214388
4.7 3.1622777e-09 0.0005413372986
4.7 3.9810717e-08 2.1456425228
4.7 3.9810717e-09 0.001358259399
4.7 5.0118723e-07 3.0856781144e-31
4.7 5.0118723e-08 2.5322111598
4.7 5.0118723e-09 0.0034248443026
4.7 6.3095734e-07 0.0
4.7 6.3095734e-08 1.9654089728
4.7 6.3095734e-09 0.007812929614
4.7 7.9432823e-07 0.0
4.7 7.9432823e-08 1.2438252134
4.7 7.9432823e-09 0.01980691706
4.8 1.2589254e-07 0.0454087452
4.8 1.2589254e-08 0.11229722896
4.8 1.5848932e-07 0.0028408626316
4.8 1.5848932e-08 0.22593716894
4.8 1.9952623e-07 6.763391194e-05
4.8 1.9952623e-08 0.4758652108
4.8 1e-06 0.0
4.8 1e-07 0.26019326466
4.8 1e-08 0.04483857098
4.8 2.5118864e-07 1.823409133e-07
4.8 2.5118864e-08 0.8479279956
4.8 3.1622777e-07 2.114385679e-12
4.8 3.1622777e-08 1.5186414978
4.8 3.1622777e-09 0.0005273246146
4.8 3.9810717e-07 1.6213844262e-20
4.8 3.9810717e-08 2.0029297064
4.8 3.9810717e-09 0.0012612206488
4.8 5.0118723e-07 2.8591729068e-34
4.8 5.0118723e-08 2.1056557046
4.8 5.0118723e-09 0.003395205653
4.8 6.3095734e-07 0.0
4.8 6.3095734e-08 1.6491879152
4.8 6.3095734e-09 0.008160322296
4.8 7.9432823e-07 0.0
4.8 7.9432823e-08 0.9364639284
4.8 7.9432823e-09 0.01973372541
4.9 1.2589254e-07 0.02855792632
4.9 1.2589254e-08 0.09885331036
4.9 1.5848932e-07 0.0024633734944
4.9 1.5848932e-08 0.22640415014
4.9 1.9952623e-07 1.7042742388e-05
4.9 1.9952623e-08 0.4513201966
4.9 1e-06 0.0
4.9 1e-07 0.19975433044
4.9 1e-08 0.04419471588
4.9 2.5118864e-07 4.123487844e-09
4.9 2.5118864e-08 0.8228294004
4.9 3.1622777e-07 3.5010680012e-14
4.9 3.1622777e-08 1.3270404756
4.9 3.1622777e-09 0.0004679470334
4.9 3.9810717e-07 2.7725107046e-20
4.9 3.9810717e-08 1.7608387272
4.9 3.9810717e-09 0.0012366529392
4.9 5.0118723e-07 3.0001105694e-37
4.9 5.0118723e-08 1.9294454116
4.9 5.0118723e-09 0.0031307409882
4.9 6.3095734e-07 0.0
4.9 6.3095734e-08 1.5746577644
4.9 6.3095734e-09 0.007803316752
4.9 7.9432823e-07 0.0
4.9 7.9432823e-08 0.9095453164
4.9 7.9432823e-09 0.01694332192
5 1.2589254e-07 0.030876516398
5 1.2589254e-08 0.09116330496
5 1.5848932e-07 0.0006271850242
5 1.5848932e-08 0.2077236882
5 1.9952623e-07 1.3523438572e-05
5 1.9952623e-08 0.38160479574
5 1e-06 0.0
5 1e-07 0.18979839032
5 1e-08 0.04098246824
5 2.5118864e-07 9.643163404e-09
5 2.5118864e-08 0.756414134
5 3.1622777e-07 1.8547172546e-15
5 3.1622777e-08 1.2173728518
5 3.1622777e-09 0.0004833488464
5 3.9810717e-07 3.545736243e-25
5 3.9810717e-08 1.649845351
5 3.9810717e-09 0.001331179605
5 5.0118723e-07 1.361743285e-35
5 5.0118723e-08 1.8162569558
5 5.0118723e-09 0.003137697717
5 6.3095734e-07 0.0
5 6.3095734e-08 1.3138514438
5 6.3095734e-09 0.007369398974
5 7.9432823e-07 0.0
5 7.9432823e-08 0.6737554572
5 7.9432823e-09 0.016211020938
5.5 1.2589254e-07 0.005713509298
5.5 1.2589254e-08 0.06920658542
5.5 1.5848932e-07 9.748342576e-05
5.5 1.5848932e-08 0.141424619
5.5 1.9952623e-07 7.518495572e-07
5.5 1.9952623e-08 0.28179192062
5.5 1e-06 0.0
5.5 1e-07 0.05047753746
5.5 1e-08 0.029625936928
5.5 2.5118864e-07 2.2767676932e-11
5.5 2.5118864e-08 0.4989006358
5.5 3.1622777e-07 1.1656992018e-16
5.5 3.1622777e-08 0.7136763816
5.5 3.1622777e-09 0.00035087263386
5.5 3.9810717e-07 5.221535144e-27
5.5 3.9810717e-08 0.931318731
5.5 3.9810717e-09 0.0008509937422
5.5 5.0118723e-07 0.0
5.5 5.0118723e-08 0.9012025848
5.5 5.0118723e-09 0.0023079964012
5.5 6.3095734e-07 0.0
5.5 6.3095734e-08 0.5477047184
5.5 6.3095734e-09 0.005232366006
5.5 7.9432823e-07 0.0
5.5 7.9432823e-08 0.2509277722
5.5 7.9432823e-09 0.012464195534
6 1.2589254e-07 0.0008265884326
6 1.2589254e-08 0.04739801934
6 1.5848932e-07 8.953170058e-06
6 1.5848932e-08 0.10629864798
6 1.9952623e-08 0.19312508936
6 1e-06 0.0
6 1e-07 0.015607071984
6 1e-08 0.021394852486
6 2.5118864e-07 2.6147315936e-12
6 3.1622777e-07 1.0695021302e-21
6 3.1622777e-08 0.4748526468
6 3.1622777e-09 0.00026625637122
6 3.9810717e-07 6.17877393e-34
6 3.9810717e-08 0.5293697584
6 3.9810717e-09 0.0006953193758
6 5.0118723e-07 0.0
6 5.0118723e-08 0.4597470108
6 5.0118723e-09 0.0017058166734
6 6.3095734e-07 0.0
6 6.3095734e-08 0.26732958756
6 6.3095734e-09 0.004298625282
6 7.9432823e-07 0.0
6 7.9432823e-08 0.08862300762
6 7.9432823e-09 0.009291149224
6.5 1.2589254e-07 0.0001702269695
6.5 1.2589254e-08 0.036806899934
6.5 1.5848932e-07 9.186649696e-07
6.5 1.5848932e-08 0.07681070558
6.5 1.9952623e-07 2.3261172368e-11
6.5 1.9952623e-08 0.1277926818
6.5 1e-06 0.0
6.5 1e-07 0.0030213178576
6.5 1e-08 0.01582621089
6.5 2.5118864e-07 3.8463038488e-16
6.5 2.5118864e-08 0.21656592972
6.5 3.1622777e-07 3.8316758312e-26
6.5 3.1622777e-08 0.2967008415
6.5 3.1622777e-09 0.00023272353608
6.5 3.9810717e-07 1.5748138714e-38
6.5 3.9810717e-08 0.2895170572
6.5 3.9810717e-09 0.0005064920238
6.5 5.0118723e-08 0.17940193614
6.5 5.0118723e-09 0.0012781395214
6.5 6.3095734e-07 0.0
6.5 6.3095734e-08 0.09324860216
6.5 6.3095734e-09 0.0031933943398
6.5 7.9432823e-07 0.0
6.5 7.9432823e-08 0.024807376678
6.5 7.9432823e-09 0.00685294708
7 1.2589254e-07 8.7379117e-06
7 1.2589254e-08 0.024936258942
7 1.5848932e-07 5.039834716e-08
7 1.5848932e-08 0.04891525758
7 1.9952623e-07 2.2548777972e-13
7 1.9952623e-08 0.09253422892
7 1e-06 0.0
7 1e-07 0.0005003997096
7 1e-08 0.012094387186
7 2.5118864e-07 1.3497426558e-19
7 2.5118864e-08 0.13411611556
7 3.1622777e-07 1.9137612662e-33
7 3.1622777e-08 0.16295088516
7 3.1622777e-09 0.00014686569296
7 3.9810717e-07 0.0
7 3.9810717e-08 0.14404439084
7 3.9810717e-09 0.00036772509704
7 5.0118723e-07 0.0
7 5.0118723e-08 0.09018515758
7 5.0118723e-09 0.0009568485794
7 6.3095734e-07 0.0
7 6.3095734e-08 0.033469833278
7 6.3095734e-09 0.0022058593466
7 7.9432823e-07 0.0
7 7.9432823e-08 0.006000164786
7 7.9432823e-09 0.005124762608
8 1.2589254e-07 1.9090494332e-07
8 1.2589254e-08 0.012725452068
8 1.5848932e-07 7.204826874e-11
8 1.5848932e-08 0.024278238096
8 1.9952623e-07 9.702491778e-17
8 1.9952623e-08 0.04160758644
8 1e-06 0.0
8 1e-07 2.4665735052e-05
8 1e-08 0.006016988208
8 2.5118864e-07 6.975321164e-26
8 2.5118864e-08 0.05165231876
8 3.1622777e-07 2.7393071314e-46
8 3.1622777e-08 0.05532268056
8 3.1622777e-09 8.34698242e-05
8 3.9810717e-07 0.0
8 3.9810717e-08 0.04061030022
8 3.9810717e-09 0.00019156969118
8 5.0118723e-07 0.0
8 5.0118723e-08 0.016292259102
8 5.0118723e-09 0.0004910380804
8 6.3095734e-07 0.0
8 6.3095734e-08 0.004997577424
8 6.3095734e-09 0.0011247733056
8 7.9432823e-07 0.0
8 7.9432823e-08 0.0010890781104
8 7.9432823e-09 0.0027894855646
9 1.2589254e-08 0.006051531906
9 1.5848932e-07 1.160922084e-13
9 1.5848932e-08 0.009978933118
9 1.9952623e-07 9.322108348e-22
9 1.9952623e-08 0.015516253032
9 1e-06 0.0
9 1e-07 6.90677456e-07
9 1e-08 0.0029452296818
9 2.5118864e-07 2.7526149182e-33
9 2.5118864e-08 0.020889326052
9 3.1622777e-07 0.0
9 3.1622777e-08 0.017925665716
9 3.1622777e-09 4.18623352e-05
9 3.9810717e-07 0.0
9 3.9810717e-08 0.01149691718
9 3.9810717e-09 0.00010271206022
9 5.0118723e-07 0.0
9 5.0118723e-08 0.0045419017
9 5.0118723e-09 0.00025138495256
9 6.3095734e-07 0.0
9 6.3095734e-08 0.0008932541604
9 6.3095734e-09 0.0005643320424
9 7.9432823e-07 0.0
9 7.9432823e-08 7.184236178e-05
9 7.9432823e-09 0.0014157486336
