lowest error 1.5 1.64745666631e-13
1.5 1.64745666631e-13 1.47788867375e-05
1.5 1.64744907951e-13 2.78249486305e-05
1.5 1.64746425314e-13 5.73819329461e-05
1.5 1.64744149274e-13 7.04295731326e-05
1.5 1.64747184001e-13 9.998419001e-05
1.5 1.64743390601e-13 0.000113034986861
1.5 1.64747942692e-13 0.000142585657945
1.5 1.64742631931e-13 0.000155641189791
1.5 1.64748701386e-13 0.000185186336766
1.5 1.64741873265e-13 0.000198248181939
1.5 1.64749460084e-13 0.000227786226487
1.5 1.64741114603e-13 0.00024085596332
lowest error 1.5 3.28785003247e-15
1.5 3.28785003247e-15 4.8897212821e-06
1.5 3.28786517361e-15 1.45422655766e-05
1.5 3.28783489139e-15 2.43215439668e-05
1.5 3.28788031482e-15 3.39744166102e-05
1.5 3.28781975039e-15 4.37532024624e-05
1.5 3.28789545611e-15 5.34067318205e-05
1.5 3.28780460945e-15 6.31846968036e-05
1.5 3.28791059746e-15 7.28392112088e-05
1.5 3.28778946859e-15 8.26160269756e-05
1.5 3.28792573888e-15 9.22718547591e-05
1.5 3.28777432779e-15 0.000102047192979
1.5 3.28794088037e-15 0.000111704662507
lowest error 1.6 1.15758795716e-13
1.6 1.15758795716e-13 1.0921201814e-05
1.6 1.15758262628e-13 2.55737652126e-05
1.6 1.15759328806e-13 4.74155897674e-05
1.6 1.15757729543e-13 6.20693113214e-05
1.6 1.15759861899e-13 8.39093986569e-05
1.6 1.1575719646e-13 9.85654364882e-05
1.6 1.15760394994e-13 0.000120402628492
1.6 1.1575666338e-13 0.000135062140789
1.6 1.15760928092e-13 0.00015689527925
1.6 1.15756130302e-13 0.000171559424199
1.6 1.15761461192e-13 0.000193387351003
1.6 1.15755597227e-13 0.000208057286728
lowest error 1.6 3.47566571574e-15
1.6 3.47566571574e-15 1.05913747461e-06
1.6 3.47568172181e-15 1.67970147493e-05
1.6 3.47564970974e-15 1.89151510721e-05
1.6 3.47569772795e-15 3.46533055842e-05
1.6 3.47563370382e-15 3.67710260454e-05
1.6 3.47571373417e-15 5.25097350632e-05
1.6 3.47561769797e-15 5.46267623944e-05
1.6 3.47572974046e-15 7.03663031714e-05
1.6 3.4756016922e-15 7.24823601201e-05
1.6 3.47574574682e-15 8.822300991e-05
1.6 3.4755856865e-15 9.03378192088e-05
1.6 3.47576175326e-15 0.00010607985528
lowest error 1.7 9.00927824511e-14
1.7 9.00927824511e-14 1.80163797792e-06
1.7 9.00931973447e-14 2.28298043807e-05
1.7 9.00923675595e-14 2.64333441029e-05
1.7 9.00936122401e-14 4.74609829535e-05
1.7 9.00919526697e-14 5.10653140418e-05
1.7 9.00940271375e-14 7.2091897743e-05
1.7 9.00915377819e-14 7.56975477749e-05
1.7 9.00944420368e-14 9.67225487525e-05
1.7 9.0091122896e-14 0.000100330045305
1.7 9.0094856938e-14 0.000121352935984
1.7 9.0090708012e-14 0.000124962806635
1.7 9.00952718411e-14 0.00014598305942
lowest error 1.7 3.73080027412e-15
1.7 3.73080027412e-15 2.99253993274e-06
1.7 3.73078309318e-15 1.31188193002e-05
1.7 3.73081745513e-15 1.91040120248e-05
1.7 3.73076591233e-15 2.92300656737e-05
1.7 3.73083463621e-15 3.52155969776e-05
1.7 3.73074873156e-15 4.53411991748e-05
1.7 3.73085181738e-15 5.13272947917e-05
1.7 3.73073155087e-15 6.14522198328e-05
1.7 3.73086899863e-15 6.74391054538e-05
1.7 3.73071437025e-15 7.75631276344e-05
1.7 3.73088617996e-15 8.35510289927e-05
1.7 3.73069718972e-15 9.36739225801e-05
lowest error 1.8 8.24650639311e-14
1.8 8.24650639311e-14 9.24774536948e-08
1.8 8.24646841664e-14 2.23388419855e-05
1.8 8.24654436977e-14 2.25235781079e-05
1.8 8.24643044033e-14 4.4770380192e-05
1.8 8.2465823466e-14 4.49544600198e-05
1.8 8.24639246421e-14 6.72021371675e-05
1.8 8.2466203236e-14 6.73851231712e-05
1.8 8.24635448825e-14 8.96341129146e-05
1.8 8.24665830078e-14 8.98155675637e-05
1.8 8.24631651247e-14 0.000112066307435
1.8 8.24669627813e-14 0.0001122457932
1.8 8.24627853687e-14 0.000134498720731
lowest error 1.8 4.08545094324e-15
1.8 4.08545094324e-15 3.43036816597e-06
1.8 4.08546975748e-15 1.09560097874e-05
1.8 4.08543212909e-15 1.7816656134e-05
1.8 4.08548857181e-15 2.53424777146e-05
1.8 4.08541331502e-15 3.22028541166e-05
1.8 4.08550738622e-15 3.97290356413e-05
1.8 4.08539450104e-15 4.65889621153e-05
1.8 4.08552620072e-15 5.41156835547e-05
1.8 4.08537568715e-15 6.09749801299e-05
1.8 4.08554501531e-15 6.85024214562e-05
1.8 4.08535687334e-15 7.53609081485e-05
1.8 4.08556382998e-15 8.28892493465e-05
lowest error 1.9 7.78437949509e-14
1.9 7.78437949509e-14 4.74308748055e-06
1.9 7.78434364678e-14 1.96859840802e-05
1.9 7.78441534356e-14 2.91718995964e-05
1.9 7.78430779864e-14 4.41153151329e-05
1.9 7.7844511922e-14 5.36004522478e-05
1.9 7.78427195066e-14 6.85449056586e-05
1.9 7.78448704101e-14 7.80287454378e-05
1.9 7.78423610284e-14 9.29747556593e-05
1.9 7.78452288998e-14 0.000102456779168
1.9 7.78420025519e-14 0.000117404865138
1.9 7.78455873912e-14 0.000126884553443
1.9 7.78416440771e-14 0.000141835234098
lowest error 1.9 4.25447523497e-15
1.9 4.25447523497e-15 5.08799125765e-06
1.9 4.25445564244e-15 6.21632571507e-06
1.9 4.2544948276e-15 1.63923638006e-05
1.9 4.25443604999e-15 1.75205871384e-05
1.9 4.25451442032e-15 2.7696791904e-05
1.9 4.25441645763e-15 2.88247930023e-05
1.9 4.25453401313e-15 3.90012755678e-05
1.9 4.25439686537e-15 4.0128943307e-05
1.9 4.25455360603e-15 5.0305814792e-05
1.9 4.25437727319e-15 5.1433038053e-05
1.9 4.25457319901e-15 6.16104095776e-05
1.9 4.2543576811e-15 6.27370772399e-05
lowest error 2.0 5.48324940286e-14
2.0 5.48324940286e-14 8.53453476202e-06
2.0 5.48322415162e-14 1.11596493584e-05
2.0 5.48327465421e-14 2.82285502302e-05
2.0 5.4831989005e-14 3.08540021141e-05
2.0 5.48329990568e-14 4.79223970831e-05
2.0 5.48317364949e-14 5.05485235074e-05
2.0 5.48332515727e-14 6.76160753046e-05
2.0 5.4831483986e-14 7.02432135391e-05
2.0 5.48335040897e-14 8.73095848961e-05
2.0 5.48312314783e-14 8.99380722115e-05
2.0 5.48337566079e-14 0.000107002925859
2.0 5.48309789717e-14 0.000109633099508
lowest error 2.0 5.11505137412e-15
2.0 5.11505137412e-15 1.8696057893e-06
2.0 5.11502781849e-15 9.21489942618e-06
2.0 5.11507492985e-15 1.29541644251e-05
2.0 5.11500426297e-15 2.02993512217e-05
2.0 5.1150984857e-15 2.40387764814e-05
2.0 5.11498070756e-15 3.13837495973e-05
2.0 5.11512204165e-15 3.51234419584e-05
2.0 5.11495715226e-15 4.24680945437e-05
2.0 5.11514559771e-15 4.6208160847e-05
2.0 5.11493359706e-15 5.35523860803e-05
2.0 5.11516915388e-15 5.72929331666e-05
2.0 5.11491004198e-15 6.46366241979e-05
lowest error 2.1 4.45526970811e-14
2.1 4.45526970811e-14 1.13141612168e-06
2.1 4.45529022543e-14 1.78276706375e-05
2.1 4.45524919088e-14 2.00906591465e-05
2.1 4.45531074285e-14 3.67866011155e-05
2.1 4.45522867375e-14 3.90500584722e-05
2.1 4.45533126036e-14 5.57453753132e-05
2.1 4.45520815671e-14 5.80096140821e-05
2.1 4.45535177797e-14 7.47039932327e-05
2.1 4.45518763977e-14 7.69693259794e-05
2.1 4.45537229567e-14 9.36624548751e-05
2.1 4.45516712292e-14 9.59291941633e-05
2.1 4.45539281346e-14 0.000112620760224
lowest error 2.1 5.3996797129e-15
2.1 5.3996797129e-15 2.14186562086e-06
2.1 5.39965484652e-15 9.72179381398e-06
2.1 5.3997045794e-15 1.40055862605e-05
2.1 5.39962998024e-15 2.15853920653e-05
2.1 5.39972944602e-15 2.58693680948e-05
2.1 5.39960511409e-15 3.34489291229e-05
2.1 5.39975431275e-15 3.77332111237e-05
2.1 5.39958024804e-15 4.53124049868e-05
2.1 5.3997791796e-15 4.95971153485e-05
2.1 5.39955538211e-15 5.71758196579e-05
2.1 5.39980404655e-15 6.14610807688e-05
2.1 5.3995305163e-15 6.90391731362e-05
lowest error 2.2 3.1725319172e-14
2.2 3.1725319172e-14 4.11095240072e-06
2.2 3.17251730718e-14 7.81379286474e-06
2.2 3.17254652728e-14 1.60356358512e-05
2.2 3.17250269723e-14 1.97385999665e-05
2.2 3.17256113743e-14 2.79602574764e-05
2.2 3.17248808735e-14 3.16634688948e-05
2.2 3.17257574765e-14 3.98848172765e-05
2.2 3.17247347754e-14 4.35883996497e-05
2.2 3.17259035793e-14 5.18093152517e-05
2.2 3.17245886779e-14 5.5513392232e-05
2.2 3.17260496828e-14 6.37337514022e-05
2.2 3.17244425811e-14 6.74384466413e-05
lowest error 2.2 6.93413032759e-15
2.2 6.93413032759e-15 4.83604804469e-06
2.2 6.93416226051e-15 5.34133522789e-06
2.2 6.93409839481e-15 1.50133862831e-05
2.2 6.93419419358e-15 1.55187635347e-05
2.2 6.93406646218e-15 2.51906794873e-05
2.2 6.9342261268e-15 2.56962368765e-05
2.2 6.9340345297e-15 3.53679276572e-05
2.2 6.93425806017e-15 3.58737552442e-05
2.2 6.93400259736e-15 4.5545130785e-05
2.2 6.93428999368e-15 4.60513186558e-05
2.2 6.93397066518e-15 5.57222888879e-05
2.2 6.93432192734e-15 5.62289271033e-05
lowest error 2.3 2.33005407456e-14
2.3 2.33005407456e-14 6.82823920073e-07
2.3 2.33004334429e-14 5.03389787099e-06
2.3 2.33006480488e-14 6.39953150205e-06
2.3 2.33003261407e-14 1.07506338716e-05
2.3 2.33007553525e-14 1.21162248705e-05
2.3 2.33002188389e-14 1.64673840808e-05
2.3 2.33008626567e-14 1.78329040343e-05
2.3 2.33001115377e-14 2.21841484995e-05
2.3 2.33009699613e-14 2.35495689895e-05
2.3 2.3300004237e-14 2.79009271273e-05
2.3 2.33010772665e-14 2.92662197361e-05
2.3 2.32998969367e-14 3.36177199594e-05
lowest error 2.3 7.64134837576e-15
2.3 7.64134837576e-15 2.51426995224e-07
2.3 7.64138356555e-15 4.56848847818e-06
2.3 7.64131318613e-15 5.07133236827e-06
2.3 7.6414187555e-15 9.3884140524e-06
2.3 7.64127799666e-15 9.8912276405e-06
2.3 7.64145394562e-15 1.4208349727e-05
2.3 7.64124280736e-15 1.47111128075e-05
2.3 7.64148913589e-15 1.90282954984e-05
2.3 7.64120761821e-15 1.95309878785e-05
2.3 7.64152432633e-15 2.3848251375e-05
2.3 7.64117242923e-15 2.43508528488e-05
2.3 7.64155951693e-15 2.8668217352e-05
