10 1.2589254e-07 0.14662933 1 1.0469877e-12 0.9999977
10 1.2589254e-08 0.14792531 1 0.065550658 0.81485788
10 1.5848932e-07 0.148 1 3.0562833e-18 0.99975305
10 1.5848932e-08 0.1454 1 0.0722299 0.86821116
10 1.9952623e-08 0.14 1 0.067209476 0.8121373
10 1e-06 0.151 1 0 0.0
10 1e-07 0.1482 1 3.3701374e-09 0.82125143
10 1e-08 0.1456 1 0.056760582 0.8832898
10 2.5118864e-07 0.15953868 1 3.5813306e-45 1
10 2.5118864e-08 0.15410177 1 0.044468071 0.80395149
10 3.1622777e-07 0.1536071 1 0 0.0
10 3.1622777e-08 0.14497453 1 0.023068661 0.87665207
10 3.1622777e-09 0.14645259 1 0.0072292632 0.81480425
10 3.9810717e-07 0.1404 1 0 0.0
10 3.9810717e-08 0.148 1 0.0076898865 0.85339254
10 3.9810717e-09 0.1494 1 0.012816285 0.8525197
10 5.0118723e-07 0.14769821 1 0 0.0
10 5.0118723e-08 0.14642929 1 0.0015888804 0.80258938
10 5.0118723e-09 0.15008467 1 0.018945574 0.83405307
10 6.3095734e-07 0.1574 1 0 0.0
10 6.3095734e-08 0.1448 1 0.0001460865 0.96170118
10 6.3095734e-09 0.15010753 1 0.029206487 0.79392437
10 7.9432823e-07 0.15795959 1 0 0.0
10 7.9432823e-08 0.15037594 1 3.5772517e-06 0.22949702
10 7.9432823e-09 0.1522 1 0.039651292 0.85503561
1.4 1.2589254e-05 0.26694745 1 0 0.0
1.4 1.2589254e-06 0.26686747 1 6.1584291e-13 0.80351606
1.4 1.2589254e-07 0.26962457 1 0.073515693 0.84005195
1.4 1.2589254e-08 0.26429862 1 0.0030463313 0.83343398
1.4 1.5848932e-05 0.26787149 1 0 0.0
1.4 1.5848932e-06 0.26728296 1 2.6282752e-16 0.99999982
1.4 1.5848932e-07 0.26722925 1 0.064290323 0.87346774
1.4 1.5848932e-08 0.26931567 1 0.0041665996 0.84419827
1.4 1.9952623e-05 0.2652488 1 0 0.0
1.4 1.9952623e-06 0.26821923 1 5.299048e-26 0.9545148
1.4 1.9952623e-07 0.26625201 1 0.042501101 0.86571206
1.4 1.9952623e-08 0.2606255 1 0.0066013563 0.83376617
1.4 1e-05 0.27546715 1 0 0.0
1.4 1e-06 0.2693853 1 1.7782346e-09 0.98552288
1.4 1e-07 0.26227209 1 0.070740529 0.85139432
1.4 1e-08 0.26442791 1 0.0019546037 0.79972852
1.4 2.5118864e-05 0.26998795 1 0 0.0
1.4 2.5118864e-06 0.25912555 1 9.9240565e-46 0.84590164
1.4 2.5118864e-07 0.2716322 1 0.025056899 0.89184338
1.4 2.5118864e-08 0.26876756 1 0.011300423 0.76583844
1.4 3.1622777e-05 0.26953203 1 0 0.0
1.4 3.1622777e-06 0.26122535 1 0 0.0
1.4 3.1622777e-07 0.26776395 1 0.011011306 0.83418119
1.4 3.1622777e-08 0.2781457 1 0.014314739 0.84781793
1.4 3.1622777e-09 0.27637385 1 0.0001779478 0.84024406
1.4 3.9810717e-06 0.2643632 1 0 0.0
1.4 3.9810717e-07 0.27000402 1 0.0034328357 0.85205962
1.4 3.9810717e-08 0.26800401 1 0.023316162 0.84467044
1.4 3.9810717e-09 0.27784479 1 0.0002642579 0.84598374
1.4 5.0118723e-06 0.2734563 1 0 0.0
1.4 5.0118723e-07 0.26991772 1 0.00055190945 0.93371972
1.4 5.0118723e-08 0.2662116 1 0.035806373 0.83566412
1.4 5.0118723e-09 0.27093794 1 0.00049822085 0.80610289
1.4 6.3095734e-06 0.27894842 1 0 0.0
1.4 6.3095734e-07 0.26273566 1 4.3030446e-05 0.93288003
1.4 6.3095734e-08 0.27440369 1 0.047096043 0.87778844
1.4 6.3095734e-09 0.27624199 1 0.00073817799 0.83249257
1.4 7.9432823e-06 0.28106806 1 0 0.0
1.4 7.9432823e-07 0.27831325 1 5.9585554e-07 0.89057392
1.4 7.9432823e-08 0.27150322 1 0.063725341 0.85004936
1.4 7.9432823e-09 0.26073866 1 0.0010557131 0.79347303
1.5 1.2589254e-05 0.23416199 1 0 0.0
1.5 1.2589254e-06 0.23049147 1 1.733345e-17 0.99999919
1.5 1.2589254e-07 0.24202288 1 0.061405075 0.85666664
1.5 1.2589254e-08 0.22792937 1 0.0037967256 0.82585098
1.5 1.5848932e-05 0.23311285 1 0 0.0
1.5 1.5848932e-06 0.23414928 1 2.1856314e-22 0.99999673
1.5 1.5848932e-07 0.23695827 1 0.053443271 0.87562973
1.5 1.5848932e-08 0.22539172 1 0.0060411419 0.83771539
1.5 1.9952623e-05 0.24372112 1 0 0.0
1.5 1.9952623e-06 0.24362834 1 3.4539734e-41 0.0015763056
1.5 1.9952623e-07 0.23459763 1 0.033984626 0.87964565
1.5 1.9952623e-08 0.2418222 1 0.0091429612 0.83597925
1.5 1e-05 0.23555377 1 0 0.0
1.5 1e-06 0.23671013 1 5.8183111e-12 0.99954096
1.5 1e-08 0.23239013 1 0.0023830797 0.84891076
1.5 2.5118864e-05 0.23348725 1 0 0.0
1.5 2.5118864e-06 0.24498797 1 0 0.0
1.5 2.5118864e-07 0.23951856 1 0.016614703 0.86046064
1.5 2.5118864e-08 0.23770327 1 0.013309683 0.82105376
1.5 3.1622777e-05 0.23397436 1 0 0.0
1.5 3.1622777e-06 0.23756019 1 0 0.0
1.5 3.1622777e-07 0.2418222 1 0.0056857108 0.90992932
1.5 3.1622777e-08 0.23501103 1 0.019773404 0.81070005
1.5 3.1622777e-09 0.24353578 1 0.0002434037 0.8481305
1.5 3.9810717e-06 0.23117092 1 0 0.0
1.5 3.9810717e-07 0.2319102 1 0.0011664844 0.80143737
1.5 3.9810717e-08 0.23816212 1 0.029901153 0.86216348
1.5 3.9810717e-09 0.23390171 1 0.00039289923 0.83026533
1.5 5.0118723e-06 0.23069208 1 0 0.0
1.5 5.0118723e-07 0.23109328 1 0.00014055578 0.8180799
1.5 5.0118723e-08 0.23524398 1 0.040132193 0.86204437
1.5 5.0118723e-09 0.23354735 1 0.00056711726 0.78936607
1.5 6.3095734e-06 0.24031319 1 0 0.0
1.5 6.3095734e-07 0.24378508 1 4.7439112e-06 0.77548408
1.5 6.3095734e-08 0.23053892 1 0.056403188 0.87371585
1.5 6.3095734e-09 0.23314607 1 0.00096599051 0.80800094
1.5 7.9432823e-06 0.23916533 1 0 0.0
1.5 7.9432823e-07 0.23449107 1 6.984808e-08 0.89899745
1.5 7.9432823e-08 0.24297753 1 0.068863169 0.84977222
1.5 7.9432823e-09 0.22351525 1 0.001586289 0.82167496
1.6 1.2589254e-06 0.22669874 1 4.3333015e-18 0.99776082
1.6 1.2589254e-07 0.22217766 1 0.066398942 0.8902234
1.6 1.2589254e-08 0.2255473 1 0.004048282 0.75362135
1.6 1.5848932e-06 0.2243834 1 5.6764171e-29 0.39361351
1.6 1.5848932e-07 0.22398235 1 0.049868197 0.83048395
1.6 1.5848932e-08 0.21780987 1 0.0065859508 0.82980506
1.6 1.9952623e-06 0.22355769 1 2.5112876e-48 1
1.6 1.9952623e-07 0.22030498 1 0.027215144 0.89712532
1.6 1.9952623e-08 0.21843687 1 0.010272327 0.85031237
1.6 1e-06 0.23354735 1 8.1526413e-13 0.98605442
1.6 1e-07 0.2215761 1 0.063492061 0.86422007
1.6 1e-08 0.21434295 1 0.002729021 0.80236467
1.6 2.5118864e-06 0.2204882 1 0 0.0
1.6 2.5118864e-07 0.21937036 1 0.012402546 0.87220299
1.6 2.5118864e-08 0.2361668 1 0.015288978 0.87391794
1.6 3.1622777e-06 0.21458626 1 0 0.0
1.6 3.1622777e-07 0.21836776 1 0.0031856615 0.80553625
1.6 3.1622777e-08 0.21332531 1 0.024013733 0.8490008
1.6 3.1622777e-09 0.21055801 1 0.00029208131 0.84083265
1.6 3.9810717e-07 0.22677102 1 0.00056854541 0.60938298
1.6 3.9810717e-08 0.21738258 1 0.033266249 0.83074013
1.6 3.9810717e-09 0.22255669 1 0.00043943851 0.83362272
1.6 5.0118723e-07 0.22685371 1 4.5289251e-05 0.99027609
1.6 5.0118723e-08 0.22217758 1 0.044194965 0.814689
1.6 6.3095734e-07 0.22837648 1 3.0119592e-06 0.71642881
1.6 6.3095734e-08 0.22295673 1 0.059997159 0.89967823
1.6 6.3095734e-09 0.22351525 1 0.0010988487 0.85211392
1.6 7.9432823e-07 0.22398235 1 2.8234547e-10 0.99495266
1.6 7.9432823e-08 0.22006018 1 0.066771748 0.86905887
1.6 7.9432823e-09 0.21543086 1 0.001852346 0.78265635
1.7 1.2589254e-06 0.21872494 1 2.0502794e-21 0.9999242
1.7 1.2589254e-07 0.21391339 1 0.057995339 0.87921192
1.7 1.2589254e-08 0.21558806 1 0.0050135724 0.8191392
1.7 1.5848932e-06 0.21916984 1 3.8323013e-43 0.92281109
1.7 1.5848932e-07 0.21212771 1 0.040708167 0.86346423
1.7 1.5848932e-08 0.21467228 1 0.007655027 0.86692335
1.7 1.9952623e-06 0.21301301 1 0 0.0
1.7 1.9952623e-07 0.21471532 1 0.021862406 0.89279569
1.7 1.9952623e-08 0.21651965 1 0.011450612 0.83690572
1.7 1e-06 0.21571772 1 2.5556079e-15 0.9999976
1.7 1e-07 0.2093443 1 0.06942125 0.86447011
1.7 1e-08 0.21202405 1 0.0032876763 0.83240498
1.7 2.5118864e-06 0.20236426 1 0 0.0
1.7 2.5118864e-07 0.22558652 1 0.0077503855 0.88622412
1.7 2.5118864e-08 0.20637147 1 0.017228574 0.86076766
1.7 3.1622777e-06 0.21460088 1 0 0.0
1.7 3.1622777e-07 0.20809944 1 0.0016331039 0.88240875
1.7 3.1622777e-08 0.21238229 1 0.026926672 0.81305751
1.7 3.1622777e-09 0.21752205 1 0.00027581917 0.8711321
1.7 3.9810717e-07 0.21654647 1 0.00038970837 0.65137984
1.7 3.9810717e-08 0.20509222 1 0.031874 0.85365102
1.7 3.9810717e-09 0.2103469 1 0.00047853908 0.88573097
1.7 5.0118723e-07 0.22117506 1 1.5158556e-05 0.78692976
1.7 5.0118723e-08 0.21574519 1 0.04531086 0.84824704
1.7 5.0118723e-09 0.22001604 1 0.00079920666 0.81046471
1.7 6.3095734e-07 0.21311147 1 6.7975213e-07 0.8901268
1.7 6.3095734e-08 0.21402806 1 0.059481455 0.87923367
1.7 6.3095734e-09 0.21176942 1 0.0012639258 0.83629011
1.7 7.9432823e-07 0.21950731 1 1.9476245e-10 0.93117087
1.7 7.9432823e-08 0.20693109 1 0.066372882 0.87849887
1.7 7.9432823e-09 0.22248948 1 0.0021461581 0.78040522
1.8 1.2589254e-06 0.20838347 1 1.3601844e-22 1
1.8 1.2589254e-07 0.22668004 1 0.057959385 0.8912473
1.8 1.2589254e-08 0.21389946 1 0.0051585648 0.8229639
1.8 1.5848932e-06 0.22794707 1 5.4753079e-38 1
1.8 1.5848932e-07 0.21435733 1 0.038067493 0.85010863
1.8 1.5848932e-08 0.22518548 1 0.0077667415 0.85359154
1.8 1.9952623e-06 0.21741742 1 0 0.0
1.8 1.9952623e-07 0.21981982 1 0.019513462 0.9175766
1.8 1.9952623e-08 0.21603206 1 0.012427393 0.84755437
1.8 1e-06 0.22395833 1 1.142219e-15 0.99998789
1.8 1e-07 0.23311285 1 0.060628458 0.89179756
1.8 1e-08 0.22380336 1 0.0029911532 0.89020216
1.8 2.5118864e-06 0.22402402 1 0 0.0
1.8 2.5118864e-07 0.21705115 1 0.0060742279 0.90650066
1.8 2.5118864e-08 0.23692123 1 0.019136473 0.84949616
1.8 3.1622777e-06 0.22864019 1 0 0.0
1.8 3.1622777e-07 0.22700862 1 0.0015294675 0.86362426
1.8 3.1622777e-08 0.2153877 1 0.027454259 0.83338153
1.8 3.1622777e-09 0.22271268 1 0.00032879399 0.7805648
1.8 3.9810717e-07 0.23604978 1 0.00013963158 0.92094055
1.8 3.9810717e-08 0.20797435 1 0.034710355 0.85271257
1.8 3.9810717e-09 0.22615933 1 0.00054752355 0.8572886
1.8 5.0118723e-07 0.22640753 1 1.0353555e-05 0.97286988
1.8 5.0118723e-08 0.22260068 1 0.051235363 0.87767502
1.8 5.0118723e-09 0.21748935 1 0.00089438934 0.80546162
1.8 6.3095734e-07 0.22177581 1 6.0015094e-08 0.73829084
1.8 6.3095734e-08 0.23260477 1 0.060131185 0.87133855
1.8 6.3095734e-09 0.22839382 1 0.0012506897 0.82981089
1.8 7.9432823e-07 0.22277923 1 1.9763899e-10 0.99999762
1.8 7.9432823e-08 0.22248948 1 0.066879337 0.87102816
1.8 7.9432823e-09 0.21923551 1 0.0020985833 0.87634039
1.9 1.2589254e-06 0.2538122 1 5.1999519e-23 0.98731749
1.9 1.2589254e-07 0.24904752 1 0.055503555 0.91072366
1.9 1.2589254e-08 0.24983433 1 0.0049137186 0.86511499
1.9 1.5848932e-06 0.24093005 1 1.7169523e-38 0.99839777
1.9 1.5848932e-07 0.24578652 1 0.040400349 0.91292785
1.9 1.5848932e-08 0.25280449 1 0.0071919658 0.86004774
1.9 1.9952623e-06 0.25195273 1 0 0.0
1.9 1.9952623e-07 0.24929803 1 0.01897656 0.92156661
1.9 1.9952623e-08 0.24959872 1 0.011931685 0.83823973
1.9 1e-06 0.24824544 1 2.4045993e-18 0.73904474
1.9 1e-07 0.24398074 1 0.064930158 0.89213128
1.9 1e-08 0.24498797 1 0.0029602785 0.84727858
1.9 2.5118864e-06 0.24889691 1 0 0.0
1.9 2.5118864e-07 0.24869844 1 0.0078049803 0.83314174
1.9 2.5118864e-08 0.24754263 1 0.018039248 0.84928917
1.9 3.1622777e-06 0.25205534 1 0 0.0
1.9 3.1622777e-07 0.24353578 1 0.0014378033 0.92928264
1.9 3.1622777e-08 0.2441371 1 0.025613216 0.89527564
1.9 3.1622777e-09 0.25560448 1 0.00032601117 0.80937264
1.9 3.9810717e-07 0.25506723 1 0.0001886374 0.82501889
1.9 3.9810717e-08 0.24343293 1 0.039164384 0.81643829
1.9 3.9810717e-09 0.25555778 1 0.00049733865 0.87211869
1.9 5.0118723e-07 0.24764765 1 3.7074463e-06 0.98587029
1.9 5.0118723e-08 0.23957498 1 0.048463762 0.83903134
1.9 5.0118723e-09 0.24564216 1 0.0007890755 0.82759114
1.9 6.3095734e-07 0.24488568 1 4.5353093e-08 0.99870679
1.9 6.3095734e-08 0.24438653 1 0.064136912 0.89505247
1.9 6.3095734e-09 0.24809619 1 0.001301128 0.86678347
1.9 7.9432823e-07 0.25561798 1 3.9680341e-10 0.98561415
1.9 7.9432823e-08 0.25 1 0.06808847 0.85721337
1.9 7.9432823e-09 0.25225587 1 0.0020124698 0.85355917
2 1.2589254e-06 0.22842843 1 1.0588907e-29 0.9989739
2 1.2589254e-07 0.2425822 1 0.050105733 0.9175551
2 1.2589254e-08 0.25060096 1 0.0056677179 0.82874565
2 1.5848932e-06 0.23617788 1 1.0448053e-43 0.99921507
2 1.5848932e-07 0.24954937 1 0.031012317 0.87187683
2 1.5848932e-08 0.24169003 1 0.0081318604 0.87586767
2 1.9952623e-06 0.2328987 1 0 0.0
2 1.9952623e-07 0.24451341 1 0.013661356 0.89714861
2 1.9952623e-08 0.24388778 1 0.011885242 0.87147406
2 1e-06 0.23733227 1 2.5808805e-16 0.97740979
2 1e-07 0.24594432 1 0.062644899 0.88675826
2 1e-08 0.23758013 1 0.003549026 0.88378176
2 2.5118864e-06 0.23732211 1 0 0.0
2 2.5118864e-07 0.24624324 1 0.0034217657 0.8974747
2 2.5118864e-08 0.23414928 1 0.021080927 0.85933678
2 3.1622777e-06 0.23078463 1 0 0.0
2 3.1622777e-07 0.23456295 1 0.0009380188 0.82316409
2 3.1622777e-08 0.24097111 1 0.027757662 0.86562484
2 3.1622777e-09 0.22865731 1 0.00032933904 0.855223
2 3.9810717e-07 0.2387252 1 8.3173836e-05 0.94149244
2 3.9810717e-08 0.23064581 1 0.039488485 0.87268802
2 3.9810717e-09 0.23838141 1 0.00056520447 0.85674371
2 5.0118723e-07 0.24649299 1 5.365501e-07 0.97013736
2 5.0118723e-08 0.24844596 1 0.054462907 0.90016795
2 5.0118723e-09 0.22786647 1 0.00096269398 0.89721165
2 6.3095734e-07 0.22825651 1 2.8097166e-08 0.97977817
2 6.3095734e-08 0.23892564 1 0.067314213 0.87754081
2 6.3095734e-09 0.24077787 1 0.0013013116 0.86094854
2 7.9432823e-07 0.24193225 1 5.6420027e-12 0.99999996
2 7.9432823e-08 0.24273401 1 0.061628083 0.87174134
2 7.9432823e-09 0.23327994 1 0.0021656873 0.85069606
2.1 1.2589254e-06 0.23927856 1 1.3900097e-28 1
2.1 1.2589254e-07 0.22965932 1 0.046818904 0.90546966
2.1 1.2589254e-08 0.22743131 1 0.0064849312 0.86508071
2.1 1.5848932e-06 0.23486974 1 8.4890948e-47 0
2.1 1.5848932e-07 0.23582448 1 0.025479795 0.89293954
2.1 1.5848932e-08 0.24117883 1 0.0093487181 0.88344652
2.1 1.9952623e-06 0.22918335 1 0 0.0
2.1 1.9952623e-07 0.24163494 1 0.010940512 0.91184787
2.1 1.9952623e-08 0.21709212 1 0.014709716 0.86839032
2.1 1e-06 0.23170976 1 1.3057102e-21 0.99999961
2.1 1e-07 0.23116987 1 0.063366427 0.87266264
2.1 1e-08 0.23772299 1 0.0039786419 0.83476014
2.1 2.5118864e-06 0.23848618 1 0 0.0
2.1 2.5118864e-07 0.22001604 1 0.0029779144 0.94131115
2.1 2.5118864e-08 0.23232526 1 0.021189524 0.84951014
2.1 3.1622777e-06 0.23231108 1 0 0.0
2.1 3.1622777e-07 0.22455929 1 0.00057238348 0.84217165
2.1 3.1622777e-08 0.23382088 1 0.031856544 0.86009294
2.1 3.1622777e-09 0.2398317 1 0.000383958 0.86713539
2.1 3.9810717e-07 0.24103386 1 2.5220689e-05 0.88214427
2.1 3.9810717e-08 0.2330797 1 0.039756802 0.8473157
2.1 3.9810717e-09 0.23283283 1 0.00065496328 0.79645996
2.1 5.0118723e-07 0.23146679 1 4.4320134e-07 0.99868199
2.1 5.0118723e-08 0.24017642 1 0.054971289 0.86825856
2.1 5.0118723e-09 0.2315874 1 0.00093191207 0.84488221
2.1 6.3095734e-07 0.22876603 1 2.8360582e-09 0.99984743
2.1 6.3095734e-08 0.22378183 1 0.067228972 0.89260013
2.1 6.3095734e-09 0.23080008 1 0.0016160659 0.84241397
2.1 7.9432823e-07 0.22821078 1 1.9449876e-14 1
2.1 7.9432823e-08 0.23797113 1 0.069156925 0.89890403
2.1 7.9432823e-09 0.23532946 1 0.0025233247 0.84746467
2.2 1.2589254e-06 0.23012217 1 4.5800979e-36 0.99999977
2.2 1.2589254e-07 0.22269174 1 0.042083764 0.90505592
2.2 1.2589254e-08 0.23026052 1 0.0062848966 0.84294943
2.2 1.5848932e-06 0.23652034 1 0 0.0
2.2 1.5848932e-07 0.22551572 1 0.021234853 0.87179088
2.2 1.5848932e-08 0.22945892 1 0.010236712 0.87932509
2.2 1.9952623e-06 0.22694467 1 0 0.0
2.2 1.9952623e-07 0.23312638 1 0.0076944571 0.94457496
2.2 1.9952623e-08 0.22796474 1 0.017425837 0.88228244
2.2 1e-06 0.22629786 1 8.3750652e-27 0.99806917
2.2 1e-07 0.21598878 1 0.061907146 0.91385715
2.2 1e-08 0.22714515 1 0.0041036024 0.85506233
2.2 2.5118864e-06 0.22215545 1 0 0.0
2.2 2.5118864e-07 0.23548258 1 0.0014297977 0.88326479
2.2 2.5118864e-08 0.23332666 1 0.022792661 0.84563606
2.2 3.1622777e-06 0.21908198 1 0 0.0
2.2 3.1622777e-07 0.23247897 1 0.00023034772 0.93820538
2.2 3.1622777e-08 0.24411567 1 0.032746752 0.85146934
2.2 3.1622777e-09 0.2267174 1 0.00044742174 0.85641514
2.2 3.9810717e-07 0.22533005 1 5.0559901e-06 0.88946096
2.2 3.9810717e-08 0.22486984 1 0.043183118 0.86117084
2.2 3.9810717e-09 0.22297975 1 0.00065603854 0.81171743
2.2 5.0118723e-07 0.22967561 1 3.5371922e-07 0.94032072
2.2 5.0118723e-08 0.24113759 1 0.061731873 0.88973495
2.2 5.0118723e-09 0.23052273 1 0.001003801 0.84893708
2.2 6.3095734e-07 0.22304609 1 5.3566979e-11 0.99158873
2.2 6.3095734e-08 0.21985958 1 0.065513848 0.90261368
2.2 6.3095734e-09 0.23146714 1 0.0016911508 0.82983387
2.2 7.9432823e-07 0.23267922 1 1.8029086e-16 0.4139533
2.2 7.9432823e-08 0.21908198 1 0.062206154 0.88540563
2.2 7.9432823e-09 0.23423423 1 0.0026068593 0.81686726
2.3 1.2589254e-06 0.23826715 1 2.8918323e-38 1
2.3 1.2589254e-07 0.22779226 1 0.034929886 0.90451537
2.3 1.2589254e-08 0.22603289 1 0.0072774188 0.88982798
2.3 1.5848932e-06 0.23778045 1 0 0.0
2.3 1.5848932e-07 0.21794872 1 0.020083732 0.88089516
2.3 1.5848932e-08 0.22996795 1 0.011559856 0.85913082
2.3 1.9952623e-06 0.22357886 1 0 0.0
2.3 1.9952623e-07 0.22913748 1 0.0053353039 0.88026892
2.3 1.9952623e-08 0.22518014 1 0.01610164 0.88894003
2.3 1e-06 0.22885772 1 6.468868e-23 1
2.3 1e-07 0.23542376 1 0.054264748 0.92047945
2.3 1e-08 0.22978383 1 0.0042288203 0.87879759
2.3 2.5118864e-06 0.21999599 1 0 0.0
2.3 2.5118864e-07 0.22164329 1 0.00109326 0.92495238
2.3 2.5118864e-08 0.22130983 1 0.023672419 0.82970872
2.3 3.1622777e-06 0.23323323 1 0 0.0
2.3 3.1622777e-07 0.22691768 1 0.00018410466 0.85684148
2.3 3.1622777e-08 0.22680825 1 0.034823261 0.87282614
2.3 3.1622777e-09 0.22435897 1 0.00051342761 0.83088711
2.3 3.9810717e-07 0.23654193 1 1.3083793e-05 0.66689921
2.3 3.9810717e-08 0.22344689 1 0.046242885 0.86623667
2.3 3.9810717e-09 0.22284569 1 0.00073057716 0.83564669
2.3 5.0118723e-07 0.22886109 1 3.8592328e-08 0.64301713
2.3 5.0118723e-08 0.23261871 1 0.056162802 0.8960932
2.3 5.0118723e-09 0.2319102 1 0.0013166169 0.84584376
2.3 6.3095734e-07 0.22699017 1 7.1884843e-11 0.98381271
2.3 6.3095734e-08 0.22032879 1 0.065620957 0.88241288
2.3 6.3095734e-09 0.22598078 1 0.0019775851 0.84223425
2.3 7.9432823e-07 0.21703407 1 2.2290888e-16 0.99999986
2.3 7.9432823e-08 0.22918335 1 0.066856821 0.93746527
2.3 7.9432823e-09 0.21781782 1 0.0030281523 0.86359538
2.4 1.2589254e-06 0.23802845 1 1.0353516e-40 0.99999441
2.4 1.2589254e-07 0.2319567 1 0.034925152 0.919112
2.4 1.2589254e-08 0.22148727 1 0.0072237701 0.87173658
2.4 1.5848932e-06 0.21674679 1 0 0.0
2.4 1.5848932e-07 0.2421875 1 0.017385876 0.88180781
2.4 1.5848932e-08 0.22126552 1 0.012102561 0.86107035
2.4 1.9952623e-06 0.22240032 1 0 0.0
2.4 1.9952623e-07 0.21961962 1 0.00489723 0.89305433
2.4 1.9952623e-08 0.23206413 1 0.016698369 0.86744223
2.4 1e-06 0.22640753 1 2.2941721e-24 0.99999999
2.4 1e-07 0.23352694 1 0.053534373 0.88344413
2.4 1e-08 0.2252505 1 0.0048313788 0.89420115
2.4 2.5118864e-06 0.22182182 1 0 0.0
2.4 2.5118864e-07 0.22736378 1 0.0008121489 0.91675362
2.4 2.5118864e-08 0.21759166 1 0.026739807 0.883874
2.4 3.1622777e-06 0.22609741 1 0 0.0
2.4 3.1622777e-07 0.23852475 1 7.41889e-05 0.90948817
2.4 3.1622777e-08 0.22380285 1 0.035663449 0.83114499
2.4 3.1622777e-09 0.22393436 1 0.00047423377 0.8861791
2.4 3.9810717e-07 0.22527032 1 1.2726575e-06 0.92044462
2.4 3.9810717e-08 0.22680825 1 0.046905938 0.88346239
2.4 3.9810717e-09 0.23452834 1 0.00076286963 0.86047125
2.4 5.0118723e-07 0.22547056 1 1.4509618e-08 0.99800182
2.4 5.0118723e-08 0.22779226 1 0.06062393 0.88218541
2.4 5.0118723e-09 0.23072301 1 0.0012554722 0.84539231
2.4 6.3095734e-07 0.22022022 1 6.3982677e-12 0.99999716
2.4 6.3095734e-08 0.23081547 1 0.062868631 0.90481543
2.4 6.3095734e-09 0.21910675 1 0.002182661 0.86245424
2.4 7.9432823e-07 0.23383383 1 9.0302056e-17 0.76465947
2.4 7.9432823e-08 0.21952804 1 0.060490953 0.92079641
2.4 7.9432823e-09 0.22992189 1 0.0028152742 0.88661794
2.5 1.2589254e-06 0.23406814 1 1.1397547e-46 1
2.5 1.2589254e-07 0.2252505 1 0.030959543 0.92380337
2.5 1.2589254e-08 0.23326653 1 0.0083299643 0.83178798
2.5 1.5848932e-06 0.23602484 1 0 0.0
2.5 1.5848932e-07 0.22488789 1 0.012724513 0.86853492
2.5 1.5848932e-08 0.22984356 1 0.012335411 0.87251344
2.5 1.9952623e-06 0.23238591 1 0 0.0
2.5 1.9952623e-07 0.221666 1 0.0042007968 0.940068
2.5 1.9952623e-08 0.21859347 1 0.017033121 0.93678129
2.5 1e-06 0.23372722 1 6.325011e-33 0.99999998
2.5 1e-07 0.23010623 1 0.048870821 0.91785949
2.5 1e-08 0.22242242 1 0.0046302333 0.869137
2.5 2.5118864e-06 0.22879487 1 0 0.0
2.5 2.5118864e-07 0.2340904 1 0.00071703817 0.72769764
2.5 2.5118864e-08 0.22182182 1 0.027254746 0.87310884
2.5 3.1622777e-06 0.23438751 1 0 0.0
2.5 3.1622777e-07 0.21846215 1 3.5327263e-05 0.91440131
2.5 3.1622777e-08 0.22969188 1 0.038520819 0.8696918
2.5 3.1622777e-09 0.22927513 1 0.00051556684 0.86246637
2.5 3.9810717e-07 0.22289036 1 2.527578e-06 0.69386445
2.5 3.9810717e-08 0.234375 1 0.052972617 0.89590072
2.5 3.9810717e-09 0.22639413 1 0.00091329149 0.82555713
2.5 5.0118723e-07 0.21843687 1 3.5431971e-10 0.98703161
2.5 5.0118723e-08 0.22516026 1 0.060499189 0.8997038
2.5 5.0118723e-09 0.22967561 1 0.0013873758 0.85100653
2.5 6.3095734e-07 0.23642557 1 2.2976747e-13 0.99997495
2.5 6.3095734e-08 0.23263263 1 0.062118769 0.89237942
2.5 6.3095734e-09 0.23147777 1 0.0019553016 0.86269015
2.5 7.9432823e-07 0.2177484 1 1.4332319e-21 0.999265
2.5 7.9432823e-08 0.224093 1 0.068476541 0.88050777
2.5 7.9432823e-09 0.22821078 1 0.003216468 0.90704635
2.6 1.2589254e-06 0.21781782 1 2.7047121e-46 1
2.6 1.2589254e-07 0.23346693 1 0.028022339 0.91457151
2.6 1.2589254e-08 0.23047657 1 0.0084001392 0.87448228
2.6 1.5848932e-06 0.22558652 1 0 0.0
2.6 1.5848932e-07 0.2236684 1 0.012210411 0.90682795
2.6 1.5848932e-08 0.22268992 1 0.01213254 0.8952405
2.6 1.9952623e-06 0.23247897 1 0 0.0
2.6 1.9952623e-07 0.23703704 1 0.0032670161 0.89890352
2.6 1.9952623e-08 0.21341341 1 0.019441282 0.90065222
2.6 1e-06 0.22676664 1 5.2058749e-29 1
2.6 1e-07 0.21505807 1 0.043342213 0.90385232
2.6 1e-08 0.23628354 1 0.0057458364 0.87813404
2.6 2.5118864e-06 0.22716346 1 0 0.0
2.6 2.5118864e-07 0.21196958 1 0.00050357156 0.93452328
2.6 2.5118864e-08 0.23160217 1 0.026560387 0.8683246
2.6 3.1622777e-06 0.22598078 1 0 0.0
2.6 3.1622777e-07 0.23318655 1 2.5852527e-05 0.85911293
2.6 3.1622777e-08 0.2323394 1 0.037192188 0.87075502
2.6 3.1622777e-09 0.21963928 1 0.00059059631 0.85992795
2.6 3.9810717e-07 0.22075321 1 3.0185833e-07 0.92500154
2.6 3.9810717e-08 0.22896635 1 0.050924986 0.87397351
2.6 3.9810717e-09 0.21850591 1 0.00093779311 0.85743455
2.6 5.0118723e-07 0.22157726 1 2.5258167e-09 0.99242328
2.6 5.0118723e-08 0.22400321 1 0.059661012 0.89323206
2.6 5.0118723e-09 0.23476343 1 0.001237743 0.90319665
2.6 6.3095734e-07 0.21826191 1 7.106081e-15 0.49935295
2.6 6.3095734e-08 0.22947537 1 0.067113821 0.91169911
2.6 6.3095734e-09 0.22062062 1 0.0024215065 0.85944086
2.6 7.9432823e-07 0.22008419 1 1.5258757e-22 0.96760929
2.6 7.9432823e-08 0.23497596 1 0.065563431 0.88041654
2.6 7.9432823e-09 0.23343708 1 0.0036306092 0.89247105
2.7 1.2589254e-06 0.23132385 1 0 0.0
2.7 1.2589254e-07 0.23334 1 0.026444543 0.91280695
2.7 1.2589254e-08 0.23378703 1 0.008677651 0.86895508
2.7 1.5848932e-06 0.22707249 1 0 0.0
2.7 1.5848932e-07 0.22400321 1 0.0098662406 0.9375048
2.7 1.5848932e-08 0.23132385 1 0.013297685 0.81317871
2.7 1.9952623e-06 0.22945892 1 0 0.0
2.7 1.9952623e-07 0.23127753 1 0.0022985503 0.87312559
2.7 1.9952623e-08 0.22482482 1 0.019846181 0.88468706
2.7 1e-06 0.23676824 1 1.7327706e-36 0.89243904
2.7 1e-07 0.22222222 1 0.04323809 0.90195265
2.7 1e-08 0.22885772 1 0.0056011205 0.85525129
2.7 2.5118864e-06 0.23882989 1 0 0.0
2.7 2.5118864e-07 0.23687375 1 0.0003937123 0.93629936
2.7 2.5118864e-08 0.2319102 1 0.026848414 0.89581716
2.7 3.1622777e-06 0.24122719 1 0 0.0
2.7 3.1622777e-07 0.24243639 1 1.2030346e-05 0.62531131
2.7 3.1622777e-08 0.2246696 1 0.038482241 0.87803309
2.7 3.1622777e-09 0.22511416 1 0.00063752462 0.86684722
2.7 3.9810717e-07 0.23657853 1 2.5277181e-07 0.99256372
2.7 3.9810717e-08 0.23047657 1 0.047089587 0.92478445
2.7 3.9810717e-09 0.23152413 1 0.00097555488 0.84930082
2.7 5.0118723e-07 0.21883768 1 2.3384802e-10 0.99785272
2.7 5.0118723e-08 0.22956731 1 0.0633829 0.91460099
2.7 5.0118723e-09 0.23803804 1 0.0015246927 0.86932581
2.7 6.3095734e-07 0.22821078 1 4.9925806e-13 1
2.7 6.3095734e-08 0.22959695 1 0.062709186 0.88992825
2.7 6.3095734e-09 0.24228457 1 0.0023127544 0.80690447
2.7 7.9432823e-07 0.22818255 1 1.1328222e-19 0.99999746
2.7 7.9432823e-08 0.23212497 1 0.060802245 0.9138097
2.7 7.9432823e-09 0.24213269 1 0.0037806836 0.8624798
2.8 1.2589254e-06 0.23576584 1 0 0.0
2.8 1.2589254e-07 0.24964937 1 0.021907801 0.8929258
2.8 1.2589254e-08 0.24644645 1 0.0091021128 0.90273446
2.8 1.5848932e-06 0.24319456 1 0 0.0
2.8 1.5848932e-07 0.22905812 1 0.0079395259 0.87539523
2.8 1.5848932e-08 0.24113759 1 0.014642433 0.87304327
2.8 1.9952623e-06 0.23146293 1 0 0.0
2.8 1.9952623e-07 0.24914881 1 0.0018216834 0.88140447
2.8 1.9952623e-08 0.24223602 1 0.02138567 0.88350669
2.8 1e-06 0.22930447 1 7.9547728e-34 1
2.8 1e-07 0.24079263 1 0.045722034 0.92003587
2.8 1e-08 0.23648378 1 0.0060583082 0.87738807
2.8 2.5118864e-06 0.24061708 1 0 0.0
2.8 2.5118864e-07 0.24153815 1 0.00029918227 0.96447747
2.8 2.5118864e-08 0.23868642 1 0.030143507 0.91368574
2.8 3.1622777e-06 0.23442196 1 0 0.0
2.8 3.1622777e-07 0.23238591 1 1.4926138e-05 0.97121118
2.8 3.1622777e-08 0.23928714 1 0.039365513 0.89439222
2.8 3.1622777e-09 0.24664665 1 0.00064645975 0.88035503
2.8 3.9810717e-07 0.23763764 1 1.3667933e-07 0.99996079
2.8 3.9810717e-08 0.23498799 1 0.053617806 0.8836651
2.8 3.9810717e-09 0.24294012 1 0.0010506414 0.83853551
2.8 5.0118723e-07 0.24079263 1 4.1055293e-10 0.76906115
2.8 5.0118723e-08 0.24124124 1 0.059662637 0.88870741
2.8 5.0118723e-09 0.24294577 1 0.0014358161 0.89215999
2.8 6.3095734e-07 0.24394152 1 1.1196619e-13 0.99999993
2.8 6.3095734e-08 0.2339275 1 0.06615024 0.91096769
2.8 6.3095734e-09 0.23536488 1 0.0024402244 0.84991064
2.8 7.9432823e-07 0.24340771 1 1.6223543e-19 0.99934596
2.8 7.9432823e-08 0.23867735 1 0.055889864 0.90338891
2.8 7.9432823e-09 0.24349219 1 0.0041802321 0.86534727
2.9 1.2589254e-06 0.22782783 1 0 0.0
2.9 1.2589254e-07 0.22793676 1 0.022577482 0.90538353
2.9 1.2589254e-08 0.23855913 1 0.0098668808 0.8736927
2.9 1.5848932e-06 0.23943944 1 0 0.0
2.9 1.5848932e-07 0.23862953 1 0.0067709069 0.92257278
2.9 1.5848932e-08 0.22727273 1 0.013262903 0.88433463
2.9 1.9952623e-06 0.24104104 1 0 0.0
2.9 1.9952623e-07 0.23683684 1 0.0013835805 0.94857735
2.9 1.9952623e-08 0.23828594 1 0.020841973 0.88198699
2.9 1e-06 0.22455929 1 4.1280882e-33 0.99999999
2.9 1e-07 0.23397436 1 0.035795838 0.90670778
2.9 1e-08 0.23331241 1 0.0063496702 0.87535526
2.9 2.5118864e-06 0.24594432 1 0 0.0
2.9 2.5118864e-07 0.2451432 1 0.00012875845 0.92850943
2.9 2.5118864e-08 0.22745491 1 0.032078214 0.85646816
2.9 3.1622777e-06 0.22867441 1 0 0.0
2.9 3.1622777e-07 0.24059247 1 3.029006e-06 0.99831641
2.9 3.1622777e-08 0.2440525 1 0.042091361 0.8745182
2.9 3.1622777e-09 0.2338079 1 0.00072486793 0.88824882
2.9 3.9810717e-07 0.22909164 1 1.9721955e-07 0.99864902
2.9 3.9810717e-08 0.23899119 1 0.050594455 0.89599485
2.9 3.9810717e-09 0.23618895 1 0.0010643554 0.84122201
2.9 5.0118723e-07 0.24138622 1 6.2841134e-12 0.999662
2.9 5.0118723e-08 0.24699278 1 0.058832473 0.87834316
2.9 5.0118723e-09 0.2366659 1 0.0017758704 0.86466366
2.9 6.3095734e-07 0.22771881 1 5.9777399e-15 0.99997637
2.9 6.3095734e-08 0.24279424 1 0.064611107 0.90743142
2.9 6.3095734e-09 0.23834301 1 0.0024741342 0.86626005
2.9 7.9432823e-07 0.24047333 1 5.703001e-24 1
2.9 7.9432823e-08 0.22231124 1 0.05650412 0.92360799
2.9 7.9432823e-09 0.23403403 1 0.0042521011 0.83948239
3 1.2589254e-07 0.29513124 1 0.018532349 0.89209779
3 1.2589254e-08 0.30837004 1 0.010862762 0.88088856
3 1.5848932e-07 0.29046474 1 0.0074018957 0.92064428
3 1.5848932e-08 0.3125 1 0.015509615 0.83353809
3 1.9952623e-07 0.30158095 1 0.0015327369 0.84702314
3 1.9952623e-08 0.3035035 1 0.022700541 0.87105644
3 1e-06 0.2988989 1 3.0005058e-40 1
3 1e-07 0.30622872 1 0.035810199 0.89826313
3 1e-08 0.30634671 1 0.0070341761 0.88682747
3 2.5118864e-07 0.3085554 1 9.2630324e-05 0.82703782
3 2.5118864e-08 0.3021626 1 0.030441666 0.87137915
3 3.1622777e-07 0.30877052 1 3.2904525e-06 0.87863845
3 3.1622777e-08 0.30803124 1 0.041875722 0.89472685
3 3.1622777e-09 0.29581414 1 0.00076959652 0.87794152
3 3.9810717e-07 0.29895875 1 3.169977e-08 0.98025772
3 3.9810717e-08 0.30418251 1 0.056563837 0.88325027
3 3.9810717e-09 0.29561386 1 0.0011162665 0.81146485
3 5.0118723e-07 0.29853737 1 6.7277585e-12 0.96128642
3 5.0118723e-08 0.29000601 1 0.069908182 0.87582825
3 5.0118723e-09 0.29781694 1 0.0016427045 0.84658991
3 6.3095734e-07 0.3014553 1 1.8455249e-16 0.79640958
3 6.3095734e-08 0.29753556 1 0.065116737 0.90820288
3 6.3095734e-09 0.29927885 1 0.0027389244 0.84351791
3 7.9432823e-07 0.29069069 1 3.0238327e-26 0.096742102
3 7.9432823e-08 0.29467374 1 0.04897929 0.92353401
3 7.9432823e-09 0.28774529 1 0.0041615484 0.83639153
3.1 1.2589254e-07 0.2390869 1 0.014346191 0.93132036
3.1 1.2589254e-08 0.23032245 1 0.011272713 0.89350965
3.1 1.5848932e-07 0.24929916 1 0.004674261 0.9391124
3.1 1.5848932e-08 0.22802803 1 0.015484862 0.86050282
3.1 1.9952623e-07 0.24804805 1 0.0010424395 0.950178
3.1 1.9952623e-08 0.23004601 1 0.022033304 0.84311015
3.1 1e-06 0.27283654 1 1.1214503e-45 1
3.1 1e-07 0.24854913 1 0.034195925 0.92721207
3.1 1e-08 0.24213899 1 0.0069609785 0.82357191
3.1 2.5118864e-07 0.26316844 1 7.0780874e-05 0.9484508
3.1 2.5118864e-08 0.24844845 1 0.03266179 0.88227629
3.1 3.1622777e-07 0.2646234 1 5.6451115e-06 0.99813165
3.1 3.1622777e-08 0.23988787 1 0.047328325 0.86210419
3.1 3.1622777e-09 0.23828594 1 0.00074226273 0.87827954
3.1 3.9810717e-07 0.25796115 1 9.350242e-09 0.16820127
3.1 3.9810717e-08 0.23943098 1 0.06180387 0.87736248
3.1 3.9810717e-09 0.24174505 1 0.0011534172 0.8382547
3.1 5.0118723e-07 0.26406406 1 1.6930151e-12 0.99999951
3.1 5.0118723e-08 0.23287946 1 0.062220629 0.91481874
3.1 5.0118723e-09 0.23083759 1 0.0017822666 0.84001625
3.1 6.3095734e-07 0.24499199 1 2.7850562e-19 0.99994782
3.1 6.3095734e-08 0.24739792 1 0.064874581 0.87323009
3.1 6.3095734e-09 0.24574745 1 0.002922202 0.90142582
3.1 7.9432823e-07 0.27205441 1 1.4271828e-26 1
3.1 7.9432823e-08 0.2394958 1 0.051495417 0.88947248
3.1 7.9432823e-09 0.22921258 1 0.004704638 0.87588438
3.2 1.2589254e-07 0.24819856 1 0.013825376 0.95751941
3.2 1.2589254e-08 0.23607071 1 0.010904547 0.8642607
3.2 1.5848932e-07 0.244996 1 0.0036754379 0.89277847
3.2 1.5848932e-08 0.23898237 1 0.016342837 0.86322955
3.2 1.9952623e-07 0.23383383 1 0.00071402521 0.94590516
3.2 1.9952623e-08 0.24329732 1 0.023857953 0.88540848
3.2 1e-06 0.24059247 1 1.2380921e-41 1
3.2 1e-07 0.22647177 1 0.030589812 0.87992613
3.2 1e-08 0.22962963 1 0.0072500285 0.85116321
3.2 2.5118864e-07 0.22404481 1 3.5411951e-05 0.56755215
3.2 2.5118864e-08 0.22126552 1 0.035062984 0.84234779
3.2 3.1622777e-07 0.23498516 1 2.8705689e-07 0.86514536
3.2 3.1622777e-08 0.24003206 1 0.046714373 0.8822625
3.2 3.1622777e-09 0.23443443 1 0.00073693778 0.87953531
3.2 3.9810717e-07 0.23267922 1 6.1017028e-09 0.99981767
3.2 3.9810717e-08 0.23364738 1 0.059867098 0.93324724
3.2 3.9810717e-09 0.23588306 1 0.001357052 0.8555296
3.2 5.0118723e-07 0.23237179 1 1.0660288e-13 0.99999987
3.2 5.0118723e-08 0.22718175 1 0.06325645 0.87523478
3.2 5.0118723e-09 0.23963964 1 0.0017941047 0.85862032
3.2 6.3095734e-07 0.23819055 1 7.0101375e-18 0.99999999
3.2 6.3095734e-08 0.24124124 1 0.062266525 0.89922597
3.2 6.3095734e-09 0.23758013 1 0.0031825719 0.85579304
3.2 7.9432823e-07 0.24229692 1 9.7800804e-31 1
3.2 7.9432823e-08 0.23569428 1 0.049023258 0.87104167
3.2 7.9432823e-09 0.23753255 1 0.0046109802 0.87563192
3.3 1.2589254e-07 0.22431404 1 0.012029125 0.91351793
3.3 1.2589254e-08 0.23785558 1 0.011537212 0.87728061
3.3 1.5848932e-07 0.23643644 1 0.0029970152 0.91831923
3.3 1.5848932e-08 0.2334934 1 0.015144305 0.89832821
3.3 1.9952623e-07 0.24724725 1 0.00058744107 0.95800887
3.3 1.9952623e-08 0.2429944 1 0.02680259 0.87445217
3.3 1e-06 0.2412083 1 5.7623488e-47 1
3.3 1e-07 0.23664733 1 0.028064516 0.87821854
3.3 1e-08 0.22558046 1 0.0081161258 0.85814763
3.3 2.5118864e-07 0.23637821 1 3.4504263e-05 0.91838475
3.3 2.5118864e-08 0.23143143 1 0.036158953 0.88013919
3.3 3.1622777e-07 0.24253956 1 9.3523326e-07 0.98497388
3.3 3.1622777e-08 0.23943944 1 0.04883128 0.90280201
3.3 3.1622777e-09 0.23309324 1 0.00079145677 0.86983586
3.3 3.9810717e-07 0.22987585 1 3.449074e-09 0.97878484
3.3 3.9810717e-08 0.24624625 1 0.062234039 0.88809753
3.3 3.9810717e-09 0.2478146 1 0.0013663198 0.85413415
3.3 5.0118723e-07 0.23663664 1 2.3899167e-14 0.99641785
3.3 5.0118723e-08 0.23105275 1 0.063950232 0.89443616
3.3 5.0118723e-09 0.24264264 1 0.001856486 0.90775624
3.3 6.3095734e-07 0.23358687 1 1.2552282e-19 1
3.3 6.3095734e-08 0.24079263 1 0.059876324 0.87289093
3.3 6.3095734e-09 0.23388066 1 0.003189943 0.84886211
3.3 7.9432823e-07 0.23426854 1 2.4469235e-29 1
3.3 7.9432823e-08 0.23514108 1 0.047771438 0.92351092
3.3 7.9432823e-09 0.23656776 1 0.0049523612 0.85860114
3.4 1.2589254e-07 0.23363363 1 0.010427229 0.92090449
3.4 1.2589254e-08 0.23884924 1 0.012176996 0.8829267
3.4 1.5848932e-07 0.23843844 1 0.002489963 0.94728918
3.4 1.5848932e-08 0.23272582 1 0.018733846 0.85009537
3.4 1.9952623e-07 0.23603604 1 0.00028664589 0.9275047
3.4 1.9952623e-08 0.23293976 1 0.026132099 0.88869926
3.4 1e-06 0.23748498 1 0 0.0
3.4 1e-07 0.24469363 1 0.02310163 0.91637206
3.4 1e-08 0.24554019 1 0.0079682288 0.87344673
3.4 2.5118864e-07 0.23495641 1 1.3139981e-05 0.98981672
3.4 2.5118864e-08 0.23898237 1 0.037116127 0.86401884
3.4 3.1622777e-07 0.22560609 1 4.0833125e-07 0.98054288
3.4 3.1622777e-08 0.23577724 1 0.049999569 0.88879626
3.4 3.1622777e-09 0.23702665 1 0.00081874091 0.86292339
3.4 3.9810717e-07 0.24474685 1 2.5279535e-10 0.98567863
3.4 3.9810717e-08 0.23172441 1 0.056373959 0.87498584
3.4 3.9810717e-09 0.22691768 1 0.0012941205 0.90529159
3.4 5.0118723e-07 0.2350821 1 1.282767e-13 0.9999984
3.4 5.0118723e-08 0.22902903 1 0.059208642 0.88322551
3.4 5.0118723e-09 0.24749499 1 0.0020511145 0.82074617
3.4 6.3095734e-07 0.24204841 1 3.4034405e-20 0.99999956
3.4 6.3095734e-08 0.24774865 1 0.062312764 0.89592262
3.4 6.3095734e-09 0.2470411 1 0.0033221995 0.86310672
3.4 7.9432823e-07 0.2384954 1 2.0626467e-30 1
3.4 7.9432823e-08 0.23799039 1 0.043433189 0.91739261
3.4 7.9432823e-09 0.24269708 1 0.0057229233 0.88199853
3.5 1.2589254e-07 0.23954373 1 0.0088167713 0.92251585
3.5 1.2589254e-08 0.24132186 1 0.012251148 0.86736432
3.5 1.5848932e-07 0.2380618 1 0.0024770864 0.90550351
3.5 1.5848932e-08 0.22947013 1 0.017331652 0.86352599
3.5 1.9952623e-07 0.23357372 1 0.00031266287 0.98939892
3.5 1.9952623e-08 0.22913748 1 0.028584059 0.90955735
3.5 1e-06 0.22922923 1 0 0.0
3.5 1e-07 0.23157051 1 0.020955867 0.92293877
3.5 1e-08 0.2340809 1 0.0085638471 0.81286332
3.5 2.5118864e-07 0.24634781 1 1.5710634e-05 0.95914788
3.5 2.5118864e-08 0.23899119 1 0.039030232 0.85904688
3.5 3.1622777e-07 0.23462232 1 1.697969e-07 0.92486956
3.5 3.1622777e-08 0.23794277 1 0.052763726 0.89538373
3.5 3.1622777e-09 0.24151697 1 0.00094628111 0.85745201
3.5 3.9810717e-07 0.23167801 1 6.6643055e-10 0.99999981
3.5 3.9810717e-08 0.22564513 1 0.063517795 0.86772438
3.5 3.9810717e-09 0.23279983 1 0.0014210077 0.84903572
3.5 5.0118723e-07 0.22547056 1 3.5620837e-15 0.5305517
3.5 5.0118723e-08 0.22973784 1 0.061003176 0.90086259
3.5 5.0118723e-09 0.24104235 1 0.0024622115 0.8227459
3.5 6.3095734e-07 0.23794277 1 4.7956147e-23 0.99992517
3.5 6.3095734e-08 0.23197115 1 0.049278148 0.91038576
3.5 6.3095734e-09 0.23618895 1 0.0034692214 0.83950929
3.5 7.9432823e-07 0.22769497 1 3.8995635e-29 1
3.5 7.9432823e-08 0.2411859 1 0.042072947 0.89875349
3.5 7.9432823e-09 0.24033149 1 0.0055991072 0.85922384
3.6 1.2589254e-07 0.23432806 1 0.0065049801 0.93350033
3.6 1.2589254e-08 0.23538831 1 0.014634411 0.85323487
3.6 1.5848932e-07 0.23409364 1 0.0013116439 0.8847039
3.6 1.5848932e-08 0.2439952 1 0.021122665 0.82982761
3.6 1.9952623e-07 0.2233787 1 0.00012751078 0.89124403
3.6 1.9952623e-08 0.23394036 1 0.031526887 0.85830276
3.6 1e-06 0.2344938 1 0 0.0
3.6 1e-07 0.24320621 1 0.01706681 0.86637245
3.6 1e-08 0.24940561 1 0.010344906 0.85000794
3.6 2.5118864e-07 0.23163163 1 4.6083259e-06 0.9872242
3.6 2.5118864e-08 0.2434974 1 0.03951377 0.8828552
3.6 3.1622777e-07 0.24089636 1 2.5709698e-08 0.53805067
3.6 3.1622777e-08 0.23101583 1 0.053456878 0.87907797
3.6 3.1622777e-09 0.2353211 1 0.0010186269 0.86647402
3.6 3.9810717e-07 0.22589036 1 1.2448026e-11 0.97486856
3.6 3.9810717e-08 0.22947537 1 0.062748235 0.85983731
3.6 3.9810717e-09 0.23819055 1 0.0015332377 0.89208401
3.6 5.0118723e-07 0.24063314 1 6.461691e-18 0.44223081
3.6 5.0118723e-08 0.23052273 1 0.063431158 0.8966792
3.6 5.0118723e-09 0.23522701 1 0.0024398336 0.86402066
3.6 6.3095734e-07 0.22428972 1 1.0531323e-27 1
3.6 6.3095734e-08 0.23237179 1 0.054656883 0.92693658
3.6 6.3095734e-09 0.22444343 1 0.0039061021 0.83098028
3.6 7.9432823e-07 0.23787033 1 3.2122439e-40 0.999611
3.6 7.9432823e-08 0.23774265 1 0.038426556 0.89299403
3.6 7.9432823e-09 0.24644645 1 0.0064608404 0.84722215
3.7 1.2589254e-07 0.19951971 1 0.0051996994 0.87901636
3.7 1.2589254e-08 0.21965195 1 0.014861949 0.8371127
3.7 1.5848932e-07 0.20796637 1 0.00094881051 0.8840879
3.7 1.5848932e-08 0.21801802 1 0.021742455 0.87503392
3.7 1.9952623e-07 0.21341341 1 9.5787976e-05 0.76446294
3.7 1.9952623e-08 0.22437382 1 0.030624294 0.86631313
3.7 1e-06 0.22452091 1 0 0.0
3.7 1e-07 0.20928371 1 0.017601469 0.91394821
3.7 1e-08 0.22444489 1 0.010853067 0.88497587
3.7 2.5118864e-07 0.21233974 1 2.1254363e-06 0.99941496
3.7 2.5118864e-08 0.21312788 1 0.038137141 0.87088015
3.7 3.1622777e-07 0.21501502 1 1.189168e-09 0.81269441
3.7 3.1622777e-08 0.22635371 1 0.047666008 0.87776927
3.7 3.1622777e-09 0.22217014 1 0.0010696989 0.86767616
3.7 3.9810717e-07 0.2163482 1 5.6186154e-13 0.99999902
3.7 3.9810717e-08 0.21401401 1 0.065612688 0.86837529
3.7 3.9810717e-09 0.21297038 1 0.0016887712 0.8674453
3.7 5.0118723e-07 0.21764353 1 1.4285446e-16 0.99999976
3.7 5.0118723e-08 0.20428171 1 0.05526148 0.90527672
3.7 5.0118723e-09 0.21728691 1 0.002707413 0.82795225
3.7 6.3095734e-07 0.21297038 1 2.6969693e-27 0.99999999
3.7 6.3095734e-08 0.22215545 1 0.046863433 0.90063326
3.7 6.3095734e-09 0.21883011 1 0.0040381281 0.81631384
3.7 7.9432823e-07 0.21277022 1 1.2154254e-45 1
3.7 7.9432823e-08 0.22053232 1 0.033532187 0.89454499
3.7 7.9432823e-09 0.21973184 1 0.0062397653 0.85589224
3.8 1.2589254e-07 0.20184221 1 0.0041173261 0.91254298
3.8 1.2589254e-08 0.20264053 1 0.018526084 0.87769979
3.8 1.5848932e-07 0.20236189 1 0.00041761892 0.93296011
3.8 1.5848932e-08 0.19603921 1 0.025085625 0.90350058
3.8 1.9952623e-07 0.19935949 1 6.1895412e-05 0.8501922
3.8 1.9952623e-08 0.197998 1 0.035002474 0.86775685
3.8 1e-06 0.19363873 1 0 0.0
3.8 1e-07 0.19863973 1 0.011437708 0.93483602
3.8 1e-08 0.19571314 1 0.010562176 0.89293594
3.8 2.5118864e-07 0.2032032 1 1.3173477e-06 0.72043063
3.8 2.5118864e-08 0.20056045 1 0.046958948 0.87716951
3.8 3.1622777e-07 0.19915933 1 5.1559947e-09 0.99951855
3.8 3.1622777e-08 0.20176141 1 0.060608569 0.87286767
3.8 3.1622777e-09 0.19499499 1 0.0012208276 0.85574692
3.8 3.9810717e-07 0.20348574 1 1.1454558e-12 1
3.8 3.9810717e-08 0.1981982 1 0.060128664 0.8876579
3.8 3.9810717e-09 0.197998 1 0.0018590313 0.87290774
3.8 5.0118723e-07 0.19995997 1 1.5505803e-18 1
3.8 5.0118723e-08 0.20730594 1 0.062001421 0.925896
3.8 5.0118723e-09 0.20312187 1 0.0032436571 0.83174652
3.8 6.3095734e-07 0.20284057 1 1.1572709e-29 1
3.8 6.3095734e-08 0.19335468 1 0.05440208 0.88814643
3.8 6.3095734e-09 0.20036029 1 0.004811398 0.84920222
3.8 7.9432823e-07 0.2044 1 3.2059844e-44 1
3.8 7.9432823e-08 0.19387755 1 0.028434247 0.93742435
3.8 7.9432823e-09 0.19647859 1 0.0078260835 0.86641797
3.9 1.2589254e-07 0.18517034 1 0.002005915 0.93487335
3.9 1.2589254e-08 0.1847478 1 0.019375015 0.83150368
3.9 1.5848932e-07 0.1956 1 0.00034541581 0.70391632
3.9 1.5848932e-08 0.18671203 1 0.027621282 0.83840236
3.9 1.9952623e-07 0.17890734 1 1.0161537e-05 0.98179244
3.9 1.9952623e-08 0.18423685 1 0.034398344 0.86880203
3.9 1e-06 0.18600917 1 0 0.0
3.9 1e-07 0.1798 1 0.0075213459 0.94409769
3.9 1e-08 0.17493995 1 0.012051799 0.83074508
3.9 2.5118864e-07 0.18831299 1 2.4283015e-08 0.91801674
3.9 2.5118864e-08 0.18887555 1 0.051633139 0.88851986
3.9 3.1622777e-07 0.19391635 1 4.6993378e-11 0.99996552
3.9 3.1622777e-08 0.18835068 1 0.057892069 0.86655298
3.9 3.1622777e-09 0.19179179 1 0.0013735591 0.86097489
3.9 3.9810717e-07 0.18755004 1 7.0900432e-14 0.99999983
3.9 3.9810717e-08 0.17977978 1 0.058340229 0.91953025
3.9 3.9810717e-09 0.18663733 1 0.002391592 0.85449434
3.9 5.0118723e-07 0.18891335 1 2.7208719e-24 0.9998692
3.9 5.0118723e-08 0.18318318 1 0.056597314 0.94619775
3.9 5.0118723e-09 0.18786301 1 0.0030047839 0.8289054
3.9 6.3095734e-07 0.17863573 1 3.0177052e-34 0.99999929
3.9 6.3095734e-08 0.18238238 1 0.04175342 0.91623038
3.9 6.3095734e-09 0.18061674 1 0.0052898651 0.8405667
3.9 7.9432823e-07 0.18826357 1 0 0.0
3.9 7.9432823e-08 0.185 1 0.022871198 0.91426164
3.9 7.9432823e-09 0.19015212 1 0.0077252173 0.89941633
4 1.2589254e-07 0.17346939 1 0.0014029317 0.9694749
4 1.2589254e-08 0.17707083 1 0.022356504 0.84566345
4 1.5848932e-07 0.17326931 1 9.3735605e-05 0.97438871
4 1.5848932e-08 0.17030218 1 0.03300698 0.88312831
4 1.9952623e-07 0.17734187 1 2.4919657e-06 0.9508062
4 1.9952623e-08 0.17266907 1 0.042814811 0.85907969
4 1e-06 0.17534027 1 0 0.0
4 1e-07 0.16996997 1 0.0078657305 0.91003958
4 1e-08 0.17137137 1 0.014107735 0.85750776
4 2.5118864e-07 0.17910746 1 8.6125009e-09 0.99437818
4 2.5118864e-08 0.1675005 1 0.048071158 0.86105315
4 3.1622777e-07 0.17617618 1 4.9369344e-13 0.94693126
4 3.1622777e-08 0.16786715 1 0.059012766 0.8844353
4 3.1622777e-09 0.16951859 1 0.0015728303 0.85788149
4 3.9810717e-07 0.17197197 1 5.5129742e-19 0.99999992
4 3.9810717e-08 0.17473928 1 0.067830088 0.8772504
4 3.9810717e-09 0.16916917 1 0.0027185114 0.82359793
4 5.0118723e-07 0.17123425 1 2.8791145e-29 1
4 5.0118723e-08 0.17246899 1 0.056842474 0.90079697
4 5.0118723e-09 0.17183437 1 0.0040651707 0.866719
4 6.3095734e-07 0.16720064 1 9.4128178e-40 1
4 6.3095734e-08 0.16716717 1 0.032408867 0.93809659
4 6.3095734e-09 0.16903381 1 0.005366179 0.88605225
4 7.9432823e-07 0.17186875 1 0 0.0
4 7.9432823e-08 0.17110266 1 0.020787672 0.88791682
4 7.9432823e-09 0.177 1 0.0089411942 0.80407764
4.1 1.2589254e-07 0.15566226 1 0.0004943991 0.94626512
4.1 1.2589254e-08 0.14351745 1 0.021643327 0.92384024
4.1 1.5848932e-07 0.15529318 1 2.7106599e-05 0.82052001
4.1 1.5848932e-08 0.15409246 1 0.03712903 0.88494339
4.1 1.9952623e-07 0.14791833 1 9.5664504e-07 0.99469394
4.1 1.9952623e-08 0.15646259 1 0.049703623 0.89630279
4.1 1e-06 0.15043009 1 0 0.0
4.1 1e-07 0.15123025 1 0.0035482281 0.92494204
4.1 1e-08 0.14176334 1 0.015102527 0.89839662
4.1 2.5118864e-07 0.14905962 1 5.9043964e-09 0.96721047
4.1 2.5118864e-08 0.14968981 1 0.055249219 0.87386704
4.1 3.1622777e-07 0.14811849 1 1.915958e-13 0.39561314
4.1 3.1622777e-08 0.14554555 1 0.065702871 0.89529707
4.1 3.1622777e-09 0.15238286 1 0.0019932134 0.82888867
4.1 3.9810717e-07 0.1512605 1 6.0204697e-19 0.99999843
4.1 3.9810717e-08 0.14874875 1 0.061648688 0.87029741
4.1 3.9810717e-09 0.14765906 1 0.0031585409 0.91963726
4.1 5.0118723e-07 0.15232186 1 4.6931893e-28 1
4.1 5.0118723e-08 0.15483097 1 0.049986667 0.90731122
4.1 5.0118723e-09 0.14608765 1 0.0042790977 0.8875095
4.1 6.3095734e-07 0.14045618 1 0 0.0
4.1 6.3095734e-08 0.14431545 1 0.030175062 0.94451561
4.1 6.3095734e-09 0.14285714 1 0.0061535053 0.86969837
4.1 7.9432823e-07 0.15606242 1 0 0.0
4.1 7.9432823e-08 0.1532613 1 0.012668579 0.89988987
4.1 7.9432823e-09 0.14288573 1 0.01103347 0.8684203
4.2 1.2589254e-07 0.15529318 1 0.00061595589 0.91844414
4.2 1.2589254e-08 0.14688813 1 0.024745316 0.83819541
4.2 1.5848932e-07 0.1496 1 2.4794951e-05 0.95661992
4.2 1.5848932e-08 0.14662933 1 0.03488282 0.84241846
4.2 1.9952623e-07 0.15795796 1 5.5303058e-07 0.95999189
4.2 1e-06 0.15298358 1 0 0.0
4.2 1e-07 0.1511209 1 0.0035955276 0.91475768
4.2 1e-08 0.15492394 1 0.014246646 0.8720789
4.2 2.5118864e-07 0.14611689 1 3.8810743e-09 0.99990652
4.2 2.5118864e-08 0.16016016 1 0.060066005 0.8559632
4.2 3.1622777e-07 0.14637565 1 7.9770407e-15 0.99999994
4.2 3.1622777e-08 0.1591273 1 0.06484202 0.88937061
4.2 3.1622777e-09 0.14231385 1 0.0016654415 0.86241634
4.2 3.9810717e-07 0.15204271 1 2.0527424e-21 1
4.2 3.9810717e-08 0.14605842 1 0.057240866 0.85080216
4.2 3.9810717e-09 0.1488 1 0.0029608313 0.81844057
4.2 5.0118723e-07 0.15309186 1 9.5641036e-29 0.99994617
4.2 5.0118723e-08 0.14708825 1 0.049285062 0.88432078
4.2 5.0118723e-09 0.14562913 1 0.0046329214 0.85432482
4.2 6.3095734e-07 0.15332266 1 0 0.0
4.2 6.3095734e-08 0.15066026 1 0.028367187 0.93808434
4.2 6.3095734e-09 0.15586234 1 0.0072361082 0.8558113
4.2 7.9432823e-07 0.14745898 1 0 0.0
4.2 7.9432823e-08 0.13685474 1 0.01258212 0.86690832
4.2 7.9432823e-09 0.14545818 1 0.010804343 0.85680274
4.3 1.2589254e-07 0.17914331 1 0.00065375588 0.92482676
4.3 1.2589254e-08 0.16877341 1 0.022939124 0.84502458
4.3 1.5848932e-07 0.1736 1 4.4848957e-05 0.7806324
4.3 1.5848932e-08 0.18511107 1 0.030364448 0.89975447
4.3 1.9952623e-07 0.16376376 1 1.2567976e-06 0.93592649
4.3 1.9952623e-08 0.17930758 1 0.044905811 0.8507098
4.3 1e-06 0.17203441 1 0 0.0
4.3 1e-07 0.16970182 1 0.0037616424 0.96507986
4.3 1e-08 0.16971521 1 0.018053914 0.90325192
4.3 2.5118864e-07 0.1715029 1 2.2302046e-09 0.44078723
4.3 2.5118864e-08 0.16826731 1 0.054146562 0.90381592
4.3 3.1622777e-07 0.15932746 1 3.8173268e-15 0.99999998
4.3 3.1622777e-08 0.17212271 1 0.064196671 0.92763177
4.3 3.1622777e-09 0.16786715 1 0.0015536544 0.89687521
4.3 3.9810717e-07 0.16389834 1 3.4425903e-18 0.99537577
4.3 3.9810717e-08 0.17827131 1 0.055030842 0.89415461
4.3 3.9810717e-09 0.16706683 1 0.0028987783 0.79127487
4.3 5.0118723e-07 0.17373899 1 4.8413362e-31 1
4.3 5.0118723e-08 0.17470482 1 0.046302139 0.89896912
4.3 5.0118723e-09 0.16639254 1 0.0041620964 0.82441978
4.3 6.3095734e-07 0.16826731 1 6.9883163e-40 1
4.3 6.3095734e-08 0.16773419 1 0.028883787 0.88644503
4.3 6.3095734e-09 0.16946779 1 0.0061736911 0.89289397
4.3 7.9432823e-07 0.17680034 1 0 0.0
4.3 7.9432823e-08 0.1574945 1 0.015225872 0.94030642
4.3 7.9432823e-09 0.17870722 1 0.010193699 0.87442078
4.4 1.2589254e-07 0.14808885 1 0.00033799382 0.79621586
4.4 1.2589254e-08 0.15683137 1 0.026161256 0.87839865
4.4 1.5848932e-07 0.14608765 1 1.5913134e-05 0.83593022
4.4 1.5848932e-08 0.14674675 1 0.039078646 0.83016902
4.4 1.9952623e-07 0.14265706 1 1.4698185e-07 0.98725584
4.4 1.9952623e-08 0.15049029 1 0.047367002 0.87043781
4.4 1e-06 0.1482 1 0 0.0
4.4 1e-07 0.15609366 1 0.0024816212 0.82058055
4.4 1e-08 0.14805922 1 0.017362315 0.85064888
4.4 2.5118864e-07 0.15563113 1 1.2964825e-11 0.99840622
4.4 2.5118864e-08 0.14865946 1 0.062280657 0.86758608
4.4 3.1622777e-07 0.14965986 1 1.407196e-15 0.99980831
4.4 3.1622777e-08 0.14722945 1 0.061159264 0.88485113
4.4 3.1622777e-09 0.14742949 1 0.0021566216 0.88136608
4.4 3.9810717e-07 0.1531225 1 7.7541023e-24 1
4.4 3.9810717e-08 0.15009005 1 0.057685167 0.84384331
4.4 3.9810717e-09 0.15369222 1 0.0034743731 0.85662543
4.4 5.0118723e-07 0.14828897 1 2.9487422e-30 1
4.4 5.0118723e-08 0.14708825 1 0.040128534 0.88788819
4.4 5.0118723e-09 0.14591673 1 0.0050740011 0.88694785
4.4 6.3095734e-07 0.14508705 1 0 0.0
4.4 6.3095734e-08 0.1501201 1 0.023908094 0.89412019
4.4 6.3095734e-09 0.14768861 1 0.0071161754 0.84712205
4.4 7.9432823e-07 0.15006002 1 0 0.0
4.4 7.9432823e-08 0.15706283 1 0.012737244 0.94025804
4.4 7.9432823e-09 0.14408645 1 0.012019839 0.93351405
4.5 1.2589254e-07 0.15155155 1 0.0005104685 0.9931717
4.5 1.2589254e-08 0.1496063 1 0.028133997 0.87114347
4.5 1.5848932e-07 0.16289774 1 3.4734528e-05 0.93307944
4.5 1.5848932e-08 0.16046419 1 0.036950763 0.89898755
4.5 1.9952623e-07 0.16183237 1 2.7754656e-07 0.99818099
4.5 1.9952623e-08 0.16903381 1 0.049006571 0.81038634
4.5 1e-06 0.15663133 1 0 0.0
4.5 1e-07 0.15703141 1 0.0023617204 0.98270503
4.5 1e-08 0.15552442 1 0.018223736 0.82603621
4.5 2.5118864e-07 0.15946379 1 1.1488344e-09 0.99998946
4.5 2.5118864e-08 0.1552621 1 0.06227357 0.92996197
4.5 3.1622777e-07 0.15706283 1 1.0378761e-14 1
4.5 3.1622777e-08 0.15695696 1 0.063884755 0.88452419
4.5 3.9810717e-07 0.15823165 1 4.1019723e-24 0.9997026
4.5 3.9810717e-08 0.15815816 1 0.053423084 0.89548665
4.5 3.9810717e-09 0.15289174 1 0.002952594 0.90661693
4.5 5.0118723e-07 0.16289774 1 3.5263276e-40 1
4.5 5.0118723e-08 0.16369822 1 0.043407647 0.92196188
4.5 5.0118723e-09 0.15931656 1 0.0049831029 0.83360725
4.5 6.3095734e-07 0.15386154 1 0 0.0
4.5 6.3095734e-08 0.1564 1 0.024471202 0.94778753
4.5 6.3095734e-09 0.1580252 1 0.0071972192 0.83241298
4.5 7.9432823e-07 0.1594 1 0 0.0
4.5 7.9432823e-08 0.16206483 1 0.0093551507 0.93080685
4.5 7.9432823e-09 0.16374589 1 0.013017516 0.83459989
4.6 1.2589254e-07 0.15223045 1 0.00027261733 0.90301111
4.6 1.2589254e-08 0.15506202 1 0.026119761 0.86818703
4.6 1.5848932e-07 0.15923185 1 1.106113e-05 0.93841719
4.6 1.5848932e-08 0.15889534 1 0.036618377 0.85604571
4.6 1.9952623e-07 0.15429258 1 7.0322638e-08 0.85133104
4.6 1.9952623e-08 0.15803161 1 0.049496335 0.85574556
4.6 1e-06 0.16466587 1 0 0.0
4.6 1e-07 0.16223245 1 0.0019492614 0.97411579
4.6 1e-08 0.16730038 1 0.017150281 0.84215774
4.6 2.5118864e-07 0.16443289 1 1.4893115e-10 0.99362774
4.6 2.5118864e-08 0.16820184 1 0.060229285 0.87722135
4.6 3.1622777e-07 0.16493195 1 1.0694762e-14 0.99999624
4.6 3.1622777e-08 0.16569942 1 0.062321822 0.89411423
4.6 3.1622777e-09 0.16343269 1 0.0020657282 0.84223243
4.6 3.9810717e-07 0.17233787 1 9.9033153e-23 0.99999991
4.6 3.9810717e-08 0.16309549 1 0.054636435 0.9369698
4.6 3.9810717e-09 0.16189714 1 0.0036046125 0.83072142
4.6 5.0118723e-08 0.15889534 1 0.040255938 0.95107058
4.6 5.0118723e-09 0.17306923 1 0.0048578481 0.81696528
4.6 6.3095734e-07 0.16166467 1 3.2951325e-47 1
4.6 6.3095734e-08 0.16159391 1 0.028561589 0.915972
4.6 6.3095734e-09 0.17293835 1 0.0084213842 0.89697751
4.6 7.9432823e-07 0.16760112 1 0 0.0
4.6 7.9432823e-08 0.16369822 1 0.010354475 0.93506268
4.6 7.9432823e-09 0.16713371 1 0.012058855 0.85746521
4.7 1.2589254e-07 0.16439728 1 0.00023002167 0.87080259
4.7 1.2589254e-08 0.14968981 1 0.025813483 0.76092504
4.7 1.5848932e-07 0.15301041 1 5.1700075e-06 0.90466168
4.7 1.5848932e-08 0.15266106 1 0.037066623 0.85003057
4.7 1.9952623e-07 0.14702941 1 1.8353587e-08 0.99850527
4.7 1.9952623e-08 0.1594957 1 0.051159518 0.87434602
4.7 1e-06 0.15446178 1 0 0.0
4.7 1e-07 0.16209726 1 0.002021123 0.93222617
4.7 1e-08 0.16014493 1 0.021271056 0.8755944
4.7 2.5118864e-07 0.15652522 1 1.0615033e-11 0.99999964
4.7 2.5118864e-08 0.15369222 1 0.064830071 0.92134461
4.7 3.1622777e-07 0.15415112 1 2.3215957e-15 1
4.7 3.1622777e-08 0.15909546 1 0.05558113 0.89461329
4.7 3.1622777e-09 0.15182144 1 0.0024485214 0.8403264
4.7 3.9810717e-08 0.15089053 1 0.055204104 0.9007864
4.7 3.9810717e-09 0.16052842 1 0.0032700314 0.78934724
4.7 5.0118723e-07 0.16346539 1 1.6241222e-39 1
4.7 5.0118723e-08 0.15062762 1 0.043570187 0.90461949
4.7 5.0118723e-09 0.15886355 1 0.0059006194 0.83018195
4.7 6.3095734e-07 0.15186074 1 0 0.0
4.7 6.3095734e-08 0.16663333 1 0.022035134 0.95008966
4.7 6.3095734e-09 0.1524 1 0.0080412191 0.77451528
4.7 7.9432823e-07 0.15483097 1 0 0.0
4.7 7.9432823e-08 0.16686675 1 0.0078957787 0.91214215
4.7 7.9432823e-09 0.14604173 1 0.012449719 0.84663813
4.8 1.2589254e-07 0.16066427 1 0.00015388393 0.91239216
4.8 1.2589254e-08 0.14945978 1 0.027179128 0.88720764
4.8 1.5848932e-07 0.15746299 1 5.654699e-06 0.58959949
4.8 1.5848932e-08 0.16329798 1 0.041842479 0.8416918
4.8 1.9952623e-07 0.15638767 1 1.5362564e-07 0.99751723
4.8 1.9952623e-08 0.14431545 1 0.05108082 0.86083006
4.8 1e-06 0.14588753 1 0 0.0
4.8 1e-07 0.1568 1 0.0014439812 0.88039301
4.8 1e-08 0.15394854 1 0.020563223 0.85836183
4.8 2.5118864e-07 0.14682937 1 2.6307452e-12 0.99999999
4.8 2.5118864e-08 0.15466186 1 0.05362111 0.82174301
4.8 3.1622777e-07 0.15509306 1 2.7757838e-19 0.99999919
4.8 3.1622777e-08 0.15251262 1 0.064216394 0.89777602
4.8 3.1622777e-09 0.14805922 1 0.0023626544 0.81710742
4.8 3.9810717e-07 0.1472589 1 1.0509177e-24 1
4.8 3.9810717e-08 0.15429258 1 0.058170298 0.91399313
4.8 3.9810717e-09 0.15184426 1 0.0032734983 0.87835827
4.8 5.0118723e-07 0.14954955 1 1.3288014e-37 0.99988718
4.8 5.0118723e-08 0.15023005 1 0.034385517 0.86618858
4.8 5.0118723e-09 0.16003201 1 0.0052474986 0.90153256
4.8 6.3095734e-07 0.15189113 1 0 0.0
4.8 6.3095734e-08 0.14974975 1 0.016960368 0.91856441
4.8 6.3095734e-09 0.16086435 1 0.0088861995 0.83891333
4.8 7.9432823e-07 0.15686275 1 0 0.0
4.8 7.9432823e-08 0.15081114 1 0.0065494211 0.92891596
4.8 7.9432823e-09 0.15135135 1 0.013697249 0.83797238
4.9 1.2589254e-07 0.15283057 1 0.00011627281 0.91697932
4.9 1.2589254e-08 0.15563113 1 0.029387122 0.84451463
4.9 1.5848932e-07 0.15983197 1 5.6407776e-06 0.98649798
4.9 1.5848932e-08 0.15733114 1 0.042120414 0.88703532
4.9 1.9952623e-07 0.1606 1 1.9316766e-08 0.99848535
4.9 1.9952623e-08 0.1514 1 0.054060479 0.90508297
4.9 1e-06 0.15529318 1 0 0.0
4.9 1e-07 0.15843169 1 0.00098167024 0.96645245
4.9 1e-08 0.16463293 1 0.020308097 0.85238375
4.9 2.5118864e-07 0.15823165 1 7.48735e-13 0.99999818
4.9 2.5118864e-08 0.14811849 1 0.06136935 0.86022818
4.9 3.1622777e-07 0.16406563 1 2.5997048e-20 0.98461672
4.9 3.1622777e-08 0.15988666 1 0.066069097 0.8546791
4.9 3.1622777e-09 0.15997352 1 0.0021330452 0.77735164
4.9 3.9810717e-07 0.14211643 1 2.3742233e-23 1
4.9 3.9810717e-08 0.16389834 1 0.0540216 0.90856787
4.9 3.9810717e-09 0.14705882 1 0.0038152951 0.80778493
4.9 5.0118723e-07 0.15346138 1 2.1923835e-47 1
4.9 5.0118723e-08 0.15606242 1 0.037027151 0.94524725
4.9 5.0118723e-09 0.1558 1 0.0055004851 0.89608684
4.9 6.3095734e-07 0.1492597 1 0 0.0
4.9 6.3095734e-08 0.16304591 1 0.01636125 0.94108851
4.9 6.3095734e-09 0.1624 1 0.0094218981 0.85346619
4.9 7.9432823e-07 0.14551641 1 0 0.0
4.9 7.9432823e-08 0.15394038 1 0.006006068 0.93268079
4.9 7.9432823e-09 0.1562133 1 0.01250611 0.77918482
5 1.2589254e-07 0.15435435 1 0.00010752673 0.95447437
5 1.2589254e-08 0.1542617 1 0.027335872 0.82993268
5 1.5848932e-07 0.1542617 1 7.1418119e-07 0.98975931
5 1.5848932e-08 0.15186074 1 0.040745476 0.84025931
5 1.9952623e-07 0.15623125 1 5.9012588e-08 0.38068855
5 1.9952623e-08 0.16226491 1 0.048484491 0.85041638
5 1e-06 0.16043209 1 0 0.0
5 1e-07 0.16003537 1 0.00074815773 0.95861393
5 1e-08 0.1652 1 0.02046256 0.85155638
5 2.5118864e-07 0.16072858 1 7.7959512e-12 0.99956694
5 2.5118864e-08 0.1600082 1 0.063652801 0.89046118
5 3.1622777e-07 0.15883177 1 7.7428647e-20 0.99984526
5 3.1622777e-08 0.143 1 0.06222529 0.847908
5 3.1622777e-09 0.1544927 1 0.0023046071 0.8514715
5 3.9810717e-07 0.15381534 1 3.4668419e-29 0.9999992
5 3.9810717e-08 0.14368621 1 0.053862329 0.90324695
5 3.9810717e-09 0.15272218 1 0.0042867144 0.88332777
5 5.0118723e-07 0.14520311 1 7.7614221e-39 1
5 5.0118723e-08 0.16123779 1 0.03707665 0.90213504
5 5.0118723e-09 0.15346138 1 0.0059470183 0.88004755
5 6.3095734e-07 0.15166066 1 0 0.0
5 6.3095734e-08 0.15603121 1 0.016836453 0.91323897
5 6.3095734e-09 0.1506 1 0.0099197152 0.85808074
5 7.9432823e-07 0.1607181 1 0 0.0
5 7.9432823e-08 0.15049029 1 0.0057830753 0.88948543
5 7.9432823e-09 0.16069642 1 0.015063944 0.84197907
5.5 1.2589254e-07 0.16603321 1 3.5375679e-05 0.99995218
5.5 1.2589254e-08 0.16 1 0.035366329 0.88896734
5.5 1.5848932e-07 0.14588753 1 1.1067185e-07 0.67715885
5.5 1.5848932e-08 0.16263253 1 0.04606281 0.84568361
5.5 1.9952623e-07 0.16189714 1 2.6043307e-09 0.98419956
5.5 1.9952623e-08 0.15592474 1 0.060761335 0.83146585
5.5 1e-06 0.1506 1 0 0.0
5.5 1e-07 0.15392314 1 0.00052750145 0.85907236
5.5 1e-08 0.1488 1 0.024716237 0.82422451
5.5 2.5118864e-07 0.1571257 1 1.2461847e-14 0.99974512
5.5 2.5118864e-08 0.16434725 1 0.060941356 0.91073646
5.5 3.1622777e-07 0.1521877 1 3.3867174e-24 1
5.5 3.1622777e-08 0.15783157 1 0.059075206 0.89329646
5.5 3.1622777e-09 0.15855816 1 0.0029186237 0.85084644
5.5 3.9810717e-07 0.15969582 1 1.6540538e-35 1
5.5 3.9810717e-08 0.1514 1 0.043040325 0.93470387
5.5 3.9810717e-09 0.16927298 1 0.0047385479 0.8366793
5.5 5.0118723e-07 0.15643129 1 0 0.0
5.5 5.0118723e-08 0.15881287 1 0.030671194 0.92180194
5.5 5.0118723e-09 0.15604883 1 0.0067963016 0.85044743
5.5 6.3095734e-07 0.15583117 1 0 0.0
5.5 6.3095734e-08 0.1554933 1 0.010724502 0.91005957
5.5 6.3095734e-09 0.15604708 1 0.0096756963 0.8858884
5.5 7.9432823e-07 0.15598291 1 0 0.0
5.5 7.9432823e-08 0.15883177 1 0.0030000428 0.91154441
5.5 7.9432823e-09 0.1571257 1 0.015763802 0.80160136
6 1.2589254e-07 0.15172138 1 5.4422619e-06 0.9954106
6 1.2589254e-08 0.15906363 1 0.035694643 0.82994396
6 1.5848932e-07 0.14922985 1 4.4451438e-08 0.98295698
6 1.5848932e-08 0.16066427 1 0.049253692 0.84434558
6 1.9952623e-08 0.15506202 1 0.06505342 0.87230011
6 1e-06 0.15578694 1 0 0.0
6 1e-07 0.15712657 1 0.00017266709 0.84718121
6 1e-08 0.16363273 1 0.027212364 0.84250542
6 2.5118864e-07 0.1656 1 1.2858542e-14 0.99990165
6 3.1622777e-07 0.15543109 1 2.1632726e-29 0.99999981
6 3.1622777e-08 0.1564 1 0.059624792 0.848654
6 3.1622777e-09 0.1532 1 0.0032584995 0.81241699
6 3.9810717e-07 0.16467322 1 1.3180994e-39 1
6 3.9810717e-08 0.15406162 1 0.041694709 0.90921525
6 3.9810717e-09 0.16624972 1 0.0054726449 0.87428573
6 5.0118723e-07 0.16228382 1 0 0.0
6 5.0118723e-08 0.16043209 1 0.022465211 0.94985376
6 5.0118723e-09 0.1548 1 0.0079347774 0.85842015
6 6.3095734e-07 0.16023205 1 0 0.0
6 6.3095734e-08 0.15106042 1 0.008994959 0.94121838
6 6.3095734e-09 0.15783157 1 0.012441833 0.86764455
6 7.9432823e-07 0.16023205 1 0 0.0
6 7.9432823e-08 0.16406563 1 0.0016866705 0.91602626
6 7.9432823e-09 0.1578 1 0.017941347 0.8568772
6.5 1.2589254e-07 0.15683137 1 1.0606197e-06 0.99984283
6.5 1.2589254e-08 0.14742949 1 0.04579446 0.79950369
6.5 1.5848932e-07 0.1415202 1 1.3746325e-09 0.9984416
6.5 1.5848932e-08 0.15577419 1 0.052547668 0.82908331
6.5 1.9952623e-07 0.14342869 1 1.3658573e-13 0.99987401
6.5 1.9952623e-08 0.15128928 1 0.059328773 0.84102515
6.5 1e-06 0.14240435 1 0 0.0
6.5 1e-07 0.15263053 1 5.698306e-05 0.99700738
6.5 1e-08 0.15646259 1 0.03099441 0.84506871
6.5 2.5118864e-07 0.1594 1 2.8537679e-18 0.9999736
6.5 2.5118864e-08 0.1464 1 0.064580951 0.86708781
6.5 3.1622777e-07 0.1462 1 2.1215726e-30 1
6.5 3.1622777e-08 0.15586234 1 0.058007019 0.84008937
6.5 3.1622777e-09 0.15323065 1 0.0036628272 0.90092457
6.5 3.9810717e-07 0.14642929 1 4.4009044e-41 1
6.5 3.9810717e-08 0.15503101 1 0.035450714 0.92328967
6.5 3.9810717e-09 0.1558 1 0.0062004695 0.82394413
6.5 5.0118723e-08 0.15266106 1 0.012421196 0.94064093
6.5 5.0118723e-09 0.15583117 1 0.009269621 0.85984501
6.5 6.3095734e-07 0.15643129 1 0 0.0
6.5 6.3095734e-08 0.16782633 1 0.004619419 0.90564829
6.5 6.3095734e-09 0.15572458 1 0.015201191 0.8703157
6.5 7.9432823e-07 0.14957492 1 0 0.0
6.5 7.9432823e-08 0.14142469 1 0.00057330237 0.91164969
6.5 7.9432823e-09 0.15734266 1 0.020430705 0.86586655
7 1.2589254e-07 0.147 1 1.8877822e-07 0.97386866
7 1.2589254e-08 0.14784658 1 0.047286239 0.81878494
7 1.5848932e-07 0.14548729 1 8.8477786e-10 0.99996411
7 1.5848932e-08 0.15543109 1 0.057669754 0.85636335
7 1.9952623e-07 0.1462 1 1.9280853e-15 0.99966661
7 1.9952623e-08 0.15166066 1 0.066402834 0.88892276
7 1e-06 0.14942989 1 0 0.0
7 1e-07 0.15563113 1 2.1825606e-05 0.99649761
7 1e-08 0.1513346 1 0.033515387 0.84546299
7 2.5118864e-07 0.13242649 1 8.0472121e-23 0.99724075
7 2.5118864e-08 0.15375749 1 0.05882754 0.80085379
7 3.1622777e-07 0.146 1 3.9202193e-37 1
7 3.1622777e-08 0.15823165 1 0.048002311 0.86534038
7 3.1622777e-09 0.14082817 1 0.0043526336 0.84851431
7 3.9810717e-07 0.14882977 1 0 0.0
7 3.9810717e-08 0.15503101 1 0.027548592 0.84357385
7 3.9810717e-09 0.1593709 1 0.0071362737 0.8053843
7 5.0118723e-07 0.1638 1 0 0.0
7 5.0118723e-08 0.13962793 1 0.0095902684 0.9383206
7 5.0118723e-09 0.15043009 1 0.010551242 0.88988374
7 6.3095734e-07 0.1462 1 0 0.0
7 6.3095734e-08 0.1508 1 0.0022522548 0.90486393
7 6.3095734e-09 0.15073796 1 0.016262272 0.87284551
7 7.9432823e-07 0.1486 1 0 0.0
7 7.9432823e-08 0.1512 1 0.00023859967 0.86012602
7 7.9432823e-09 0.14314928 1 0.024671575 0.84817173
8 1.2589254e-07 0.15823165 1 7.620078e-10 0.93226517
8 1.2589254e-08 0.1506 1 0.053107069 0.88616163
8 1.5848932e-07 0.1508 1 2.1751307e-12 0.99999998
8 1.5848932e-08 0.15375077 1 0.064602193 0.86589799
8 1.9952623e-07 0.14531961 1 1.2451485e-21 0.99999723
8 1.9952623e-08 0.1386 1 0.065964895 0.88285087
8 1e-06 0.14962993 1 0 0.0
8 1e-07 0.1514 1 1.2586577e-06 0.93308019
8 1e-08 0.14865946 1 0.042945224 0.83753661
8 2.5118864e-07 0.14705882 1 3.6539213e-30 0.99999995
8 2.5118864e-08 0.14588753 1 0.057683399 0.85238767
8 3.1622777e-07 0.15994398 1 0 0.0
8 3.1622777e-08 0.1582 1 0.041305449 0.82151329
8 3.1622777e-09 0.1616 1 0.0058408774 0.83881251
8 3.9810717e-07 0.14411492 1 0 0.0
8 3.9810717e-08 0.14822965 1 0.019146815 0.84818349
8 3.9810717e-09 0.15343069 1 0.0083392537 0.82823409
8 5.0118723e-07 0.154 1 0 0.0
8 5.0118723e-08 0.15503101 1 0.0041688547 0.85095141
8 5.0118723e-09 0.14162833 1 0.014035255 0.8363094
8 6.3095734e-07 0.139 1 0 0.0
8 6.3095734e-08 0.147 1 0.00067958896 0.91368496
8 6.3095734e-09 0.14712293 1 0.019711288 0.76842923
8 7.9432823e-07 0.14382877 1 0 0.0
8 7.9432823e-08 0.14428292 1 0.0001062202 0.99462975
8 7.9432823e-09 0.1618 1 0.028840464 0.83021065
9 1.2589254e-08 0.15011547 1 0.059970956 0.85945396
9 1.5848932e-07 0.14644052 1 5.896265e-16 0.99999042
9 1.5848932e-08 0.14483395 1 0.069594862 0.84297568
9 1.9952623e-07 0.1522 1 1.1028625e-25 1
9 1.9952623e-08 0.14844093 1 0.065498678 0.82996585
9 1e-06 0.15146058 1 0 0.0
9 1e-07 0.15783157 1 3.400167e-07 0.56321407
9 1e-08 0.15437988 1 0.044088765 0.85594987
9 2.5118864e-07 0.15477049 1 1.9727313e-34 1
9 2.5118864e-08 0.14742949 1 0.048409786 0.87065985
9 3.1622777e-07 0.15703141 1 0 0.0
9 3.1622777e-08 0.16519824 1 0.027601694 0.88375384
9 3.1622777e-09 0.15689418 1 0.0068898487 0.82559319
9 3.9810717e-07 0.15999152 1 0 0.0
9 3.9810717e-08 0.15837321 1 0.011336268 0.89838367
9 3.9810717e-09 0.15535714 1 0.010036705 0.82145802
9 5.0118723e-07 0.143 1 0 0.0
9 5.0118723e-08 0.14355017 1 0.0031449645 0.91555598
9 5.0118723e-09 0.15170143 1 0.015904506 0.85929175
9 6.3095734e-07 0.15043009 1 0 0.0
9 6.3095734e-08 0.14802961 1 0.00059750744 0.95546402
9 6.3095734e-09 0.15408805 1 0.023854136 0.8219231
9 7.9432823e-07 0.15130527 1 0 0.0
9 7.9432823e-08 0.14862973 1 3.0179849e-05 0.95220297
9 7.9432823e-09 0.15001509 1 0.038797342 0.82519351
