0.45 0.00025118864 0.00020548649 1 0 0.56019877
0.5 0.00019952623 0.00020477117 1 0 0.58419035
0.5 0.00025118864 0.00020429009 1 0 0.58419035
0.5 1e-05 0.0002047502 1 0 0.580558
0.5 1e-07 0.00020500205 1 0.06482999 1
0.5 2.5118864e-06 0.00020479213 1 0 1
0.5 5.0118723e-05 0.00040824658 1 0 0.60524729
0.55 1.2589254e-06 0.00030481609 1 1.0805304e-32 1
0.55 1.2589254e-08 0.00040733198 1 0.0038555461 0.13562631
0.55 1.5848932e-05 0.00030584157 1 0 0.61565156
0.55 1.5848932e-07 0.00040716612 1 0 0.22970987
0.55 1.5848932e-08 0.00020337604 1 0 0
0.55 1.9952623e-05 0.00020420666 1 0 0.60060289
0.55 1e-06 0.00020410246 0.5 0 1
0.55 1e-07 0.00020354162 1 0 0.50480622
0.55 1e-08 0.00040666938 1 0.0026713862 1
0.55 2.5118864e-05 0.00040733198 1 0 0.63417818
0.55 2.5118864e-07 0.00020429009 1 0 0
0.55 3.1622777e-06 0.00020329335 1 0 0.061112798
0.55 3.1622777e-07 0.00020370748 1 0 0.30102462
0.55 3.1622777e-09 0.00061211998 1 0 0.84089632
0.55 3.9810717e-06 0.00040609137 1 0 1
0.55 3.9810717e-07 0.00020354162 1 0.15580407 1
0.55 3.9810717e-08 0.00040683483 1 0.02711875 0
0.55 3.9810717e-09 0.00040650407 1 0.00018462696 1
0.55 5.0118723e-07 0.00020337604 1 0 0.11757564
0.55 6.3095734e-06 0.00030590394 1 0 1
0.55 7.9432823e-06 0.00020376974 1 0 0.61093568
0.55 7.9432823e-07 0.00040712468 1 4.0976847e-06 1
0.55 7.9432823e-09 0.00020376974 1 0 0.21729546
0.6 1.2589254e-05 0.0011168646 1 0 0.59426472
0.6 1.2589254e-06 0.00071102082 1 3.367569e-19 5.5374009e-17
0.6 1.2589254e-07 0.00040621509 1 0.056226701 1
0.6 1.2589254e-08 0.00060913706 1 0.00063235835 1
0.6 1.5848932e-05 0.00081366967 1 0 0.63399333
0.6 1.5848932e-06 0.00050797521 1 0 5.8220465e-15
0.6 1.5848932e-07 0.00030475416 1 0 0.16090582
0.6 1.9952623e-05 0.00030469226 1 0 0.62688569
0.6 1.9952623e-06 0.00040563837 1 6.7153635e-39 1
0.6 1.9952623e-07 0.00030401297 1 0.038362006 0
0.6 1.9952623e-08 0.00050802683 1 0.00089797788 1
0.6 1e-05 0.00050802682 1 0 0.64631485
0.6 1e-06 0.00030469226 1 0 0.99999977
0.6 1e-08 0.00020304568 1 0.00064904535 1
0.6 2.5118864e-05 0.00040559724 1 0 0.63556856
0.6 2.5118864e-07 0.0002037905 1 0 0.3192062
0.6 3.1622777e-06 0.00040642146 1 4.2888332e-23 1
0.6 3.1622777e-07 0.00020321073 1 0.053705149 0.99979846
0.6 3.1622777e-08 0.00060944642 1 0.0051560461 0.36267838
0.6 3.1622777e-09 0.00070857375 1 0.00017890861 0
0.6 3.9810717e-06 0.00050761421 1 0 1
0.6 3.9810717e-07 0.00040555612 1 0.033825483 1
0.6 3.9810717e-08 0.00050787202 1 0.0082032754 0.14546173
0.6 3.9810717e-09 0.00040498127 1 4.1430554e-05 0
0.6 5.0118723e-06 0.00040621509 1 0 1
0.6 5.0118723e-07 0.00030456853 1 0.0035876408 0
0.6 5.0118723e-08 0.00040642146 1 0.053056415 0.78153805
0.6 6.3095734e-06 0.00060876623 1 0 0.64296951
0.6 6.3095734e-07 0.00040555612 1 0.012912458 1
0.6 6.3095734e-08 0.00081185305 1 0.027712475 1
0.6 7.9432823e-06 0.0005073052 1 0 0.64406214
0.6 7.9432823e-08 0.00020251114 1 0.024513977 1
0.65 1.1220185e-06 0.0014124294 1 2.7392074e-13 1
0.65 1.1220185e-06 0.0014124294 1 2.7392074e-13 1
0.65 1.2589254e-05 0.0022208762 1 0 0.83922226
0.65 1.2589254e-06 0.0012121212 1 5.5877716e-13 1
0.65 1.2589254e-07 0.0012123661 1 0.061295815 0.65476603
0.65 1.2589254e-08 0.0012131015 0.83333333 0.0025182491 1
0.65 1.4125375e-06 0.00060544904 1 1.378145e-20 1
0.65 1.4125375e-06 0.00060544904 1 1.378145e-20 1
0.65 1.5848932e-05 0.00080857085 1 0 0.96910053
0.65 1.5848932e-06 0.00060765647 1 0 0.99993519
0.65 1.5848932e-07 0.0018185492 1 0.060216445 0
0.65 1.5848932e-08 0.0016129032 0.875 0.0029824034 1
0.65 1.7782794e-06 0.0014115749 1 0 1
0.65 1.7782794e-06 0.0014115749 1 0 1
0.65 1.9952623e-05 0.0022164014 1 0 0.099948217
0.65 1.9952623e-06 0.0012118764 0.83333333 0 0.99983563
0.65 1.9952623e-07 0.0012123661 1 0.05125283 0.73632281
0.65 1.9952623e-08 0.0012126112 1 0.0055766453 1
0.65 1e-05 0.0030309153 1 0 0.65077773
0.65 1e-06 0.00080889788 1 9.5032764e-09 1
0.65 1e-08 0.0016171417 1 0.0017697088 1
0.65 2.2387211e-06 0.002422285 1 0 0
0.65 2.2387211e-06 0.002422285 1 0 0
0.65 2.5118864e-05 0.0016197611 0.875 0 0.99999996
0.65 2.5118864e-06 0.0016197611 1 0 1
0.65 2.5118864e-07 0.00060569352 1 0.0067619917 1
0.65 2.5118864e-08 0.0014172909 1 0.0023184259 0
0.65 2.8183829e-06 0.0026273242 1 2.8025969e-45 0
0.65 2.8183829e-06 0.0026273242 1 2.8025969e-45 0
0.65 3.1622777e-05 0.0018181818 1 0 1
0.65 3.1622777e-06 0.0012089462 1 0 0.99999583
0.65 3.1622777e-07 0.0018163471 1 0.012849614 1
0.65 3.1622777e-08 0.0020210186 1 0.0064076011 1
0.65 3.1622777e-09 0.001211387 1 0.0001897134 1
0.65 3.5481339e-06 0.00040387722 1 0 1.007319e-14
0.65 3.5481339e-06 0.00040387722 1 0 1.007319e-14
0.65 3.9810717e-06 0.00020218358 1 0 1.159708e-08
0.65 3.9810717e-07 0.0010092854 1 0 0.81563067
0.65 3.9810717e-08 0.0010084712 1 0 0.38918514
0.65 3.9810717e-09 0.0012160519 1 0.00012422541 1
0.65 4.4668359e-06 0.00060728745 1 0 0.65662819
0.65 4.4668359e-06 0.00060728745 1 0 0.65662819
0.65 5.0118723e-06 0.0012108981 1 0 0.65662819
0.65 5.0118723e-07 0.0016214025 1 0.00014009688 0.99998718
0.65 5.0118723e-08 0.00060679612 0.66666667 0 0
0.65 5.0118723e-09 0.0016164882 1 0.0012469288 0.082048841
0.65 5.6234133e-06 0.00080840744 1 0 0.66984296
0.65 6.3095734e-06 0.0014107215 1 0 0.66984296
0.65 6.3095734e-07 0.00080840744 1 0.0036329023 1
0.65 6.3095734e-08 0.0012106538 1 0.039679221 1
0.65 6.3095734e-09 0.0012101654 1 0.00030481436 1
0.65 7.0794578e-06 0.0016168149 0.875 0 0.61746894
0.65 7.9432823e-06 0.00080906149 1 0 0.61746894
0.65 7.9432823e-07 0.0020193861 1 3.4167259e-17 0.99999648
0.65 7.9432823e-08 0.0016122531 1 0.070378531 0.64525797
0.65 7.9432823e-09 0.0018181818 1 0.00093302088 0.59949478
0.65 8.9125094e-06 0.0010109179 1 0 0.6815446
0.7 1.2589254e-05 0.098730606 0.95714286 0 0.6815446
0.7 1.2589254e-06 0.10142886 0.95634921 9.7595421e-10 1
0.7 1.2589254e-07 0.098932098 0.94297352 0.020878096 0.70457584
0.7 1.2589254e-08 0.10130916 0.96222664 0.0012446913 0.4463702
0.7 1.5848932e-05 0.099395161 0.95537525 0 0.64521334
0.7 1.5848932e-06 0.097826087 0.92592593 4.1671503e-18 1
0.7 1.5848932e-07 0.10253317 0.9372549 0.017807647 0.63849625
0.7 1.5848932e-08 0.10028249 0.92957746 0.0027801258 0.49243244
0.7 1.9952623e-05 0.0978064 0.93209877 0 0.6333247
0.7 1.9952623e-06 0.094480258 0.94882729 4.334635e-42 1
0.7 1.9952623e-07 0.097020934 0.93775934 0.011255791 0.64733409
0.7 1.9952623e-08 0.099638409 0.9516129 0.0040909349 0.31706236
0.7 1e-05 0.10263635 0.95882353 0 0.63666209
0.7 1e-06 0.10050251 0.946 3.6256e-07 0.99947813
0.7 1e-07 0.087761675 0.93348624 0.023878941 0.68027402
0.7 1e-08 0.10072376 0.93612774 0.0014485949 0.42184138
0.7 2.5118864e-05 0.10136766 0.95238095 0 0.67028055
0.7 2.5118864e-06 0.096579477 0.94791667 2.879391e-32 1
0.7 2.5118864e-07 0.10193392 0.95059289 0.0088481791 0.83950507
0.7 2.5118864e-08 0.094969819 0.92372881 0.0055495937 0.54680541
0.7 3.1622777e-05 0.095266868 0.93446089 0 0.66609289
0.7 3.1622777e-06 0.099758162 0.94545455 0 0.66609289
0.7 3.1622777e-07 0.095793922 0.94117647 0.0017330597 0.57285953
0.7 3.1622777e-08 0.098492462 0.9244898 0.0064974356 0.60447876
0.7 3.1622777e-09 0.096715696 0.93958333 0.00010158835 0.46868039
0.7 3.9810717e-06 0.096644565 0.93139293 0 0.64178767
0.7 3.9810717e-07 0.10068466 0.954 0.00078858952 0.47659739
0.7 3.9810717e-08 0.10565506 0.95047619 0.011068373 0.39899896
0.7 3.9810717e-09 0.090635048 0.93569845 0.00016398699 0.4127214
0.7 5.0118723e-06 0.08990123 0.94843049 0 0.65651597
0.7 5.0118723e-07 0.095046315 0.93220339 0.0004675575 0.99938001
0.7 5.0118723e-08 0.098532073 0.94489796 0.018226407 0.44420425
0.7 5.0118723e-09 0.093743714 0.92918455 0.00031554762 0.40301131
0.7 6.3095734e-06 0.094950714 0.96186441 0 0.63932799
0.7 6.3095734e-07 0.099939553 0.93548387 8.2281809e-05 0.99999999
0.7 6.3095734e-08 0.10016123 0.93762575 0.015869004 0.52080585
0.7 6.3095734e-09 0.10022137 0.93172691 0.00045587029 0.51236784
0.7 7.9432823e-06 0.10024155 0.937751 0 0.64202198
0.7 7.9432823e-07 0.09800363 0.94444444 1.9527976e-07 0.99986424
0.7 7.9432823e-08 0.096501809 0.94166667 0.022654694 0.45774332
0.7 7.9432823e-09 0.092190016 0.94541485 0.0006655542 0.51914865
0.75 1.1220185e-06 0.11370028 0.95759717 3.7802248e-19 0.99999996
0.75 1.1220185e-06 0.11370028 0.95759717 3.7802248e-19 0.99999996
0.75 1.2589254e-05 0.11032958 0.95081967 0 0.99999158
0.75 1.2589254e-06 0.10084371 0.93227092 1.8767005e-21 1
0.75 1.2589254e-07 0.10549539 0.96007605 0.01517606 0.55561159
0.75 1.2589254e-08 0.11327968 0.95204263 0.0025352038 0.43487266
0.75 1.4125375e-06 0.11048614 0.94363636 7.2142019e-19 1
0.75 1.4125375e-06 0.11048614 0.94363636 7.2142019e-19 1
0.75 1.5848932e-05 0.11631177 0.9447323 0 0.9999717
0.75 1.5848932e-06 0.12271173 0.95901639 2.800303e-27 1.9238845e-06
0.75 1.5848932e-07 0.11258278 0.93761141 0.011306965 0.7022174
0.75 1.5848932e-08 0.11133441 0.95126354 0.0045075889 0.57154925
0.75 1.7782794e-06 0.11191481 0.9551167 9.3936347e-41 1
0.75 1.7782794e-06 0.11191481 0.9551167 9.3936347e-41 1
0.75 1.9952623e-05 0.12188254 0.94059406 0 0.9999298
0.75 1.9952623e-06 0.11396985 0.94179894 4.6512535e-39 1
0.75 1.9952623e-07 0.11795386 0.95748299 0.0060027554 0.6555388
0.75 1.9952623e-08 0.11963067 0.95637584 0.0062849803 0.42096908
0.75 1e-05 0.10943775 0.9412844 0 0.67363305
0.75 1e-06 0.11958266 0.94630872 8.8830127e-13 0.99999999
0.75 1e-07 0.11291943 0.95017794 0.023165689 0.60334456
0.75 1e-08 0.1147047 0.94395797 0.001282611 0.59115514
0.75 2.2387211e-06 0.10972919 0.94698355 0 0.68713525
0.75 2.2387211e-06 0.10972919 0.94698355 0 0.24526176
0.75 2.5118864e-05 0.11995988 0.95150502 0 0.24526176
0.75 2.5118864e-06 0.11485268 0.95811518 0 0.24526176
0.75 2.5118864e-07 0.11942995 0.93613445 0.0032224475 0.58449738
0.75 2.5118864e-08 0.11938202 0.9512605 0.0076369463 0.51723738
0.75 2.8183829e-06 0.10917118 0.94669118 0 0.66287292
0.75 3.1622777e-05 0.11070926 0.93466425 0 0.66287292
0.75 3.1622777e-06 0.11247238 0.95892857 0 0.66287292
0.75 3.1622777e-07 0.11522965 0.95629371 0.00057006607 0.93058793
0.75 3.1622777e-08 0.11111111 0.960217 0.01105635 0.58276059
0.75 3.1622777e-09 0.11917203 0.94435076 0.00013158937 0.56849136
0.75 3.5481339e-06 0.1214128 0.94710744 0 0.66897807
0.75 3.9810717e-06 0.11664324 0.94148021 0 0.66897807
0.75 3.9810717e-07 0.11180249 0.93716338 0.00027880331 0.91763839
0.75 3.9810717e-08 0.12329317 0.95114007 0.018610611 0.51771777
0.75 3.9810717e-09 0.11499097 0.96335079 0.00030250701 0.43631451
0.75 4.4668359e-06 0.11055377 0.94010889 0 0.63727258
0.75 5.0118723e-06 0.11655949 0.95172414 0 0.63727258
0.75 5.0118723e-07 0.11412497 0.97007042 8.0832344e-05 0.99267623
0.75 5.0118723e-08 0.11162417 0.95323741 0.020403747 0.55841322
0.75 5.0118723e-09 0.12196102 0.96705107 0.00047205595 0.43653845
0.75 5.6234133e-06 0.11795386 0.95238095 0 0.66799186
0.75 6.3095734e-06 0.11802489 0.93707483 0 0.66799186
0.75 6.3095734e-07 0.11807229 0.96088435 2.4260066e-07 0.31496847
0.75 6.3095734e-08 0.1135634 0.9540636 0.026929858 0.62682951
0.75 6.3095734e-09 0.10867818 0.95563771 0.0007710792 0.47238923
0.75 7.0794578e-06 0.12196102 0.9538715 0 0.67108465
0.75 7.9432823e-06 0.11712796 0.95547945 0 0.67108465
0.75 7.9432823e-07 0.11814346 0.96088435 1.6690048e-09 1
0.75 7.9432823e-08 0.11438892 0.95087719 0.024439102 0.55749372
0.75 7.9432823e-09 0.10932798 0.9266055 0.0011445804 0.57966162
0.75 8.9125094e-06 0.1143201 0.95087719 0 0.61624564
0.7 2.5118864e-07 0.10193392 0.95059289 0.0088481791 0.83950507
0.8 1.1220185e-06 0.11615756 0.94290657 1.6429873e-20 1
0.8 1.2589254e-05 0.10854735 0.95563771 0 0.92234263
0.8 1.2589254e-06 0.10478681 0.95201536 5.121322e-21 1
0.8 1.2589254e-07 0.10620357 0.96219282 0.015960281 0.56573217
0.8 1.2589254e-08 0.11157937 0.94964029 0.0027466256 0.46746068
0.8 1.4125375e-06 0.1253012 0.95032051 5.3764351e-28 1
0.8 1.5848932e-05 0.10455549 0.95393474 0 0.99925738
0.8 1.5848932e-06 0.11849769 0.94745763 5.555102e-27 0.00010573715
0.8 1.5848932e-07 0.11827309 0.94567063 0.015113654 0.80543736
0.8 1.5848932e-08 0.11068702 0.95644283 0.0027062823 0.64874705
0.8 1.7782794e-06 0.12003212 0.96989967 2.2212425e-37 1
0.8 1.9952623e-05 0.11661983 0.96213425 0 0.99999702
0.8 1.9952623e-06 0.11280917 0.94474153 0 0
0.8 1.9952623e-07 0.11724553 0.9640411 0.010402646 0.62570313
0.8 1.9952623e-08 0.10678442 0.95864662 0.0060447113 0.45275422
0.8 1e-05 0.12575331 0.95047923 0 0.65594878
0.8 1e-06 0.10972669 0.94688645 6.977101e-14 1
0.8 1e-07 0.12063428 0.95507488 0.022809372 0.65342407
0.8 1e-08 0.10999599 0.96350365 0.0015992647 0.48819587
0.8 2.2387211e-06 0.11586345 0.95667244 0 1
0.8 2.5118864e-05 0.10890094 0.95202952 0 1
0.8 2.5118864e-06 0.12000803 0.96153846 0 1
0.8 2.5118864e-07 0.11093248 0.96195652 0.004041089 0.82197306
0.8 2.5118864e-08 0.11414243 0.94903339 0.0090606876 0.51834669
0.8 2.8183829e-06 0.11661983 0.95524957 0 0.66059649
0.8 3.1622777e-05 0.10849436 0.94248609 0 0.66059649
0.8 3.1622777e-06 0.1083902 0.95555556 0 0.66059649
0.8 3.1622777e-07 0.11146817 0.96036036 0.0009172212 0.91269731
0.8 3.1622777e-08 0.10573836 0.95256167 0.013329421 0.53277626
0.8 3.1622777e-09 0.11146817 0.95495495 0.00017233613 0.50390324
0.8 3.5481339e-06 0.11024096 0.95446266 0 0.64531051
0.8 3.9810717e-06 0.11030741 0.95081967 0 0.64531051
0.8 3.9810717e-07 0.11594784 0.94809689 0.00032307197 0.89132843
0.8 3.9810717e-08 0.11164659 0.9676259 0.017255823 0.37183489
0.8 3.9810717e-09 0.10872186 0.94824399 0.00021345437 0.33785919
0.8 4.4668359e-06 0.10579244 0.95247148 0 0.64725244
0.8 5.0118723e-06 0.1082112 0.93692022 0 0.64725244
0.8 5.0118723e-07 0.11411953 0.95254833 6.7689519e-05 0.94179108
0.8 5.0118723e-08 0.11588672 0.96013865 0.028681567 0.54793218
0.8 5.0118723e-09 0.11626506 0.95509499 0.00046985193 0.36607245
0.8 5.6234133e-06 0.11745841 0.95392491 0 0.68533355
0.8 6.3095734e-06 0.10640434 0.95283019 0 0.68533355
0.8 6.3095734e-07 0.10389089 0.95559846 8.1484984e-07 0.95869488
0.8 6.3095734e-08 0.11182493 0.95332136 0.026015038 0.60651949
0.8 6.3095734e-09 0.10970464 0.96153846 0.00088170607 0.42413292
0.8 7.0794578e-06 0.11140104 0.96216216 0 0.65533657
0.8 7.9432823e-06 0.11285141 0.95373665 0 0.65533657
0.8 7.9432823e-07 0.1081407 0.96096654 7.3249824e-11 1
0.8 7.9432823e-08 0.11084337 0.94202899 0.02341812 0.6016855
0.8 7.9432823e-09 0.10347599 0.95728155 0.001028155 0.62787399
0.8 8.9125094e-06 0.11396985 0.95414462 0 0.66055012
0.81 1.1220185e-06 0.1123844 0.95348837 8.5921536e-15 0.037769917
0.81 1.1220185e-06 0.1123844 0.95348837 8.5921536e-15 0.037769917
0.81 1.2589254e-05 0.10491474 0.97131931 0 0.99997933
0.81 1.2589254e-06 0.10803213 0.96282528 2.935053e-17 1
0.81 1.2589254e-07 0.1054326 0.95419847 0.021032061 0.6098768
0.81 1.2589254e-08 0.10733668 0.94194757 0.0029458463 0.4515534
0.81 1.4125375e-06 0.1034552 0.95339806 1.2781726e-27 0.29993006
0.81 1.4125375e-06 0.1034552 0.95339806 1.2781726e-27 0.29993006
0.81 1.5848932e-05 0.10610932 0.96212121 0 0.99994722
0.81 1.5848932e-06 0.10999599 0.96167883 1.1760029e-29 1
0.81 1.5848932e-07 0.10209003 0.9507874 0.016003724 0.70546502
0.81 1.5848932e-08 0.11376884 0.96113074 0.0032245401 0.47597333
0.81 1.7782794e-06 0.10440882 0.95585413 3.509835e-41 1
0.81 1.7782794e-06 0.10440882 0.95585413 3.509835e-41 1
0.81 1.9952623e-05 0.11133441 0.96389892 0 0.99999995
0.81 1.9952623e-06 0.11015249 0.95446266 6.635212e-36 1
0.81 1.9952623e-07 0.11024096 0.96357013 0.010339441 0.88935944
0.81 1.9952623e-08 0.10544286 0.93904762 0.0054128944 0.41997795
0.81 1e-05 0.10130653 0.96626984 0 0.65200951
0.81 1e-06 0.10544286 0.93904762 1.5564204e-10 0.99999683
0.81 1e-07 0.10512563 0.96175908 0.025418716 0.63679612
0.81 1e-08 0.10644708 0.95471698 0.0014606251 0.50609841
0.81 2.2387211e-06 0.10891886 0.95194085 3.9398812e-32 1
0.81 2.2387211e-06 0.10891886 0.95194085 3.9398812e-32 1
0.81 2.5118864e-05 0.10158603 0.95454545 0 1
0.81 2.5118864e-06 0.10274935 0.95507812 0 1
0.81 2.5118864e-07 0.1016881 0.95454545 0.00227958 0.79041787
0.81 2.5118864e-08 0.10313631 0.96101365 0.0095889615 0.48556577
0.81 2.8183829e-06 0.1082112 0.94248609 0 0.69709612
0.81 3.1622777e-05 0.11039743 0.94727273 0 0
0.81 3.1622777e-06 0.11117813 0.95479204 0 0
0.81 3.1622777e-07 0.10720032 0.9587242 0.0020364417 0.55730065
0.81 3.1622777e-08 0.10463949 0.94241843 0.013578424 0.46540499
0.81 3.1622777e-09 0.11093248 0.96376812 0.00012759752 0.5268778
0.81 3.5481339e-06 0.10170512 0.94674556 0 0.6493384
0.81 3.9810717e-06 0.10500905 0.96168582 0 0.6493384
0.81 3.9810717e-07 0.10484033 0.9559387 0.00024478679 0.76603668
0.81 3.9810717e-08 0.10299738 0.953125 0.015511234 0.68219155
0.81 3.9810717e-09 0.11231666 0.96422182 0.00022843393 0.39344762
0.81 4.4668359e-06 0.10445962 0.95192308 0 0.68289475
0.81 5.0118723e-06 0.10823293 0.94434137 0 0.68289475
0.81 5.0118723e-07 0.11220591 0.93010753 1.3245013e-05 0.9449227
0.81 5.0118723e-08 0.11233701 0.95357143 0.022303227 0.47300144
0.81 5.0118723e-09 0.1047772 0.95977011 0.00040406219 0.47854025
0.81 5.6234133e-06 0.1081407 0.95724907 0 0.68521112
0.81 6.3095734e-06 0.10804829 0.95716946 0 0.68521112
0.81 6.3095734e-07 0.10367691 0.96317829 2.8623315e-06 0.98051074
0.81 6.3095734e-08 0.10901425 0.95211786 0.028677802 0.66304938
0.81 6.3095734e-09 0.10293526 0.953125 0.00063535081 0.34386316
0.81 7.0794578e-06 0.11173633 0.95503597 0 0.67995889
0.81 7.9432823e-06 0.097364715 0.95661157 0 0.67995889
0.81 7.9432823e-07 0.11316583 0.96092362 2.3068425e-10 0.14575863
0.81 7.9432823e-08 0.11140104 0.95675676 0.029990747 0.51385647
0.81 7.9432823e-09 0.10972919 0.95246801 0.00095674614 0.37703814
0.81 8.9125094e-06 0.10801044 0.95724907 0 0.65715073
0.82 1.1220185e-06 0.10261044 0.96477495 1.7213518e-10 1.6550362e-07
0.82 1.1220185e-06 0.10261044 0.96477495 1.7213518e-10 1.6550362e-07
0.82 1.2589254e-05 0.10008039 0.94779116 0 0.92214364
0.82 1.2589254e-06 0.11540008 0.96341463 3.9410902e-18 0.99999784
0.82 1.2589254e-07 0.10371859 0.95930233 0.020969402 0.65063545
0.82 1.2589254e-08 0.10319213 0.94552529 0.0022037628 0.51102944
0.82 1.4125375e-06 0.10481928 0.94827586 6.9449361e-19 1
0.82 1.4125375e-06 0.10481928 0.94827586 6.9449361e-19 1
0.82 1.5848932e-05 0.11032958 0.95446266 0 0.8925796
0.82 1.5848932e-06 0.09861418 0.93075356 4.6177878e-21 0.99988416
0.82 1.5848932e-07 0.106088 0.96022727 0.013545555 0.82478639
0.82 1.5848932e-08 0.10429202 0.95192308 0.0031986489 0.45662048
0.82 1.7782794e-06 0.11153614 0.96931408 2.2153492e-27 1
0.82 1.7782794e-06 0.11153614 0.96931408 2.2153492e-27 1
0.82 1.9952623e-05 0.09889669 0.95943205 0 2.1129209e-06
0.82 1.9952623e-06 0.10856454 0.96111111 2.1529598e-34 1
0.82 1.9952623e-07 0.098509267 0.96523517 0.008313695 0.61461828
0.82 1.9952623e-08 0.10896274 0.96487985 0.0056694425 0.48752242
0.82 1e-05 0.10742972 0.97009346 0 0.68875639
0.82 1e-06 0.10395344 0.96138996 7.9181262e-13 0.86170126
0.82 1e-07 0.096223383 0.97286013 0.027896211 0.65415607
0.82 1e-08 0.097266881 0.95041322 0.0016783531 0.44498431
0.82 2.2387211e-06 0.10773869 0.97761194 0 1
0.82 2.2387211e-06 0.10773869 0.97761194 0 1
0.82 2.5118864e-05 0.10550643 0.95238095 0 0.99999793
0.82 2.5118864e-06 0.11035176 0.95992714 0 1
0.82 2.5118864e-07 0.11589537 0.97395833 0.0054245132 0.69809192
0.82 2.5118864e-08 0.10548523 0.95619048 0.011174909 0.48308414
0.82 2.8183829e-06 0.10046306 0.97194389 0 0.66533127
0.82 2.8183829e-06 0.10046306 0.97194389 0 1
0.82 3.1622777e-05 0.10323358 0.96303502 0 1
0.82 3.1622777e-06 0.094806763 0.96178344 0 1
0.82 3.1622777e-07 0.10787465 0.96275605 0.0017268804 0.83162751
0.82 3.1622777e-08 0.10587762 0.94486692 0.010086729 0.67731307
0.82 3.1622777e-09 0.096508828 0.95218295 0.00011458342 0.48296163
0.82 3.5481339e-06 0.10126582 0.96230159 0 0.66209683
0.82 3.9810717e-06 0.10479645 0.95192308 0 0.66209683
0.82 3.9810717e-07 0.10403696 0.96138996 0.001381094 0.84611071
0.82 3.9810717e-08 0.10720032 0.95309568 0.014553064 0.49413235
0.82 3.9810717e-09 0.1002612 0.96192385 0.00019894573 0.44813146
0.82 4.4668359e-06 0.10854271 0.96666667 0 0.68515979
0.82 5.0118723e-06 0.098914355 0.96138211 0 0.68515979
0.82 5.0118723e-07 0.10644708 0.95283019 0.00011469815 0.99496346
0.82 5.0118723e-08 0.095945403 0.95188285 0.0220344 0.5531459
0.82 5.0118723e-09 0.10082346 0.97211155 0.0003971664 0.44419006
0.82 5.6234133e-06 0.10376031 0.97674419 0 0.64235237
0.82 6.3095734e-06 0.10534781 0.96564885 0 0.64235237
0.82 6.3095734e-07 0.10343442 0.96699029 4.120027e-05 0.88855819
0.82 6.3095734e-08 0.10613065 0.95454545 0.031676317 0.62890837
0.82 6.3095734e-09 0.10289389 0.95703125 0.00068142147 0.46032846
0.82 7.0794578e-06 0.095515785 0.94526316 0 0.6758891
0.82 7.9432823e-06 0.097149739 0.94421488 0 0.6758891
0.82 7.9432823e-07 0.10004018 0.95783133 1.2879599e-07 0.91253179
0.82 7.9432823e-08 0.10142599 0.95841584 0.026972933 0.55168495
0.82 7.9432823e-09 0.10389871 0.96518375 0.0012536084 0.54930525
0.82 8.9125094e-06 0.10742305 0.94382022 0 0.66146248
0.83 1.1220185e-06 0.10333735 0.95525292 1.56075e-10 0.99519847
0.83 1.1220185e-06 0.10333735 0.95525292 1.56075e-10 0.99519847
0.83 1.2589254e-05 0.10883122 0.95563771 0 0.99954829
0.83 1.2589254e-06 0.10387784 0.96905222 8.1637417e-13 1
0.83 1.2589254e-07 0.10720032 0.96060038 0.03015252 0.51018224
0.83 1.2589254e-08 0.098472669 0.96734694 0.0025869345 0.46205827
0.83 1.4125375e-06 0.098469593 0.96114519 1.3055573e-15 1
0.83 1.4125375e-06 0.098469593 0.96114519 1.3055573e-15 1
0.83 1.5848932e-05 0.10702811 0.96060038 0 0.99999999
0.83 1.5848932e-06 0.098690836 0.96122449 1.5801757e-27 0.99999999
0.83 1.5848932e-07 0.10324009 0.96296296 0.022685481 0.77047255
0.83 1.5848932e-08 0.089152747 0.97065463 0.0029001023 0.6579801
0.83 1.7782794e-06 0.097026918 0.94409938 8.0737088e-16 1
0.83 1.7782794e-06 0.097026918 0.94409938 8.0737088e-16 1
0.83 1.9952623e-05 0.10240964 0.94509804 0 1
0.83 1.9952623e-06 0.098011649 0.94467213 0 1
0.83 1.9952623e-07 0.10378117 0.94573643 0.012894656 0.64101903
0.83 1.9952623e-08 0.10251256 0.97058824 0.0046165022 0.60088099
0.83 1e-05 0.097001409 0.95020747 0 0.69197663
0.83 1e-06 0.095697628 0.97689076 1.1723133e-11 0.99999999
0.83 1e-07 0.093925986 0.96573876 0.028948095 0.4656751
0.83 1e-08 0.105939 0.96780303 0.0012599749 0.47326862
0.83 2.2387211e-06 0.10100604 0.95219124 1.6301135e-26 1
0.83 2.2387211e-06 0.10100604 0.95219124 1.6301135e-26 1
0.83 2.5118864e-05 0.10116419 0.96428571 0 1
0.83 2.5118864e-06 0.10193004 0.95463511 0 1
0.83 2.5118864e-07 0.096897663 0.97089397 0.0075567575 0.64639344
0.83 2.5118864e-08 0.10032167 0.95390782 0.0080531306 0.50229398
0.83 2.8183829e-06 0.10165056 0.95643564 0 1
0.83 2.8183829e-06 0.10165056 0.95643564 0 1
0.83 3.1622777e-05 0.099276527 0.95951417 0 1
0.83 3.1622777e-06 0.097300564 0.96687371 0 1
0.83 3.1622777e-07 0.09400161 0.94004283 0.0032569645 0.9760954
0.83 3.1622777e-08 0.10623371 0.95660377 0.010651595 0.54406782
0.83 3.1622777e-09 0.10084541 0.95409182 0.00017665554 0.35975563
0.83 3.5481339e-06 0.10613065 0.95265152 0 0.64453014
0.83 3.9810717e-06 0.098995984 0.95537525 0 0.64453014
0.83 3.9810717e-07 0.10231156 0.96463654 0.00043513563 0.97260394
0.83 3.9810717e-08 0.099215134 0.96146045 0.013884582 0.52620357
0.83 3.9810717e-09 0.1010446 0.95029821 0.00021736625 0.49221193
0.83 4.4668359e-06 0.10303274 0.9668616 0 0.64916961
0.83 5.0118723e-06 0.10096541 0.95219124 0 0.64916961
0.83 5.0118723e-07 0.096014493 0.9706499 4.2679471e-05 0.9943011
0.83 5.0118723e-08 0.1056976 0.95619048 0.021013865 0.572689
0.83 5.0118723e-09 0.11102156 0.97096189 0.00028432555 0.70275432
0.83 5.6234133e-06 0.10295596 0.9765625 0 0.67229961
0.83 6.3095734e-06 0.1010467 0.95219124 0 0.67229961
0.83 6.3095734e-07 0.10050251 0.96 2.6253411e-05 0.88649309
0.83 6.3095734e-08 0.092462312 0.95869565 0.026919494 0.56957359
0.83 6.3095734e-09 0.10170854 0.96640316 0.00051181865 0.53857349
0.83 7.0794578e-06 0.10012063 0.95783133 0 0.63467073
0.83 7.9432823e-06 0.098651097 0.94285714 0 0.63467073
0.83 7.9432823e-07 0.10146675 0.96039604 1.0807476e-07 0.58486541
0.83 7.9432823e-08 0.10164725 0.94268775 0.027781404 0.58341119
0.83 7.9432823e-09 0.095821615 0.96436059 0.0011580689 0.48219837
0.83 8.9125094e-06 0.10012063 0.96385542 0 0.69283151
0.84 1.2589254e-05 0.10110331 0.95833333 0 0.69283151
0.84 1.2589254e-06 0.086012862 0.96728972 1.9652497e-13 1
0.84 1.2589254e-07 0.10088602 0.94610778 0.031933166 0.62747331
0.84 1.2589254e-08 0.09140217 0.97582418 0.0017539142 0.47399853
0.84 1.5848932e-05 0.094855305 0.96610169 0 0.70058352
0.84 1.5848932e-06 0.096025822 0.96848739 2.2578742e-19 0.99821869
0.84 1.5848932e-07 0.088772846 0.96153846 0.020931867 0.70368344
0.84 1.5848932e-08 0.092775206 0.97613883 0.0031912728 0.55719934
0.84 1.9952623e-05 0.093196457 0.95680346 0 0.69696767
0.84 1.9952623e-06 0.10409968 0.94980695 5.7907992e-33 0.9999999
0.84 1.9952623e-07 0.093416549 0.95474138 0.018660917 0.75423725
0.84 1.9952623e-08 0.10615199 0.96212121 0.0043068693 0.61338765
0.84 1e-05 0.090635048 0.97339246 0 0.68469064
0.84 1e-06 0.093925986 0.95931478 1.6049022e-10 0.99985014
0.84 1e-07 0.094912528 0.95127119 0.030081574 0.64968489
0.84 1e-08 0.10172899 0.95849802 0.0013647162 0.53063439
0.84 2.5118864e-05 0.093523733 0.93978495 0 0.67406239
0.84 2.5118864e-06 0.095678392 0.95378151 0 1
0.84 2.5118864e-07 0.095468278 0.96835443 0.0074437237 0.81643127
0.84 2.5118864e-08 0.098126133 0.95482546 0.0076778384 0.50458168
0.84 3.1622777e-05 0.096273917 0.96025105 0 0.70017057
0.84 3.1622777e-06 0.1079614 0.96089385 0 0.70017057
0.84 3.1622777e-07 0.094328238 0.97014925 0.0027196817 0.90802426
0.84 3.1622777e-08 0.097364715 0.96694215 0.011820995 0.4804482
0.84 3.1622777e-09 0.093743714 0.94849785 0.00015625176 0.47743163
0.84 3.9810717e-06 0.093593091 0.96351931 0 0.6889351
0.84 3.9810717e-07 0.098350764 0.96319018 0.00083139222 0.98919818
0.84 3.9810717e-08 0.090762729 0.96895787 0.018420593 0.52454776
0.84 3.9810717e-09 0.084973885 0.95271868 0.00019893238 0.4817511
0.84 5.0118723e-06 0.098350764 0.9591002 0 0.68448825
0.84 5.0118723e-07 0.085110664 0.95981087 0.00039135108 0.82528447
0.84 5.0118723e-08 0.096748294 0.96887967 0.019599949 0.45740141
0.84 5.0118723e-09 0.094316808 0.97435897 0.00038955197 0.48749695
0.84 6.3095734e-06 0.094893446 0.95974576 0 0.65564642
0.84 6.3095734e-07 0.097507037 0.97113402 9.4433905e-06 0.91745067
0.84 6.3095734e-08 0.097202656 0.94616977 0.023748512 0.53544896
0.84 6.3095734e-09 0.094988931 0.93855932 0.00053584813 0.49354963
0.84 7.9432823e-06 0.092428514 0.96514161 0 0.65011285
0.84 7.9432823e-07 0.097541314 0.94834711 1.5430524e-06 0.45592461
0.84 7.9432823e-08 0.094108184 0.95299145 0.027419549 0.52917559
0.84 7.9432823e-09 0.0937751 0.95503212 0.00085673702 0.52568879
0.85 1.2589254e-05 0.092812563 0.96529284 0 0.70049369
0.85 1.2589254e-06 0.087323944 0.96082949 1.9659766e-12 1
0.85 1.2589254e-07 0.091384863 0.96475771 0.026305687 0.67769955
0.85 1.2589254e-08 0.089407974 0.97297297 0.0022066432 0.50883111
0.85 1.5848932e-05 0.10231156 0.95088409 0 0.70714009
0.85 1.5848932e-06 0.092081402 0.96061269 1.0663867e-15 1
0.85 1.5848932e-07 0.083434099 0.96376812 0.01909892 0.63813089
0.85 1.5848932e-08 0.087832393 0.95183486 0.002596397 0.56517898
0.85 1.9952623e-05 0.089260528 0.95259594 0 0.72205623
0.85 1.9952623e-06 0.09156772 0.94505495 1.0921223e-20 1
0.85 1.9952623e-07 0.093322607 0.95043103 0.017120626 0.70416403
0.85 1.9952623e-08 0.080088318 0.96992481 0.0051813484 0.46654521
0.85 1e-05 0.090689238 0.96 0 0.70309084
0.85 1e-06 0.091914722 0.95185996 2.8969504e-10 1
0.85 1e-07 0.089573269 0.95955056 0.030277209 0.55511716
0.85 1e-08 0.079621044 0.96202532 0.0011479635 0.52401495
0.85 2.5118864e-05 0.086974029 0.95833333 0 0.68502766
0.85 2.5118864e-06 0.094115276 0.95074946 1.0146239e-38 0.99999996
0.85 2.5118864e-07 0.088691796 0.975 0.0071037797 0.73706318
0.85 2.5118864e-08 0.086186065 0.95560748 0.0077774831 0.43848506
0.85 3.1622777e-05 0.085432198 0.97641509 0 0.66847795
0.85 3.1622777e-06 0.088602497 0.96136364 0 1
0.85 3.1622777e-07 0.088418933 0.96810934 0.0063520655 0.84754541
0.85 3.1622777e-08 0.091165224 0.9602649 0.011710774 0.55424804
0.85 3.1622777e-09 0.089594215 0.96636771 0.00012329461 0.35915207
0.85 3.9810717e-06 0.096293312 0.96443515 0 0.6903765
0.85 3.9810717e-07 0.084827725 0.96912114 0.0005149822 0.98243383
0.85 3.9810717e-08 0.090139141 0.94630872 0.013755034 0.53642683
0.85 3.9810717e-09 0.098611391 0.95714286 0.0002125684 0.44424215
0.85 5.0118723e-06 0.082746124 0.96350365 0 0.69768264
0.85 5.0118723e-07 0.089501207 0.95955056 7.9908662e-05 0.98527107
0.85 5.0118723e-08 0.093303841 0.96336207 0.021398284 0.57553507
0.85 5.0118723e-09 0.091696896 0.97582418 0.00038836753 0.51781123
0.85 6.3095734e-06 0.095534996 0.97052632 0 0.67044288
0.85 6.3095734e-07 0.08532904 0.97641509 0.00023888433 0.99842113
0.85 6.3095734e-08 0.092920354 0.95454545 0.025813138 0.55186335
0.85 6.3095734e-09 0.081940809 0.97051597 0.00049729706 0.46943033
0.85 7.9432823e-06 0.082712819 0.96593674 0 0.68580146
0.85 7.9432823e-07 0.084106495 0.95923261 4.8589254e-08 0.89612356
0.85 7.9432823e-08 0.088643216 0.96145125 0.034963298 0.54949577
0.85 7.9432823e-09 0.08914885 0.96606335 0.00074074107 0.53813247
0.86 1.1220185e-06 0.089501207 0.96179775 3.9363678e-09 1
0.86 1.1220185e-06 0.089501207 0.96179775 3.9363678e-09 1
0.86 1.2589254e-05 0.09264854 0.95652174 0 0.98805086
0.86 1.2589254e-06 0.09273788 0.96312364 1.9402325e-11 0.99988692
0.86 1.2589254e-07 0.086851628 0.96990741 0.029778832 0.73835426
0.86 1.2589254e-08 0.096625151 0.96673597 0.0012353942 0.58492647
0.86 1.4125375e-06 0.090945674 0.96681416 1.1829674e-16 1
0.86 1.4125375e-06 0.090945674 0.96681416 1.1829674e-16 1
0.86 1.5848932e-05 0.093239152 0.94372294 0 0.77454191
0.86 1.5848932e-06 0.089684295 0.96412556 9.3315768e-16 1
0.86 1.5848932e-07 0.092756539 0.96312364 0.021903587 0.73119536
0.86 1.5848932e-08 0.090744467 0.96674058 0.0034181865 0.54175848
0.86 1.7782794e-06 0.096514205 0.95824635 1.3440684e-22 0.99998119
0.86 1.7782794e-06 0.096514205 0.95824635 1.3440684e-22 0.99998119
0.86 1.9952623e-05 0.092831253 0.96312364 0 0.99596983
0.86 1.9952623e-06 0.091037261 0.95353982 2.3779894e-32 5.2062406e-09
0.86 1.9952623e-07 0.083769634 0.96153846 0.021784088 0.69062434
0.86 1.9952623e-08 0.09207881 0.96069869 0.0050217183 0.48721164
0.86 1e-05 0.092812563 0.95227766 0 0.67220104
0.86 1e-06 0.096436481 0.96659708 2.2282905e-08 0.99999998
0.86 1e-07 0.08589821 0.96721311 0.026877245 0.64199094
0.86 1e-08 0.090927379 0.95575221 0.0016640256 0.46386944
0.86 2.2387211e-06 0.09195171 0.96936543 3.9814138e-33 1
0.86 2.2387211e-06 0.09195171 0.96936543 3.9814138e-33 1
0.86 2.5118864e-05 0.084390735 0.97374702 0 8.9854993e-06
0.86 2.5118864e-06 0.086432161 0.96744186 0 1
0.86 2.5118864e-07 0.093158954 0.96544276 0.0079920259 0.85640755
0.86 2.5118864e-08 0.09164149 0.95384615 0.0060863089 0.56488368
0.86 2.8183829e-06 0.089573269 0.96853933 8.9400497e-38 2.8730325e-09
0.86 2.8183829e-06 0.089573269 0.96853933 8.9400497e-38 2.8730325e-09
0.86 3.1622777e-05 0.093907098 0.95289079 0 0.00054179522
0.86 3.1622777e-06 0.086012862 0.96028037 0 1
0.86 3.1622777e-07 0.092573959 0.96521739 0.0031518498 0.6413477
0.86 3.1622777e-08 0.09178744 0.96710526 0.0092011844 0.58481986
0.86 3.1622777e-09 0.088401128 0.9453303 0.00013990308 0.49398238
0.86 3.5481339e-06 0.094700786 0.95319149 0 0.70819906
0.86 3.9810717e-06 0.095008052 0.96822034 0 0.70819906
0.86 3.9810717e-07 0.095449054 0.96202532 0.0020213579 0.95330056
0.86 3.9810717e-08 0.095199839 0.95991561 0.017597859 0.67517242
0.86 3.9810717e-09 0.088525912 0.95216401 0.00018345091 0.71331546
0.86 4.4668359e-06 0.091659952 0.98681319 0 0.70886726
0.86 5.0118723e-06 0.097280967 0.95031056 0 0.70886726
0.86 5.0118723e-07 0.092041801 0.96069869 5.315881e-05 0.3262259
0.86 5.0118723e-08 0.090050251 0.97767857 0.019311667 0.65891425
0.86 5.0118723e-09 0.094423193 0.98081023 0.00032179156 0.61953477
0.86 5.6234133e-06 0.090835851 0.97560976 0 0.69377731
0.86 6.3095734e-06 0.089885381 0.95302013 0 0.69377731
0.86 6.3095734e-07 0.096741754 0.95218295 9.8337807e-05 0.93705521
0.86 6.3095734e-08 0.097904915 0.9691358 0.026229892 0.65604166
0.86 6.3095734e-09 0.098733159 0.95519348 0.000410454 0.71979489
0.86 7.0794578e-06 0.095266868 0.97463002 0 0.69364473
0.86 7.9432823e-06 0.087376686 0.97465438 0 0.69364473
0.86 7.9432823e-07 0.095343236 0.95789474 1.3036263e-05 0.99496068
0.86 7.9432823e-08 0.085324232 0.95764706 0.034725958 0.60283079
0.86 7.9432823e-09 0.095122934 0.96186441 0.0008582577 0.50837421
0.86 8.9125094e-06 0.092279855 0.96078431 0 0.6686934
0.87 1.1220185e-06 0.080749094 0.95511222 9.906744e-08 0.8710003
0.87 1.1220185e-06 0.080749094 0.95511222 9.906744e-08 0.8710003
0.87 1.2589254e-05 0.081402378 0.97772277 0 0.85475683
0.87 1.2589254e-06 0.086693548 0.9744186 3.5163309e-12 1
0.87 1.2589254e-07 0.091513808 0.97356828 0.038595169 0.63723363
0.87 1.2589254e-08 0.07596212 0.96286472 0.0013972907 0.61829231
0.87 1.4125375e-06 0.08103205 0.960199 9.1941186e-14 8.2034431e-07
0.87 1.4125375e-06 0.08103205 0.960199 9.1941186e-14 8.2034431e-07
0.87 1.5848932e-05 0.083065165 0.94188862 0 0.88954115
0.87 1.5848932e-06 0.083601934 0.97108434 1.8324037e-12 6.8322804e-05
0.87 1.5848932e-07 0.086071357 0.97189696 0.027696922 0.75659675
0.87 1.5848932e-08 0.081233622 0.96526055 0.0030150911 0.57026993
0.87 1.7782794e-06 0.081255028 0.96534653 2.3074827e-23 0.99999723
0.87 1.7782794e-06 0.081255028 0.96534653 2.3074827e-23 0.99999723
0.87 1.9952623e-05 0.09204431 0.96280088 0 1
0.87 1.9952623e-06 0.082445204 0.97560976 4.0731023e-40 1
0.87 1.9952623e-07 0.079782958 0.96473552 0.022669029 0.73999596
0.87 1.9952623e-08 0.077791213 0.97409326 0.0048323539 0.5377905
0.87 1e-05 0.079476861 0.96202532 0 0.67371437
0.87 1e-06 0.094605475 0.97234043 4.7439829e-07 0.90164664
0.87 1e-07 0.085720048 0.96 0.036161876 0.64539625
0.87 1e-08 0.089166835 0.95927602 0.0011637954 0.58279423
0.87 2.2387211e-06 0.082796132 0.95863747 7.097038e-23 1
0.87 2.2387211e-06 0.082796132 0.95863747 7.097038e-23 1
0.87 2.5118864e-05 0.083450633 0.95421687 0 0.99999999
0.87 2.5118864e-06 0.084947538 0.96437055 2.0708844e-47 1
0.87 2.5118864e-07 0.083702213 0.98317308 0.014302815 0.63645518
0.87 2.5118864e-08 0.087708711 0.96100917 0.006866103 0.50292987
0.87 2.8183829e-06 0.087507544 0.96321839 0 1
0.87 2.8183829e-06 0.087507544 0.96321839 0 1
0.87 3.1622777e-05 0.081255028 0.96287129 0 1
0.87 3.1622777e-06 0.082106113 0.97051597 0 1
0.87 3.1622777e-07 0.081439775 0.95061728 0.0043776879 0.70749373
0.87 3.1622777e-08 0.087472351 0.96091954 0.012967252 0.5560866
0.87 3.1622777e-09 0.088709677 0.96818182 0.00010710435 0.54744247
0.87 3.5481339e-06 0.077853973 0.97150259 0 0.69452228
0.87 3.9810717e-06 0.081603869 0.96049383 0 0.69452228
0.87 3.9810717e-07 0.074386811 0.97027027 0.0011564758 0.72429535
0.87 3.9810717e-08 0.085282258 0.95981087 0.013012926 0.61746242
0.87 3.9810717e-09 0.082459677 0.96821516 0.00019063623 0.60202077
0.87 4.4668359e-06 0.081472541 0.96296296 0 0.66952441
0.87 5.0118723e-06 0.078782994 0.95396419 0 0.66952441
0.87 5.0118723e-07 0.08279483 0.97560976 0.00041113736 0.97279376
0.87 5.0118723e-08 0.085397784 0.96226415 0.021534638 0.55458778
0.87 5.0118723e-09 0.088324259 0.96803653 0.00027285376 0.59455541
0.87 5.6234133e-06 0.088973689 0.96388262 0 0.70880305
0.87 6.3095734e-06 0.081102838 0.97766749 0 0.70880305
0.87 6.3095734e-07 0.084458778 0.9522673 8.2918772e-05 0.999041
0.87 6.3095734e-08 0.084305835 0.95704057 0.024436375 0.60909163
0.87 6.3095734e-09 0.085984696 0.96955504 0.00046920451 0.5297554
0.87 7.0794578e-06 0.079138139 0.96946565 0 0.64785787
0.87 7.9432823e-06 0.091676719 0.96710526 0 0.64785787
0.87 7.9432823e-07 0.08373591 0.96394231 2.6511552e-06 0.99994724
0.87 7.9432823e-08 0.079847144 0.96725441 0.035371635 0.65969914
0.87 7.9432823e-09 0.081801656 0.97530864 0.00065582754 0.62800628
0.87 8.9125094e-06 0.080765358 0.96508728 0 0.69818336
0.88 1.1220185e-06 0.082109076 0.95588235 3.8252655e-07 0.99418148
0.88 1.1220185e-06 0.082109076 0.95588235 3.8252655e-07 0.99418148
0.88 1.2589254e-05 0.078486617 0.96666667 0 0.9704022
0.88 1.2589254e-06 0.0792179 0.97201018 1.2159621e-10 0.67649916
0.88 1.2589254e-07 0.077450585 0.97916667 0.037997874 0.72739417
0.88 1.2589254e-08 0.082929782 0.96350365 0.0016834584 0.50644892
0.88 1.4125375e-06 0.088087079 0.97482838 1.5492002e-11 1
0.88 1.4125375e-06 0.088087079 0.97482838 1.5492002e-11 1
0.88 1.5848932e-05 0.082829504 0.9756691 0 0.99999046
0.88 1.5848932e-06 0.077434967 0.97916667 6.5137399e-15 0.99999429
0.88 1.5848932e-07 0.079185976 0.97201018 0.030184141 0.65913475
0.88 1.5848932e-08 0.079895351 0.96221662 0.0028362451 0.55722664
0.88 1.7782794e-06 0.082696177 0.96836983 2.8275703e-23 1
0.88 1.7782794e-06 0.082696177 0.96836983 2.8275703e-23 1
0.88 1.9952623e-05 0.086571371 0.96511628 0 0.17114982
0.88 1.9952623e-06 0.082175227 0.96568627 5.8009902e-23 0.99999882
0.88 1.9952623e-07 0.079524864 0.96202532 0.023781001 0.67469309
0.88 1.9952623e-08 0.079185976 0.956743 0.0041142629 0.58846086
0.88 1e-05 0.078150242 0.97932817 0 0.6994006
0.88 1e-06 0.078301127 0.94601542 1.4279923e-06 0.99997211
0.88 1e-07 0.089738431 0.97309417 0.031509543 0.65135135
0.88 1e-08 0.080765358 0.97007481 0.0011474002 0.4694936
0.88 2.2387211e-06 0.078194277 0.95103093 4.5743771e-28 1
0.88 2.2387211e-06 0.078194277 0.95103093 4.5743771e-28 1
0.88 2.5118864e-05 0.084240226 0.95454545 0 0.99998018
0.88 2.5118864e-06 0.08279483 0.97804878 3.2825602e-36 1
0.88 2.5118864e-07 0.081993569 0.96323529 0.011575448 0.77439588
0.88 2.5118864e-08 0.078751259 0.96675192 0.0064415412 0.5966857
0.88 2.8183829e-06 0.078021315 0.96134021 1.8092984e-34 1
0.88 2.8183829e-06 0.078021315 0.96134021 1.8092984e-34 1
0.88 3.1622777e-05 0.082208342 0.96078431 0 0.99999558
0.88 3.1622777e-06 0.080684105 0.97506234 0 1
0.88 3.1622777e-07 0.08199033 0.98280098 0.0066391582 0.86315894
0.88 3.1622777e-08 0.081369587 0.97524752 0.010706231 0.5392844
0.88 3.1622777e-09 0.083467418 0.98554217 0.00011660721 0.61732657
0.88 3.5481339e-06 0.085029216 0.95260664 0 1
0.88 3.5481339e-06 0.085029216 0.95260664 0 1
0.88 3.9810717e-06 0.082997583 0.96116505 0 1
0.88 3.9810717e-07 0.078395808 0.96143959 0.0034520857 0.81944779
0.88 3.9810717e-08 0.085414988 0.96698113 0.017368228 0.51786874
0.88 3.9810717e-09 0.07980653 0.9520202 0.00020339947 0.50249035
0.88 4.4668359e-06 0.079935406 0.97222222 0 0.69414582
0.88 5.0118723e-06 0.0775428 0.98441558 0 0.69414582
0.88 5.0118723e-07 0.082109076 0.96323529 0.00054522092 0.51437038
0.88 5.0118723e-08 0.084189325 0.9784689 0.022020881 0.5993129
0.88 5.0118723e-09 0.08642224 0.96037296 0.00028517536 0.60892055
0.88 5.6234133e-06 0.086588804 0.9627907 0 0.71769413
0.88 6.3095734e-06 0.083618779 0.96144578 0 0.71769413
0.88 6.3095734e-07 0.079143953 0.96683673 0.00016285913 0.99814924
0.88 6.3095734e-08 0.079323535 0.95177665 0.021542719 0.54778471
0.88 6.3095734e-09 0.08086904 0.97014925 0.00053523765 0.62296829
0.88 7.0794578e-06 0.084793555 0.96199525 0 0.70993568
0.88 7.9432823e-06 0.082461786 0.97073171 0 0.70993568
0.88 7.9432823e-07 0.081874874 0.98034398 1.2445205e-05 0.33774324
0.88 7.9432823e-08 0.080999396 0.97014925 0.033374914 0.6589477
0.88 7.9432823e-09 0.085668212 0.96941176 0.00064290665 0.54454426
0.88 8.9125094e-06 0.079927522 0.9697733 0 0.68560467
0.89 1.1220185e-06 0.07216287 0.97206704 6.2341433e-10 0.12215799
0.89 1.1220185e-06 0.07216287 0.97206704 6.2341433e-10 0.12215799
0.89 1.2589254e-05 0.077775539 0.95854922 0 0.6421181
0.89 1.2589254e-06 0.075977428 0.96286472 6.1587925e-11 1
0.89 1.2589254e-07 0.069472412 0.96231884 0.035486016 0.69660502
0.89 1.2589254e-08 0.073917422 0.95095368 0.0018686043 0.54746383
0.89 1.4125375e-06 0.074964639 0.96495957 1.0155325e-15 0.95525767
0.89 1.4125375e-06 0.074964639 0.96495957 1.0155325e-15 0.95525767
0.89 1.5848932e-05 0.077574048 0.97402597 0 0.9999212
0.89 1.5848932e-06 0.078285369 0.97943445 7.5083262e-14 1
0.89 1.5848932e-07 0.072306143 0.98328691 0.029677839 0.7166077
0.89 1.5848932e-08 0.079959718 0.95465995 0.0024820577 0.41096686
0.89 1.7782794e-06 0.073573876 0.94520548 1.2275417e-17 1
0.89 1.7782794e-06 0.073573876 0.94520548 1.2275417e-17 1
0.89 1.9952623e-05 0.072954454 0.95856354 0 0.99892735
0.89 1.9952623e-06 0.075015124 0.95967742 6.1005958e-33 0.029245248
0.89 1.9952623e-07 0.07007652 0.97988506 0.028902031 0.72434613
0.89 1.9952623e-08 0.076861005 0.97375328 0.0049375874 0.54897377
0.89 1e-05 0.080492233 0.97243108 0 0.71365224
0.89 1e-06 0.073333333 0.96694215 5.6980368e-06 0.99953823
0.89 1e-07 0.07596212 0.9734748 0.042804964 0.69324411
0.89 1e-08 0.08026554 0.97994987 0.0010514387 0.47860172
0.89 2.2387211e-06 0.074036716 0.96730245 1.366531e-33 1
0.89 2.2387211e-06 0.074036716 0.96730245 1.366531e-33 1
0.89 2.5118864e-05 0.077202177 0.96866841 0 1
0.89 2.5118864e-06 0.078443235 0.97172237 3.1999006e-41 1
0.89 2.5118864e-07 0.071256039 0.98587571 0.019447675 0.72943976
0.89 2.5118864e-08 0.07216287 0.97765363 0.0062680134 0.66376952
0.89 2.8183829e-06 0.084458778 0.97374702 5.6133605e-36 1
0.89 2.8183829e-06 0.084458778 0.97374702 5.6133605e-36 1
0.89 3.1622777e-05 0.07999194 0.98488665 0 0.013745453
0.89 3.1622777e-06 0.079451502 0.97208122 3.0702114e-40 1
0.89 3.1622777e-07 0.072624571 0.97222222 0.0069067594 0.78509147
0.89 3.1622777e-08 0.078798871 0.96163683 0.011058855 0.51842711
0.89 3.1622777e-09 0.076985087 0.96335079 0.00013189153 0.55674715
0.89 3.5481339e-06 0.073013312 0.97790055 0 1
0.89 3.5481339e-06 0.073013312 0.97790055 0 1
0.89 3.9810717e-06 0.079637097 0.9721519 0 1
0.89 3.9810717e-07 0.073962112 0.97547684 0.0043490833 0.81517066
0.89 3.9810717e-08 0.073268921 0.98626374 0.012981593 0.6479324
0.89 3.9810717e-09 0.080274304 0.95477387 0.00016600875 0.61740809
0.89 4.4668359e-06 0.075141015 0.9463807 0 0.6987001
0.89 5.0118723e-06 0.071558154 0.95774648 0 0.6987001
0.89 5.0118723e-07 0.082476306 0.96577017 0.00083322844 0.53079015
0.89 5.0118723e-08 0.076969575 0.95549738 0.021415198 0.58654949
0.89 5.0118723e-09 0.076954151 0.95013123 0.00026919461 0.68522589
0.89 5.6234133e-06 0.082914067 0.97087379 0 0.73809229
0.89 6.3095734e-06 0.073633246 0.97260274 0 0.73809229
0.89 6.3095734e-07 0.073475979 0.96978022 1.3242929e-05 0.99989253
0.89 6.3095734e-08 0.080684105 0.97007481 0.02356105 0.53057253
0.89 6.3095734e-09 0.073082343 0.96694215 0.00057996052 0.48431386
0.89 7.0794578e-06 0.06920904 0.96501458 0 0.67897519
0.89 7.9432823e-06 0.077929923 0.96124031 0 0.67897519
0.89 7.9432823e-07 0.075791171 0.97074468 1.1076114e-06 0.2967507
0.89 7.9432823e-08 0.081821846 0.96551724 0.028608209 0.59236078
0.89 7.9432823e-09 0.075589599 0.976 0.00079994644 0.62260961
0.8 1.1220185e-06 0.11615756 0.94290657 1.6429873e-20 1
0.8 1.4125375e-06 0.1253012 0.95032051 5.3764351e-28 1
0.8 1.7782794e-06 0.12003212 0.96989967 2.2212425e-37 1
0.8 2.2387211e-06 0.11586345 0.95667244 0 1
0.8 2.8183829e-06 0.11661983 0.95524957 0 1
0.9 1.1220185e-06 0.076923077 0.96850394 9.3075197e-09 1
0.9 1.2589254e-05 0.070334543 0.95702006 0 0.36978267
0.9 1.2589254e-06 0.070189593 0.97126437 6.7696831e-16 0.85134294
0.9 1.2589254e-07 0.082072999 0.96068796 0.040775381 0.61097742
0.9 1.2589254e-08 0.06779661 0.9702381 0.0019923448 0.49936018
0.9 1.4125375e-06 0.074335214 0.96476965 1.5416509e-11 1
0.9 1.5848932e-05 0.073843058 0.96185286 0 0.64427475
0.9 1.5848932e-06 0.074335214 0.96205962 2.3397742e-12 1
0.9 1.5848932e-07 0.077450585 0.96614583 0.033030649 0.68883939
0.9 1.5848932e-08 0.07568113 0.97333333 0.0031512148 0.50683837
0.9 1.7782794e-06 0.072077529 0.98879552 5.5667095e-18 2.4720933e-06
0.9 1.9952623e-05 0.07358871 0.96438356 0 0.96069281
0.9 1.9952623e-06 0.07504539 0.96505376 7.1526488e-20 1
0.9 1.9952623e-07 0.075760629 0.97340426 0.029019394 0.84199294
0.9 1.9952623e-08 0.079355488 0.97715736 0.0051572653 0.53818586
0.9 1e-05 0.068686869 0.96176471 0 0.70380424
0.9 1e-06 0.070780399 0.98005698 1.1094581e-07 1
0.9 1e-07 0.080912026 0.97506234 0.03321991 0.60999847
0.9 1e-08 0.07300885 0.96694215 0.0010649448 0.74245814
0.9 2.2387211e-06 0.078629032 0.96410256 4.3277679e-36 1
0.9 2.5118864e-05 0.073499799 0.97260274 0 1
0.9 2.5118864e-06 0.077234129 0.96335079 9.644394e-34 1
0.9 2.5118864e-07 0.072335281 0.96100279 0.016205719 0.84948532
0.9 2.5118864e-08 0.071904666 0.97191011 0.0056225063 0.61318627
0.9 2.8183829e-06 0.07571169 0.976 4.7265092e-37 0
0.9 3.1622777e-05 0.07659746 0.97894737 0 0.99995253
0.9 3.1622777e-06 0.073916565 0.96986301 1.503827e-34 1
0.9 3.1622777e-07 0.082594682 0.96585366 0.0073703022 0.65982857
0.9 3.1622777e-08 0.070521862 0.97714286 0.00973091 0.60332487
0.9 3.1622777e-09 0.076954069 0.96073298 0.00013998392 0.36571783
0.9 3.5481339e-06 0.079604998 0.97468354 0 1
0.9 3.9810717e-06 0.078740157 0.97435897 0 1
0.9 3.9810717e-07 0.083450917 0.96618357 0.0024353761 0.81047327
0.9 3.9810717e-08 0.073612228 0.96721311 0.01524036 0.57662234
0.9 3.9810717e-09 0.069069674 0.97376093 0.00016076291 0.48374252
0.9 4.4668359e-06 0.077108919 0.94778068 0 0.70139822
0.9 5.0118723e-06 0.076876635 0.96073298 0 0.70139822
0.9 5.0118723e-07 0.077898551 0.96382429 0.0011232793 0.99406934
0.9 5.0118723e-08 0.074320242 0.9701897 0.024269095 0.53170728
0.9 5.0118723e-09 0.081472541 0.96296296 0.00030797391 0.50102186
0.9 5.6234133e-06 0.07568438 0.95478723 0 0.70422803
0.9 6.3095734e-06 0.068923821 0.97076023 0 0.70422803
0.9 6.3095734e-07 0.070694864 0.97720798 0.0001669709 0.99629323
0.9 6.3095734e-08 0.068666935 0.95894428 0.024575026 0.5286189
0.9 6.3095734e-09 0.067216744 0.9760479 0.00041216985 0.62295872
0.9 7.0794578e-06 0.077853973 0.95336788 0 0.70428356
0.9 7.9432823e-06 0.076845502 0.97112861 0 0.70428356
0.9 7.9432823e-07 0.080580177 0.9825 2.1943597e-05 0.99644526
0.9 7.9432823e-08 0.077513121 0.98177083 0.033054733 0.62761257
0.9 7.9432823e-09 0.078803799 0.96666667 0.00080905555 0.5422327
0.9 8.9125094e-06 0.07633434 0.95778364 0 0.71312248
0.95 1.1220185e-06 0.092341887 0.97592998 1.7531853e-08 0.99601045
0.95 1.1220185e-06 0.092341887 0.97592998 1.7531853e-08 0.99601045
0.95 1.2589254e-05 0.08990123 0.98878924 0 0.97170722
0.95 1.2589254e-06 0.08605401 0.98126464 4.5280916e-08 0.99999985
0.95 1.2589254e-07 0.086588804 0.99069767 0.057407272 0.70423715
0.95 1.2589254e-08 0.091385919 0.98013245 0.0018564967 0.47358736
0.95 1.4125375e-06 0.089865001 0.98206278 1.068979e-12 0.99986811
0.95 1.4125375e-06 0.089865001 0.98206278 1.068979e-12 0.99986811
0.95 1.5848932e-05 0.087184662 0.96759259 0 0.84564859
0.95 1.5848932e-06 0.094110504 0.98064516 5.9573877e-11 0.92621288
0.95 1.5848932e-07 0.085518354 0.97641509 0.051723213 0.7332604
0.95 1.5848932e-08 0.080700342 0.97007481 0.0033216796 0.55449836
0.95 1.7782794e-06 0.095103768 0.97457627 1.5751008e-19 0.99590193
0.95 1.7782794e-06 0.095103768 0.97457627 1.5751008e-19 0.99590193
0.95 1.9952623e-05 0.089494949 0.98645598 0 0.89075392
0.95 1.9952623e-06 0.09752166 0.97727273 8.3959603e-15 1
0.95 1.9952623e-07 0.087368846 0.98614319 0.044227735 0.73162328
0.95 1.9952623e-08 0.095401372 0.98520085 0.0052130851 0.49844328
0.95 1e-05 0.090927419 0.98004435 0 0.71868372
0.95 1e-06 0.095392078 0.97669492 1.0321101e-06 0.9996981
0.95 1e-07 0.086165049 0.98356808 0.056745757 0.65620715
0.95 1e-08 0.089094941 0.97737557 0.0015599239 0.55743289
0.95 2.2387211e-06 0.095843422 0.98105263 3.7839052e-27 1
0.95 2.2387211e-06 0.095843422 0.98105263 3.7839052e-27 1
0.95 2.5118864e-05 0.088336365 0.98169336 0 0.99999983
0.95 2.5118864e-06 0.096468214 0.9832636 3.6076436e-27 1
0.95 2.5118864e-07 0.091349062 0.96688742 0.032652493 0.77373949
0.95 2.5118864e-08 0.093794219 0.97844828 0.0086991643 0.68085202
0.95 2.8183829e-06 0.088839645 0.97959184 3.2577607e-36 1
0.95 2.8183829e-06 0.088839645 0.97959184 3.2577607e-36 1
0.95 3.1622777e-05 0.090872456 0.97339246 0 0.99999993
0.95 3.1622777e-06 0.089991929 0.97533632 1.9473893e-32 1
0.95 3.1622777e-07 0.099033816 0.97560976 0.016965884 0.78387303
0.95 3.1622777e-08 0.088763365 0.97272727 0.010923674 0.47408982
0.95 3.1622777e-09 0.098106366 0.97330595 0.00011189422 0.54095389
0.95 3.5481339e-06 0.088122605 0.97254005 0 1
0.95 3.5481339e-06 0.088122605 0.97254005 0 1
0.95 3.9810717e-06 0.08892922 0.98185941 0 1
0.95 3.9810717e-07 0.087333602 0.98383372 0.0065564147 0.62248367
0.95 3.9810717e-08 0.092760637 0.97608696 0.016771727 0.57357629
0.95 3.9810717e-09 0.091643117 0.9845815 0.00018345418 0.67141605
0.95 4.4668359e-06 0.092211461 0.98468271 0 0.72450927
0.95 5.0118723e-06 0.096344173 0.98322851 0 0.72450927
0.95 5.0118723e-07 0.087563195 0.98614319 0.0017559829 0.8423295
0.95 5.0118723e-08 0.086019339 0.9882904 0.028502234 0.59651092
0.95 5.0118723e-09 0.085904416 0.97887324 0.00037782319 0.54177306
0.95 5.6234133e-06 0.088122605 0.98627002 0 0.70176365
0.95 6.3095734e-06 0.095459132 0.97674419 0 0.70176365
0.95 6.3095734e-07 0.091001011 0.98222222 0.0002724192 0.95821558
0.95 6.3095734e-08 0.085592877 0.9787234 0.034039752 0.62590603
0.95 6.3095734e-09 0.097418314 0.98964803 0.0005725084 0.62658577
0.95 7.0794578e-06 0.089350545 0.97291196 0 0.72537667
0.95 7.9432823e-06 0.091184184 0.98672566 0 0.72537667
0.95 7.9432823e-07 0.088312211 0.98177677 8.2768571e-05 0.89125603
0.95 7.9432823e-08 0.092741935 0.99130435 0.038020157 0.63715463
0.95 7.9432823e-09 0.087832393 0.99082569 0.0007994953 0.48750538
0.95 8.9125094e-06 0.089184826 0.98868778 0 0.73846999
0.9 1.1220185e-06 0.076923077 0.96850394 9.3075197e-09 1
0.9 1.4125375e-06 0.074335214 0.96476965 1.5416509e-11 1
0.9 1.7782794e-06 0.072077529 0.98879552 5.5667095e-18 2.4720933e-06
0.9 2.2387211e-06 0.078629032 0.96410256 4.3277679e-36 1
0.9 2.8183829e-06 0.07571169 0.976 4.7265092e-37 0
0.9 3.5481339e-06 0.079604998 0.97468354 0 1
