0.002 0.00012589254 5000 4668 3837 3837 1219 460
0.002 0.00015848932 5000 4674 3845 3845 1174 475
0.002 0.00019952623 5000 4710 3920 3920 1179 480
0.002 0.0001 5000 4700 3804 3804 1211 467
0.002 0.00025118864 5000 4681 3815 3815 1233 458
0.002 0.00031622777 5000 4674 3869 3869 1251 531
0.002 0.001 5000 4687 3839 3839 1224 482
0.002 0.0031622777 5000 4671 3870 3870 1235 468
0.002 0.01 5000 4705 3846 3846 1175 463
0.002 0.031622777 5000 4701 3877 3877 1204 463
0.002 0.1 5000 4690 3888 3888 1228 484
0.002 1.2589254e-05 5000 4658 3876 3876 1193 428
0.002 1.2589254e-06 5000 4683 3849 3849 1228 491
0.002 1.2589254e-07 5000 4692 3857 3857 1159 478
0.002 1.2589254e-08 5000 4682 3879 3879 1212 458
0.002 1.2589254e-09 5000 4700 3873 3873 1217 472
0.002 1.5848932e-05 5000 4701 3853 3853 1260 495
0.002 1.5848932e-06 5000 4689 3882 3882 1231 463
0.002 1.5848932e-07 5000 4680 3840 3840 1176 478
0.002 1.5848932e-08 5000 4700 3900 3900 1207 470
0.002 1.5848932e-09 5000 4672 3888 3888 1255 486
0.002 1.9952623e-05 5000 4689 3875 3875 1210 467
0.002 1.9952623e-06 5000 4673 3875 3875 1281 529
0.002 1.9952623e-07 5000 4695 3873 3873 1227 475
0.002 1.9952623e-08 5000 4710 3841 3841 1197 454
0.002 1.9952623e-09 5000 4690 3892 3892 1217 475
0.002 1e-05 5000 4694 3845 3845 1160 502
0.002 1e-06 5000 4666 3864 3864 1202 501
0.002 1e-07 5000 4664 3906 3906 1255 492
0.002 1e-08 5000 4699 3902 3902 1258 490
0.002 1e-09 5000 4695 3859 3859 1265 490
0.002 2.5118864e-05 5000 4679 3867 3867 1262 515
0.002 2.5118864e-06 5000 4690 3911 3911 1230 506
0.002 2.5118864e-07 5000 4686 3838 3838 1195 480
0.002 2.5118864e-08 5000 4680 3849 3849 1186 477
0.002 2.5118864e-09 5000 4687 3880 3880 1243 517
0.002 3.1622777e-05 5000 4699 3882 3882 1217 503
0.002 3.1622777e-06 5000 4678 3840 3840 1197 464
0.002 3.1622777e-07 5000 4696 3837 3837 1217 500
0.002 3.1622777e-08 5000 4688 3863 3863 1238 464
0.002 3.1622777e-09 5000 4686 3894 3894 1192 487
0.002 3.9810717e-05 5000 4667 3831 3831 1250 473
0.002 3.9810717e-06 5000 4692 3845 3845 1216 473
0.002 3.9810717e-07 5000 4715 3932 3932 1312 519
0.002 3.9810717e-08 5000 4679 3916 3916 1245 505
0.002 3.9810717e-09 5000 4684 3869 3869 1226 510
0.002 5.0118723e-05 5000 4676 3860 3860 1199 492
0.002 5.0118723e-06 5000 4690 3858 3858 1198 473
0.002 5.0118723e-07 5000 4671 3874 3874 1179 444
0.002 5.0118723e-08 5000 4684 3846 3846 1232 450
0.002 5.0118723e-09 5000 4677 3846 3846 1218 492
0.002 6.3095734e-05 5000 4700 3936 3936 1261 516
0.002 6.3095734e-06 5000 4704 3870 3870 1258 497
0.002 6.3095734e-07 5000 4691 3858 3858 1220 477
0.002 6.3095734e-08 5000 4677 3826 3826 1224 500
0.002 6.3095734e-09 5000 4665 3840 3840 1191 466
0.002 7.9432823e-05 5000 4704 3911 3911 1272 500
0.002 7.9432823e-06 5000 4698 3887 3887 1206 484
0.002 7.9432823e-07 5000 4713 3876 3876 1175 460
0.002 7.9432823e-08 5000 4668 3837 3837 1178 465
0.002 7.9432823e-09 5000 4675 3852 3852 1148 449
0.005 0.00012589254 5000 4671 3566 3566 1126 430
0.005 0.00015848932 5000 4701 3617 3617 1162 442
0.005 0.00019952623 5000 4702 3687 3687 1173 455
0.005 0.0001 5000 4707 3657 3657 1150 463
0.005 0.00025118864 5000 4698 3634 3634 1212 467
0.005 0.00031622777 5000 4702 3650 3650 1148 440
0.005 0.001 5000 4676 3628 3628 1174 448
0.005 0.0031622777 5000 4677 3645 3645 1154 413
0.005 0.01 5000 4654 3667 3667 1139 443
0.005 0.031622777 5000 4696 3643 3643 1150 434
0.005 0.1 5000 4687 3662 3662 1157 464
0.005 1.2589254e-05 5000 4630 3593 3593 1084 412
0.005 1.2589254e-06 5000 4687 3620 3620 1135 429
0.005 1.2589254e-07 5000 4704 3669 3669 1190 445
0.005 1.2589254e-08 5000 4690 3645 3645 1130 433
0.005 1.2589254e-09 5000 4699 3672 3672 1183 461
0.005 1.5848932e-05 5000 4683 3632 3632 1142 414
0.005 1.5848932e-06 5000 4688 3631 3631 1154 428
0.005 1.5848932e-07 5000 4661 3608 3608 1137 432
0.005 1.5848932e-08 5000 4717 3626 3626 1130 408
0.005 1.5848932e-09 5000 4678 3634 3634 1166 463
0.005 1.9952623e-05 5000 4682 3656 3656 1175 443
0.005 1.9952623e-06 5000 4673 3611 3611 1181 444
0.005 1.9952623e-07 5000 4677 3640 3640 1135 435
0.005 1.9952623e-08 5000 4677 3621 3621 1134 425
0.005 1.9952623e-09 5000 4666 3640 3640 1168 437
0.005 1e-05 5000 4682 3620 3620 1174 446
0.005 1e-06 5000 4687 3686 3686 1166 451
0.005 1e-07 5000 4685 3655 3655 1186 423
0.005 1e-08 5000 4678 3651 3651 1130 422
0.005 1e-09 5000 4655 3638 3638 1171 437
0.005 2.5118864e-05 5000 4659 3627 3627 1173 429
0.005 2.5118864e-06 5000 4690 3665 3665 1192 489
0.005 2.5118864e-07 5000 4664 3597 3597 1184 453
0.005 2.5118864e-08 5000 4648 3617 3617 1187 457
0.005 2.5118864e-09 5000 4692 3642 3642 1196 425
0.005 3.1622777e-05 5000 4707 3653 3653 1169 426
0.005 3.1622777e-06 5000 4665 3650 3650 1186 453
0.005 3.1622777e-07 5000 4721 3611 3611 1150 448
0.005 3.1622777e-08 5000 4692 3666 3666 1150 433
0.005 3.1622777e-09 5000 4668 3641 3641 1171 469
0.005 3.9810717e-05 5000 4660 3633 3633 1161 422
0.005 3.9810717e-06 5000 4656 3651 3651 1137 440
0.005 3.9810717e-07 5000 4686 3557 3557 1103 433
0.005 3.9810717e-08 5000 4691 3688 3688 1142 435
0.005 3.9810717e-09 5000 4676 3629 3629 1174 407
0.005 5.0118723e-05 5000 4683 3664 3664 1228 439
0.005 5.0118723e-06 5000 4649 3630 3630 1138 406
0.005 5.0118723e-07 5000 4690 3587 3587 1187 460
0.005 5.0118723e-08 5000 4692 3642 3642 1178 448
0.005 5.0118723e-09 5000 4675 3653 3653 1220 454
0.005 6.3095734e-05 5000 4663 3582 3582 1086 395
0.005 6.3095734e-06 5000 4673 3664 3664 1141 411
0.005 6.3095734e-07 5000 4706 3618 3618 1137 449
0.005 6.3095734e-08 5000 4669 3618 3618 1138 433
0.005 6.3095734e-09 5000 4698 3643 3643 1187 433
0.005 7.9432823e-05 5000 4648 3599 3599 1164 437
0.005 7.9432823e-06 5000 4704 3642 3642 1138 426
0.005 7.9432823e-07 5000 4709 3644 3644 1165 437
0.005 7.9432823e-08 5000 4681 3726 3726 1196 441
0.005 7.9432823e-09 5000 4669 3644 3644 1208 424
0.01 0.00012589254 5000 4717 3623 3623 1147 403
0.01 0.00015848932 5000 4684 3547 3547 1109 402
0.01 0.00019952623 5000 4683 3554 3554 1197 468
0.01 0.0001 5000 4684 3564 3564 1111 403
0.01 0.00025118864 5000 4656 3550 3550 1133 418
0.01 0.00031622777 5000 4690 3604 3604 1077 388
0.01 0.001 5000 4672 3615 3615 1130 415
0.01 0.0031622777 5000 4693 3557 3557 1119 441
0.01 0.01 5000 4673 3611 3611 1172 452
0.01 0.031622777 5000 4683 3578 3578 1132 413
0.01 0.1 5000 4693 3582 3582 1160 451
0.01 1.2589254e-05 5000 4715 3640 3640 1130 423
0.01 1.2589254e-06 5000 4689 3586 3586 1143 425
0.01 1.2589254e-07 5000 4708 3622 3622 1142 427
0.01 1.2589254e-08 5000 4695 3610 3610 1112 428
0.01 1.2589254e-09 5000 4677 3620 3620 1117 446
0.01 1.5848932e-05 5000 4670 3570 3570 1089 395
0.01 1.5848932e-06 5000 4682 3623 3623 1172 432
0.01 1.5848932e-07 5000 4687 3637 3637 1143 433
0.01 1.5848932e-08 5000 4673 3617 3617 1175 439
0.01 1.5848932e-09 5000 4706 3588 3588 1116 448
0.01 1.9952623e-05 5000 4688 3642 3642 1140 425
0.01 1.9952623e-06 5000 4690 3624 3624 1219 461
0.01 1.9952623e-07 5000 4694 3658 3658 1162 450
0.01 1.9952623e-08 5000 4684 3574 3574 1102 408
0.01 1.9952623e-09 5000 4697 3641 3641 1168 448
0.01 1e-05 5000 4681 3564 3564 1135 437
0.01 1e-06 5000 4658 3554 3554 1120 411
0.01 1e-07 5000 4676 3595 3595 1201 468
0.01 1e-08 5000 4710 3597 3597 1172 441
0.01 1e-09 5000 4679 3608 3608 1181 456
0.01 2.5118864e-05 5000 4701 3607 3607 1111 434
0.01 2.5118864e-06 5000 4681 3610 3610 1173 417
0.01 2.5118864e-07 5000 4688 3606 3606 1120 413
0.01 2.5118864e-08 5000 4688 3571 3571 1153 458
0.01 2.5118864e-09 5000 4664 3539 3539 1164 437
0.01 3.1622777e-05 5000 4684 3637 3637 1129 446
0.01 3.1622777e-06 5000 4654 3565 3565 1088 400
0.01 3.1622777e-07 5000 4686 3568 3568 1106 415
0.01 3.1622777e-09 5000 4688 3618 3618 1140 410
0.01 3.9810717e-05 5000 4665 3599 3599 1113 408
0.01 3.9810717e-06 5000 4659 3566 3566 1069 405
0.01 3.9810717e-07 5000 4696 3590 3590 1166 434
0.01 3.9810717e-08 5000 4718 3593 3593 1104 389
0.01 3.9810717e-09 5000 4698 3554 3554 1106 417
0.01 5.0118723e-05 5000 4721 3596 3596 1155 419
0.01 5.0118723e-06 5000 4660 3517 3517 1135 431
0.01 5.0118723e-07 5000 4666 3596 3596 1110 426
0.01 5.0118723e-08 5000 4704 3571 3571 1141 412
0.01 5.0118723e-09 5000 4709 3601 3601 1156 444
0.01 6.3095734e-05 5000 4699 3614 3614 1150 454
0.01 6.3095734e-06 5000 4663 3597 3597 1082 396
0.01 6.3095734e-07 5000 4677 3600 3600 1121 419
0.01 6.3095734e-08 5000 4732 3592 3592 1156 444
0.01 6.3095734e-09 5000 4691 3629 3629 1179 419
0.01 7.9432823e-05 5000 4688 3596 3596 1212 448
0.01 7.9432823e-06 5000 4701 3607 3607 1115 400
0.01 7.9432823e-07 5000 4702 3621 3621 1153 441
0.01 7.9432823e-08 5000 4722 3581 3581 1115 429
0.01 7.9432823e-09 5000 4700 3596 3596 1150 430
0.05 0.00012589254 5000 4814 3873 3873 1183 456
0.05 0.00015848932 5000 4828 3911 3911 1238 486
0.05 0.00019952623 5000 4795 3853 3853 1273 529
0.05 0.0001 5000 4810 3849 3849 1202 460
0.05 0.00025118864 5000 4838 3856 3856 1274 509
0.05 0.00031622777 5000 4816 3828 3828 1229 480
0.05 0.001 5000 4831 3859 3859 1253 500
0.05 0.0031622777 5000 4816 3847 3847 1276 518
0.05 0.01 5000 4837 3915 3915 1268 524
0.05 0.031622777 5000 4830 3850 3850 1261 469
0.05 0.1 5000 4822 3886 3886 1248 518
0.05 1.2589254e-05 5000 4818 3874 3874 1277 493
0.05 1.2589254e-06 5000 4837 3881 3881 1247 489
0.05 1.2589254e-07 5000 4827 3862 3862 1271 485
0.05 1.2589254e-08 5000 4834 3865 3865 1287 491
0.05 1.2589254e-09 5000 4826 3843 3843 1210 477
0.05 1.5848932e-05 5000 4815 3843 3843 1239 495
0.05 1.5848932e-06 5000 4823 3877 3877 1265 494
0.05 1.5848932e-07 5000 4850 3893 3893 1287 488
0.05 1.5848932e-08 5000 4810 3811 3811 1237 499
0.05 1.5848932e-09 5000 4816 3848 3848 1230 470
0.05 1.9952623e-05 5000 4841 3860 3860 1253 499
0.05 1.9952623e-06 5000 4819 3848 3848 1228 465
0.05 1.9952623e-07 5000 4823 3841 3841 1268 507
0.05 1.9952623e-08 5000 4831 3887 3887 1262 484
0.05 1.9952623e-09 5000 4821 3886 3886 1209 473
0.05 1e-05 5000 4827 3844 3844 1235 477
0.05 1e-06 5000 4804 3869 3869 1246 478
0.05 1e-07 5000 4834 3858 3858 1259 474
0.05 1e-08 5000 4832 3865 3865 1223 477
0.05 1e-09 5000 4834 3892 3892 1228 503
0.05 2.5118864e-05 5000 4818 3842 3842 1259 518
0.05 2.5118864e-06 5000 4833 3876 3876 1283 479
0.05 2.5118864e-07 5000 4844 3851 3851 1248 478
0.05 2.5118864e-08 5000 4824 3848 3848 1250 498
0.05 2.5118864e-09 5000 4811 3825 3825 1246 483
0.05 3.1622777e-05 5000 4830 3864 3864 1274 460
0.05 3.1622777e-06 5000 4831 3878 3878 1221 512
0.05 3.1622777e-07 5000 4810 3831 3831 1231 461
0.05 3.1622777e-08 5000 4826 3813 3813 1272 464
0.05 3.1622777e-09 5000 4823 3881 3881 1288 507
0.05 3.9810717e-05 5000 4819 3876 3876 1257 480
0.05 3.9810717e-06 5000 4835 3901 3901 1305 506
0.05 3.9810717e-07 5000 4836 3912 3912 1249 500
0.05 3.9810717e-08 5000 4800 3831 3831 1177 452
0.05 3.9810717e-09 5000 4837 3891 3891 1240 508
0.05 5.0118723e-05 5000 4813 3809 3809 1236 478
0.05 5.0118723e-06 5000 4799 3837 3837 1236 526
0.05 5.0118723e-07 5000 4839 3874 3874 1250 516
0.05 5.0118723e-08 5000 4818 3856 3856 1244 494
0.05 5.0118723e-09 5000 4823 3854 3854 1279 494
0.05 6.3095734e-05 5000 4817 3844 3844 1266 507
0.05 6.3095734e-06 5000 4815 3796 3796 1218 485
0.05 6.3095734e-07 5000 4837 3865 3865 1239 495
0.05 6.3095734e-08 5000 4817 3859 3859 1255 494
0.05 6.3095734e-09 5000 4827 3828 3828 1259 505
0.05 7.9432823e-05 5000 4852 3864 3864 1286 481
0.05 7.9432823e-06 5000 4835 3903 3903 1225 475
0.05 7.9432823e-07 5000 4821 3837 3837 1218 500
0.05 7.9432823e-08 5000 4832 3839 3839 1244 486
0.05 7.9432823e-09 5000 4825 3836 3836 1254 470
0.1 0.00012589254 5000 4959 4218 4218 1349 642
0.1 0.00015848932 5000 4932 4237 4237 1357 624
0.1 0.00019952623 5000 4933 4242 4242 1386 670
0.1 0.0001 5000 4945 4201 4201 1331 620
0.1 0.00025118864 5000 4953 4199 4199 1364 640
0.1 0.00031622777 5000 4945 4234 4234 1351 643
0.1 0.001 5000 4955 4205 4205 1339 638
0.1 0.0031622777 5000 4950 4185 4185 1356 650
0.1 0.01 5000 4953 4215 4215 1292 616
0.1 0.031622777 5000 4958 4253 4253 1336 623
0.1 0.1 5000 4949 4238 4238 1334 637
0.1 1.2589254e-05 5000 4949 4192 4192 1336 651
0.1 1.2589254e-06 5000 4946 4224 4224 1270 603
0.1 1.2589254e-08 5000 4944 4240 4240 1353 645
0.1 1.2589254e-09 5000 4941 4214 4214 1293 624
0.1 1.5848932e-05 5000 4949 4195 4195 1288 636
0.1 1.5848932e-06 5000 4953 4220 4220 1327 604
0.1 1.5848932e-07 5000 4964 4208 4208 1326 608
0.1 1.5848932e-08 5000 4938 4246 4246 1308 620
0.1 1.5848932e-09 5000 4948 4191 4191 1333 638
0.1 1.9952623e-05 5000 4954 4230 4230 1360 660
0.1 1.9952623e-06 5000 4959 4239 4239 1309 603
0.1 1.9952623e-07 5000 4942 4202 4202 1347 652
0.1 1.9952623e-08 5000 4954 4229 4229 1374 631
0.1 1.9952623e-09 5000 4945 4225 4225 1295 619
0.1 1e-05 5000 4945 4185 4185 1347 648
0.1 1e-06 5000 4937 4270 4270 1349 652
0.1 1e-07 5000 4942 4156 4156 1393 656
0.1 1e-08 5000 4948 4246 4246 1385 632
0.1 1e-09 5000 4945 4232 4232 1378 646
0.1 2.5118864e-05 5000 4952 4249 4249 1429 711
0.1 2.5118864e-06 5000 4962 4181 4181 1299 602
0.1 2.5118864e-07 5000 4945 4239 4239 1359 627
0.1 2.5118864e-08 5000 4949 4174 4174 1365 620
0.1 2.5118864e-09 5000 4952 4214 4214 1319 609
0.1 3.1622777e-05 5000 4955 4218 4218 1305 634
0.1 3.1622777e-06 5000 4936 4221 4221 1310 643
0.1 3.1622777e-07 5000 4951 4221 4221 1322 624
0.1 3.1622777e-08 5000 4958 4241 4241 1346 641
0.1 3.1622777e-09 5000 4952 4259 4259 1315 616
0.1 3.9810717e-05 5000 4946 4228 4228 1387 673
0.1 3.9810717e-06 5000 4954 4277 4277 1350 628
0.1 3.9810717e-07 5000 4960 4241 4241 1328 618
0.1 3.9810717e-08 5000 4954 4211 4211 1295 649
0.1 3.9810717e-09 5000 4957 4200 4200 1307 624
0.1 5.0118723e-05 5000 4950 4233 4233 1361 637
0.1 5.0118723e-06 5000 4957 4256 4256 1328 596
0.1 5.0118723e-07 5000 4951 4252 4252 1360 662
0.1 5.0118723e-08 5000 4948 4229 4229 1292 645
0.1 5.0118723e-09 5000 4946 4209 4209 1335 612
0.1 6.3095734e-05 5000 4951 4270 4270 1390 643
0.1 6.3095734e-06 5000 4946 4212 4212 1335 636
0.1 6.3095734e-07 5000 4946 4241 4241 1377 660
0.1 6.3095734e-08 5000 4935 4203 4203 1289 611
0.1 6.3095734e-09 5000 4947 4195 4195 1351 625
0.1 7.9432823e-05 5000 4954 4233 4233 1350 644
0.1 7.9432823e-06 5000 4945 4212 4212 1342 614
0.1 7.9432823e-07 5000 4953 4184 4184 1342 626
0.1 7.9432823e-08 5000 4958 4227 4227 1359 653
