0.002 0.00012589254 20000 19559 17901 17901 4967 3035
0.002 0.00015848932 20000 19561 17897 17897 4979 3084
0.002 0.00019952623 20000 19598 17918 17918 4959 3040
0.002 0.0001 20000 19582 17851 17851 4930 2986
0.002 0.00025118864 20000 19557 17829 17829 5119 3145
0.002 0.00031622777 20000 19556 17881 17881 5161 3221
0.002 0.001 20000 19569 17870 17870 5059 3066
0.002 0.0031622777 20000 19552 17867 17867 5035 3125
0.002 0.01 20000 19599 17855 17855 5008 3081
0.002 0.031622777 20000 19586 17925 17925 5006 3038
0.002 0.1 20000 19563 17882 17882 4970 3021
0.002 1.2589254e-05 20000 19521 17878 17878 5080 3101
0.002 1.2589254e-06 20000 19555 17835 17835 4975 3055
0.002 1.2589254e-07 20000 19576 17854 17854 5012 3101
0.002 1.2589254e-08 20000 19572 17886 17886 4961 2995
0.002 1.2589254e-09 20000 19574 17858 17858 5030 3124
0.002 1.5848932e-05 20000 19588 17864 17864 5012 3069
0.002 1.5848932e-06 20000 19552 17911 17911 5081 3080
0.002 1.5848932e-07 20000 19553 17863 17863 4985 3112
0.002 1.5848932e-08 20000 19582 17957 17957 5025 3099
0.002 1.5848932e-09 20000 19552 17849 17849 4966 3042
0.002 1.9952623e-05 20000 19569 17943 17943 5042 3077
0.002 1.9952623e-06 20000 19550 17903 17903 5064 3097
0.002 1.9952623e-07 20000 19577 17892 17892 5005 3094
0.002 1.9952623e-08 20000 19577 17845 17845 4897 2954
0.002 1.9952623e-09 20000 19575 17864 17864 5040 3067
0.002 1e-05 20000 19575 17834 17834 5004 3144
0.002 1e-06 20000 19535 17868 17868 5015 3129
0.002 1e-07 20000 19549 17885 17885 5073 3168
0.002 1e-08 20000 19571 17864 17864 5008 3054
0.002 1e-09 20000 19576 17847 17847 5037 3020
0.002 2.5118864e-05 20000 19546 17849 17849 5039 3136
0.002 2.5118864e-06 20000 19567 17898 17898 5023 3115
0.002 2.5118864e-07 20000 19577 17874 17874 4983 3085
0.002 2.5118864e-08 20000 19544 17880 17880 4974 3028
0.002 2.5118864e-09 20000 19564 17906 17906 5103 3145
0.002 3.1622777e-05 20000 19579 17919 17919 5017 3095
0.002 3.1622777e-06 20000 19570 17856 17856 4938 3020
0.002 3.1622777e-07 20000 19552 17866 17866 5082 3167
0.002 3.1622777e-08 20000 19570 17903 17903 5116 3100
0.002 3.1622777e-09 20000 19554 17889 17889 5072 3132
0.002 3.9810717e-05 20000 19558 17870 17870 5022 3065
0.002 3.9810717e-06 20000 19586 17884 17884 5029 3117
0.002 3.9810717e-07 20000 19596 17936 17936 5060 3058
0.002 3.9810717e-08 20000 19555 17892 17892 5002 3032
0.002 3.9810717e-09 20000 19570 17916 17916 5033 3130
0.002 5.0118723e-05 20000 19542 17873 17873 5123 3211
0.002 5.0118723e-06 20000 19561 17873 17873 4931 3091
0.002 5.0118723e-07 20000 19553 17943 17943 4921 3024
0.002 5.0118723e-08 20000 19567 17839 17839 5073 3056
0.002 5.0118723e-09 20000 19552 17864 17864 4990 3057
0.002 6.3095734e-05 20000 19568 17941 17941 5029 3125
0.002 6.3095734e-06 20000 19564 17794 17794 5054 3099
0.002 6.3095734e-07 20000 19562 17852 17852 5014 3049
0.002 6.3095734e-08 20000 19549 17855 17855 5065 3201
0.002 6.3095734e-09 20000 19560 17882 17882 4947 3066
0.002 7.9432823e-05 20000 19577 17906 17906 5146 3193
0.002 7.9432823e-06 20000 19584 17913 17913 5035 3117
0.002 7.9432823e-07 20000 19590 17921 17921 4981 3023
0.002 7.9432823e-08 20000 19533 17816 17816 4987 3079
0.002 7.9432823e-09 20000 19542 17866 17866 4984 3097
0.005 0.00012589254 20000 19525 16993 16993 4844 2800
0.005 0.00015848932 20000 19595 17119 17119 4866 2772
0.005 0.00019952623 20000 19581 17192 17192 4842 2783
0.005 0.0001 20000 19568 17149 17149 4851 2779
0.005 0.00025118864 20000 19604 17248 17248 4903 2731
0.005 0.00031622777 20000 19579 17176 17176 4906 2798
0.005 0.001 20000 19550 17151 17151 4865 2790
0.005 0.0031622777 20000 19544 17139 17139 4860 2756
0.005 0.01 20000 19521 17093 17093 4931 2859
0.005 0.031622777 20000 19575 17214 17214 4870 2762
0.005 0.1 20000 19565 17201 17201 4878 2824
0.005 1.2589254e-05 20000 19506 17176 17176 4760 2755
0.005 1.2589254e-06 20000 19568 17094 17094 4849 2803
0.005 1.2589254e-07 20000 19577 17199 17199 4905 2754
0.005 1.2589254e-08 20000 19555 17121 17121 4920 2797
0.005 1.2589254e-09 20000 19571 17183 17183 4982 2850
0.005 1.5848932e-05 20000 19539 17167 17167 4932 2812
0.005 1.5848932e-06 20000 19573 17112 17112 4797 2720
0.005 1.5848932e-07 20000 19511 17154 17154 4857 2792
0.005 1.5848932e-08 20000 19587 17082 17082 4799 2719
0.005 1.5848932e-09 20000 19545 17140 17140 4884 2809
0.005 1.9952623e-05 20000 19568 17215 17215 4874 2737
0.005 1.9952623e-06 20000 19543 17044 17044 4893 2799
0.005 1.9952623e-07 20000 19543 17130 17130 4866 2763
0.005 1.9952623e-08 20000 19539 17139 17139 4882 2798
0.005 1.9952623e-09 20000 19529 17100 17100 4926 2801
0.005 1e-05 20000 19558 17153 17153 4900 2827
0.005 1e-06 20000 19545 17120 17120 4944 2828
0.005 1e-07 20000 19560 17185 17185 4970 2812
0.005 1e-08 20000 19545 17233 17233 4899 2781
0.005 1e-09 20000 19528 17155 17155 4862 2775
0.005 2.5118864e-05 20000 19524 17150 17150 4995 2852
0.005 2.5118864e-06 20000 19566 17165 17165 4952 2810
0.005 2.5118864e-07 20000 19523 17120 17120 4818 2743
0.005 2.5118864e-08 20000 19523 17154 17154 4976 2791
0.005 2.5118864e-09 20000 19559 17168 17168 4920 2757
0.005 3.1622777e-05 20000 19584 17093 17093 4831 2704
0.005 3.1622777e-06 20000 19539 17119 17119 4868 2733
0.005 3.1622777e-07 20000 19597 17126 17126 4842 2693
0.005 3.1622777e-08 20000 19571 17168 17168 4922 2817
0.005 3.1622777e-09 20000 19522 17121 17121 4856 2806
0.005 3.9810717e-05 20000 19540 17147 17147 4867 2802
0.005 3.9810717e-06 20000 19541 17171 17171 4843 2775
0.005 3.9810717e-07 20000 19560 17018 17018 4791 2771
0.005 3.9810717e-08 20000 19552 17195 17195 4787 2715
0.005 3.9810717e-09 20000 19537 17130 17130 4954 2767
0.005 5.0118723e-05 20000 19558 17182 17182 4946 2785
0.005 5.0118723e-06 20000 19509 17083 17083 4869 2738
0.005 5.0118723e-07 20000 19555 17098 17098 4829 2809
0.005 5.0118723e-08 20000 19564 17103 17103 4855 2790
0.005 5.0118723e-09 20000 19565 17112 17112 4944 2822
0.005 6.3095734e-05 20000 19524 17028 17028 4765 2793
0.005 6.3095734e-06 20000 19525 17104 17104 4753 2730
0.005 6.3095734e-07 20000 19567 17135 17135 4903 2879
0.005 6.3095734e-08 20000 19531 17128 17128 4864 2804
0.005 6.3095734e-09 20000 19573 17134 17134 4850 2701
0.005 7.9432823e-05 20000 19514 17071 17071 4843 2758
0.005 7.9432823e-06 20000 19574 17119 17119 4812 2735
0.005 7.9432823e-07 15000 14607 12632 12632 3612 1934
0.005 7.9432823e-08 20000 19567 17260 17260 4958 2757
0.005 7.9432823e-09 20000 19558 17190 17190 4951 2810
0.01 0.00012589254 20000 19570 16990 16990 4790 2689
0.01 0.00015848932 20000 19547 16923 16923 4725 2676
0.01 0.00019952623 20000 19540 16884 16884 4881 2810
0.01 0.0001 20000 19548 16903 16903 4743 2710
0.01 0.00025118864 20000 19540 16932 16932 4919 2819
0.01 0.00031622777 20000 19566 16858 16858 4739 2679
0.01 0.001 20000 19533 16935 16935 4713 2612
0.01 0.0031622777 20000 19562 16880 16880 4755 2762
0.01 0.01 20000 19528 16969 16969 4866 2765
0.01 0.031622777 20000 19546 16833 16833 4767 2664
0.01 0.1 20000 19560 16963 16963 4845 2739
0.01 1.2589254e-05 20000 19582 16951 16951 4813 2729
0.01 1.2589254e-06 20000 19547 16875 16875 4695 2614
0.01 1.2589254e-07 20000 19586 16997 16997 4826 2759
0.01 1.2589254e-08 20000 19567 16943 16943 4769 2748
0.01 1.2589254e-09 20000 19541 16958 16958 4745 2687
0.01 1.5848932e-05 20000 19526 16855 16855 4791 2677
0.01 1.5848932e-06 20000 19544 16948 16948 4907 2769
0.01 1.5848932e-07 20000 19551 16945 16945 4811 2766
0.01 1.5848932e-08 20000 19539 16969 16969 4936 2821
0.01 1.5848932e-09 20000 19566 16916 16916 4747 2698
0.01 1.9952623e-05 20000 19565 17063 17063 4863 2750
0.01 1.9952623e-06 20000 19563 16942 16942 4912 2773
0.01 1.9952623e-07 20000 19555 16990 16990 4852 2692
0.01 1.9952623e-08 20000 19554 16962 16962 4702 2756
0.01 1.9952623e-09 20000 19568 17007 17007 4765 2759
0.01 1e-05 20000 19553 16861 16861 4792 2749
0.01 1e-06 20000 19531 16875 16875 4861 2748
0.01 1e-07 20000 19532 16946 16946 4831 2737
0.01 1e-08 20000 19581 16957 16957 4913 2749
0.01 1e-09 20000 19553 16894 16894 4854 2807
0.01 2.5118864e-05 20000 19557 16907 16907 4676 2731
0.01 2.5118864e-06 20000 19536 16980 16980 4813 2716
0.01 2.5118864e-07 20000 19548 16998 16998 4834 2838
0.01 2.5118864e-08 20000 19542 16877 16877 4844 2760
0.01 2.5118864e-09 20000 19541 16872 16872 4880 2835
0.01 3.1622777e-05 20000 19549 16980 16980 4762 2737
0.01 3.1622777e-06 20000 19522 16904 16904 4760 2730
0.01 3.1622777e-07 20000 19537 16888 16888 4816 2800
0.01 3.1622777e-08 15000 14884 13288 13288 3642 2364
0.01 3.1622777e-09 20000 19578 16943 16943 4862 2755
0.01 3.9810717e-05 20000 19543 17022 17022 4839 2760
0.01 3.9810717e-06 20000 19499 16840 16840 4739 2706
0.01 3.9810717e-07 20000 19566 16928 16928 4961 2837
0.01 3.9810717e-08 20000 19596 16875 16875 4742 2666
0.01 3.9810717e-09 20000 19555 16858 16858 4740 2733
0.01 5.0118723e-05 20000 19589 16935 16935 4890 2695
0.01 5.0118723e-06 20000 19514 16854 16854 4799 2742
0.01 5.0118723e-07 20000 19517 16884 16884 4783 2756
0.01 5.0118723e-08 20000 19572 16906 16906 4795 2715
0.01 5.0118723e-09 20000 19576 16983 16983 4899 2783
0.01 6.3095734e-05 20000 19554 17000 17000 4772 2693
0.01 6.3095734e-06 15000 14583 12556 12556 3590 1985
0.01 6.3095734e-07 20000 19556 17007 17007 4781 2692
0.01 6.3095734e-08 20000 19605 16932 16932 4867 2787
0.01 6.3095734e-09 20000 19544 16971 16971 4879 2772
0.01 7.9432823e-05 20000 19565 16936 16936 4896 2758
0.01 7.9432823e-06 20000 19588 16960 16960 4755 2676
0.01 7.9432823e-07 20000 19551 16936 16936 4825 2760
0.01 7.9432823e-08 20000 19592 16897 16897 4684 2675
0.01 7.9432823e-09 20000 19551 16955 16955 4805 2713
0.05 0.00012589254 20000 19688 17221 17221 4883 2774
0.05 0.00015848932 20000 19697 17289 17289 4838 2737
0.05 0.00019952623 20000 19668 17159 17159 4867 2811
0.05 0.0001 20000 19678 17191 17191 4932 2837
0.05 0.00025118864 20000 19694 17156 17156 4962 2845
0.05 0.00031622777 20000 19692 17270 17270 4887 2779
0.05 0.001 20000 19715 17186 17186 4811 2778
0.05 0.0031622777 20000 19675 17215 17215 5072 2936
0.05 0.01 20000 19714 17296 17296 4959 2807
0.05 0.031622777 20000 19697 17133 17133 4813 2713
0.05 0.1 20000 19711 17217 17217 4915 2842
0.05 1.2589254e-05 20000 19695 17273 17273 4884 2755
0.05 1.2589254e-06 20000 19702 17260 17260 4949 2834
0.05 1.2589254e-07 20000 19696 17144 17144 4942 2771
0.05 1.2589254e-08 20000 19705 17198 17198 4933 2804
0.05 1.2589254e-09 20000 19700 17223 17223 4806 2693
0.05 1.5848932e-05 20000 19688 17206 17206 4827 2721
0.05 1.5848932e-06 20000 19706 17181 17181 4926 2804
0.05 1.5848932e-07 20000 19715 17216 17216 4912 2728
0.05 1.5848932e-08 20000 19680 17199 17199 4880 2745
0.05 1.5848932e-09 20000 19688 17197 17197 4886 2757
0.05 1.9952623e-05 20000 19716 17224 17224 4932 2763
0.05 1.9952623e-06 20000 19691 17223 17223 4880 2758
0.05 1.9952623e-07 20000 19682 17196 17196 4924 2780
0.05 1.9952623e-08 20000 19702 17166 17166 4852 2782
0.05 1.9952623e-09 20000 19685 17232 17232 4862 2782
0.05 1e-05 20000 19695 17226 17226 4926 2843
0.05 1e-06 15000 14706 12774 12774 3727 2065
0.05 1e-07 20000 19711 17190 17190 4964 2805
0.05 1e-08 20000 19703 17244 17244 4884 2764
0.05 1e-09 20000 19711 17222 17222 4871 2790
0.05 2.5118864e-05 20000 19689 17198 17198 4868 2819
0.05 2.5118864e-06 20000 19713 17284 17284 4973 2822
0.05 2.5118864e-07 20000 19704 17154 17154 4827 2720
0.05 2.5118864e-08 20000 19696 17229 17229 4935 2830
0.05 2.5118864e-09 20000 19679 17201 17201 4904 2800
0.05 3.1622777e-05 20000 19697 17238 17238 4932 2776
0.05 3.1622777e-06 20000 19702 17195 17195 4922 2817
0.05 3.1622777e-07 20000 19691 17161 17161 4906 2774
0.05 3.1622777e-08 20000 19677 17127 17127 4954 2785
0.05 3.1622777e-09 20000 19699 17227 17227 4917 2756
0.05 3.9810717e-05 20000 19725 17281 17281 4921 2788
0.05 3.9810717e-06 20000 19724 17232 17232 4913 2752
0.05 3.9810717e-07 20000 19706 17244 17244 4961 2837
0.05 3.9810717e-08 20000 19656 17163 17163 4801 2759
0.05 3.9810717e-09 20000 19705 17224 17224 4936 2809
0.05 5.0118723e-05 20000 19687 17102 17102 4884 2753
0.05 5.0118723e-06 20000 19664 17113 17113 4938 2858
0.05 5.0118723e-07 20000 19727 17208 17208 4942 2842
0.05 5.0118723e-08 20000 19670 17195 17195 4889 2798
0.05 5.0118723e-09 20000 19697 17235 17235 5067 2863
0.05 6.3095734e-05 20000 19658 17127 17127 4881 2761
0.05 6.3095734e-06 20000 19684 17201 17201 4963 2877
0.05 6.3095734e-07 20000 19708 17217 17217 5023 2890
0.05 6.3095734e-08 20000 19686 17209 17209 4986 2904
0.05 6.3095734e-09 20000 19696 17234 17234 4994 2862
0.05 7.9432823e-05 20000 19708 17165 17165 4957 2788
0.05 7.9432823e-06 20000 19714 17213 17213 4867 2769
0.05 7.9432823e-07 20000 19698 17192 17192 4927 2795
0.05 7.9432823e-08 20000 19713 17254 17254 4935 2798
0.05 7.9432823e-09 20000 19686 17133 17133 4921 2759
0.1 0.00012589254 20000 19883 17711 17711 5113 3034
0.1 0.00015848932 20000 19865 17728 17728 5026 2932
0.1 0.00019952623 20000 19867 17762 17762 5079 3025
0.1 0.0001 20000 19894 17712 17712 5003 2901
0.1 0.00025118864 20000 19883 17711 17711 5036 2897
0.1 0.00031622777 20000 19864 17772 17772 5018 2959
0.1 0.001 20000 19890 17705 17705 4957 2932
0.1 0.0031622777 20000 19882 17698 17698 5055 2936
0.1 0.01 20000 19888 17726 17726 5031 2926
0.1 0.031622777 20000 19899 17769 17769 5075 2976
0.1 0.1 20000 19879 17732 17732 5108 3013
0.1 1.2589254e-05 20000 19908 17755 17755 5069 2998
0.1 1.2589254e-06 20000 19888 17711 17711 5027 2971
0.1 1.2589254e-07 15000 14948 13533 13533 3625 2288
0.1 1.2589254e-08 20000 19879 17723 17723 5088 3022
0.1 1.2589254e-09 20000 19873 17759 17759 5038 3019
0.1 1.5848932e-05 20000 19891 17787 17787 5062 3027
0.1 1.5848932e-06 20000 19882 17747 17747 5039 2982
0.1 1.5848932e-07 20000 19890 17717 17717 4965 2938
0.1 1.5848932e-08 20000 19865 17756 17756 5134 3053
0.1 1.5848932e-09 20000 19893 17672 17672 5099 3027
0.1 1.9952623e-05 20000 19885 17755 17755 5080 3030
0.1 1.9952623e-06 20000 19881 17701 17701 5020 2931
0.1 1.9952623e-07 20000 19880 17705 17705 5038 2931
0.1 1.9952623e-08 20000 19894 17781 17781 5133 3004
0.1 1.9952623e-09 20000 19895 17740 17740 4959 2930
0.1 1e-05 20000 19875 17625 17625 5185 3078
0.1 1e-06 20000 19872 17829 17829 5149 3062
0.1 1e-07 20000 19870 17612 17612 5001 2957
0.1 1e-08 20000 19881 17738 17738 5014 2977
0.1 1e-09 20000 19876 17774 17774 5128 3014
0.1 2.5118864e-05 20000 19881 17722 17722 5107 3067
0.1 2.5118864e-06 20000 19896 17664 17664 5007 2997
0.1 2.5118864e-07 20000 19872 17793 17793 5055 2956
0.1 2.5118864e-08 20000 19885 17695 17695 5140 2952
0.1 2.5118864e-09 20000 19884 17728 17728 5083 2979
0.1 3.1622777e-05 20000 19895 17695 17695 5008 2941
0.1 3.1622777e-06 20000 19896 17726 17726 5090 3046
0.1 3.1622777e-07 20000 19889 17780 17780 5112 3016
0.1 3.1622777e-08 20000 19895 17748 17748 5109 2979
0.1 3.1622777e-09 20000 19885 17816 17816 5045 2971
0.1 3.9810717e-05 20000 19885 17778 17778 5123 3024
0.1 3.9810717e-06 20000 19896 17770 17770 5027 2976
0.1 3.9810717e-07 20000 19893 17738 17738 5089 2952
0.1 3.9810717e-08 20000 19886 17776 17776 5085 3031
0.1 3.9810717e-09 20000 19889 17757 17757 5011 2931
0.1 5.0118723e-05 20000 19890 17744 17744 5039 2921
0.1 5.0118723e-06 20000 19890 17770 17770 5080 2976
0.1 5.0118723e-07 20000 19888 17827 17827 5173 3070
0.1 5.0118723e-08 20000 19879 17735 17735 4970 2976
0.1 5.0118723e-09 20000 19890 17768 17768 5082 2956
0.1 6.3095734e-05 20000 19897 17779 17779 5108 2956
0.1 6.3095734e-06 20000 19878 17681 17681 5033 2935
0.1 6.3095734e-07 20000 19878 17767 17767 5149 3013
0.1 6.3095734e-08 20000 19864 17764 17764 5090 2945
0.1 6.3095734e-09 20000 19882 17741 17741 5132 3028
0.1 7.9432823e-05 20000 19881 17719 17719 5073 3001
0.1 7.9432823e-06 20000 19877 17734 17734 5010 2896
0.1 7.9432823e-07 20000 19876 17712 17712 5017 2932
0.1 7.9432823e-08 20000 19893 17743 17743 5125 3052
0.1 7.9432823e-09 15000 14936 13523 13523 3827 2421
0.15 0.00012589254 15000 14983 13725 13725 3835 2422
0.15 0.00015848932 15000 14991 13793 13793 3867 2450
0.15 0.00019952623 15000 14984 13723 13723 3808 2409
0.15 0.0001 15000 14992 13707 13707 3883 2437
0.15 0.00025118864 15000 14987 13662 13662 3820 2397
0.15 0.00031622777 15000 14991 13754 13754 3831 2424
0.15 0.001 15000 14985 13749 13749 3797 2367
0.15 0.0031622777 15000 14981 13677 13677 3877 2483
0.15 0.01 15000 14984 13739 13739 3787 2364
0.15 0.031622777 15000 14987 13783 13783 3871 2427
0.15 0.1 15000 14990 13734 13734 3829 2470
0.15 1.2589254e-05 15000 14978 13774 13774 3901 2516
0.15 1.2589254e-06 15000 14983 13662 13662 3812 2447
0.15 1.2589254e-07 15000 14984 13703 13703 3816 2394
0.15 1.2589254e-08 15000 14989 13711 13711 3856 2427
0.15 1.2589254e-09 15000 14988 13682 13682 3764 2392
0.15 1.5848932e-05 15000 14978 13694 13694 3843 2454
0.15 1.5848932e-06 15000 14984 13721 13721 3810 2405
0.15 1.5848932e-07 15000 14992 13740 13740 3724 2383
0.15 1.5848932e-08 15000 14987 13767 13767 3782 2383
0.15 1.5848932e-09 15000 14987 13795 13795 3837 2410
0.15 1.9952623e-05 15000 14985 13695 13695 3762 2347
0.15 1.9952623e-06 15000 14977 13728 13728 3799 2429
0.15 1.9952623e-07 15000 14985 13653 13653 3767 2338
0.15 1.9952623e-08 15000 14983 13777 13777 3895 2460
0.15 1.9952623e-09 15000 14987 13759 13759 3761 2372
0.15 1e-05 15000 14977 13742 13742 3851 2464
0.15 1e-06 15000 14988 13745 13745 3815 2435
0.15 1e-07 15000 14990 13671 13671 3820 2420
0.15 1e-08 15000 14993 13732 13732 3897 2439
0.15 1e-09 15000 14986 13686 13686 3727 2395
0.15 2.5118864e-05 15000 14982 13691 13691 3767 2419
0.15 2.5118864e-06 15000 14982 13659 13659 3802 2410
0.15 2.5118864e-07 15000 14990 13729 13729 3841 2453
0.15 2.5118864e-08 15000 14986 13739 13739 3836 2425
0.15 2.5118864e-09 15000 14988 13724 13724 3876 2457
0.15 3.1622777e-05 15000 14990 13622 13622 3799 2414
0.15 3.1622777e-06 15000 14991 13708 13708 3783 2454
0.15 3.1622777e-07 15000 14975 13678 13678 3809 2427
0.15 3.1622777e-08 15000 14991 13703 13703 3949 2549
0.15 3.1622777e-09 15000 14974 13687 13687 3855 2435
0.15 3.9810717e-05 15000 14990 13750 13750 3856 2468
0.15 3.9810717e-06 15000 14989 13649 13649 3916 2423
0.15 3.9810717e-07 15000 14983 13759 13759 3896 2479
0.15 3.9810717e-08 15000 14990 13689 13689 3772 2384
0.15 3.9810717e-09 15000 14989 13713 13713 3888 2524
0.15 5.0118723e-05 15000 14993 13761 13761 3892 2457
0.15 5.0118723e-06 15000 14979 13762 13762 3859 2459
0.15 5.0118723e-07 15000 14989 13745 13745 3752 2364
0.15 5.0118723e-08 15000 14981 13693 13693 3855 2490
0.15 5.0118723e-09 15000 14986 13737 13737 3870 2438
0.15 6.3095734e-05 15000 14981 13759 13759 3838 2426
0.15 6.3095734e-06 15000 14987 13783 13783 3831 2418
0.15 6.3095734e-07 15000 14982 13735 13735 3850 2456
0.15 6.3095734e-08 15000 14981 13715 13715 3797 2405
0.15 6.3095734e-09 15000 14982 13742 13742 3790 2407
0.15 7.9432823e-05 15000 14977 13727 13727 3860 2503
0.15 7.9432823e-06 15000 14988 13682 13682 3788 2364
0.15 7.9432823e-07 15000 14988 13728 13728 3833 2408
0.15 7.9432823e-08 15000 14986 13634 13634 3840 2460
0.15 7.9432823e-09 15000 14989 13774 13774 3757 2343
0.2 0.00012589254 15000 15000 13884 13884 3908 2463
0.2 0.00015848932 15000 15000 13921 13921 3882 2530
0.2 0.00019952623 15000 15000 13940 13940 3904 2489
0.2 0.0001 15000 15000 13912 13912 3918 2491
0.2 0.00025118864 15000 15000 13868 13868 4028 2599
0.2 0.00031622777 15000 15000 13909 13909 3934 2564
0.2 0.001 15000 15000 13954 13954 3921 2533
0.2 0.0031622777 15000 15000 13963 13963 3979 2571
0.2 0.01 15000 15000 13911 13911 3927 2516
0.2 0.031622777 15000 15000 13888 13888 3890 2487
0.2 0.1 15000 15000 13942 13942 3900 2513
0.2 1.2589254e-05 15000 15000 13857 13857 3867 2432
0.2 1.2589254e-06 15000 15000 13858 13858 3907 2474
0.2 1.2589254e-07 15000 15000 13890 13890 3872 2460
0.2 1.2589254e-09 15000 15000 13919 13919 3892 2530
0.2 1.5848932e-05 10000 10000 9342 9342 2669 1752
0.2 1.5848932e-06 15000 15000 13919 13919 3922 2465
0.2 1.5848932e-07 15000 15000 13934 13934 3952 2484
0.2 1.5848932e-08 15000 14999 13960 13960 3954 2549
0.2 1.5848932e-09 15000 15000 13883 13883 3913 2511
0.2 1.9952623e-05 15000 15000 13927 13927 3973 2532
0.2 1.9952623e-06 15000 15000 13874 13874 3962 2548
0.2 1.9952623e-07 15000 15000 13916 13916 3897 2445
0.2 1.9952623e-08 15000 15000 13891 13891 3994 2516
0.2 1.9952623e-09 15000 15000 13949 13949 3913 2476
0.2 1e-05 15000 15000 13933 13933 3887 2473
0.2 1e-06 10000 10000 9327 9327 2521 1663
0.2 1e-07 10000 10000 9350 9350 2565 1691
0.2 1e-08 15000 15000 13945 13945 3842 2483
0.2 1e-09 15000 15000 13902 13902 3930 2522
0.2 2.5118864e-05 15000 15000 13909 13909 3900 2521
0.2 2.5118864e-06 15000 15000 13896 13896 3945 2523
0.2 2.5118864e-07 15000 15000 13943 13943 3921 2483
0.2 2.5118864e-08 15000 15000 13886 13886 3913 2546
0.2 2.5118864e-09 15000 15000 13947 13947 3987 2603
0.2 3.1622777e-05 15000 15000 14007 14007 3958 2496
0.2 3.1622777e-06 15000 15000 13951 13951 3993 2519
0.2 3.1622777e-07 15000 15000 13923 13923 3952 2489
0.2 3.1622777e-08 15000 15000 13945 13945 3998 2536
0.2 3.1622777e-09 15000 15000 13945 13945 3989 2548
0.2 3.9810717e-05 15000 15000 13898 13898 3967 2531
0.2 3.9810717e-06 15000 15000 13909 13909 3940 2522
0.2 3.9810717e-07 15000 15000 13944 13944 3954 2517
0.2 3.9810717e-08 15000 15000 13832 13832 3914 2591
0.2 3.9810717e-09 15000 15000 13912 13912 3902 2459
0.2 5.0118723e-05 15000 15000 13904 13904 3930 2496
0.2 5.0118723e-06 15000 15000 13927 13927 3922 2483
0.2 5.0118723e-07 15000 15000 13922 13922 3909 2547
0.2 5.0118723e-08 15000 15000 13914 13914 3941 2544
0.2 5.0118723e-09 15000 15000 13933 13933 3959 2537
0.2 6.3095734e-05 15000 15000 13909 13909 3965 2557
0.2 6.3095734e-06 15000 15000 13949 13949 3876 2488
0.2 6.3095734e-07 15000 15000 13906 13906 3790 2395
0.2 6.3095734e-08 15000 15000 13901 13901 3882 2512
0.2 6.3095734e-09 15000 15000 13960 13960 3944 2530
0.2 7.9432823e-05 15000 15000 13819 13819 3853 2476
0.2 7.9432823e-06 15000 15000 13995 13995 3948 2543
0.2 7.9432823e-07 15000 15000 13907 13907 3979 2547
0.2 7.9432823e-08 15000 15000 13956 13956 3994 2554
0.2 7.9432823e-09 15000 15000 13951 13951 3942 2534
0.25 0.00012589254 15000 14967 14317 14317 4337 3041
0.25 0.00015848932 15000 14959 14250 14250 4316 3034
0.25 0.00019952623 15000 14982 14227 14227 4305 3005
0.25 0.0001 15000 14959 14301 14301 4362 3012
0.25 0.00025118864 15000 14964 14265 14265 4409 3089
0.25 0.00031622777 15000 14961 14266 14266 4268 3005
0.25 0.25 15000 14960 14263 14263 4349 3080
0.25 1.1220185e-05 15000 14965 14232 14232 4289 3023
0.25 1.1220185e-05 15000 14965 14232 14232 4289 3023
0.25 1.2589254e-05 15000 14971 14289 14289 4305 3034
0.25 1.2589254e-06 15000 14972 14323 14323 4357 3050
0.25 1.2589254e-07 15000 14975 14275 14275 4219 2950
0.25 1.2589254e-08 15000 14963 14281 14281 4262 2986
0.25 1.2589254e-09 15000 14973 14294 14294 4167 2957
0.25 1.4125375e-05 15000 14967 14256 14256 4279 3003
0.25 1.4125375e-05 15000 14967 14256 14256 4279 3003
0.25 1.5848932e-05 15000 14962 14265 14265 4383 3095
0.25 1.5848932e-06 15000 14960 14309 14309 4392 3121
0.25 1.5848932e-07 15000 14964 14274 14274 4328 3014
0.25 1.5848932e-08 15000 14961 14298 14298 4262 2953
0.25 1.5848932e-09 15000 14957 14273 14273 4339 3053
0.25 1.7782794e-05 15000 14955 14260 14260 4231 2941
0.25 1.7782794e-05 15000 14955 14260 14260 4231 2941
0.25 1.9952623e-05 15000 14968 14264 14264 4285 3048
0.25 1.9952623e-06 15000 14959 14326 14326 4111 2865
0.25 1.9952623e-07 15000 14961 14305 14305 4311 3008
0.25 1.9952623e-08 15000 14973 14258 14258 4270 2968
0.25 1.9952623e-09 15000 14963 14271 14271 4151 2944
0.25 1e-05 15000 14966 14288 14288 4259 3010
0.25 1e-06 15000 14974 14273 14273 4291 3023
0.25 1e-07 15000 14973 14264 14264 4302 2979
0.25 1e-08 15000 14957 14246 14246 4293 2989
0.25 1e-09 15000 14958 14245 14245 4376 3041
0.25 2.2387211e-05 15000 14971 14305 14305 4251 2939
0.25 2.5118864e-05 15000 14966 14288 14288 4301 3047
0.25 2.5118864e-06 15000 14977 14249 14249 4310 3008
0.25 2.5118864e-07 15000 14967 14295 14295 4215 2988
0.25 2.5118864e-08 15000 14966 14318 14318 4357 3066
0.25 2.5118864e-09 15000 14954 14295 14295 4275 3004
0.25 2.8183829e-05 15000 14965 14277 14277 4239 2929
0.25 3.1622777e-05 15000 14966 14275 14275 4249 3011
0.25 3.1622777e-06 15000 14963 14288 14288 4373 3048
0.25 3.1622777e-07 15000 14963 14280 14280 4387 3078
0.25 3.1622777e-08 15000 14980 14248 14248 4371 3037
0.25 3.1622777e-09 15000 14973 14264 14264 4244 2959
0.25 3.5481339e-05 15000 14970 14311 14311 4342 3010
0.25 3.9810717e-05 15000 14964 14273 14273 4259 2998
0.25 3.9810717e-06 15000 14962 14265 14265 4325 3010
0.25 3.9810717e-07 15000 14979 14303 14303 4338 3049
0.25 3.9810717e-08 15000 14966 14264 14264 4155 2873
0.25 3.9810717e-09 15000 14963 14288 14288 4266 2989
0.25 4.4668359e-05 15000 14959 14241 14241 4214 2927
0.25 5.0118723e-06 10000 9982 9504 9504 2857 2023
0.25 5.0118723e-07 15000 14967 14270 14270 4305 3040
0.25 5.0118723e-08 15000 14974 14267 14267 4324 3069
0.25 5.0118723e-09 15000 14958 14240 14240 4139 2939
0.25 5.6234133e-05 15000 14974 14273 14273 4370 3016
0.25 6.3095734e-05 15000 14962 14265 14265 4255 2975
0.25 6.3095734e-06 15000 14961 14267 14267 4357 3027
0.25 6.3095734e-07 15000 14961 14291 14291 4310 3056
0.25 6.3095734e-08 15000 14968 14295 14295 4332 3067
0.25 6.3095734e-09 15000 14978 14273 14273 4283 2995
0.25 7.0794578e-05 15000 14959 14300 14300 4277 3035
0.25 7.9432823e-05 15000 14960 14291 14291 4335 3076
0.25 7.9432823e-06 15000 14967 14299 14299 4199 2978
0.25 7.9432823e-07 15000 14962 14306 14306 4243 2954
0.25 7.9432823e-08 15000 14959 14272 14272 4243 3002
0.25 7.9432823e-09 15000 14970 14257 14257 4310 2995
0.3 0.00012589254 15000 14986 14371 14371 4433 3060
0.3 0.00015848932 15000 14981 14394 14394 4476 3049
0.3 0.00019952623 15000 14983 14398 14398 4505 3124
0.3 0.0001 15000 14987 14386 14386 4366 3036
0.3 0.00025118864 15000 14984 14389 14389 4416 3130
0.3 0.00031622777 15000 14979 14360 14360 4441 3119
0.3 1.2589254e-05 15000 14980 14353 14353 4451 3110
0.3 1.2589254e-06 15000 14979 14360 14360 4404 3039
0.3 1.2589254e-07 15000 14985 14377 14377 4504 3190
0.3 1.2589254e-08 15000 14986 14338 14338 4432 3079
0.3 1.2589254e-09 15000 14981 14344 14344 4352 3023
0.3 1.5848932e-05 15000 14980 14352 14352 4399 3135
0.3 1.5848932e-06 15000 14969 14333 14333 4516 3169
0.3 1.5848932e-07 15000 14984 14316 14316 4409 3070
0.3 1.5848932e-08 15000 14990 14335 14335 4448 3088
0.3 1.5848932e-09 15000 14969 14358 14358 4435 2999
0.3 1.9952623e-05 15000 14984 14330 14330 4449 3087
0.3 1.9952623e-06 15000 14983 14335 14335 4498 3172
0.3 1.9952623e-07 15000 14985 14345 14345 4377 3041
0.3 1.9952623e-08 15000 14986 14329 14329 4495 3151
0.3 1.9952623e-09 15000 14982 14345 14345 4412 3052
0.3 1e-05 15000 14987 14375 14375 4521 3131
0.3 1e-06 15000 14983 14373 14373 4464 3115
0.3 1e-07 15000 14984 14382 14382 4514 3105
0.3 1e-08 15000 14986 14339 14339 4430 3122
0.3 1e-09 15000 14986 14334 14334 4463 3125
0.3 2.5118864e-05 15000 14981 14336 14336 4457 3092
0.3 2.5118864e-06 15000 14981 14338 14338 4467 3106
0.3 2.5118864e-07 15000 14982 14386 14386 4478 3108
0.3 2.5118864e-08 15000 14987 14382 14382 4573 3192
0.3 2.5118864e-09 15000 14978 14342 14342 4491 3077
0.3 3.1622777e-05 15000 14985 14381 14381 4361 3015
0.3 3.1622777e-06 15000 14980 14348 14348 4395 3056
0.3 3.1622777e-07 15000 14980 14360 14360 4534 3142
0.3 3.1622777e-08 15000 14977 14320 14320 4415 3056
0.3 3.1622777e-09 15000 14979 14346 14346 4458 3112
0.3 3.9810717e-05 15000 14981 14346 14346 4425 3051
0.3 3.9810717e-06 15000 14983 14378 14378 4425 3044
0.3 3.9810717e-07 15000 14992 14360 14360 4582 3153
0.3 3.9810717e-08 15000 14987 14367 14367 4491 3155
0.3 3.9810717e-09 15000 14985 14370 14370 4416 3123
0.3 5.0118723e-05 15000 14980 14351 14351 4457 3136
0.3 5.0118723e-06 15000 14982 14353 14353 4391 3120
0.3 5.0118723e-07 15000 14990 14378 14378 4426 3099
0.3 5.0118723e-08 15000 14978 14366 14366 4469 3162
0.3 5.0118723e-09 15000 14978 14389 14389 4415 3077
0.3 6.3095734e-05 15000 14986 14357 14357 4438 3091
0.3 6.3095734e-06 15000 14981 14374 14374 4414 3043
0.3 6.3095734e-07 15000 14981 14350 14350 4305 2981
0.3 6.3095734e-08 15000 14988 14382 14382 4469 3151
0.3 6.3095734e-09 15000 14984 14339 14339 4406 3055
0.3 7.9432823e-05 15000 14978 14379 14379 4389 3052
0.3 7.9432823e-06 15000 14980 14345 14345 4520 3171
0.3 7.9432823e-07 15000 14983 14334 14334 4432 3099
0.3 7.9432823e-08 15000 14980 14388 14388 4440 3124
0.3 7.9432823e-09 15000 14985 14343 14343 4439 3139
0.35 0.00012589254 15000 14993 14427 14427 4576 3152
0.35 0.00015848932 15000 14996 14420 14420 4602 3133
0.35 0.00019952623 15000 14996 14424 14424 4561 3211
0.35 0.0001 15000 14998 14435 14435 4603 3228
0.35 0.00025118864 15000 14993 14350 14350 4549 3129
0.35 0.00031622777 15000 14992 14383 14383 4584 3145
0.35 1.2589254e-05 15000 14995 14454 14454 4465 3068
0.35 1.2589254e-07 15000 14995 14382 14382 4665 3225
0.35 1.2589254e-08 15000 14997 14429 14429 4533 3156
0.35 1.2589254e-09 15000 14995 14427 14427 4602 3236
0.35 1.5848932e-05 15000 14995 14395 14395 4632 3245
0.35 1.5848932e-06 15000 14987 14433 14433 4577 3194
0.35 1.5848932e-07 15000 14996 14401 14401 4537 3143
0.35 1.5848932e-08 15000 14995 14395 14395 4549 3143
0.35 1.5848932e-09 15000 14999 14406 14406 4573 3156
0.35 1.9952623e-05 15000 14993 14459 14459 4560 3141
0.35 1.9952623e-06 15000 14995 14398 14398 4593 3187
0.35 1.9952623e-07 15000 14992 14383 14383 4657 3229
0.35 1.9952623e-08 15000 14992 14398 14398 4552 3232
0.35 1.9952623e-09 15000 14997 14458 14458 4517 3144
0.35 1e-05 15000 14997 14424 14424 4607 3182
0.35 1e-06 15000 14994 14393 14393 4503 3124
0.35 1e-07 15000 14997 14423 14423 4460 3139
0.35 1e-08 15000 14996 14407 14407 4564 3184
0.35 1e-09 15000 14996 14369 14369 4421 3109
0.35 2.5118864e-05 15000 14997 14399 14399 4606 3192
0.35 2.5118864e-06 15000 14992 14394 14394 4502 3171
0.35 2.5118864e-07 15000 14996 14410 14410 4467 3083
0.35 2.5118864e-08 15000 14995 14403 14403 4569 3148
0.35 2.5118864e-09 15000 14996 14426 14426 4684 3210
0.35 3.1622777e-05 15000 14998 14436 14436 4567 3188
0.35 3.1622777e-06 15000 14997 14386 14386 4493 3094
0.35 3.1622777e-07 15000 14999 14448 14448 4590 3240
0.35 3.1622777e-08 15000 14997 14430 14430 4602 3163
0.35 3.1622777e-09 15000 14996 14399 14399 4473 3095
0.35 3.9810717e-05 15000 14998 14385 14385 4611 3237
0.35 3.9810717e-06 15000 14996 14375 14375 4553 3185
0.35 3.9810717e-07 15000 14993 14403 14403 4567 3161
0.35 3.9810717e-08 15000 14994 14398 14398 4574 3172
0.35 3.9810717e-09 15000 14998 14408 14408 4628 3177
0.35 5.0118723e-05 15000 14993 14443 14443 4442 3097
0.35 5.0118723e-06 15000 14995 14397 14397 4564 3221
0.35 5.0118723e-07 15000 14995 14411 14411 4616 3187
0.35 5.0118723e-08 15000 14999 14405 14405 4511 3139
0.35 5.0118723e-09 15000 14995 14383 14383 4444 3162
0.35 6.3095734e-05 15000 14994 14426 14426 4598 3230
0.35 6.3095734e-06 15000 14998 14389 14389 4567 3157
0.35 6.3095734e-07 15000 14995 14394 14394 4586 3241
0.35 6.3095734e-08 15000 14996 14412 14412 4610 3190
0.35 6.3095734e-09 15000 14996 14441 14441 4644 3230
0.35 7.9432823e-05 15000 14994 14415 14415 4597 3181
0.35 7.9432823e-06 15000 14998 14403 14403 4497 3159
0.35 7.9432823e-07 15000 14994 14435 14435 4533 3134
0.35 7.9432823e-08 15000 14996 14382 14382 4551 3228
0.35 7.9432823e-09 15000 14993 14402 14402 4585 3133
0.3 1.5848932e-05 15000 14980 14352 14352 4399 3135
0.4 0.00012589254 15000 15000 14494 14467 4507 3183
0.4 0.00015848932 15000 15000 14526 14503 4611 3245
0.4 0.00019952623 15000 14998 14506 14468 4556 3237
0.4 0.0001 15000 14999 14508 14471 4599 3281
0.4 0.00025118864 10000 9999 9701 9680 3058 2166
0.4 0.00031622777 15000 15000 14489 14468 4615 3238
0.4 1.2589254e-05 15000 14998 14488 14452 4582 3206
0.4 1.2589254e-06 15000 14999 14510 14481 4515 3206
0.4 1.2589254e-07 15000 14998 14547 14521 4543 3196
0.4 1.2589254e-08 15000 14999 14503 14467 4630 3265
0.4 1.2589254e-09 15000 15000 14528 14497 4610 3272
0.4 1.5848932e-05 15000 14999 14522 14500 4605 3207
0.4 1.5848932e-06 15000 14999 14482 14450 4599 3267
0.4 1.5848932e-07 15000 15000 14512 14490 4562 3219
0.4 1.5848932e-08 15000 15000 14502 14473 4645 3228
0.4 1.5848932e-09 15000 15000 14492 14458 4569 3232
0.4 1.9952623e-05 15000 14999 14538 14512 4702 3255
0.4 1.9952623e-06 15000 15000 14521 14483 4544 3161
0.4 1.9952623e-07 15000 14999 14534 14507 4564 3195
0.4 1.9952623e-08 15000 15000 14525 14491 4599 3210
0.4 1.9952623e-09 15000 14999 14529 14492 4588 3188
0.4 1e-05 15000 14998 14514 14475 4516 3183
0.4 1e-06 15000 15000 14547 14521 4611 3289
0.4 1e-07 15000 14999 14517 14484 4556 3198
0.4 1e-08 15000 15000 14477 14457 4606 3203
0.4 1e-09 15000 14997 14496 14475 4600 3191
0.4 2.5118864e-05 15000 15000 14520 14489 4618 3248
0.4 2.5118864e-06 15000 15000 14471 14442 4596 3282
0.4 2.5118864e-07 15000 15000 14527 14500 4679 3313
0.4 2.5118864e-08 15000 14999 14524 14495 4629 3239
0.4 2.5118864e-09 15000 14998 14520 14485 4648 3238
0.4 3.1622777e-05 15000 15000 14496 14463 4550 3154
0.4 3.1622777e-06 15000 14999 14471 14444 4560 3225
0.4 3.1622777e-07 15000 15000 14499 14468 4565 3211
0.4 3.1622777e-08 15000 14999 14471 14447 4586 3228
0.4 3.1622777e-09 15000 14999 14513 14495 4524 3165
0.4 3.9810717e-05 15000 14999 14480 14452 4560 3207
0.4 3.9810717e-06 15000 14999 14517 14483 4631 3225
0.4 3.9810717e-07 15000 15000 14514 14489 4551 3206
0.4 3.9810717e-08 15000 14999 14507 14483 4596 3231
0.4 3.9810717e-09 15000 15000 14487 14462 4517 3213
0.4 5.0118723e-05 15000 15000 14504 14478 4554 3076
0.4 5.0118723e-06 15000 15000 14516 14477 4622 3299
0.4 5.0118723e-07 15000 14999 14508 14476 4551 3208
0.4 5.0118723e-08 10000 10000 9686 9666 2992 2123
0.4 5.0118723e-09 15000 14999 14533 14516 4638 3276
0.4 6.3095734e-05 15000 14999 14528 14496 4539 3224
0.4 6.3095734e-06 15000 15000 14492 14461 4685 3320
0.4 6.3095734e-07 15000 15000 14489 14458 4522 3178
0.4 6.3095734e-08 15000 15000 14515 14482 4657 3231
0.4 6.3095734e-09 15000 14999 14461 14433 4530 3218
0.4 7.9432823e-05 15000 15000 14514 14486 4540 3235
0.4 7.9432823e-06 15000 14999 14498 14464 4675 3309
0.4 7.9432823e-07 15000 15000 14542 14517 4615 3339
0.4 7.9432823e-08 10000 10000 9679 9668 3014 2146
0.4 7.9432823e-09 15000 15000 14455 14425 4539 3197
0.45 0.00012589254 15000 15000 14577 14531 4537 3216
0.45 0.00015848932 15000 15000 14585 14538 4627 3270
0.45 0.00019952623 15000 15000 14557 14523 4584 3267
0.45 0.0001 15000 15000 14585 14535 4574 3265
0.45 0.00025118864 15000 15000 14597 14562 4661 3327
0.45 0.00031622777 15000 15000 14572 14531 4508 3229
0.45 1.2589254e-05 15000 15000 14579 14545 4679 3403
0.45 1.2589254e-06 15000 15000 14563 14513 4600 3304
0.45 1.2589254e-07 15000 15000 14613 14568 4545 3229
0.45 1.2589254e-08 15000 15000 14609 14566 4614 3347
0.45 1.2589254e-09 15000 15000 14600 14551 4589 3288
0.45 1.5848932e-05 15000 15000 14552 14502 4597 3304
0.45 1.5848932e-06 15000 15000 14551 14512 4646 3312
0.45 1.5848932e-07 15000 15000 14587 14540 4540 3243
0.45 1.5848932e-08 15000 15000 14586 14537 4618 3277
0.45 1.5848932e-09 15000 15000 14565 14519 4556 3262
0.45 1.9952623e-05 15000 15000 14576 14531 4553 3222
0.45 1.9952623e-06 15000 15000 14594 14569 4686 3373
0.45 1.9952623e-07 15000 15000 14626 14590 4516 3220
0.45 1.9952623e-08 15000 15000 14570 14531 4663 3309
0.45 1.9952623e-09 15000 15000 14621 14582 4622 3296
0.45 1e-05 15000 15000 14603 14553 4527 3251
0.45 1e-06 15000 14999 14561 14516 4577 3245
0.45 1e-07 15000 15000 14588 14547 4619 3278
0.45 1e-08 15000 14999 14620 14580 4614 3292
0.45 1e-09 15000 15000 14580 14528 4588 3291
0.45 2.5118864e-05 15000 15000 14579 14539 4707 3360
0.45 2.5118864e-06 15000 15000 14601 14565 4652 3320
0.45 2.5118864e-07 15000 15000 14592 14547 4575 3241
0.45 2.5118864e-08 15000 15000 14594 14548 4730 3376
0.45 2.5118864e-09 15000 15000 14581 14536 4557 3248
0.45 3.1622777e-05 15000 15000 14597 14553 4546 3252
0.45 3.1622777e-06 15000 15000 14577 14532 4566 3244
0.45 3.1622777e-07 15000 15000 14535 14486 4586 3261
0.45 3.1622777e-08 15000 14999 14572 14527 4596 3282
0.45 3.1622777e-09 15000 15000 14591 14542 4445 3164
0.45 3.9810717e-05 15000 15000 14597 14545 4567 3297
0.45 3.9810717e-06 15000 14999 14572 14530 4704 3338
0.45 3.9810717e-07 15000 15000 14573 14531 4594 3274
0.45 3.9810717e-08 15000 15000 14541 14500 4640 3314
0.45 3.9810717e-09 15000 15000 14540 14495 4645 3302
0.45 5.0118723e-05 15000 15000 14552 14510 4646 3354
0.45 5.0118723e-06 15000 15000 14597 14565 4625 3324
0.45 5.0118723e-07 15000 15000 14551 14514 4566 3237
0.45 5.0118723e-08 15000 15000 14560 14522 4611 3192
0.45 5.0118723e-09 15000 15000 14606 14563 4707 3363
0.45 6.3095734e-05 15000 15000 14562 14507 4616 3273
0.45 6.3095734e-06 15000 15000 14580 14533 4539 3231
0.45 6.3095734e-07 15000 15000 14601 14567 4644 3303
0.45 6.3095734e-08 15000 15000 14622 14583 4582 3265
0.45 6.3095734e-09 15000 15000 14582 14524 4638 3275
0.45 7.9432823e-05 15000 15000 14569 14526 4585 3266
0.45 7.9432823e-06 15000 15000 14609 14567 4464 3157
0.45 7.9432823e-07 15000 15000 14607 14573 4714 3418
0.45 7.9432823e-08 15000 15000 14577 14531 4574 3257
0.45 7.9432823e-09 15000 15000 14615 14570 4703 3391
0.5 0.00012589254 15000 15000 14628 14560 4631 3396
0.5 0.00015848932 15000 15000 14685 14635 4613 3333
0.5 0.00019952623 15000 15000 14642 14584 4691 3429
0.5 0.0001 15000 15000 14659 14604 4716 3431
0.5 0.00025118864 15000 15000 14662 14589 4571 3310
0.5 0.00031622777 15000 15000 14685 14635 4666 3408
0.5 1.2589254e-05 15000 15000 14640 14590 4595 3321
0.5 1.2589254e-06 15000 15000 14611 14557 4622 3357
0.5 1.2589254e-07 15000 15000 14680 14625 4674 3408
0.5 1.2589254e-08 15000 15000 14648 14593 4634 3377
0.5 1.2589254e-09 15000 15000 14659 14607 4593 3372
0.5 1.5848932e-05 15000 15000 14626 14558 4617 3310
0.5 1.5848932e-06 15000 15000 14623 14563 4618 3384
0.5 1.5848932e-07 15000 15000 14675 14616 4726 3394
0.5 1.5848932e-08 15000 15000 14662 14603 4549 3301
0.5 1.5848932e-09 15000 15000 14654 14599 4630 3360
0.5 1.9952623e-05 15000 15000 14660 14597 4515 3268
0.5 1.9952623e-06 15000 15000 14647 14595 4628 3376
0.5 1.9952623e-07 15000 15000 14672 14596 4711 3388
0.5 1.9952623e-08 15000 15000 14656 14594 4602 3316
0.5 1.9952623e-09 15000 15000 14674 14617 4652 3339
0.5 1e-05 15000 15000 14647 14588 4516 3295
0.5 1e-06 15000 15000 14600 14536 4589 3355
0.5 1e-07 15000 15000 14654 14612 4643 3410
0.5 1e-08 15000 15000 14654 14600 4667 3368
0.5 1e-09 15000 15000 14626 14555 4584 3338
0.5 2.5118864e-05 15000 15000 14658 14609 4645 3347
0.5 2.5118864e-06 15000 15000 14638 14584 4559 3373
0.5 2.5118864e-07 15000 15000 14655 14593 4535 3321
0.5 2.5118864e-08 15000 15000 14634 14562 4614 3321
0.5 2.5118864e-09 15000 15000 14621 14572 4610 3296
0.5 3.1622777e-05 15000 15000 14645 14596 4628 3372
0.5 3.1622777e-06 15000 15000 14657 14602 4620 3412
0.5 3.1622777e-07 15000 15000 14644 14580 4711 3409
0.5 3.1622777e-08 15000 15000 14631 14568 4573 3274
0.5 3.1622777e-09 15000 15000 14662 14610 4529 3328
0.5 3.9810717e-05 15000 15000 14685 14633 4615 3300
0.5 3.9810717e-06 15000 15000 14660 14603 4592 3343
0.5 3.9810717e-07 15000 15000 14647 14594 4705 3439
0.5 3.9810717e-08 15000 15000 14630 14566 4590 3341
0.5 3.9810717e-09 15000 15000 14668 14618 4666 3395
0.5 5.0118723e-05 15000 15000 14657 14601 4636 3358
0.5 5.0118723e-06 15000 15000 14640 14582 4685 3377
0.5 5.0118723e-07 15000 15000 14635 14576 4678 3475
0.5 5.0118723e-08 15000 15000 14665 14592 4541 3337
0.5 5.0118723e-09 15000 15000 14666 14600 4682 3390
0.5 6.3095734e-05 15000 15000 14666 14606 4715 3392
0.5 6.3095734e-07 15000 15000 14632 14577 4527 3261
0.5 6.3095734e-08 15000 15000 14674 14621 4648 3391
0.5 6.3095734e-09 15000 15000 14665 14592 4566 3283
0.5 7.9432823e-05 15000 15000 14681 14625 4604 3337
0.5 7.9432823e-06 15000 15000 14655 14603 4598 3362
0.5 7.9432823e-07 15000 15000 14626 14561 4666 3381
0.5 7.9432823e-08 15000 15000 14671 14623 4533 3241
0.5 7.9432823e-09 15000 15000 14652 14590 4613 3293
0.55 1.2589254e-05 10000 10000 9807 9766 3091 2263
0.55 1.2589254e-06 10000 10000 9842 9798 3136 2299
0.55 1.2589254e-07 10000 10000 9819 9760 3066 2233
0.55 1.2589254e-08 10000 10000 9807 9757 3099 2237
0.55 1.5848932e-05 10000 10000 9809 9765 3065 2235
0.55 1.5848932e-06 10000 10000 9824 9780 3135 2294
0.55 1.5848932e-07 10000 10000 9833 9785 3103 2266
0.55 1.5848932e-08 10000 10000 9824 9762 3065 2215
0.55 1.9952623e-05 10000 10000 9794 9745 3060 2209
0.55 1.9952623e-06 10000 10000 9800 9748 3052 2233
0.55 1.9952623e-07 10000 10000 9827 9779 3170 2318
0.55 1.9952623e-08 10000 10000 9816 9769 3120 2283
0.55 1e-05 10000 10000 9801 9756 2975 2182
0.55 1e-06 10000 10000 9799 9740 3074 2251
0.55 1e-07 10000 10000 9795 9759 3090 2261
0.55 1e-08 10000 10000 9816 9769 3073 2279
0.55 2.5118864e-05 10000 10000 9798 9748 3137 2298
0.55 2.5118864e-06 10000 10000 9806 9759 3107 2274
0.55 2.5118864e-07 10000 10000 9790 9740 3039 2209
0.55 2.5118864e-08 10000 10000 9809 9761 3018 2234
0.55 3.1622777e-05 10000 10000 9833 9770 3055 2265
0.55 3.1622777e-06 10000 10000 9826 9776 3057 2228
0.55 3.1622777e-07 10000 10000 9795 9747 3072 2240
0.55 3.1622777e-08 10000 10000 9847 9794 3101 2261
0.55 3.1622777e-09 10000 10000 9819 9760 3084 2272
0.55 3.9810717e-06 10000 10000 9817 9763 3032 2231
0.55 3.9810717e-07 10000 10000 9807 9761 3097 2311
0.55 3.9810717e-08 10000 10000 9827 9764 3036 2206
0.55 3.9810717e-09 10000 10000 9827 9771 3151 2325
0.55 5.0118723e-06 10000 10000 9816 9760 3042 2214
0.55 5.0118723e-07 10000 10000 9826 9773 3119 2258
0.55 5.0118723e-08 10000 10000 9800 9751 3143 2250
0.55 5.0118723e-09 10000 10000 9799 9756 3048 2229
0.55 6.3095734e-06 10000 10000 9807 9753 3036 2225
0.55 6.3095734e-07 10000 10000 9798 9741 3046 2231
0.55 6.3095734e-08 5000 5000 4907 4893 1528 1112
0.55 6.3095734e-09 10000 10000 9800 9735 3127 2286
0.55 7.9432823e-06 10000 10000 9815 9778 3131 2269
0.55 7.9432823e-07 10000 10000 9825 9781 3074 2242
0.55 7.9432823e-08 10000 10000 9829 9781 3079 2227
0.55 7.9432823e-09 10000 10000 9815 9778 3043 2178
0.6 1.2589254e-05 10000 10000 9849 9776 3084 2307
0.6 1.2589254e-06 10000 10000 9845 9769 3002 2185
0.6 1.2589254e-07 10000 10000 9847 9776 2998 2239
0.6 1.2589254e-08 10000 10000 9850 9783 2996 2196
0.6 1.5848932e-05 10000 10000 9832 9757 3147 2309
0.6 1.5848932e-06 10000 10000 9843 9770 3013 2205
0.6 1.5848932e-07 10000 10000 9844 9768 3152 2392
0.6 1.5848932e-08 10000 10000 9846 9783 3069 2274
0.6 1.9952623e-05 10000 10000 9846 9763 3050 2260
0.6 1.9952623e-06 10000 10000 9861 9792 3015 2245
0.6 1.9952623e-07 10000 10000 9868 9813 3028 2255
0.6 1.9952623e-08 10000 10000 9842 9776 2987 2230
0.6 1e-05 10000 10000 9842 9781 3077 2284
0.6 1e-06 10000 10000 9846 9788 2890 2100
0.6 1e-08 10000 10000 9850 9766 3054 2282
0.6 2.5118864e-05 10000 10000 9862 9780 2998 2238
0.6 2.5118864e-06 10000 10000 9854 9791 3074 2214
0.6 2.5118864e-07 10000 10000 9836 9783 3004 2207
0.6 2.5118864e-08 10000 10000 9842 9768 3009 2221
0.6 3.1622777e-05 10000 10000 9847 9776 3058 2249
0.6 3.1622777e-06 10000 10000 9842 9774 2963 2159
0.6 3.1622777e-07 10000 10000 9842 9772 2982 2224
0.6 3.1622777e-08 10000 10000 9845 9776 2982 2183
0.6 3.1622777e-09 10000 10000 9879 9815 3114 2317
0.6 3.9810717e-06 10000 10000 9850 9786 2992 2197
0.6 3.9810717e-07 10000 10000 9863 9788 3041 2218
0.6 3.9810717e-08 10000 10000 9845 9781 3020 2247
0.6 3.9810717e-09 10000 10000 9877 9823 2963 2191
0.6 5.0118723e-06 10000 10000 9847 9785 3007 2222
0.6 5.0118723e-07 10000 10000 9850 9776 3067 2263
0.6 5.0118723e-08 10000 10000 9842 9774 3112 2315
0.6 5.0118723e-09 10000 10000 9845 9784 2982 2228
0.6 6.3095734e-06 10000 10000 9856 9799 3100 2245
0.6 6.3095734e-07 10000 10000 9863 9795 2970 2200
0.6 6.3095734e-08 10000 10000 9854 9796 2958 2161
0.6 6.3095734e-09 10000 10000 9878 9799 3005 2227
0.6 7.9432823e-06 10000 10000 9856 9803 2918 2150
0.6 7.9432823e-07 10000 10000 9838 9775 3052 2256
0.6 7.9432823e-08 5000 5000 4938 4901 1489 1092
0.6 7.9432823e-09 10000 10000 9836 9762 3017 2254
0.65 1.1220185e-06 5000 5000 4956 4916 1482 1083
0.65 1.1220185e-06 5000 5000 4956 4916 1482 1083
0.65 1.2589254e-05 5000 5000 4953 4903 1381 1037
0.65 1.2589254e-06 5000 5000 4950 4909 1510 1072
0.65 1.2589254e-07 5000 5000 4949 4906 1458 1093
0.65 1.2589254e-08 5000 5000 4946 4900 1445 1071
0.65 1.4125375e-06 5000 5000 4955 4908 1427 1069
0.65 1.4125375e-06 5000 5000 4955 4908 1427 1069
0.65 1.5848932e-05 5000 5000 4947 4911 1485 1089
0.65 1.5848932e-06 5000 5000 4937 4887 1490 1094
0.65 1.5848932e-07 5000 5000 4949 4900 1445 1044
0.65 1.5848932e-08 5000 5000 4960 4914 1507 1114
0.65 1.7782794e-06 5000 5000 4959 4923 1436 1056
0.65 1.7782794e-06 5000 5000 4959 4923 1436 1056
0.65 1.9952623e-05 5000 5000 4963 4926 1444 1062
0.65 1.9952623e-06 5000 5000 4951 4892 1471 1086
0.65 1.9952623e-07 5000 5000 4949 4913 1464 1066
0.65 1.9952623e-08 5000 5000 4948 4911 1478 1096
0.65 1e-05 5000 5000 4949 4901 1445 1066
0.65 1e-06 5000 5000 4945 4898 1467 1084
0.65 1e-08 5000 5000 4947 4896 1445 1091
0.65 2.2387211e-06 5000 5000 4954 4899 1481 1082
0.65 2.2387211e-06 5000 5000 4954 4899 1481 1082
0.65 2.5118864e-05 5000 5000 4939 4895 1473 1103
0.65 2.5118864e-06 5000 5000 4939 4889 1434 1063
0.65 2.5118864e-07 5000 5000 4953 4903 1410 1043
0.65 2.5118864e-08 5000 5000 4939 4903 1457 1062
0.65 2.8183829e-06 5000 5000 4948 4911 1486 1113
0.65 2.8183829e-06 5000 5000 4948 4911 1486 1113
0.65 3.1622777e-05 5000 5000 4950 4914 1436 1075
0.65 3.1622777e-06 5000 5000 4963 4919 1452 1084
0.65 3.1622777e-07 5000 5000 4955 4911 1454 1074
0.65 3.1622777e-08 5000 5000 4948 4908 1452 1075
0.65 3.1622777e-09 5000 5000 4953 4905 1503 1120
0.65 3.5481339e-06 5000 5000 4952 4902 1443 1097
0.65 3.5481339e-06 5000 5000 4952 4902 1443 1097
0.65 3.9810717e-06 5000 5000 4946 4910 1455 1068
0.65 3.9810717e-07 5000 5000 4954 4908 1489 1091
0.65 3.9810717e-08 5000 5000 4958 4914 1449 1047
0.65 3.9810717e-09 5000 5000 4934 4887 1458 1093
0.65 4.4668359e-06 5000 5000 4940 4899 1440 1054
0.65 4.4668359e-06 5000 5000 4940 4899 1440 1054
0.65 5.0118723e-06 5000 5000 4955 4908 1430 1069
0.65 5.0118723e-07 5000 5000 4934 4885 1460 1093
0.65 5.0118723e-08 5000 5000 4944 4896 1457 1118
0.65 5.0118723e-09 5000 5000 4949 4896 1459 1104
0.65 5.6234133e-06 5000 5000 4948 4910 1488 1119
0.65 6.3095734e-06 5000 5000 4962 4907 1485 1084
0.65 6.3095734e-07 5000 5000 4948 4911 1443 1047
0.65 6.3095734e-08 5000 5000 4956 4918 1450 1107
0.65 6.3095734e-09 5000 5000 4958 4907 1469 1069
0.65 7.0794578e-06 5000 5000 4948 4915 1373 1002
0.65 7.9432823e-06 5000 5000 4944 4908 1417 1033
0.65 7.9432823e-07 5000 5000 4952 4914 1436 1084
0.65 7.9432823e-08 5000 5000 4962 4921 1493 1099
0.65 7.9432823e-09 5000 5000 4950 4888 1458 1109
0.65 8.9125094e-06 5000 5000 4946 4896 1483 1068
0.7 1.2589254e-05 5000 5000 4963 4897 1305 947
0.7 1.2589254e-06 5000 5000 4969 4902 1330 987
0.7 1.2589254e-07 5000 5000 4963 4884 1346 1024
0.7 1.2589254e-08 5000 5000 4965 4896 1307 960
0.7 1.5848932e-05 5000 5000 4960 4896 1380 1025
0.7 1.5848932e-06 5000 5000 4968 4887 1263 942
0.7 1.5848932e-07 5000 5000 4974 4898 1279 942
0.7 1.5848932e-08 5000 5000 4956 4870 1388 1009
0.7 1.9952623e-05 5000 5000 4969 4886 1326 951
0.7 1.9952623e-06 5000 5000 4964 4895 1320 969
0.7 1.9952623e-07 5000 5000 4968 4897 1364 1028
0.7 1.9952623e-08 5000 5000 4978 4897 1336 982
0.7 1e-05 5000 5000 4969 4892 1354 1003
0.7 1e-06 5000 5000 4975 4899 1363 1032
0.7 1e-07 5000 5000 4968 4895 1334 1007
0.7 1e-08 5000 5000 4974 4893 1357 1025
0.7 2.5118864e-05 5000 5000 4972 4893 1314 996
0.7 2.5118864e-06 5000 5000 4970 4900 1384 1039
0.7 2.5118864e-07 5000 5000 4964 4896 1344 978
0.7 2.5118864e-08 5000 5000 4970 4887 1365 1012
0.7 3.1622777e-05 5000 5000 4965 4885 1330 996
0.7 3.1622777e-06 5000 5000 4962 4892 1343 1006
0.7 3.1622777e-07 5000 5000 4969 4894 1274 946
0.7 3.1622777e-08 5000 5000 4975 4893 1307 995
0.7 3.1622777e-09 5000 5000 4963 4884 1296 940
0.7 3.9810717e-06 5000 5000 4977 4902 1338 986
0.7 3.9810717e-07 5000 5000 4966 4902 1323 985
0.7 3.9810717e-08 5000 5000 4969 4891 1327 994
0.7 3.9810717e-09 5000 5000 4976 4898 1359 1025
0.7 5.0118723e-06 5000 5000 4961 4882 1348 1005
0.7 5.0118723e-07 5000 5000 4966 4885 1298 937
0.7 5.0118723e-08 5000 5000 4973 4911 1372 1012
0.7 5.0118723e-09 5000 5000 4971 4902 1304 955
0.7 6.3095734e-06 5000 5000 4971 4898 1350 998
0.7 6.3095734e-07 5000 5000 4963 4877 1384 1044
0.7 6.3095734e-08 5000 5000 4962 4878 1336 999
0.7 6.3095734e-09 5000 5000 4969 4891 1314 958
0.7 7.9432823e-06 5000 5000 4968 4891 1329 983
0.7 7.9432823e-07 5000 5000 4959 4889 1358 980
0.7 7.9432823e-08 5000 5000 4974 4905 1259 942
0.7 7.9432823e-09 5000 5000 4968 4891 1387 1028
0.75 1.1220185e-06 5000 5000 4978 4897 1296 938
0.75 1.1220185e-06 5000 5000 4978 4897 1296 938
0.75 1.2589254e-05 5000 5000 4976 4899 1287 937
0.75 1.2589254e-06 5000 5000 4978 4889 1315 975
0.75 1.2589254e-07 5000 5000 4986 4914 1315 968
0.75 1.2589254e-08 5000 5000 4970 4894 1347 996
0.75 1.4125375e-06 5000 5000 4978 4895 1345 999
0.75 1.4125375e-06 5000 5000 4978 4895 1345 999
0.75 1.5848932e-05 5000 5000 4978 4901 1300 943
0.75 1.5848932e-06 5000 5000 4971 4896 1257 937
0.75 1.5848932e-07 5000 5000 4983 4894 1278 945
0.75 1.5848932e-08 5000 5000 4976 4904 1316 988
0.75 1.7782794e-06 5000 5000 4977 4907 1291 958
0.75 1.7782794e-06 5000 5000 4977 4907 1291 958
0.75 1.9952623e-05 5000 5000 4972 4881 1298 972
0.75 1.9952623e-06 5000 5000 4975 4894 1283 966
0.75 1.9952623e-07 5000 5000 4985 4917 1316 998
0.75 1.9952623e-08 5000 5000 4982 4913 1325 1001
0.75 1e-05 5000 5000 4980 4902 1351 1014
0.75 1e-06 5000 5000 4984 4910 1317 977
0.75 1e-07 5000 5000 4977 4885 1296 976
0.75 1e-08 5000 5000 4978 4898 1296 995
0.75 2.2387211e-06 5000 5000 4985 4903 1304 970
0.75 2.2387211e-06 5000 5000 4985 4903 1304 970
0.75 2.5118864e-05 5000 5000 4985 4904 1304 981
0.75 2.5118864e-06 5000 5000 4989 4922 1397 1037
0.75 2.5118864e-07 5000 5000 4982 4885 1272 925
0.75 2.5118864e-08 5000 5000 4984 4911 1316 974
0.75 2.8183829e-06 5000 5000 4983 4907 1332 994
0.75 3.1622777e-05 5000 5000 4977 4892 1285 941
0.75 3.1622777e-06 5000 5000 4979 4911 1294 969
0.75 3.1622777e-07 5000 5000 4964 4884 1215 907
0.75 3.1622777e-08 5000 5000 4977 4914 1349 1019
0.75 3.1622777e-09 5000 5000 4976 4898 1327 999
0.75 3.5481339e-06 5000 5000 4983 4906 1322 971
0.75 3.9810717e-06 5000 5000 4981 4906 1341 985
0.75 3.9810717e-07 5000 5000 4982 4900 1271 972
0.75 3.9810717e-08 5000 5000 4980 4900 1324 993
0.75 3.9810717e-09 5000 5000 4983 4910 1304 964
0.75 4.4668359e-06 5000 5000 4984 4901 1298 961
0.75 5.0118723e-06 5000 5000 4976 4901 1305 965
0.75 5.0118723e-07 5000 5000 4977 4913 1317 990
0.75 5.0118723e-08 5000 5000 4981 4902 1315 997
0.75 5.0118723e-09 5000 5000 4977 4917 1283 967
0.75 5.6234133e-06 5000 5000 4985 4903 1276 929
0.75 6.3095734e-06 5000 5000 4982 4901 1262 953
0.75 6.3095734e-07 5000 5000 4980 4899 1254 950
0.75 6.3095734e-08 5000 5000 4984 4898 1296 962
0.75 6.3095734e-09 5000 5000 4978 4915 1379 1042
0.75 7.0794578e-06 5000 5000 4977 4926 1314 983
0.75 7.9432823e-06 5000 5000 4986 4907 1324 1000
0.75 7.9432823e-07 5000 5000 4977 4895 1311 980
0.75 7.9432823e-08 5000 5000 4983 4907 1357 1025
0.75 7.9432823e-09 5000 5000 4985 4901 1252 914
0.75 8.9125094e-06 5000 5000 4986 4897 1335 1021
0.7 2.5118864e-07 5000 5000 4964 4896 1344 978
0.8 1.1220185e-06 5000 5000 4976 4906 1363 1031
0.8 1.2589254e-05 5000 5000 4984 4912 1306 979
0.8 1.2589254e-06 5000 5000 4972 4916 1364 1025
0.8 1.2589254e-07 5000 5000 4981 4911 1337 1021
0.8 1.2589254e-08 5000 5000 4983 4915 1298 945
0.8 1.4125375e-06 5000 5000 4980 4900 1334 972
0.8 1.5848932e-05 5000 5000 4983 4919 1311 1010
0.8 1.5848932e-06 5000 5000 4979 4885 1294 971
0.8 1.5848932e-07 5000 5000 4980 4900 1317 1002
0.8 1.5848932e-08 5000 5000 4978 4910 1326 1037
0.8 1.7782794e-06 5000 5000 4982 4926 1343 1003
0.8 1.9952623e-05 5000 5000 4982 4899 1271 921
0.8 1.9952623e-06 5000 5000 4973 4895 1297 974
0.8 1.9952623e-07 5000 5000 4981 4918 1358 1037
0.8 1.9952623e-08 5000 5000 4982 4914 1337 1004
0.8 1e-05 5000 5000 4978 4893 1281 968
0.8 1e-06 5000 5000 4976 4910 1309 992
0.8 1e-07 5000 5000 4982 4911 1387 1050
0.8 1e-08 5000 5000 4982 4915 1376 1058
0.8 2.2387211e-06 5000 5000 4980 4902 1302 992
0.8 2.5118864e-05 5000 5000 4977 4903 1301 964
0.8 2.5118864e-06 5000 5000 4983 4911 1343 1000
0.8 2.5118864e-07 5000 5000 4976 4907 1314 978
0.8 2.5118864e-08 5000 5000 4985 4913 1342 1010
0.8 2.8183829e-06 5000 5000 4982 4913 1303 980
0.8 3.1622777e-05 5000 5000 4968 4911 1333 1001
0.8 3.1622777e-06 5000 5000 4982 4920 1369 1038
0.8 3.1622777e-07 5000 5000 4979 4904 1369 1032
0.8 3.1622777e-08 5000 5000 4984 4911 1354 1014
0.8 3.1622777e-09 5000 5000 4979 4916 1331 987
0.8 3.5481339e-06 5000 5000 4980 4909 1374 1044
0.8 3.9810717e-06 5000 5000 4977 4906 1320 981
0.8 3.9810717e-07 5000 5000 4985 4919 1386 1034
0.8 3.9810717e-08 5000 5000 4980 4928 1382 1036
0.8 3.9810717e-09 5000 5000 4976 4885 1300 980
0.8 4.4668359e-06 5000 5000 4972 4907 1352 1032
0.8 5.0118723e-06 5000 5000 4981 4906 1346 1010
0.8 5.0118723e-07 5000 5000 4986 4920 1333 980
0.8 5.0118723e-08 5000 5000 4979 4908 1357 1019
0.8 5.0118723e-09 5000 5000 4980 4903 1302 992
0.8 5.6234133e-06 5000 5000 4989 4913 1304 981
0.8 6.3095734e-06 5000 5000 4981 4914 1353 1003
0.8 6.3095734e-07 5000 5000 4986 4920 1387 1067
0.8 6.3095734e-08 5000 5000 4981 4908 1361 1008
0.8 6.3095734e-09 5000 5000 4977 4911 1317 1001
0.8 7.0794578e-06 5000 5000 4982 4921 1328 1004
0.8 7.9432823e-06 5000 5000 4980 4905 1277 933
0.8 7.9432823e-07 5000 5000 4975 4899 1346 1009
0.8 7.9432823e-08 5000 5000 4980 4910 1357 1067
0.8 7.9432823e-09 5000 5000 4977 4905 1379 1041
0.8 8.9125094e-06 5000 5000 4975 4908 1341 997
0.81 1.1220185e-06 5000 5000 4974 4903 1357 1032
0.81 1.1220185e-06 5000 5000 4974 4903 1357 1032
0.81 1.2589254e-05 5000 5000 4985 4921 1369 1026
0.81 1.2589254e-06 5000 5000 4980 4919 1357 993
0.81 1.2589254e-07 5000 5000 4970 4898 1358 1011
0.81 1.2589254e-08 5000 5000 4975 4905 1376 1046
0.81 1.4125375e-06 5000 5000 4978 4911 1364 997
0.81 1.4125375e-06 5000 5000 4978 4911 1364 997
0.81 1.5848932e-05 5000 5000 4976 4913 1334 1006
0.81 1.5848932e-06 5000 5000 4982 4914 1338 1025
0.81 1.5848932e-07 5000 5000 4976 4915 1358 1032
0.81 1.5848932e-08 5000 5000 4975 4919 1279 973
0.81 1.7782794e-06 5000 5000 4990 4917 1339 1011
0.81 1.7782794e-06 5000 5000 4990 4917 1339 1011
0.81 1.9952623e-05 5000 5000 4976 4911 1370 1046
0.81 1.9952623e-06 5000 5000 4984 4921 1364 1028
0.81 1.9952623e-07 5000 5000 4980 4927 1368 1044
0.81 1.9952623e-08 5000 5000 4979 4901 1338 1006
0.81 1e-05 5000 5000 4975 4927 1296 996
0.81 1e-06 5000 5000 4979 4902 1331 1015
0.81 1e-07 5000 5000 4975 4912 1373 1021
0.81 1e-08 5000 5000 4979 4915 1351 1023
0.81 2.2387211e-06 5000 5000 4967 4902 1375 1025
0.81 2.2387211e-06 5000 5000 4967 4902 1375 1025
0.81 2.5118864e-05 5000 5000 4981 4904 1339 1036
0.81 2.5118864e-06 5000 5000 4983 4919 1369 1026
0.81 2.5118864e-07 5000 5000 4976 4914 1357 1022
0.81 2.5118864e-08 5000 5000 4974 4904 1429 1093
0.81 2.8183829e-06 5000 5000 4981 4903 1313 980
0.81 3.1622777e-05 5000 5000 4982 4914 1334 1002
0.81 3.1622777e-06 5000 5000 4974 4913 1401 1028
0.81 3.1622777e-07 5000 5000 4972 4915 1362 1020
0.81 3.1622777e-08 5000 5000 4979 4908 1371 1006
0.81 3.1622777e-09 5000 5000 4976 4919 1344 981
0.81 3.5481339e-06 5000 5000 4985 4913 1348 1020
0.81 3.9810717e-06 5000 5000 4971 4902 1337 1003
0.81 3.9810717e-07 5000 5000 4979 4906 1394 1038
0.81 3.9810717e-08 5000 5000 4971 4904 1357 1026
0.81 3.9810717e-09 5000 5000 4977 4919 1348 1042
0.81 4.4668359e-06 5000 5000 4978 4900 1311 993
0.81 5.0118723e-06 5000 5000 4980 4902 1292 965
0.81 5.0118723e-07 5000 5000 4973 4895 1338 1025
0.81 5.0118723e-08 5000 5000 4985 4926 1298 978
0.81 5.0118723e-09 5000 5000 4982 4929 1352 1033
0.81 5.6234133e-06 5000 5000 4975 4901 1370 1048
0.81 6.3095734e-06 5000 5000 4970 4906 1376 1045
0.81 6.3095734e-07 5000 5000 4977 4925 1393 1035
0.81 6.3095734e-08 5000 5000 4981 4915 1370 1038
0.81 6.3095734e-09 5000 5000 4974 4909 1298 985
0.81 7.0794578e-06 5000 5000 4976 4926 1379 1056
0.81 7.9432823e-06 5000 5000 4971 4900 1365 1014
0.81 7.9432823e-07 5000 5000 4975 4909 1347 1033
0.81 7.9432823e-08 5000 5000 4982 4918 1331 967
0.81 7.9432823e-09 5000 5000 4985 4918 1359 1016
0.81 8.9125094e-06 5000 5000 4981 4916 1320 977
0.82 1.1220185e-06 5000 5000 4980 4917 1404 1062
0.82 1.1220185e-06 5000 5000 4980 4917 1404 1062
0.82 1.2589254e-05 5000 5000 4976 4907 1352 1011
0.82 1.2589254e-06 5000 5000 4974 4913 1379 1047
0.82 1.2589254e-07 5000 5000 4975 4924 1349 1032
0.82 1.2589254e-08 5000 5000 4981 4912 1390 1058
0.82 1.4125375e-06 5000 5000 4980 4915 1290 994
0.82 1.4125375e-06 5000 5000 4980 4915 1290 994
0.82 1.5848932e-05 5000 5000 4976 4917 1355 1036
0.82 1.5848932e-06 5000 5000 4979 4906 1376 1042
0.82 1.5848932e-07 5000 5000 4977 4916 1346 1030
0.82 1.5848932e-08 5000 5000 4986 4924 1351 1030
0.82 1.7782794e-06 5000 5000 4967 4912 1378 1058
0.82 1.7782794e-06 5000 5000 4967 4912 1378 1058
0.82 1.9952623e-05 5000 5000 4985 4920 1387 1055
0.82 1.9952623e-06 5000 5000 4974 4921 1371 1052
0.82 1.9952623e-07 5000 5000 4964 4909 1327 1001
0.82 1.9952623e-08 5000 5000 4965 4910 1362 1044
0.82 1e-05 5000 5000 4980 4935 1368 1033
0.82 1e-06 5000 5000 4983 4920 1389 1062
0.82 1e-07 5000 5000 4978 4934 1381 1050
0.82 1e-08 5000 5000 4976 4912 1373 1039
0.82 2.2387211e-06 5000 5000 4975 4937 1282 987
0.82 2.2387211e-06 5000 5000 4975 4937 1282 987
0.82 2.5118864e-05 5000 5000 4976 4915 1378 1042
0.82 2.5118864e-06 5000 5000 4975 4916 1374 1033
0.82 2.5118864e-07 5000 5000 4970 4928 1330 983
0.82 2.5118864e-08 5000 5000 4977 4921 1353 1017
0.82 2.8183829e-06 5000 5000 4967 4926 1371 1004
0.82 2.8183829e-06 5000 5000 4967 4926 1371 1004
0.82 3.1622777e-05 5000 5000 4979 4922 1370 1023
0.82 3.1622777e-06 5000 5000 4968 4917 1337 1028
0.82 3.1622777e-07 5000 5000 4978 4909 1324 1008
0.82 3.1622777e-08 5000 5000 4968 4896 1378 1067
0.82 3.1622777e-09 5000 5000 4984 4915 1389 1047
0.82 3.5481339e-06 5000 5000 4977 4918 1404 1079
0.82 3.9810717e-06 5000 5000 4962 4901 1390 1056
0.82 3.9810717e-07 5000 5000 4979 4911 1320 1012
0.82 3.9810717e-08 5000 5000 4972 4903 1322 1004
0.82 3.9810717e-09 5000 5000 4977 4919 1384 1060
0.82 4.4668359e-06 5000 5000 4975 4916 1398 1071
0.82 5.0118723e-06 5000 5000 4974 4928 1410 1084
0.82 5.0118723e-07 5000 5000 4979 4909 1335 1024
0.82 5.0118723e-08 5000 5000 4982 4919 1409 1081
0.82 5.0118723e-09 5000 5000 4979 4935 1424 1070
0.82 5.6234133e-06 5000 5000 4973 4933 1398 1070
0.82 6.3095734e-06 5000 5000 4974 4903 1363 1058
0.82 6.3095734e-07 5000 5000 4979 4919 1414 1102
0.82 6.3095734e-08 5000 5000 4975 4908 1387 1051
0.82 6.3095734e-09 5000 5000 4976 4915 1341 1022
0.82 7.0794578e-06 5000 5000 4973 4905 1421 1063
0.82 7.9432823e-06 5000 5000 4982 4919 1411 1067
0.82 7.9432823e-07 5000 5000 4978 4915 1414 1081
0.82 7.9432823e-08 5000 5000 4979 4917 1399 1033
0.82 7.9432823e-09 5000 5000 4976 4927 1412 1064
0.82 8.9125094e-06 5000 5000 4971 4907 1392 1077
0.83 1.1220185e-06 5000 5000 4974 4914 1457 1115
0.83 1.1220185e-06 5000 5000 4974 4914 1457 1115
0.83 1.2589254e-05 5000 5000 4971 4910 1418 1101
0.83 1.2589254e-06 5000 5000 4977 4925 1430 1086
0.83 1.2589254e-07 5000 5000 4972 4912 1390 1047
0.83 1.2589254e-08 5000 5000 4976 4912 1403 1085
0.83 1.4125375e-06 5000 5000 4966 4914 1409 1061
0.83 1.4125375e-06 5000 5000 4966 4914 1409 1061
0.83 1.5848932e-05 5000 5000 4980 4925 1386 1062
0.83 1.5848932e-06 5000 5000 4965 4921 1392 1054
0.83 1.5848932e-07 5000 5000 4969 4918 1417 1072
0.83 1.5848932e-08 5000 5000 4969 4915 1421 1100
0.83 1.7782794e-06 5000 5000 4978 4924 1413 1055
0.83 1.7782794e-06 5000 5000 4978 4924 1413 1055
0.83 1.9952623e-05 5000 5000 4980 4917 1381 1032
0.83 1.9952623e-06 5000 5000 4979 4920 1385 1076
0.83 1.9952623e-07 5000 5000 4972 4915 1407 1066
0.83 1.9952623e-08 5000 5000 4975 4916 1375 1063
0.83 1e-05 5000 5000 4969 4910 1403 1058
0.83 1e-06 5000 5000 4974 4930 1386 1074
0.83 1e-07 5000 5000 4972 4920 1368 1016
0.83 1e-08 5000 5000 4984 4935 1377 1026
0.83 2.2387211e-06 5000 5000 4970 4910 1392 1047
0.83 2.2387211e-06 5000 5000 4970 4910 1392 1047
0.83 2.5118864e-05 5000 5000 4982 4926 1369 1059
0.83 2.5118864e-06 5000 5000 4974 4912 1383 1028
0.83 2.5118864e-07 5000 5000 4964 4913 1407 1044
0.83 2.5118864e-08 5000 5000 4974 4918 1425 1086
0.83 2.8183829e-06 5000 5000 4968 4899 1349 1008
0.83 2.8183829e-06 5000 5000 4968 4899 1349 1008
0.83 3.1622777e-05 5000 5000 4976 4924 1383 1075
0.83 3.1622777e-06 5000 5000 4964 4921 1435 1071
0.83 3.1622777e-07 5000 5000 4968 4896 1412 1098
0.83 3.1622777e-08 5000 5000 4989 4931 1332 991
0.83 3.1622777e-09 5000 5000 4968 4906 1426 1063
0.83 3.5481339e-06 5000 5000 4975 4903 1397 1074
0.83 3.9810717e-06 5000 5000 4980 4927 1371 1037
0.83 3.9810717e-07 5000 5000 4975 4923 1426 1052
0.83 3.9810717e-08 5000 5000 4969 4919 1371 1065
0.83 3.9810717e-09 5000 5000 4978 4918 1388 1037
0.83 4.4668359e-06 5000 5000 4979 4924 1442 1127
0.83 5.0118723e-06 5000 5000 4972 4913 1364 1022
0.83 5.0118723e-07 5000 5000 4968 4916 1386 1075
0.83 5.0118723e-08 5000 5000 4967 4901 1354 994
0.83 5.0118723e-09 5000 5000 4963 4917 1395 1047
0.83 5.6234133e-06 5000 5000 4973 4924 1371 1042
0.83 6.3095734e-06 5000 5000 4968 4912 1370 1082
0.83 6.3095734e-07 5000 5000 4975 4912 1336 994
0.83 6.3095734e-08 5000 5000 4975 4911 1384 1099
0.83 6.3095734e-09 5000 5000 4975 4922 1351 989
0.83 7.0794578e-06 5000 5000 4974 4926 1386 1029
0.83 7.9432823e-06 5000 5000 4967 4904 1337 1023
0.83 7.9432823e-07 5000 5000 4977 4921 1381 1087
0.83 7.9432823e-08 5000 5000 4978 4912 1372 1042
0.83 7.9432823e-09 5000 5000 4978 4922 1399 1077
0.83 8.9125094e-06 5000 5000 4974 4912 1441 1069
0.84 1.2589254e-05 5000 5000 4985 4938 1392 1073
0.84 1.2589254e-06 5000 5000 4976 4931 1422 1070
0.84 1.2589254e-07 5000 5000 4966 4900 1441 1093
0.84 1.2589254e-08 5000 5000 4978 4929 1445 1119
0.84 1.5848932e-05 5000 5000 4976 4928 1427 1068
0.84 1.5848932e-06 5000 5000 4957 4906 1467 1112
0.84 1.5848932e-07 5000 5000 4979 4930 1374 1030
0.84 1.5848932e-08 5000 5000 4969 4929 1447 1119
0.84 1.9952623e-05 5000 5000 4968 4922 1410 1086
0.84 1.9952623e-06 5000 5000 4976 4918 1327 1003
0.84 1.9952623e-07 5000 5000 4967 4916 1436 1106
0.84 1.9952623e-08 5000 5000 4974 4920 1421 1088
0.84 1e-05 5000 5000 4976 4938 1412 1077
0.84 1e-06 5000 5000 4972 4921 1438 1113
0.84 1e-07 5000 5000 4973 4920 1416 1093
0.84 1e-08 5000 5000 4974 4932 1415 1070
0.84 2.5118864e-05 5000 5000 4972 4908 1433 1123
0.84 2.5118864e-06 5000 5000 4975 4919 1426 1104
0.84 2.5118864e-07 5000 5000 4965 4918 1384 1064
0.84 2.5118864e-08 5000 5000 4963 4915 1441 1122
0.84 3.1622777e-05 5000 5000 4965 4911 1350 1031
0.84 3.1622777e-06 5000 5000 4974 4927 1421 1074
0.84 3.1622777e-07 5000 5000 4972 4924 1394 1048
0.84 3.1622777e-08 5000 5000 4971 4931 1452 1108
0.84 3.1622777e-09 5000 5000 4971 4924 1398 1064
0.84 3.9810717e-06 5000 5000 4979 4921 1397 1084
0.84 3.9810717e-07 5000 5000 4972 4921 1420 1080
0.84 3.9810717e-08 5000 5000 4969 4918 1397 1035
0.84 3.9810717e-09 5000 5000 4978 4912 1391 1060
0.84 5.0118723e-06 5000 5000 4972 4915 1395 1060
0.84 5.0118723e-07 5000 5000 4970 4921 1397 1087
0.84 5.0118723e-08 5000 5000 4982 4927 1391 1070
0.84 5.0118723e-09 5000 5000 4962 4915 1434 1084
0.84 6.3095734e-06 5000 5000 4974 4915 1433 1113
0.84 6.3095734e-07 5000 5000 4974 4933 1390 1056
0.84 6.3095734e-08 5000 5000 4969 4917 1428 1096
0.84 6.3095734e-09 5000 5000 4969 4899 1400 1048
0.84 7.9432823e-06 5000 5000 4966 4918 1418 1090
0.84 7.9432823e-07 5000 5000 4962 4898 1439 1120
0.84 7.9432823e-08 5000 5000 4973 4919 1387 1045
0.84 7.9432823e-09 5000 5000 4980 4927 1380 1082
0.85 1.2589254e-05 5000 5000 4967 4928 1473 1129
0.85 1.2589254e-06 5000 5000 4970 4924 1461 1135
0.85 1.2589254e-07 5000 5000 4968 4923 1429 1068
0.85 1.2589254e-08 5000 5000 4966 4931 1414 1100
0.85 1.5848932e-05 5000 5000 4975 4910 1446 1128
0.85 1.5848932e-06 5000 5000 4963 4914 1494 1149
0.85 1.5848932e-07 5000 5000 4962 4924 1419 1090
0.85 1.5848932e-08 5000 5000 4964 4922 1453 1159
0.85 1.9952623e-05 5000 5000 4963 4917 1390 1027
0.85 1.9952623e-06 5000 5000 4969 4916 1432 1095
0.85 1.9952623e-07 5000 5000 4972 4912 1480 1139
0.85 1.9952623e-08 5000 5000 4982 4934 1465 1113
0.85 1e-05 5000 5000 4962 4923 1443 1090
0.85 1e-06 5000 5000 4972 4922 1399 1071
0.85 1e-07 5000 5000 4968 4927 1414 1073
0.85 1e-08 5000 5000 4961 4916 1457 1133
0.85 2.5118864e-05 5000 5000 4967 4921 1477 1123
0.85 2.5118864e-06 5000 5000 4962 4912 1448 1149
0.85 2.5118864e-07 5000 5000 4961 4926 1425 1092
0.85 2.5118864e-08 5000 5000 4966 4913 1458 1085
0.85 3.1622777e-05 5000 5000 4963 4928 1458 1133
0.85 3.1622777e-06 5000 5000 4966 4920 1473 1117
0.85 3.1622777e-07 5000 5000 4965 4923 1439 1088
0.85 3.1622777e-08 5000 5000 4969 4922 1439 1100
0.85 3.1622777e-09 5000 5000 4978 4941 1458 1119
0.85 3.9810717e-06 5000 5000 4964 4917 1423 1076
0.85 3.9810717e-07 5000 5000 4963 4923 1446 1125
0.85 3.9810717e-08 5000 5000 4959 4906 1454 1098
0.85 3.9810717e-09 5000 5000 4969 4915 1436 1118
0.85 5.0118723e-06 5000 5000 4967 4922 1428 1113
0.85 5.0118723e-07 5000 5000 4972 4921 1426 1082
0.85 5.0118723e-08 5000 5000 4973 4927 1457 1141
0.85 5.0118723e-09 5000 5000 4962 4915 1447 1108
0.85 6.3095734e-06 5000 5000 4972 4927 1382 1061
0.85 6.3095734e-07 5000 5000 4969 4925 1464 1119
0.85 6.3095734e-08 5000 5000 4972 4927 1461 1132
0.85 6.3095734e-09 5000 5000 4967 4927 1435 1095
0.85 7.9432823e-06 5000 5000 4969 4914 1508 1158
0.85 7.9432823e-07 5000 5000 4958 4906 1460 1126
0.85 7.9432823e-08 5000 5000 4975 4928 1427 1078
0.85 7.9432823e-09 5000 5000 4958 4910 1479 1137
0.86 1.1220185e-06 5000 5000 4972 4918 1411 1078
0.86 1.1220185e-06 5000 5000 4972 4918 1411 1078
0.86 1.2589254e-05 5000 5000 4965 4914 1451 1098
0.86 1.2589254e-06 5000 5000 4971 4927 1443 1090
0.86 1.2589254e-07 5000 5000 4974 4920 1442 1128
0.86 1.2589254e-08 5000 5000 4978 4919 1396 1047
0.86 1.4125375e-06 5000 5000 4970 4931 1420 1104
0.86 1.4125375e-06 5000 5000 4970 4931 1420 1104
0.86 1.5848932e-05 5000 5000 4955 4897 1449 1099
0.86 1.5848932e-06 5000 5000 4973 4917 1444 1095
0.86 1.5848932e-07 5000 5000 4970 4921 1417 1095
0.86 1.5848932e-08 5000 5000 4970 4930 1442 1089
0.86 1.7782794e-06 5000 5000 4963 4915 1469 1139
0.86 1.7782794e-06 5000 5000 4963 4915 1469 1139
0.86 1.9952623e-05 5000 5000 4966 4927 1456 1106
0.86 1.9952623e-06 5000 5000 4965 4915 1399 1096
0.86 1.9952623e-07 5000 5000 4966 4913 1510 1130
0.86 1.9952623e-08 5000 5000 4974 4929 1446 1084
0.86 1e-05 5000 5000 4967 4916 1442 1056
0.86 1e-06 5000 5000 4967 4915 1495 1150
0.86 1e-07 5000 5000 4971 4933 1422 1069
0.86 1e-08 5000 5000 4971 4914 1496 1146
0.86 2.2387211e-06 5000 5000 4970 4921 1399 1057
0.86 2.2387211e-06 5000 5000 4970 4921 1399 1057
0.86 2.5118864e-05 5000 5000 4965 4925 1452 1140
0.86 2.5118864e-06 5000 5000 4975 4933 1507 1161
0.86 2.5118864e-07 5000 5000 4970 4926 1396 1097
0.86 2.5118864e-08 5000 5000 4965 4923 1483 1121
0.86 2.8183829e-06 5000 5000 4968 4922 1452 1139
0.86 2.8183829e-06 5000 5000 4968 4922 1452 1139
0.86 3.1622777e-05 5000 5000 4973 4928 1466 1104
0.86 3.1622777e-06 5000 5000 4976 4930 1458 1137
0.86 3.1622777e-07 5000 5000 4969 4926 1465 1119
0.86 3.1622777e-08 5000 5000 4968 4918 1454 1130
0.86 3.1622777e-09 5000 5000 4966 4915 1449 1145
0.86 3.5481339e-06 5000 5000 4963 4908 1420 1089
0.86 3.9810717e-06 5000 5000 4968 4923 1432 1117
0.86 3.9810717e-07 5000 5000 4966 4912 1471 1132
0.86 3.9810717e-08 5000 5000 4979 4936 1401 1104
0.86 3.9810717e-09 5000 5000 4959 4907 1482 1147
0.86 4.4668359e-06 5000 5000 4964 4924 1473 1145
0.86 5.0118723e-06 5000 5000 4965 4909 1369 1049
0.86 5.0118723e-07 5000 5000 4976 4931 1355 1035
0.86 5.0118723e-08 5000 5000 4975 4940 1494 1136
0.86 5.0118723e-09 5000 5000 4967 4924 1560 1193
0.86 5.6234133e-06 5000 5000 4965 4922 1501 1151
0.86 6.3095734e-06 5000 5000 4973 4931 1433 1117
0.86 6.3095734e-07 5000 5000 4972 4924 1474 1139
0.86 6.3095734e-08 5000 5000 4964 4921 1394 1076
0.86 6.3095734e-09 5000 5000 4973 4924 1420 1094
0.86 7.0794578e-06 5000 5000 4965 4914 1500 1161
0.86 7.9432823e-06 5000 5000 4967 4920 1443 1118
0.86 7.9432823e-07 5000 5000 4982 4929 1460 1092
0.86 7.9432823e-08 5000 5000 4981 4930 1459 1113
0.86 7.9432823e-09 5000 5000 4962 4913 1454 1106
0.86 8.9125094e-06 5000 5000 4974 4934 1466 1123
0.87 1.1220185e-06 5000 5000 4966 4912 1433 1107
0.87 1.1220185e-06 5000 5000 4966 4912 1433 1107
0.87 1.2589254e-05 5000 5000 4963 4925 1483 1157
0.87 1.2589254e-06 5000 5000 4960 4931 1474 1128
0.87 1.2589254e-07 5000 5000 4961 4919 1495 1163
0.87 1.2589254e-08 5000 5000 4963 4923 1439 1117
0.87 1.4125375e-06 5000 5000 4961 4916 1452 1123
0.87 1.4125375e-06 5000 5000 4961 4916 1452 1123
0.87 1.5848932e-05 5000 5000 4972 4921 1413 1081
0.87 1.5848932e-06 5000 5000 4964 4923 1475 1122
0.87 1.5848932e-07 5000 5000 4961 4926 1490 1141
0.87 1.5848932e-08 5000 5000 4961 4923 1455 1115
0.87 1.7782794e-06 5000 5000 4972 4939 1517 1178
0.87 1.7782794e-06 5000 5000 4972 4939 1517 1178
0.87 1.9952623e-05 5000 5000 4965 4921 1496 1145
0.87 1.9952623e-06 5000 5000 4973 4937 1413 1117
0.87 1.9952623e-07 5000 5000 4976 4935 1451 1146
0.87 1.9952623e-08 5000 5000 4962 4933 1471 1111
0.87 1e-05 5000 5000 4970 4929 1484 1120
0.87 1e-06 5000 5000 4968 4934 1479 1126
0.87 1e-07 5000 5000 4958 4917 1439 1117
0.87 1e-08 5000 5000 4957 4914 1526 1185
0.87 2.2387211e-06 5000 5000 4964 4915 1460 1102
0.87 2.2387211e-06 5000 5000 4964 4915 1460 1102
0.87 2.5118864e-05 5000 5000 4973 4926 1458 1114
0.87 2.5118864e-06 5000 5000 4956 4902 1447 1102
0.87 2.5118864e-07 5000 5000 4970 4936 1483 1138
0.87 2.5118864e-08 5000 5000 4971 4922 1438 1112
0.87 2.8183829e-06 5000 5000 4971 4925 1470 1129
0.87 2.8183829e-06 5000 5000 4971 4925 1470 1129
0.87 3.1622777e-05 5000 5000 4972 4936 1468 1158
0.87 3.1622777e-06 5000 5000 4957 4920 1446 1117
0.87 3.1622777e-07 5000 5000 4973 4917 1484 1149
0.87 3.1622777e-08 5000 5000 4973 4923 1448 1135
0.87 3.1622777e-09 5000 5000 4960 4915 1487 1162
0.87 3.5481339e-06 5000 5000 4958 4928 1462 1135
0.87 3.9810717e-06 5000 5000 4963 4928 1471 1127
0.87 3.9810717e-07 5000 5000 4974 4940 1472 1124
0.87 3.9810717e-08 5000 5000 4960 4916 1453 1140
0.87 3.9810717e-09 5000 5000 4960 4921 1516 1149
0.87 4.4668359e-06 5000 5000 4971 4926 1470 1113
0.87 5.0118723e-06 5000 5000 4963 4913 1454 1118
0.87 5.0118723e-07 5000 5000 4952 4909 1451 1123
0.87 5.0118723e-08 5000 5000 4965 4918 1482 1139
0.87 5.0118723e-09 5000 5000 4959 4908 1431 1122
0.87 5.6234133e-06 5000 5000 4979 4936 1473 1160
0.87 6.3095734e-06 5000 5000 4969 4938 1528 1171
0.87 6.3095734e-07 5000 5000 4961 4918 1447 1093
0.87 6.3095734e-08 5000 5000 4970 4922 1467 1154
0.87 6.3095734e-09 5000 5000 4966 4929 1479 1100
0.87 7.0794578e-06 5000 5000 4966 4926 1454 1115
0.87 7.9432823e-06 5000 5000 4974 4928 1542 1179
0.87 7.9432823e-07 5000 5000 4968 4931 1552 1209
0.87 7.9432823e-08 5000 5000 4972 4934 1472 1128
0.87 7.9432823e-09 5000 5000 4951 4921 1491 1152
0.87 8.9125094e-06 5000 5000 4965 4934 1491 1156
0.88 1.1220185e-06 5000 5000 4969 4933 1550 1178
0.88 1.1220185e-06 5000 5000 4969 4933 1550 1178
0.88 1.2589254e-05 5000 5000 4969 4936 1491 1149
0.88 1.2589254e-06 5000 5000 4961 4932 1504 1140
0.88 1.2589254e-07 5000 5000 4958 4932 1465 1106
0.88 1.2589254e-08 5000 5000 4956 4911 1548 1223
0.88 1.4125375e-06 5000 5000 4961 4927 1519 1177
0.88 1.4125375e-06 5000 5000 4961 4927 1519 1177
0.88 1.5848932e-05 5000 5000 4962 4932 1473 1151
0.88 1.5848932e-06 5000 5000 4959 4929 1503 1169
0.88 1.5848932e-07 5000 5000 4963 4925 1553 1210
0.88 1.5848932e-08 5000 5000 4969 4929 1493 1114
0.88 1.7782794e-06 5000 5000 4970 4942 1488 1150
0.88 1.7782794e-06 5000 5000 4970 4942 1488 1150
0.88 1.9952623e-05 5000 5000 4967 4927 1463 1141
0.88 1.9952623e-06 5000 5000 4965 4936 1506 1164
0.88 1.9952623e-07 5000 5000 4967 4930 1563 1206
0.88 1.9952623e-08 5000 5000 4963 4921 1448 1116
0.88 1e-05 5000 5000 4952 4917 1510 1166
0.88 1e-06 5000 5000 4968 4923 1491 1138
0.88 1e-07 5000 5000 4970 4922 1487 1157
0.88 1e-08 5000 5000 4965 4928 1490 1170
0.88 2.2387211e-06 5000 5000 4962 4910 1541 1191
0.88 2.2387211e-06 5000 5000 4962 4910 1541 1191
0.88 2.5118864e-05 5000 5000 4962 4918 1454 1140
0.88 2.5118864e-06 5000 5000 4952 4918 1471 1128
0.88 2.5118864e-07 5000 5000 4976 4938 1491 1136
0.88 2.5118864e-08 5000 5000 4965 4923 1485 1166
0.88 2.8183829e-06 5000 5000 4973 4936 1479 1172
0.88 2.8183829e-06 5000 5000 4973 4936 1479 1172
0.88 3.1622777e-05 5000 5000 4963 4929 1480 1134
0.88 3.1622777e-06 5000 5000 4970 4937 1517 1168
0.88 3.1622777e-07 5000 5000 4964 4930 1414 1109
0.88 3.1622777e-08 5000 5000 4965 4935 1524 1183
0.88 3.1622777e-09 5000 5000 4972 4940 1460 1100
0.88 3.5481339e-06 5000 5000 4963 4924 1452 1124
0.88 3.5481339e-06 5000 5000 4963 4924 1452 1124
0.88 3.9810717e-06 5000 5000 4964 4922 1489 1162
0.88 3.9810717e-07 5000 5000 4962 4924 1482 1165
0.88 3.9810717e-08 5000 5000 4964 4920 1458 1131
0.88 3.9810717e-09 5000 5000 4962 4922 1548 1215
0.88 4.4668359e-06 5000 5000 4954 4923 1519 1170
0.88 5.0118723e-06 5000 5000 4965 4932 1468 1126
0.88 5.0118723e-07 5000 5000 4969 4922 1470 1129
0.88 5.0118723e-08 5000 5000 4965 4926 1459 1108
0.88 5.0118723e-09 5000 5000 4964 4929 1525 1204
0.88 5.6234133e-06 5000 5000 4966 4924 1441 1102
0.88 6.3095734e-06 5000 5000 4963 4921 1519 1177
0.88 6.3095734e-07 5000 5000 4953 4920 1554 1206
0.88 6.3095734e-08 5000 5000 4967 4921 1543 1202
0.88 6.3095734e-09 5000 5000 4971 4939 1465 1152
0.88 7.0794578e-06 5000 5000 4965 4931 1518 1177
0.88 7.9432823e-06 5000 5000 4972 4937 1444 1138
0.88 7.9432823e-07 5000 5000 4971 4943 1468 1136
0.88 7.9432823e-08 5000 5000 4963 4924 1428 1088
0.88 7.9432823e-09 5000 5000 4961 4924 1479 1132
0.88 8.9125094e-06 5000 5000 4967 4935 1500 1160
0.89 1.1220185e-06 5000 5000 4961 4937 1537 1186
0.89 1.1220185e-06 5000 5000 4961 4937 1537 1186
0.89 1.2589254e-05 5000 5000 4963 4918 1489 1161
0.89 1.2589254e-06 5000 5000 4962 4924 1486 1162
0.89 1.2589254e-07 5000 5000 4966 4926 1556 1199
0.89 1.2589254e-08 5000 5000 4965 4923 1495 1151
0.89 1.4125375e-06 5000 5000 4949 4913 1531 1198
0.89 1.4125375e-06 5000 5000 4949 4913 1531 1198
0.89 1.5848932e-05 5000 5000 4963 4933 1524 1185
0.89 1.5848932e-06 5000 5000 4969 4939 1477 1129
0.89 1.5848932e-07 5000 5000 4965 4934 1518 1179
0.89 1.5848932e-08 5000 5000 4965 4927 1488 1132
0.89 1.7782794e-06 5000 5000 4961 4922 1516 1169
0.89 1.7782794e-06 5000 5000 4961 4922 1516 1169
0.89 1.9952623e-05 5000 5000 4962 4932 1553 1217
0.89 1.9952623e-06 5000 5000 4959 4920 1508 1192
0.89 1.9952623e-07 5000 5000 4966 4936 1491 1150
0.89 1.9952623e-08 5000 5000 4957 4929 1511 1197
0.89 1e-05 5000 5000 4957 4926 1506 1206
0.89 1e-06 5000 5000 4950 4921 1469 1125
0.89 1e-07 5000 5000 4963 4935 1508 1204
0.89 1e-08 5000 5000 4971 4944 1465 1135
0.89 2.2387211e-06 5000 5000 4957 4920 1456 1139
0.89 2.2387211e-06 5000 5000 4957 4920 1456 1139
0.89 2.5118864e-05 5000 5000 4961 4920 1531 1202
0.89 2.5118864e-06 5000 5000 4959 4934 1471 1179
0.89 2.5118864e-07 5000 5000 4968 4940 1501 1194
0.89 2.5118864e-08 5000 5000 4961 4932 1516 1200
0.89 2.8183829e-06 5000 5000 4961 4936 1491 1148
0.89 2.8183829e-06 5000 5000 4961 4936 1491 1148
0.89 3.1622777e-05 5000 5000 4963 4935 1499 1152
0.89 3.1622777e-06 5000 5000 4959 4927 1498 1146
0.89 3.1622777e-07 5000 5000 4957 4922 1552 1220
0.89 3.1622777e-08 5000 5000 4962 4921 1450 1131
0.89 3.1622777e-09 5000 5000 4962 4931 1536 1155
0.89 3.5481339e-06 5000 5000 4958 4932 1488 1138
0.89 3.5481339e-06 5000 5000 4958 4932 1488 1138
0.89 3.9810717e-06 5000 5000 4960 4925 1530 1211
0.89 3.9810717e-07 5000 5000 4962 4930 1575 1239
0.89 3.9810717e-08 5000 5000 4968 4942 1492 1156
0.89 3.9810717e-09 5000 5000 4958 4921 1552 1205
0.89 4.4668359e-06 5000 5000 4964 4927 1532 1202
0.89 5.0118723e-06 5000 5000 4961 4923 1608 1290
0.89 5.0118723e-07 5000 5000 4959 4923 1487 1162
0.89 5.0118723e-08 5000 5000 4963 4930 1594 1245
0.89 5.0118723e-09 5000 5000 4951 4913 1508 1177
0.89 5.6234133e-06 5000 5000 4969 4936 1497 1152
0.89 6.3095734e-06 5000 5000 4957 4931 1523 1196
0.89 6.3095734e-07 5000 5000 4954 4916 1435 1122
0.89 6.3095734e-08 5000 5000 4970 4932 1541 1219
0.89 6.3095734e-09 5000 5000 4967 4928 1548 1186
0.89 7.0794578e-06 5000 5000 4956 4926 1592 1251
0.89 7.9432823e-06 5000 5000 4966 4932 1480 1155
0.89 7.9432823e-07 5000 5000 4961 4927 1487 1145
0.89 7.9432823e-08 5000 5000 4962 4931 1438 1128
0.89 7.9432823e-09 5000 5000 4961 4929 1507 1147
0.8 1.1220185e-06 5000 5000 4976 4906 1363 1031
0.8 1.4125375e-06 5000 5000 4980 4900 1334 972
0.8 1.7782794e-06 5000 5000 4982 4926 1343 1003
0.8 2.2387211e-06 5000 5000 4980 4902 1302 992
0.8 2.8183829e-06 5000 5000 4982 4913 1303 980
0.9 1.1220185e-06 5000 5000 4953 4921 1526 1172
0.9 1.2589254e-05 5000 5000 4962 4922 1527 1211
0.9 1.2589254e-06 5000 5000 4958 4928 1508 1175
0.9 1.2589254e-07 5000 5000 4959 4929 1551 1222
0.9 1.2589254e-08 5000 5000 4956 4921 1528 1174
0.9 1.4125375e-06 5000 5000 4964 4929 1563 1198
0.9 1.5848932e-05 5000 5000 4970 4936 1499 1163
0.9 1.5848932e-06 5000 5000 4964 4931 1530 1198
0.9 1.5848932e-07 5000 5000 4958 4932 1536 1209
0.9 1.5848932e-08 5000 5000 4955 4927 1531 1202
0.9 1.7782794e-06 5000 5000 4953 4924 1504 1182
0.9 1.9952623e-05 5000 5000 4960 4926 1569 1218
0.9 1.9952623e-06 5000 5000 4957 4927 1561 1215
0.9 1.9952623e-07 5000 5000 4963 4932 1524 1182
0.9 1.9952623e-08 5000 5000 4965 4944 1549 1208
0.9 1e-05 5000 5000 4950 4909 1581 1219
0.9 1e-06 5000 5000 4959 4930 1449 1141
0.9 1e-07 5000 5000 4956 4927 1479 1168
0.9 1e-08 5000 5000 4972 4946 1542 1210
0.9 2.2387211e-06 5000 5000 4960 4926 1524 1183
0.9 2.5118864e-05 5000 5000 4966 4934 1551 1216
0.9 2.5118864e-06 5000 5000 4946 4910 1528 1200
0.9 2.5118864e-07 5000 5000 4963 4924 1475 1151
0.9 2.5118864e-08 5000 5000 4951 4926 1547 1230
0.9 2.8183829e-06 5000 5000 4953 4931 1540 1206
0.9 3.1622777e-05 5000 5000 4961 4933 1532 1205
0.9 3.1622777e-06 5000 5000 4938 4908 1562 1241
0.9 3.1622777e-07 5000 5000 4964 4933 1515 1157
0.9 3.1622777e-08 5000 5000 4963 4931 1544 1218
0.9 3.1622777e-09 5000 5000 4964 4929 1570 1225
0.9 3.5481339e-06 5000 5000 4962 4933 1537 1197
0.9 3.9810717e-06 5000 5000 4953 4923 1496 1167
0.9 3.9810717e-07 5000 5000 4961 4929 1551 1194
0.9 3.9810717e-08 5000 5000 4972 4941 1534 1206
0.9 3.9810717e-09 5000 5000 4966 4931 1477 1162
0.9 4.4668359e-06 5000 5000 4967 4930 1506 1162
0.9 5.0118723e-06 5000 5000 4969 4935 1438 1127
0.9 5.0118723e-07 5000 5000 4968 4933 1529 1212
0.9 5.0118723e-08 5000 5000 4965 4937 1535 1175
0.9 5.0118723e-09 5000 5000 4971 4938 1467 1149
0.9 5.6234133e-06 5000 5000 4968 4936 1467 1151
0.9 6.3095734e-06 5000 5000 4962 4931 1479 1164
0.9 6.3095734e-07 5000 5000 4965 4942 1517 1224
0.9 6.3095734e-08 5000 5000 4966 4928 1537 1235
0.9 6.3095734e-09 5000 5000 4969 4936 1483 1157
0.9 7.0794578e-06 5000 5000 4958 4923 1450 1137
0.9 7.9432823e-06 5000 5000 4958 4923 1528 1198
0.9 7.9432823e-07 5000 5000 4964 4942 1562 1229
0.9 7.9432823e-08 5000 5000 4954 4929 1486 1147
0.9 7.9432823e-09 5000 5000 4949 4912 1511 1193
0.9 8.9125094e-06 5000 5000 4965 4929 1502 1172
0.95 1.1220185e-06 5000 5000 4949 4926 1565 1229
0.95 1.1220185e-06 5000 5000 4949 4926 1565 1229
0.95 1.2589254e-05 5000 5000 4961 4944 1581 1258
0.95 1.2589254e-06 5000 5000 4962 4945 1563 1212
0.95 1.2589254e-07 5000 5000 4966 4950 1641 1281
0.95 1.2589254e-08 5000 5000 4957 4936 1597 1253
0.95 1.4125375e-06 5000 5000 4963 4942 1601 1264
0.95 1.4125375e-06 5000 5000 4963 4942 1601 1264
0.95 1.5848932e-05 5000 5000 4955 4930 1577 1235
0.95 1.5848932e-06 5000 5000 4941 4923 1613 1276
0.95 1.5848932e-07 5000 5000 4958 4936 1606 1262
0.95 1.5848932e-08 5000 5000 4969 4946 1550 1216
0.95 1.7782794e-06 5000 5000 4963 4940 1616 1284
0.95 1.7782794e-06 5000 5000 4963 4940 1616 1284
0.95 1.9952623e-05 5000 5000 4950 4935 1598 1246
0.95 1.9952623e-06 5000 5000 4963 4940 1588 1240
0.95 1.9952623e-07 5000 5000 4956 4938 1587 1257
0.95 1.9952623e-08 5000 5000 4958 4938 1594 1266
0.95 1e-05 5000 5000 4960 4939 1594 1273
0.95 1e-06 5000 5000 4948 4923 1557 1215
0.95 1e-07 5000 5000 4944 4923 1618 1275
0.95 1e-08 5000 5000 4961 4943 1598 1236
0.95 2.2387211e-06 5000 5000 4956 4939 1562 1249
0.95 2.2387211e-06 5000 5000 4956 4939 1562 1249
0.95 2.5118864e-05 5000 5000 4947 4926 1622 1280
0.95 2.5118864e-06 5000 5000 4955 4937 1536 1194
0.95 2.5118864e-07 5000 5000 4959 4931 1579 1250
0.95 2.5118864e-08 5000 5000 4947 4919 1573 1258
0.95 2.8183829e-06 5000 5000 4964 4943 1554 1227
0.95 2.8183829e-06 5000 5000 4964 4943 1554 1227
0.95 3.1622777e-05 5000 5000 4963 4941 1641 1269
0.95 3.1622777e-06 5000 5000 4956 4933 1583 1236
0.95 3.1622777e-07 5000 5000 4968 4941 1575 1228
0.95 3.1622777e-08 5000 5000 4957 4936 1616 1269
0.95 3.1622777e-09 5000 5000 4964 4937 1539 1224
0.95 3.5481339e-06 5000 5000 4959 4938 1542 1228
0.95 3.5481339e-06 5000 5000 4959 4938 1542 1228
0.95 3.9810717e-06 5000 5000 4959 4939 1597 1263
0.95 3.9810717e-07 5000 5000 4958 4940 1568 1223
0.95 3.9810717e-08 5000 5000 4959 4934 1521 1214
0.95 3.9810717e-09 5000 5000 4954 4938 1588 1274
0.95 4.4668359e-06 5000 5000 4956 4940 1570 1266
0.95 5.0118723e-06 5000 5000 4951 4930 1576 1262
0.95 5.0118723e-07 5000 5000 4945 4926 1560 1210
0.95 5.0118723e-08 5000 5000 4964 4941 1617 1296
0.95 5.0118723e-09 5000 5000 4959 4944 1583 1248
0.95 5.6234133e-06 5000 5000 4959 4936 1591 1248
0.95 6.3095734e-06 5000 5000 4955 4936 1585 1274
0.95 6.3095734e-07 5000 5000 4945 4926 1605 1257
0.95 6.3095734e-08 5000 5000 4942 4924 1503 1192
0.95 6.3095734e-09 5000 5000 4958 4938 1604 1268
0.95 7.0794578e-06 5000 5000 4958 4928 1578 1212
0.95 7.9432823e-06 5000 5000 4957 4932 1557 1241
0.95 7.9432823e-07 5000 5000 4971 4951 1552 1216
0.95 7.9432823e-08 5000 5000 4960 4943 1552 1229
0.95 7.9432823e-09 5000 5000 4964 4952 1591 1290
0.95 8.9125094e-06 5000 5000 4956 4936 1500 1189
0.9 1.1220185e-06 5000 5000 4953 4921 1526 1172
0.9 1.4125375e-06 5000 5000 4964 4929 1563 1198
0.9 1.7782794e-06 5000 5000 4953 4924 1504 1182
0.9 2.2387211e-06 5000 5000 4960 4926 1524 1183
0.9 2.8183829e-06 5000 5000 4953 4931 1540 1206
0.9 3.5481339e-06 5000 5000 4962 4933 1537 1197
