0.002 0.00012589254 5.5330948111e+11
0.002 0.00015848932 6.2364119597e+11
0.002 0.00019952623 5.396542991e+11
0.002 0.0001 4.6095080119e+11
0.002 0.00025118864 3.9076576186e+11
0.002 0.00031622777 2.4644737223e+11
0.002 0.001 806224.4126
0.002 0.0031622777 2.06573894e-34
0.002 1.2589254e-05 1191933941.76
0.002 1.2589254e-06 138025.156284
0.002 1.2589254e-07 14.5984349132
0.002 1.2589254e-08 0.00140437689656
0.002 1.2589254e-09 1.31082196451e-07
0.002 1.5848932e-05 3216173637.95
0.002 1.5848932e-06 316994.489423
0.002 1.5848932e-07 35.5887359741
0.002 1.5848932e-08 0.00339243216565
0.002 1.5848932e-09 3.34603633356e-07
0.002 1.9952623e-05 6950709152.43
0.002 1.9952623e-06 943513.513911
0.002 1.9952623e-07 80.3062479861
0.002 1.9952623e-08 0.00860252925645
0.002 1.9952623e-09 8.64221203688e-07
0.002 1e-05 564415888.624
0.002 1e-06 57091.9374691
0.002 1e-07 5.35600760639
0.002 1e-08 0.000533353833856
0.002 1e-09 5.18987830549e-08
0.002 2.5118864e-05 17287841001.6
0.002 2.5118864e-06 2292724.82097
0.002 2.5118864e-07 223.721233314
0.002 2.5118864e-08 0.0205946159991
0.002 2.5118864e-09 2.26546089977e-06
0.002 3.1622777e-05 35809789673.9
0.002 3.1622777e-06 5112835.99119
0.002 3.1622777e-07 577.483162857
0.002 3.1622777e-08 0.0501535560619
0.002 3.1622777e-09 5.2284739339e-06
0.002 3.9810717e-05 70625612779.0
0.002 3.9810717e-06 13650153.8568
0.002 3.9810717e-07 1469.25420451
0.002 3.9810717e-08 0.13671848603
0.002 3.9810717e-09 1.38610657683e-05
0.002 5.0118723e-05 1.32731862653e+11
0.002 5.0118723e-06 33431871.2877
0.002 5.0118723e-07 2910.370995
0.002 5.0118723e-08 0.323493227508
0.002 5.0118723e-09 3.58998733745e-05
0.002 6.3095734e-05 2.31396521659e+11
0.002 6.3095734e-06 87084022.9243
0.002 6.3095734e-07 8505.22773488
0.002 6.3095734e-08 0.872358649893
0.002 6.3095734e-09 8.03175505642e-05
0.002 7.9432823e-05 3.40668117487e+11
0.002 7.9432823e-06 208820969.267
0.002 7.9432823e-07 19267.9828202
0.002 7.9432823e-08 2.13153707656
0.002 7.9432823e-09 0.000212455522991
0.005 0.00012589254 36738211721.0
0.005 0.00015848932 13713880809.2
0.005 0.00019952623 6742329466.3
0.005 0.0001 61806782933.0
0.005 0.00025118864 2305755973.32
0.005 0.00031622777 36554041.7236
0.005 0.001 2.09632580014e-10
0.005 1.2589254e-05 4981925777.31
0.005 1.2589254e-06 740706.465601
0.005 1.2589254e-07 81.297819853
0.005 1.2589254e-08 0.00848117420502
0.005 1.2589254e-09 8.40523548634e-07
0.005 1.5848932e-05 9754807734.1
0.005 1.5848932e-06 2127459.45485
0.005 1.5848932e-07 208.090586064
0.005 1.5848932e-08 0.0200789317319
0.005 1.5848932e-09 2.19724227109e-06
0.005 1.9952623e-05 19591270122.6
0.005 1.9952623e-06 5386068.98651
0.005 1.9952623e-07 522.582728529
0.005 1.9952623e-08 0.0522406340223
0.005 1.9952623e-09 5.06655516463e-06
0.005 1e-05 2542285418.26
0.005 1e-06 340203.182465
0.005 1e-07 33.0524475742
0.005 1e-08 0.00314068577493
0.005 1e-09 3.35994296704e-07
0.005 2.5118864e-05 33228051093.9
0.005 2.5118864e-06 14550311.5454
0.005 2.5118864e-07 1313.40885022
0.005 2.5118864e-08 0.144300448752
0.005 2.5118864e-09 1.31946426912e-05
0.005 3.1622777e-05 50550092687.0
0.005 3.1622777e-06 32527021.6638
0.005 3.1622777e-07 3260.55853216
0.005 3.1622777e-08 0.327347838217
0.005 3.1622777e-09 3.45099505902e-05
0.005 3.9810717e-05 71595399831.0
0.005 3.9810717e-06 79490613.9716
0.005 3.9810717e-07 8398.33249856
0.005 3.9810717e-08 0.809281184429
0.005 3.9810717e-09 7.67901186498e-05
0.005 5.0118723e-05 83311578400.0
0.005 5.0118723e-06 178878334.354
0.005 5.0118723e-07 21227.1357928
0.005 5.0118723e-08 2.26365597846
0.005 5.0118723e-09 0.000222336594701
0.005 6.3095734e-05 87477631061.0
0.005 6.3095734e-06 441419048.254
0.005 6.3095734e-07 55461.9294446
0.005 6.3095734e-08 5.49794667015
0.005 6.3095734e-09 0.000506811554018
0.005 7.9432823e-05 75518662064.0
0.005 7.9432823e-06 1027649833.65
0.005 7.9432823e-07 130408.397593
0.005 7.9432823e-08 13.3786435083
0.005 7.9432823e-09 0.00123695930422
0.01 0.00012589254 188383642.956
0.01 0.00015848932 3191668.1972
0.01 0.00019952623 1751411.62898
0.01 0.0001 730279511.87
0.01 0.00025118864 8.52033729119
0.01 0.00031622777 0.0331141673603
0.01 1.2589254e-05 8108095376.4
0.01 1.2589254e-06 3127016.16505
0.01 1.2589254e-07 315.16938954
0.01 1.2589254e-08 0.0333552281913
0.01 1.2589254e-09 3.51092553979e-06
0.01 1.5848932e-05 11815565820.8
0.01 1.5848932e-06 8223292.91912
0.01 1.5848932e-07 824.550229881
0.01 1.5848932e-08 0.0801774173826
0.01 1.5848932e-09 8.73964484288e-06
0.01 1.9952623e-05 17127168046.1
0.01 1.9952623e-06 20187887.8139
0.01 1.9952623e-07 2255.57862509
0.01 1.9952623e-08 0.188910090689
0.01 1.9952623e-09 2.19245145837e-05
0.01 1e-05 5042498640.77
0.01 1e-06 1261746.69536
0.01 1e-07 155.949879974
0.01 1e-08 0.0135477405645
0.01 1e-09 1.37954070959e-06
0.01 2.5118864e-05 20882762480.0
0.01 2.5118864e-06 49177261.8045
0.01 2.5118864e-07 4697.04189406
0.01 2.5118864e-08 0.613478447203
0.01 2.5118864e-09 5.33041484294e-05
0.01 3.1622777e-05 23699717685.6
0.01 3.1622777e-06 112403833.289
0.01 3.1622777e-07 13030.0235235
0.01 3.1622777e-08 0.0604525363
0.01 3.1622777e-09 0.000121754975208
0.01 3.9810717e-05 19769705621.6
0.01 3.9810717e-06 251588496.878
0.01 3.9810717e-07 33750.3917938
0.01 3.9810717e-08 2.83792673874
0.01 3.9810717e-09 0.000325959154479
0.01 5.0118723e-05 15483779855.5
0.01 5.0118723e-06 614864912.749
0.01 5.0118723e-07 81060.0776043
0.01 5.0118723e-08 8.11221438954
0.01 5.0118723e-09 0.00086057723953
0.01 6.3095734e-05 12077398260.5
0.01 6.3095734e-06 1204846548.4
0.01 6.3095734e-07 204330.071634
0.01 6.3095734e-08 21.2425799138
0.01 6.3095734e-09 0.00208103153868
0.01 7.9432823e-05 5906562204.7
0.01 7.9432823e-06 2461795229.96
0.01 7.9432823e-07 521661.611546
0.01 7.9432823e-08 53.1032699826
0.01 7.9432823e-09 0.0052693012973
0.05 0.0001 1.4224494005e-14
0.05 1.2589254e-05 176401502.84
0.05 1.2589254e-06 37675302.5541
0.05 1.2589254e-07 5491.08301518
0.05 1.2589254e-08 0.555237788243
0.05 1.2589254e-09 5.60657267163e-05
0.05 1.5848932e-05 109978510.084
0.05 1.5848932e-06 72728609.559
0.05 1.5848932e-07 13103.5659923
0.05 1.5848932e-08 1.40542090614
0.05 1.5848932e-09 0.000130792317423
0.05 1.9952623e-05 27376570.818
0.05 1.9952623e-06 132219931.177
0.05 1.9952623e-07 36352.9737451
0.05 1.9952623e-08 3.51222485069
0.05 1.9952623e-09 0.000342051981921
0.05 1e-05 442427184.36
0.05 1e-06 16684198.5655
0.05 1e-07 2127.98123785
0.05 1e-08 0.205465348991
0.05 1e-09 2.17656966361e-05
0.05 2.5118864e-05 9569245.1622
0.05 2.5118864e-06 234024443.278
0.05 2.5118864e-07 83573.827435
0.05 2.5118864e-08 9.5309538776
0.05 2.5118864e-09 0.00089072858172
0.05 3.1622777e-05 323445.36432
0.05 3.1622777e-06 370969965.567
0.05 3.1622777e-07 198760.866118
0.05 3.1622777e-08 19.7547150027
0.05 3.1622777e-09 0.00233172293385
0.05 3.9810717e-05 2969.028774
0.05 3.9810717e-06 495448410.26
0.05 3.9810717e-07 533884.682774
0.05 3.9810717e-08 52.6518950133
0.05 3.9810717e-09 0.00609893282321
0.05 5.0118723e-05 227.876316232
0.05 5.0118723e-06 622414721.22
0.05 5.0118723e-07 1323828.35152
0.05 5.0118723e-08 151.781784336
0.05 5.0118723e-09 0.0137176595648
0.05 6.3095734e-05 2.90468349398e-06
0.05 6.3095734e-06 596357990.82
0.05 6.3095734e-07 3082777.28252
0.05 6.3095734e-08 352.281179018
0.05 6.3095734e-09 0.0334360716527
0.05 7.9432823e-05 5.36715275706e-11
0.05 7.9432823e-06 515283471.93
0.05 7.9432823e-07 7186766.133
0.05 7.9432823e-08 895.90502505
0.05 7.9432823e-09 0.09124458159
0.10 1.2589254e-05 485481.05114
0.10 1.2589254e-06 14127274.6097
0.10 1.2589254e-07 1213.3130578
0.10 1.2589254e-08 0.44540476357
0.10 1.2589254e-09 4.4823177226e-05
0.10 1.5848932e-05 82002.662478
0.10 1.5848932e-06 23340166.824
0.10 1.5848932e-07 10069.141832
0.10 1.5848932e-08 1.09845699764
0.10 1.5848932e-09 0.000114176157125
0.10 1.9952623e-05 175.8802944
0.10 1.9952623e-06 33558696.408
0.10 1.9952623e-07 25239.214503
0.10 1.9952623e-08 2.6814834389
0.10 1.9952623e-09 0.00026719456601
0.10 1e-05 2226919.2201
0.10 1e-06 8006886.6658
0.10 1e-07 1695.90589006
0.10 1e-08 0.167747652796
0.10 1e-09 1.75287337286e-05
0.10 2.5118864e-05 598.620897765
0.10 2.5118864e-06 42677062.32
0.10 2.5118864e-07 62750.665964
0.10 2.5118864e-08 7.0479810864
0.10 2.5118864e-09 0.00066530230008
0.10 3.1622777e-05 2.234910377e-07
0.10 3.1622777e-06 48722910.498
0.10 3.1622777e-07 161250.431953
0.10 3.1622777e-08 17.686247011
0.10 3.1622777e-09 0.00168977641178
0.10 3.9810717e-05 1.71120950938e-09
0.10 3.9810717e-06 42633132.634
0.10 3.9810717e-07 360813.90248
0.10 3.9810717e-08 44.497295774
0.10 3.9810717e-09 0.0041934849629
0.10 5.0118723e-05 4.02039060942e-24
0.10 5.0118723e-06 35086447.937
0.10 5.0118723e-07 905125.13706
0.10 5.0118723e-08 104.172303146
0.10 5.0118723e-09 0.0105018994707
0.10 6.3095734e-06 23610657.451
0.10 6.3095734e-07 1928708.9536
0.10 6.3095734e-08 264.80980043
0.10 6.3095734e-09 0.027106392087
0.10 7.9432823e-06 8656898.37
0.10 7.9432823e-07 4073989.0624
0.10 7.9432823e-08 738.33119461
0.10 7.9432823e-09 0.021456503534
0.15 1.2589254e-05 789.29938916
0.15 1.2589254e-06 5141483.5488
0.15 1.2589254e-07 2426.4734595
0.15 1.2589254e-08 0.26050785392
0.15 1.2589254e-09 2.627165829e-05
0.15 1.5848932e-05 0.20696617207
0.15 1.5848932e-06 6742229.8088
0.15 1.5848932e-07 6383.9678965
0.15 1.5848932e-08 0.64023557918
0.15 1.5848932e-09 6.5510145865e-05
0.15 1.9952623e-05 0.000109054030955
0.15 1.9952623e-06 8081242.1755
0.15 1.9952623e-07 16521.9231767
0.15 1.9952623e-08 1.62198806902
0.15 1.9952623e-09 0.000162768550245
0.15 1e-05 18234.350753
0.15 1e-06 3283596.7235
0.15 1e-07 1074.97049249
0.15 1e-08 0.106084709503
0.15 1e-09 1.05837602143e-05
0.15 2.5118864e-05 1.89438582607e-08
0.15 2.5118864e-06 8223553.8602
0.15 2.5118864e-07 40118.565458
0.15 2.5118864e-08 3.9362425328
0.15 2.5118864e-09 0.00042233584737
0.15 3.1622777e-05 4.04088518119e-24
0.15 3.1622777e-06 6937977.1943
0.15 3.1622777e-07 89800.497169
0.15 3.1622777e-08 11.4358980196
0.15 3.1622777e-09 0.00103634792367
0.15 3.9810717e-05 4.4461376e-36
0.15 3.9810717e-06 4433895.3404
0.15 3.9810717e-07 212152.68513
0.15 3.9810717e-08 26.597468937
0.15 3.9810717e-09 0.0028956964577
0.15 5.0118723e-06 1991709.6334
0.15 5.0118723e-07 447694.53094
0.15 5.0118723e-08 67.631267976
0.15 5.0118723e-09 0.0064652706988
0.15 6.3095734e-06 886605.13273
0.15 6.3095734e-07 937644.27062
0.15 6.3095734e-08 150.728570451
0.15 6.3095734e-09 0.016541052285
0.15 7.9432823e-06 207803.62502
0.15 7.9432823e-07 1868085.0865
0.15 7.9432823e-08 413.50526905
0.15 7.9432823e-09 0.041921447849
0.20 1.2589254e-05 0.02437841984
0.20 1.2589254e-06 3326128.511
0.20 1.2589254e-07 3794.041842
0.20 1.2589254e-08 0.402385674
0.20 1.2589254e-09 4.270272597e-05
0.20 1.5848932e-05 4.76399236e-07
0.20 1.5848932e-06 4085797.073
0.20 1.5848932e-07 8978.541148
0.20 1.5848932e-08 1.0374284725
0.20 1.5848932e-09 0.00010130886488
0.20 1.9952623e-05 1.1875600128e-09
0.20 1.9952623e-06 4086318.234
0.20 1.9952623e-07 22199.1726
0.20 1.9952623e-08 2.803853881
0.20 1.9952623e-09 0.000249638626
0.20 1e-05 99.9987419
0.20 1e-06 399159.471
0.20 1e-07 196.9119104
0.20 1e-08 0.1748970549
0.20 1e-09 1.6084431768e-05
0.20 2.5118864e-05 1.01627976024e-30
0.20 2.5118864e-06 3138627.145
0.20 2.5118864e-07 51761.03062
0.20 2.5118864e-08 6.310962175
0.20 2.5118864e-09 0.0006706400417
0.20 3.1622777e-05 4.5619637e-37
0.20 3.1622777e-06 2035631.394
0.20 3.1622777e-07 115612.18786
0.20 3.1622777e-08 15.82979547
0.20 3.1622777e-09 0.0015562496638
0.20 3.9810717e-06 736671.16
0.20 3.9810717e-07 268818.368
0.20 3.9810717e-08 43.6335123
0.20 3.9810717e-09 0.004043276445
0.20 5.0118723e-06 341061.7486
0.20 5.0118723e-07 528088.0479
0.20 5.0118723e-08 99.20523586
0.20 5.0118723e-09 0.009621662733
0.20 6.3095734e-06 31260.86807
0.20 6.3095734e-07 938960.0456
0.20 6.3095734e-08 270.4869587
0.20 6.3095734e-09 0.0260058712
0.20 7.9432823e-06 967.438298
0.20 7.9432823e-07 1756447.983
0.20 7.9432823e-08 602.3553445
0.20 7.9432823e-09 0.06326543781
0.25 1.122018454e-05 1.1012178198e-09
0.25 1.2589254e-05 1.25246539198e-16
0.25 1.2589254e-06 1187217.132
0.25 1.2589254e-07 8855.459758
0.25 1.2589254e-08 1.0343095605
0.25 1.2589254e-09 0.00010259626793
0.25 1.412537545e-05 8.38857846952e-19
0.25 1.5848932e-05 3.83455376504e-31
0.25 1.5848932e-06 913933.809
0.25 1.5848932e-07 20887.75653
0.25 1.5848932e-08 2.534730645
0.25 1.5848932e-09 0.0002529464884
0.25 1.77827941e-05 1.201553237e-36
0.25 1.9952623e-05 5.6121419e-37
0.25 1.9952623e-06 514175.9229
0.25 1.9952623e-07 46299.53479
0.25 1.9952623e-08 6.171213329
0.25 1.9952623e-09 0.0006440256849
0.25 1e-05 1.3807525774e-05
0.25 1e-06 1354695.397
0.25 1e-07 3766.975964
0.25 1e-08 0.4160720388
0.25 1e-09 4.020603737e-05
0.25 2.5118864e-06 310121.0343
0.25 2.5118864e-07 104404.504
0.25 2.5118864e-08 16.71581999
0.25 2.5118864e-09 0.001672015257
0.25 3.1622777e-06 86256.53702
0.25 3.1622777e-07 213112.4293
0.25 3.1622777e-08 41.98451795
0.25 3.1622777e-09 0.004086897754
0.25 3.9810717e-06 10822.803081
0.25 3.9810717e-07 395491.479
0.25 3.9810717e-08 101.55630396
0.25 3.9810717e-09 0.009848277972
0.25 5.0118723e-06 147.9249838
0.25 5.0118723e-07 654932.5004
0.25 5.0118723e-08 257.6649165
0.25 5.0118723e-09 0.02626953797
0.25 6.3095734e-06 38.458679484
0.25 6.3095734e-07 992727.9545
0.25 6.3095734e-08 617.0957402
0.25 6.3095734e-09 0.06694566347
0.25 7.9432823e-06 0.011525013898
0.25 7.9432823e-07 1284904.629
0.25 7.9432823e-08 1480.001671
0.25 7.9432823e-09 0.1637204471
0.30 1.2589254e-05 1.98952497977e-23
0.30 1.2589254e-06 495827.1504
0.30 1.2589254e-07 9550.538505
0.30 1.2589254e-08 1.1772326222
0.30 1.2589254e-09 0.00011273091716
0.30 1.5848932e-06 281026.9468
0.30 1.5848932e-07 22007.70922
0.30 1.5848932e-08 2.745433403
0.30 1.5848932e-09 0.0002740335346
0.30 1.9952623e-06 123130.8387
0.30 1.9952623e-07 45551.44064
0.30 1.9952623e-08 7.371745077
0.30 1.9952623e-09 0.0007041520133
0.30 1e-05 6.23455389535e-15
0.30 1e-06 636976.2483
0.30 1e-07 4114.150208
0.30 1e-08 0.4585474535
0.30 1e-09 4.600211806e-05
0.30 2.5118864e-06 45407.20358
0.30 2.5118864e-07 92489.96828
0.30 2.5118864e-08 18.71115935
0.30 2.5118864e-09 0.001802525965
0.30 3.1622777e-06 7013.038549
0.30 3.1622777e-07 180405.5609
0.30 3.1622777e-08 45.24999179
0.30 3.1622777e-09 0.004469640642
0.30 3.9810717e-06 304.8817337
0.30 3.9810717e-07 304969.7781
0.30 3.9810717e-08 119.8684444
0.30 3.9810717e-09 0.01147696257
0.30 5.0118723e-06 4.3669666
0.30 5.0118723e-07 448554.4062
0.30 5.0118723e-08 283.3386365
0.30 5.0118723e-09 0.02903652562
0.30 6.3095734e-06 0.00919574825
0.30 6.3095734e-07 606736.106
0.30 6.3095734e-08 696.0277698
0.30 6.3095734e-09 0.07015766105
0.30 7.9432823e-06 1.52156037056e-09
0.30 7.9432823e-07 685554.5757
0.30 7.9432823e-08 1736.454631
0.30 7.9432823e-09 0.1806273964
0.35 1.2589254e-06 173095.682
0.35 1.2589254e-07 7869.6449
0.35 1.2589254e-08 1.030655801
0.35 1.2589254e-09 0.000103488996
0.35 1.5848932e-06 94519.1208
0.35 1.5848932e-07 17035.16217
0.35 1.5848932e-08 2.305546623
0.35 1.5848932e-09 0.0002424420738
0.35 1.9952623e-06 25707.72338
0.35 1.9952623e-07 37172.1124
0.35 1.9952623e-08 6.447576188
0.35 1.9952623e-09 0.0006187135098
0.35 1e-05 1.31494902974e-27
0.35 1e-06 274070.0965
0.35 1e-07 3288.448673
0.35 1e-08 0.3793985272
0.35 1e-09 3.809991197e-05
0.35 2.5118864e-06 5869.802079
0.35 2.5118864e-07 67976.40696
0.35 2.5118864e-08 15.59197589
0.35 2.5118864e-09 0.0015926112
0.35 3.1622777e-06 256.628594
0.35 3.1622777e-07 130830.4613
0.35 3.1622777e-08 39.22487436
0.35 3.1622777e-09 0.003932830084
0.35 3.9810717e-06 14.20301544
0.35 3.9810717e-07 190246.0038
0.35 3.9810717e-08 97.025886
0.35 3.9810717e-09 0.01020207848
0.35 5.0118723e-06 0.203558064098
0.35 5.0118723e-07 283759.1113
0.35 5.0118723e-08 233.1642369
0.35 5.0118723e-09 0.02501898328
0.35 6.3095734e-06 9.05659759635e-05
0.35 6.3095734e-07 316550.0661
0.35 6.3095734e-08 589.0100088
0.35 6.3095734e-09 0.06182656695
0.35 7.9432823e-06 1.85674317236e-11
0.35 7.9432823e-07 347250.3065
0.35 7.9432823e-08 1383.680607
0.35 7.9432823e-09 0.1557973724
0.40 1.2589254e-06 46596.533
0.40 1.2589254e-07 5424.05807
0.40 1.2589254e-08 0.764700507
0.40 1.2589254e-09 7.67490071e-05
0.40 1.5848932e-06 18291.88567
0.40 1.5848932e-07 12023.16364
0.40 1.5848932e-08 1.934998675
0.40 1.5848932e-09 0.0001879383915
0.40 1.9952623e-06 2632.117747
0.40 1.9952623e-07 23538.75179
0.40 1.9952623e-08 4.81791408
0.40 1.9952623e-09 0.0004694352452
0.40 1e-05 1.28659147715e-27
0.40 1e-06 78267.9016
0.40 1e-07 2467.113594
0.40 1e-08 0.2961565871
0.40 1e-09 2.974298724e-05
0.40 2.5118864e-06 803.2478445
0.40 2.5118864e-07 44425.26011
0.40 2.5118864e-08 11.91238242
0.40 2.5118864e-09 0.001169504745
0.40 3.1622777e-06 45.41875206
0.40 3.1622777e-07 72503.8007
0.40 3.1622777e-08 28.6627917
0.40 3.1622777e-09 0.002982203358
0.40 3.9810717e-06 5.5702724942
0.40 3.9810717e-07 102980.2041
0.40 3.9810717e-08 72.071209
0.40 3.9810717e-09 0.00776357339
0.40 5.0118723e-06 8.61016707e-06
0.40 5.0118723e-07 128296.68
0.40 5.0118723e-08 129.1191857
0.40 5.0118723e-09 0.01986386259
0.40 6.3095734e-06 7.4417846934e-10
0.40 6.3095734e-07 137398.7502
0.40 6.3095734e-08 441.6225425
0.40 6.3095734e-09 0.0472194567
0.40 7.9432823e-06 1.35562911951e-15
0.40 7.9432823e-07 129393.7039
0.40 7.9432823e-08 331.817837
0.40 7.9432823e-09 0.1159562272
0.45 1.2589254e-06 8883.08434
0.45 1.2589254e-07 2972.00694
0.45 1.2589254e-08 0.455737539
0.45 1.2589254e-09 4.4838923e-05
0.45 1.5848932e-06 3779.974226
0.45 1.5848932e-07 6153.42191
0.45 1.5848932e-08 1.100703099
0.45 1.5848932e-09 0.0001120744463
0.45 1.9952623e-06 336.968891
0.45 1.9952623e-07 11408.68646
0.45 1.9952623e-08 2.75959387
0.45 1.9952623e-09 0.000292743118
0.45 1e-06 21908.97433
0.45 1e-07 1348.968778
0.45 1e-08 0.1803225924
0.45 1e-09 1.787049659e-05
0.45 2.5118864e-06 18.418901214
0.45 2.5118864e-07 20495.00501
0.45 2.5118864e-08 7.11132911
0.45 2.5118864e-09 0.00070261542
0.45 3.1622777e-06 0.158303489
0.45 3.1622777e-07 31749.4766
0.45 3.1622777e-08 17.35444421
0.45 3.1622777e-09 0.001684955378
0.45 3.9810717e-06 0.0001985728948
0.45 3.9810717e-07 42384.5808
0.45 3.9810717e-08 43.0704349
0.45 3.9810717e-09 0.0044876696
0.45 5.0118723e-06 2.427376224e-09
0.45 5.0118723e-07 47005.2082
0.45 5.0118723e-08 104.2519811
0.45 5.0118723e-09 0.01126884855
0.45 6.3095734e-06 5.20427140001e-14
0.45 6.3095734e-07 46276.3342
0.45 6.3095734e-08 251.539743
0.45 6.3095734e-09 0.02765503
0.45 7.9432823e-06 5.75220756761e-26
0.45 7.9432823e-07 37682.8762
0.45 7.9432823e-08 590.502223
0.45 7.9432823e-09 0.0726339645
0.50 1.2589254e-06 1105.98091
0.50 1.2589254e-07 1392.85992
0.50 1.2589254e-08 0.21630459
0.50 1.2589254e-09 2.23444403e-05
0.50 1.5848932e-06 253.609186
0.50 1.5848932e-07 2690.03463
0.50 1.5848932e-08 0.530098256
0.50 1.5848932e-09 5.52774272e-05
0.50 1.9952623e-06 23.4983593
0.50 1.9952623e-07 5046.02786
0.50 1.9952623e-08 1.35173963
0.50 1.9952623e-09 0.000135891218
0.50 1e-06 4753.75132
0.50 1e-07 636.946447
0.50 1e-08 0.087268605
0.50 1e-09 8.5182481e-06
0.50 2.5118864e-06 0.71203345
0.50 2.5118864e-07 7750.75183
0.50 2.5118864e-08 3.42494314
0.50 2.5118864e-09 0.000358538034
0.50 3.1622777e-06 0.001075852108
0.50 3.1622777e-07 12018.1436
0.50 3.1622777e-08 8.04132571
0.50 3.1622777e-09 0.000929415711
0.50 3.9810717e-06 6.44383377e-08
0.50 3.9810717e-07 14698.2455
0.50 3.9810717e-08 22.0161509
0.50 3.9810717e-09 0.00219651809
0.50 5.0118723e-06 1.2669589622e-08
0.50 5.0118723e-07 14762.9706
0.50 5.0118723e-08 50.5275
0.50 5.0118723e-09 0.00561837594
0.50 6.3095734e-06 3.9262485e-22
0.50 6.3095734e-07 11141.7039
0.50 6.3095734e-08 122.088327
0.50 6.3095734e-09 0.0134993618
0.50 7.9432823e-06 5.6140744653e-38
0.50 7.9432823e-07 8953.42695
0.50 7.9432823e-08 267.867757
0.50 7.9432823e-09 0.0342500396
0.55 1.2589254e-06 235.43532
0.55 1.2589254e-07 691.59683
0.55 1.2589254e-08 0.128051829
0.55 1.5848932e-06 13.7485115
0.55 1.5848932e-07 1333.18307
0.55 1.5848932e-08 0.307998664
0.55 1.9952623e-06 0.273954488
0.55 1.9952623e-07 2294.00536
0.55 1.9952623e-08 0.8015209
0.55 1e-06 738.8946
0.55 1e-07 338.502926
0.55 1e-08 0.0504767718
0.55 2.5118864e-06 0.00185321529
0.55 2.5118864e-07 3383.9618
0.55 2.5118864e-08 1.98545228
0.55 3.1622777e-06 7.4415371e-07
0.55 3.1622777e-07 4348.01399
0.55 3.1622777e-08 4.7182708
0.55 3.1622777e-09 0.000517841828
0.55 3.9810717e-06 4.8636752e-15
0.55 3.9810717e-07 4894.05233
0.55 3.9810717e-08 11.6534965
0.55 3.9810717e-09 0.00132041606
0.55 5.0118723e-06 4.198958377e-22
0.55 5.0118723e-07 4480.2085
0.55 5.0118723e-08 28.3561076
0.55 5.0118723e-09 0.00326525933
0.55 6.3095734e-06 1.1447079e-34
0.55 6.3095734e-07 3106.02114
0.55 6.3095734e-08 10.970338
0.55 6.3095734e-09 0.0082854733
0.55 7.9432823e-07 1652.4379
0.55 7.9432823e-08 152.01093
0.55 7.9432823e-09 0.0192901173
0.60 1.2589254e-06 6.9770659
0.60 1.2589254e-07 295.28776
0.60 1.2589254e-08 0.063938306
0.60 1.5848932e-06 0.80806152
0.60 1.5848932e-07 556.72664
0.60 1.5848932e-08 0.15691442
0.60 1.9952623e-06 0.0094815109
0.60 1.9952623e-07 810.89414
0.60 1.9952623e-08 0.38767657
0.60 1e-06 57.623941
0.60 1e-07 105.30675
0.60 1e-08 0.0256394455
0.60 2.5118864e-06 2.54909617e-06
0.60 2.5118864e-07 1139.42337
0.60 2.5118864e-08 0.97610965
0.60 3.1622777e-06 1.16426456e-13
0.60 3.1622777e-07 1336.35611
0.60 3.1622777e-08 2.32699167
0.60 3.1622777e-09 0.000266521652
0.60 3.9810717e-06 5.94224037e-21
0.60 3.9810717e-07 1309.43362
0.60 3.9810717e-08 5.8061494
0.60 3.9810717e-09 0.00064843359
0.60 5.0118723e-06 2.25818220153e-30
0.60 5.0118723e-07 998.82118
0.60 5.0118723e-08 14.4729847
0.60 5.0118723e-09 0.00160245843
0.60 6.3095734e-06 1.7449857e-42
0.60 6.3095734e-07 623.78942
0.60 6.3095734e-08 31.5413896
0.60 6.3095734e-09 0.0040604547
0.60 7.9432823e-07 297.679478
0.60 7.9432823e-08 22.258251
0.60 7.9432823e-09 0.0102382455
0.65 1.122018454e-06 0.59664623
0.65 1.2589254e-06 0.14484731
0.65 1.2589254e-07 71.428849
0.65 1.2589254e-08 0.02133208
0.65 1.412537545e-06 0.0075237414
0.65 1.5848932e-06 0.0007351857
0.65 1.5848932e-07 108.718
0.65 1.5848932e-08 0.054358566
0.65 1.77827941e-06 9.740414e-06
0.65 1.9952623e-06 1.1574145e-05
0.65 1.9952623e-07 149.17731
0.65 1.9952623e-08 0.13040094
0.65 1e-06 2.3048841
0.65 1e-08 0.0086154972
0.65 2.238721139e-06 2.1153914e-06
0.65 2.5118864e-06 5.7363001e-10
0.65 2.5118864e-07 175.76726
0.65 2.5118864e-08 0.3188113
0.65 2.818382931e-06 1.8555043e-13
0.65 3.1622777e-06 4.6397099e-21
0.65 3.1622777e-07 180.37249
0.65 3.1622777e-08 0.7731758
0.65 3.1622777e-09 8.6401755e-05
0.65 3.548133892e-06 3.2577251e-29
0.65 3.9810717e-06 5.5124596e-29
0.65 3.9810717e-07 133.23872
0.65 3.9810717e-08 1.8329951
0.65 3.9810717e-09 0.00022239799
0.65 5.0118723e-07 89.48459
0.65 5.0118723e-08 4.5126036
0.65 5.0118723e-09 0.00060132832
0.65 6.3095734e-07 34.369392
0.65 6.3095734e-08 9.750246
0.65 6.3095734e-09 0.0013601614
0.65 7.9432823e-07 15.243896
0.65 7.9432823e-08 21.028707
0.65 7.9432823e-09 0.0037918739
0.70 1.2589254e-06 1.8477938e-05
0.70 1.2589254e-07 42.23368
0.70 1.2589254e-08 0.021251451
0.70 1.5848932e-06 8.5387947e-09
0.70 1.5848932e-07 52.111495
0.70 1.5848932e-08 0.053239363
0.70 1.9952623e-06 3.0394898e-16
0.70 1.9952623e-07 64.509405
0.70 1.9952623e-08 0.12438072
0.70 1e-06 0.032085258
0.70 1e-07 26.9243
0.70 1e-08 0.0088974667
0.70 2.5118864e-06 7.1013252e-22
0.70 2.5118864e-07 64.807297
0.70 2.5118864e-08 0.32455989
0.70 3.1622777e-06 6.856877e-40
0.70 3.1622777e-07 44.630037
0.70 3.1622777e-08 0.74129943
0.70 3.1622777e-09 8.4176194e-05
0.70 3.9810717e-07 22.829348
0.70 3.9810717e-08 1.6199555
0.70 3.9810717e-09 0.00022728681
0.70 5.0118723e-07 7.5373069
0.70 5.0118723e-08 3.7915317
0.70 5.0118723e-09 0.00054150518
0.70 6.3095734e-07 2.2513382
0.70 6.3095734e-08 8.0736217
0.70 6.3095734e-09 0.0013387026
0.70 7.9432823e-07 0.15519874
0.70 7.9432823e-08 14.493377
0.70 7.9432823e-09 0.0035135335
0.75 1.122018454e-06 8.93739e-08
0.75 1.2589254e-06 4.0267692e-10
0.75 1.2589254e-07 19.145599
0.75 1.2589254e-08 0.021067792
0.75 1.412537545e-06 6.0952112e-15
0.75 1.5848932e-06 1.4356793e-15
0.75 1.5848932e-07 19.447893
0.75 1.5848932e-08 0.048868508
0.75 1.77827941e-06 2.1393941e-23
0.75 1.9952623e-06 2.2460461e-34
0.75 1.9952623e-07 19.146837
0.75 1.9952623e-08 0.11924939
0.75 1e-06 2.9906208e-07
0.75 1e-07 14.609676
0.75 1e-08 0.0083285876
0.75 2.238721139e-06 6.0839526e-40
0.75 2.5118864e-06 9.359807e-41
0.75 2.5118864e-07 12.760678
0.75 2.5118864e-08 0.27753603
0.75 3.1622777e-07 6.2358138
0.75 3.1622777e-08 0.67694755
0.75 3.1622777e-09 8.5395025e-05
0.75 3.9810717e-07 2.322961
0.75 3.9810717e-08 1.4275876
0.75 3.9810717e-09 0.00020190612
0.75 5.0118723e-07 0.67240118
0.75 5.0118723e-08 2.9679769
0.75 5.0118723e-09 0.00052246919
0.75 6.3095734e-07 0.068775143
0.75 6.3095734e-08 5.4970039
0.75 6.3095734e-09 0.001423602
0.75 7.9432823e-07 0.0010441001
0.75 7.9432823e-08 10.063496
0.75 7.9432823e-09 0.0030409369
0.7 2.5118864e-07 64.807297
0.80 1.2589254e-06 3.6935074e-11
0.80 1.2589254e-07 9.5752342
0.80 1.2589254e-08 0.0086936307
0.80 1.5848932e-06 3.1639218e-15
0.80 1.5848932e-07 10.954231
0.80 1.5848932e-08 0.023030705
0.80 1.9952623e-06 1.0994629e-23
0.80 1.9952623e-07 9.576689
0.80 1.9952623e-08 0.053524076
0.80 1e-06 4.6166049e-05
0.80 1e-07 7.4915286
0.80 1e-08 0.004042793
0.80 2.5118864e-06 5.8563256e-39
0.80 2.5118864e-07 7.4370889
0.80 2.5118864e-08 0.12839476
0.80 3.1622777e-07 4.2730418
0.80 3.1622777e-08 0.30607457
0.80 3.1622777e-09 3.6578362e-05
0.80 3.9810717e-07 1.7238688
0.80 3.9810717e-08 0.68617831
0.80 3.9810717e-09 9.0928348e-05
0.80 5.0118723e-07 0.31373948
0.80 5.0118723e-08 1.3872853
0.80 5.0118723e-09 0.00023572566
0.80 6.3095734e-07 0.060127581
0.80 6.3095734e-08 2.6474308
0.80 6.3095734e-09 0.00058465165
0.80 7.9432823e-07 0.0020950681
0.80 7.9432823e-08 4.9474401
0.80 7.9432823e-09 0.0015173209
0.81 1.122018454e-06 1.1188831e-05
0.81 1.2589254e-06 7.9769539e-10
0.81 1.2589254e-07 8.749707
0.81 1.2589254e-08 0.007236112
0.81 1.412537545e-06 6.2084264e-09
0.81 1.5848932e-06 1.2927217e-12
0.81 1.5848932e-07 10.260558
0.81 1.5848932e-08 0.016134717
0.81 1.77827941e-06 9.670751e-17
0.81 1.9952623e-06 5.2487862e-19
0.81 1.9952623e-07 10.171752
0.81 1.9952623e-08 0.040370903
0.81 1e-06 7.4089112e-06
0.81 1e-07 6.2325767
0.81 1e-08 0.0028058056
0.81 2.238721139e-06 3.2860921e-28
0.81 2.5118864e-06 5.7836327e-42
0.81 2.5118864e-07 7.833304
0.81 2.5118864e-08 0.10522238
0.81 3.1622777e-07 4.9666043
0.81 3.1622777e-08 0.22230993
0.81 3.1622777e-09 2.7592282e-05
0.81 3.9810717e-07 1.4354318
0.81 3.9810717e-08 0.51240754
0.81 3.9810717e-09 7.3892332e-05
0.81 5.0118723e-07 0.8491767
0.81 5.0118723e-08 1.052515
0.81 5.0118723e-09 0.00018255311
0.81 6.3095734e-07 0.056924273
0.81 6.3095734e-08 2.1915621
0.81 6.3095734e-09 0.00044679979
0.81 7.9432823e-07 0.0025140336
0.81 7.9432823e-08 3.735936
0.81 7.9432823e-09 0.0011055851
0.82 1.122018454e-06 1.0968807e-05
0.82 1.2589254e-06 7.384171e-09
0.82 1.2589254e-07 7.6928711
0.82 1.2589254e-08 0.0052714279
0.82 1.412537545e-06 6.1071296e-11
0.82 1.5848932e-06 1.5536913e-12
0.82 1.5848932e-07 9.1290223
0.82 1.5848932e-08 0.012906672
0.82 1.77827941e-06 5.9867087e-20
0.82 1.9952623e-06 5.5915284e-20
0.82 1.9952623e-07 9.0924991
0.82 1.9952623e-08 0.03214017
0.82 1e-06 0.00074176421
0.82 1e-07 5.3253008
0.82 1e-08 0.0021080004
0.82 2.238721139e-06 1.101849e-29
0.82 2.5118864e-06 1.2463404e-40
0.82 2.5118864e-07 7.6163794
0.82 2.5118864e-08 0.076392024
0.82 2.818382931e-06 8.0334812e-39
0.82 3.1622777e-07 4.9227848
0.82 3.1622777e-08 0.19022655
0.82 3.1622777e-09 2.1831991e-05
0.82 3.9810717e-07 2.5670438
0.82 3.9810717e-08 0.39110595
0.82 3.9810717e-09 5.5995442e-05
0.82 5.0118723e-07 0.82525442
0.82 5.0118723e-08 0.89708438
0.82 5.0118723e-09 0.00014213586
0.82 6.3095734e-07 0.10161204
0.82 6.3095734e-08 1.7861941
0.82 6.3095734e-09 0.00034074943
0.82 7.9432823e-07 0.0069170079
0.82 7.9432823e-08 3.1535916
0.82 7.9432823e-09 0.00087418518
0.83 1.122018454e-06 2.8216827e-05
0.83 1.2589254e-06 1.2737603e-07
0.83 1.2589254e-07 6.2637457
0.83 1.2589254e-08 0.004191847
0.83 1.412537545e-06 6.3755463e-12
0.83 1.5848932e-06 9.6039879e-14
0.83 1.5848932e-07 8.2868602
0.83 1.5848932e-08 0.010591175
0.83 1.77827941e-06 2.4749739e-12
0.83 1.9952623e-06 8.4585252e-19
0.83 1.9952623e-07 8.2608772
0.83 1.9952623e-08 0.024929251
0.83 1e-06 0.00038283437
0.83 1e-07 4.1818167
0.83 1e-08 0.0015709902
0.83 2.238721139e-06 4.9617455e-21
0.83 2.5118864e-06 4.1004758e-32
0.83 2.5118864e-07 6.9625967
0.83 2.5118864e-08 0.064139013
0.83 2.818382931e-06 5.9357245e-35
0.83 3.1622777e-07 5.7709292
0.83 3.1622777e-08 0.13356386
0.83 3.1622777e-09 1.6950832e-05
0.83 3.9810717e-07 2.131199
0.83 3.9810717e-08 0.32459632
0.83 3.9810717e-09 4.0224205e-05
0.83 5.0118723e-07 0.83595036
0.83 5.0118723e-08 0.66098993
0.83 5.0118723e-09 0.00010592128
0.83 6.3095734e-07 0.078122998
0.83 6.3095734e-08 1.4667547
0.83 6.3095734e-09 0.00024472614
0.83 7.9432823e-07 0.01108655
0.83 7.9432823e-08 2.5715345
0.83 7.9432823e-09 0.0006722992
0.84 1.2589254e-06 7.7025521e-07
0.84 1.2589254e-07 5.4999823
0.84 1.2589254e-08 0.003293579
0.84 1.5848932e-06 2.6525667e-12
0.84 1.5848932e-07 6.7421048
0.84 1.5848932e-08 0.0080106965
0.84 1.9952623e-06 1.1863942e-15
0.84 1.9952623e-07 7.6754795
0.84 1.9952623e-08 0.019065078
0.84 1e-06 0.00031582603
0.84 1e-07 3.6283952
0.84 1e-08 0.0012548305
0.84 2.5118864e-06 9.384031e-27
0.84 2.5118864e-07 5.9767788
0.84 2.5118864e-08 0.046794223
0.84 3.1622777e-07 5.3476216
0.84 3.1622777e-08 0.10696437
0.84 3.1622777e-09 1.2569898e-05
0.84 3.9810717e-07 2.2889781
0.84 3.9810717e-08 0.23112622
0.84 3.9810717e-09 3.2610203e-05
0.84 5.0118723e-07 0.77966515
0.84 5.0118723e-08 0.52302507
0.84 5.0118723e-09 7.8177884e-05
0.84 6.3095734e-07 0.24094469
0.84 6.3095734e-08 1.1319531
0.84 6.3095734e-09 0.00018635658
0.84 7.9432823e-07 0.0075180085
0.84 7.9432823e-08 2.0198021
0.84 7.9432823e-09 0.00048208805
0.85 1.2589254e-06 1.1668906e-05
0.85 1.2589254e-07 4.2069865
0.85 1.2589254e-08 0.002136444
0.85 1.5848932e-06 2.0095057e-08
0.85 1.5848932e-07 5.7910139
0.85 1.5848932e-08 0.0056893895
0.85 1.9952623e-06 2.5279765e-17
0.85 1.9952623e-07 6.9145164
0.85 1.9952623e-08 0.01404218
0.85 1e-06 0.0010169659
0.85 1e-07 2.7759463
0.85 1e-08 0.00093931178
0.85 2.5118864e-06 5.1755766e-26
0.85 2.5118864e-07 6.7679687
0.85 2.5118864e-08 0.032878535
0.85 3.1622777e-06 1.8507436e-42
0.85 3.1622777e-07 4.785727
0.85 3.1622777e-08 0.077378111
0.85 3.1622777e-09 9.2715238e-06
0.85 3.9810717e-07 2.4812339
0.85 3.9810717e-08 0.17676459
0.85 3.9810717e-09 2.3087923e-05
0.85 5.0118723e-07 1.0738854
0.85 5.0118723e-08 0.4208398
0.85 5.0118723e-09 5.6493127e-05
0.85 6.3095734e-07 0.28933258
0.85 6.3095734e-08 0.84585083
0.85 6.3095734e-09 0.00014493213
0.85 7.9432823e-07 0.012327969
0.85 7.9432823e-08 1.5528761
0.85 7.9432823e-09 0.0003727797
0.86 1.122018454e-06 6.0823088e-06
0.86 1.2589254e-06 1.6733625e-05
0.86 1.2589254e-07 3.4591722
0.86 1.2589254e-08 0.0016273381
0.86 1.412537545e-06 1.9891361e-07
0.86 1.5848932e-06 6.9057553e-10
0.86 1.5848932e-07 4.3509583
0.86 1.5848932e-08 0.0041871866
0.86 1.77827941e-06 1.7706726e-14
0.86 1.9952623e-06 1.0060516e-15
0.86 1.9952623e-07 5.2619461
0.86 1.9952623e-08 0.01021977
0.86 1e-06 0.00091911334
0.86 1e-07 2.0971857
0.86 1e-08 0.00075327622
0.86 2.238721139e-06 2.5711767e-24
0.86 2.5118864e-06 1.8897608e-24
0.86 2.5118864e-07 4.3553776
0.86 2.5118864e-08 0.025887482
0.86 2.818382931e-06 1.6640075e-37
0.86 3.1622777e-06 1.0368583e-38
0.86 3.1622777e-07 3.1248683
0.86 3.1622777e-08 0.062039003
0.86 3.1622777e-09 7.3699056e-06
0.86 3.9810717e-07 1.6625175
0.86 3.9810717e-08 0.13580308
0.86 3.9810717e-09 1.8818248e-05
0.86 5.0118723e-07 0.47042372
0.86 5.0118723e-08 0.31699264
0.86 5.0118723e-09 4.7797444e-05
0.86 6.3095734e-07 0.17831293
0.86 6.3095734e-08 0.61931471
0.86 6.3095734e-09 0.0001068085
0.86 7.9432823e-07 0.029446928
0.86 7.9432823e-08 1.2417705
0.86 7.9432823e-09 0.00027883461
0.87 1.122018454e-06 8.8326305e-05
0.87 1.2589254e-06 9.3486359e-07
0.87 1.2589254e-07 2.6366969
0.87 1.2589254e-08 0.0010799011
0.87 1.412537545e-06 9.2799894e-08
0.87 1.5848932e-06 1.1944335e-11
0.87 1.5848932e-07 3.5692777
0.87 1.5848932e-08 0.0027596117
0.87 1.77827941e-06 1.2514754e-10
0.87 1.9952623e-06 2.4575438e-15
0.87 1.9952623e-07 4.2269481
0.87 1.9952623e-08 0.0068155455
0.87 1e-06 0.0042418533
0.87 1e-07 1.5596004
0.87 1e-08 0.00046782438
0.87 2.238721139e-06 1.2287422e-19
0.87 2.5118864e-06 4.3484424e-26
0.87 2.5118864e-07 4.1338368
0.87 2.5118864e-08 0.016338962
0.87 2.818382931e-06 2.6694029e-31
0.87 3.1622777e-06 1.1197564e-38
0.87 3.1622777e-07 3.3937624
0.87 3.1622777e-08 0.041680954
0.87 3.1622777e-09 4.875363e-06
0.87 3.9810717e-07 2.1891465
0.87 3.9810717e-08 0.094942012
0.87 3.9810717e-09 1.1877757e-05
0.87 5.0118723e-07 0.72400149
0.87 5.0118723e-08 0.21551201
0.87 5.0118723e-09 2.8873344e-05
0.87 6.3095734e-07 0.25437064
0.87 6.3095734e-08 0.47298773
0.87 6.3095734e-09 6.926704e-05
0.87 7.9432823e-07 0.032859841
0.87 7.9432823e-08 0.87560813
0.87 7.9432823e-09 0.00019005902
0.88 1.122018454e-06 0.00015574952
0.88 1.2589254e-06 9.0416065e-06
0.88 1.2589254e-07 1.7664289
0.88 1.2589254e-08 0.00084382046
0.88 1.412537545e-06 2.4124501e-07
0.88 1.5848932e-06 1.6469007e-07
0.88 1.5848932e-07 2.7374279
0.88 1.5848932e-08 0.0019718465
0.88 1.77827941e-06 1.569095e-11
0.88 1.9952623e-06 1.5966895e-16
0.88 1.9952623e-07 3.2255313
0.88 1.9952623e-08 0.004719632
0.88 1e-06 0.0014178974
0.88 1e-07 1.1375515
0.88 1e-08 0.00032260194
0.88 2.238721139e-06 1.6030342e-17
0.88 2.5118864e-06 1.3882283e-25
0.88 2.5118864e-07 2.9904672
0.88 2.5118864e-08 0.011940619
0.88 2.818382931e-06 1.3549757e-29
0.88 3.1622777e-06 2.6478566e-36
0.88 3.1622777e-07 2.3515607
0.88 3.1622777e-08 0.029217533
0.88 3.1622777e-09 3.1209517e-06
0.88 3.548133892e-06 2.7450554e-37
0.88 3.9810717e-07 1.5622752
0.88 3.9810717e-08 0.063724267
0.88 3.9810717e-09 8.4803157e-06
0.88 5.0118723e-07 0.6272915
0.88 5.0118723e-08 0.14149842
0.88 5.0118723e-09 2.1390545e-05
0.88 6.3095734e-07 0.22452308
0.88 6.3095734e-08 0.32929656
0.88 6.3095734e-09 5.2179277e-05
0.88 7.9432823e-07 0.048601169
0.88 7.9432823e-08 0.59242235
0.88 7.9432823e-09 0.00012353851
0.89 1.122018454e-06 0.00011874796
0.89 1.2589254e-06 2.4313328e-06
0.89 1.2589254e-07 1.3015891
0.89 1.2589254e-08 0.00048707254
0.89 1.412537545e-06 1.1686167e-05
0.89 1.5848932e-06 1.7633187e-07
0.89 1.5848932e-07 1.8897535
0.89 1.5848932e-08 0.0011953686
0.89 1.77827941e-06 2.610321e-09
0.89 1.9952623e-06 5.4378044e-13
0.89 1.9952623e-07 2.1582129
0.89 1.9952623e-08 0.0031654504
0.89 1e-06 0.0019943823
0.89 1e-07 0.7923479
0.89 1e-08 0.00020073787
0.89 2.238721139e-06 1.1913183e-17
0.89 2.5118864e-06 2.0124831e-25
0.89 2.5118864e-07 2.3834782
0.89 2.5118864e-08 0.0076474857
0.89 2.818382931e-06 3.1950572e-26
0.89 3.1622777e-06 3.4434205e-29
0.89 3.1622777e-07 2.0049012
0.89 3.1622777e-08 0.017889663
0.89 3.1622777e-09 1.9969751e-06
0.89 3.548133892e-06 4.639343e-43
0.89 3.9810717e-07 1.3377999
0.89 3.9810717e-08 0.042356275
0.89 3.9810717e-09 5.2378815e-06
0.89 5.0118723e-07 0.62404254
0.89 5.0118723e-08 0.10142108
0.89 5.0118723e-09 1.4011953e-05
0.89 6.3095734e-07 0.12362563
0.89 6.3095734e-08 0.22000449
0.89 6.3095734e-09 3.1959521e-05
0.89 7.9432823e-07 0.022983268
0.89 7.9432823e-08 0.40890545
0.89 7.9432823e-09 8.3705658e-05
0.8 1.122018454e-06 3.5489079e-08
0.8 1.412537545e-06 7.5140481e-11
0.8 1.77827941e-06 5.3407099e-22
0.8 2.238721139e-06 2.8580874e-36
0.8 2.818382931e-06 2.6702893e-40
0.90 1.2589254e-06 4.8145224e-06
0.90 1.2589254e-07 0.84080739
0.90 1.2589254e-08 0.0003202023
0.90 1.5848932e-06 8.0465862e-09
0.90 1.5848932e-07 1.2030816
0.90 1.5848932e-08 0.00077279218
0.90 1.9952623e-06 3.5476735e-13
0.90 1.9952623e-07 1.4791575
0.90 1.9952623e-08 0.001922559
0.90 1e-06 0.00051627708
0.90 1e-07 0.47276493
0.90 1e-08 0.00012627559
0.90 2.5118864e-06 4.8346445e-17
0.90 2.5118864e-07 1.4644546
0.90 2.5118864e-08 0.0048626796
0.90 3.1622777e-06 7.9887579e-24
0.90 3.1622777e-07 1.1977792
0.90 3.1622777e-08 0.011739693
0.90 3.1622777e-09 1.2925298e-06
0.90 3.9810717e-07 0.82366265
0.90 3.9810717e-08 0.02679108
0.90 3.9810717e-09 3.0755517e-06
0.90 5.0118723e-07 0.43543516
0.90 5.0118723e-08 0.060896943
0.90 5.0118723e-09 7.8511107e-06
0.90 6.3095734e-07 0.1381212
0.90 6.3095734e-08 0.13488643
0.90 6.3095734e-09 1.9742204e-05
0.90 7.9432823e-07 0.022149863
0.90 7.9432823e-08 0.25822716
0.90 7.9432823e-09 5.2079041e-05
0.95 1.122018454e-06 3.6779211e-06
0.95 1.2589254e-06 1.0201927e-07
0.95 1.2589254e-07 0.0022178363
0.95 1.2589254e-08 7.8000393e-07
0.95 1.412537545e-06 1.0011966e-08
0.95 1.5848932e-06 4.8249378e-10
0.95 1.5848932e-07 0.0033273412
0.95 1.5848932e-08 1.7963447e-06
0.95 1.77827941e-06 1.8196884e-13
0.95 1.9952623e-06 1.8500427e-13
0.95 1.9952623e-07 0.0042710608
0.95 1.9952623e-08 4.6646539e-06
0.95 1e-06 1.020985e-05
0.95 1e-07 0.0012902098
0.95 1e-08 3.0531284e-07
0.95 2.238721139e-06 2.8719654e-15
0.95 2.5118864e-06 2.492808e-22
0.95 2.5118864e-07 0.0046572109
0.95 2.5118864e-08 1.1726365e-05
0.95 2.818382931e-06 8.6084151e-24
0.95 3.1622777e-06 6.8297062e-30
0.95 3.1622777e-07 0.004154932
0.95 3.1622777e-08 2.8396894e-05
0.95 3.1622777e-09 2.904997e-09
0.95 3.548133892e-06 9.8772195e-48
0.95 3.9810717e-06 2.0641573e-45
0.95 3.9810717e-07 0.0029292338
0.95 3.9810717e-08 6.2980852e-05
0.95 3.9810717e-09 7.8446896e-09
0.95 5.0118723e-07 0.0013601777
0.95 5.0118723e-08 0.00015419745
0.95 5.0118723e-09 1.9383489e-08
0.95 6.3095734e-07 0.00054338199
0.95 6.3095734e-08 0.00030865945
0.95 6.3095734e-09 5.0539257e-08
0.95 7.9432823e-07 8.1032038e-05
0.95 7.9432823e-08 0.00066155713
0.95 7.9432823e-09 1.2480264e-07
0.9 1.122018454e-06 4.503583e-05
0.9 1.412537545e-06 5.0876858e-07
0.9 1.77827941e-06 1.0043815e-11
0.9 2.238721139e-06 1.3313074e-17
0.9 2.818382931e-06 2.7010749e-27
0.9 3.548133892e-06 2.4104444e-43
