2.00000E-03 1.258925400E-04 1.239619897E+10
2.00000E-03 1.584893200E-04 2.397780343E+10
2.00000E-03 1.995262300E-04 3.758269233E+10
2.00000E-03 1.000000000E-04 5.835077422E+09
2.00000E-03 2.511886400E-04 5.133718097E+10
2.00000E-03 3.162277700E-04 5.715864453E+10
2.00000E-03 1.000000000E-03 4.668032710E+08
2.00000E-03 3.162277700E-03 8.663433232E-18
2.00000E-03 1.000000000E-02 0.000000000E+00
2.00000E-03 3.162277700E-02 0.000000000E+00
2.00000E-03 1.258925400E-05 2.216537280E+06
2.00000E-03 1.258925400E-06 2.258669224E+02
2.00000E-03 1.258925400E-07 2.234021181E-02
2.00000E-03 1.258925400E-08 2.202599871E-06
2.00000E-03 1.258925400E-09 2.204101720E-10
2.00000E-03 1.584893200E-05 5.527624849E+06
2.00000E-03 1.584893200E-06 5.585607410E+02
2.00000E-03 1.584893200E-07 5.720733528E-02
2.00000E-03 1.584893200E-08 5.709253789E-06
2.00000E-03 1.584893200E-09 5.578577839E-10
2.00000E-03 1.995262300E-05 1.359405358E+07
2.00000E-03 1.995262300E-06 1.461794543E+03
2.00000E-03 1.995262300E-07 1.454621090E-01
2.00000E-03 1.995262300E-08 1.436104429E-05
2.00000E-03 1.995262300E-09 1.405972574E-09
2.00000E-03 1.000000000E-05 8.989765996E+05
2.00000E-03 1.000000000E-06 9.248534279E+01
2.00000E-03 1.000000000E-07 8.950552674E-03
2.00000E-03 1.000000000E-08 8.948700234E-07
2.00000E-03 1.000000000E-09 8.820436770E-11
2.00000E-03 2.511886400E-05 3.461736648E+07
2.00000E-03 2.511886400E-06 3.539721351E+03
2.00000E-03 2.511886400E-07 3.676538385E-01
2.00000E-03 2.511886400E-08 3.469368311E-05
2.00000E-03 2.511886400E-09 3.671014585E-09
2.00000E-03 3.162277700E-05 8.512519518E+07
2.00000E-03 3.162277700E-06 9.183635842E+03
2.00000E-03 3.162277700E-07 9.286223698E-01
2.00000E-03 3.162277700E-08 8.663084405E-05
2.00000E-03 3.162277700E-09 9.200571950E-09
2.00000E-03 3.981071700E-05 2.218373156E+08
2.00000E-03 3.981071700E-06 2.312936808E+04
2.00000E-03 3.981071700E-07 2.432950248E+00
2.00000E-03 3.981071700E-08 2.394129370E-04
2.00000E-03 3.981071700E-09 2.194904500E-08
2.00000E-03 5.011872300E-05 5.222159483E+08
2.00000E-03 5.011872300E-06 5.680223303E+04
2.00000E-03 5.011872300E-07 5.596798698E+00
2.00000E-03 5.011872300E-08 5.757526327E-04
2.00000E-03 5.011872300E-09 5.635912144E-08
2.00000E-03 6.309573400E-05 1.248167390E+09
2.00000E-03 6.309573400E-06 1.437228928E+05
2.00000E-03 6.309573400E-07 1.470775938E+01
2.00000E-03 6.309573400E-08 1.420363194E-03
2.00000E-03 6.309573400E-09 1.401078897E-07
2.00000E-03 7.943282300E-05 2.788259002E+09
2.00000E-03 7.943282300E-06 3.660418233E+05
2.00000E-03 7.943282300E-07 3.764677206E+01
2.00000E-03 7.943282300E-08 3.416535730E-03
2.00000E-03 7.943282300E-09 3.318312675E-07
5.00000E-03 1.258925400E-04 8.719738555E+09
5.00000E-03 1.584893200E-04 7.650181449E+09
5.00000E-03 1.995262300E-04 5.619218697E+09
5.00000E-03 2.511886400E-04 2.403649997E+09
5.00000E-03 3.162277700E-04 6.613632281E+08
5.00000E-03 1.000000000E-03 6.452954525E-08
5.00000E-03 3.162277700E-03 0.000000000E+00
5.00000E-03 1.000000000E-02 0.000000000E+00
5.00000E-03 3.162277700E-02 0.000000000E+00
5.00000E-03 1.258925400E-06 1.298106727E+03
5.00000E-03 1.258925400E-07 1.292734181E-01
5.00000E-03 1.258925400E-08 1.334300658E-05
5.00000E-03 1.258925400E-09 1.369521905E-09
5.00000E-03 1.584893200E-05 3.165655860E+07
5.00000E-03 1.584893200E-06 3.299102979E+03
5.00000E-03 1.584893200E-07 3.472944258E-01
5.00000E-03 1.584893200E-08 3.554168793E-05
5.00000E-03 1.584893200E-09 3.568188768E-09
5.00000E-03 1.995262300E-05 7.751604975E+07
5.00000E-03 1.995262300E-06 8.644316312E+03
5.00000E-03 1.995262300E-07 8.381478534E-01
5.00000E-03 1.995262300E-08 8.721188124E-05
5.00000E-03 1.995262300E-09 8.623022819E-09
5.00000E-03 1.000000000E-05 4.925615583E+06
5.00000E-03 1.000000000E-06 5.543195987E+02
5.00000E-03 1.000000000E-07 5.421519371E-02
5.00000E-03 1.000000000E-08 5.448679054E-06
5.00000E-03 1.000000000E-09 5.496202669E-10
5.00000E-03 2.511886400E-05 1.884709333E+08
5.00000E-03 2.511886400E-06 2.179826884E+04
5.00000E-03 2.511886400E-07 2.184492532E+00
5.00000E-03 2.511886400E-08 2.166543307E-04
5.00000E-03 2.511886400E-09 2.207665143E-08
5.00000E-03 3.162277700E-05 4.177231703E+08
5.00000E-03 3.162277700E-06 5.192156420E+04
5.00000E-03 3.162277700E-07 5.600975951E+00
5.00000E-03 3.162277700E-08 5.668733643E-04
5.00000E-03 3.162277700E-09 5.376258851E-08
5.00000E-03 3.981071700E-05 8.947217587E+08
5.00000E-03 3.981071700E-06 1.323553997E+05
5.00000E-03 3.981071700E-07 1.389584966E+01
5.00000E-03 3.981071700E-08 1.446216429E-03
5.00000E-03 3.981071700E-09 1.277872357E-07
5.00000E-03 5.011872300E-05 1.985400774E+09
5.00000E-03 5.011872300E-06 3.407193481E+05
5.00000E-03 5.011872300E-07 3.614648065E+01
5.00000E-03 5.011872300E-08 3.295829861E-03
5.00000E-03 5.011872300E-09 3.540467133E-07
5.00000E-03 6.309573400E-05 3.588622575E+09
5.00000E-03 6.309573400E-06 8.396873399E+05
5.00000E-03 6.309573400E-07 8.735085496E+01
5.00000E-03 6.309573400E-08 8.709470935E-03
5.00000E-03 6.309573400E-09 8.332011414E-07
5.00000E-03 7.943282300E-05 5.492218732E+09
5.00000E-03 7.943282300E-06 1.977361947E+06
5.00000E-03 7.943282300E-07 2.119081434E+02
5.00000E-03 7.943282300E-08 2.072995530E-02
5.00000E-03 7.943282300E-09 2.171854993E-06
1.00000E-02 1.258925400E-04 6.086600171E+08
1.00000E-02 1.584893200E-04 1.263336744E+08
1.00000E-02 1.995262300E-04 1.338546555E+07
1.00000E-02 1.000000000E-04 1.335327648E+09
1.00000E-02 2.511886400E-04 4.104555596E+05
1.00000E-02 1.000000000E-03 0.000000000E+00
1.00000E-02 3.162277700E-03 0.000000000E+00
1.00000E-02 1.000000000E-02 0.000000000E+00
1.00000E-02 3.162277700E-02 0.000000000E+00
1.00000E-02 1.258925400E-05 4.466124372E+07
1.00000E-02 1.258925400E-06 5.227101124E+03
1.00000E-02 1.258925400E-07 5.535165666E-01
1.00000E-02 1.258925400E-08 5.184581106E-05
1.00000E-02 1.258925400E-09 5.322579781E-09
1.00000E-02 1.584893200E-06 1.367670431E+04
1.00000E-02 1.584893200E-07 1.337053980E+00
1.00000E-02 1.584893200E-08 1.445546695E-04
1.00000E-02 1.584893200E-09 1.337985578E-08
1.00000E-02 1.995262300E-05 2.317060996E+08
1.00000E-02 1.995262300E-06 3.217960654E+04
1.00000E-02 1.995262300E-07 3.280551912E+00
1.00000E-02 1.995262300E-08 3.460246578E-04
1.00000E-02 1.000000000E-05 2.031588759E+07
1.00000E-02 1.000000000E-07 2.047343140E-01
1.00000E-02 1.000000000E-08 2.154966272E-05
1.00000E-02 1.000000000E-09 2.081570672E-09
1.00000E-02 2.511886400E-05 4.759725778E+08
1.00000E-02 2.511886400E-06 8.698265396E+04
1.00000E-02 2.511886400E-07 8.397863686E+00
1.00000E-02 2.511886400E-08 8.676156574E-04
1.00000E-02 2.511886400E-09 8.678230308E-08
1.00000E-02 3.162277700E-05 8.628072538E+08
1.00000E-02 3.162277700E-06 2.234331683E+05
1.00000E-02 3.162277700E-08 2.018671396E-03
1.00000E-02 3.162277700E-09 2.094384382E-07
1.00000E-02 3.981071700E-05 1.404994015E+09
1.00000E-02 3.981071700E-06 5.243137072E+05
1.00000E-02 3.981071700E-07 5.220686040E+01
1.00000E-02 3.981071700E-08 5.161811671E-03
1.00000E-02 3.981071700E-09 5.496241250E-07
1.00000E-02 5.011872300E-05 1.908396506E+09
1.00000E-02 5.011872300E-06 1.323145258E+06
1.00000E-02 5.011872300E-07 1.416946274E+02
1.00000E-02 5.011872300E-08 1.339795576E-02
1.00000E-02 5.011872300E-09 1.317250199E-06
1.00000E-02 6.309573400E-05 2.160726622E+09
1.00000E-02 6.309573400E-06 3.226158305E+06
1.00000E-02 6.309573400E-07 3.360656997E+02
1.00000E-02 6.309573400E-08 3.343007285E-02
1.00000E-02 6.309573400E-09 3.333272875E-06
1.00000E-02 7.943282300E-05 1.973235101E+09
1.00000E-02 7.943282300E-06 7.952418955E+06
1.00000E-02 7.943282300E-07 8.239535915E+02
1.00000E-02 7.943282300E-08 8.692570098E-02
1.00000E-02 7.943282300E-09 8.498788111E-06
5.00000E-02 1.258925400E-04 2.711505433E-20
5.00000E-02 1.584893200E-04 1.173181344E-37
5.00000E-02 1.995262300E-04 0.000000000E+00
5.00000E-02 1.000000000E-04 4.955828651E-10
5.00000E-02 2.511886400E-04 0.000000000E+00
5.00000E-02 3.162277700E-04 0.000000000E+00
5.00000E-02 1.000000000E-03 0.000000000E+00
5.00000E-02 3.162277700E-03 0.000000000E+00
5.00000E-02 1.000000000E-02 0.000000000E+00
5.00000E-02 3.162277700E-02 0.000000000E+00
5.00000E-02 1.258925400E-06 1.283347472E+05
5.00000E-02 1.258925400E-08 1.315804387E-03
5.00000E-02 1.258925400E-09 1.338614131E-07
5.00000E-02 1.584893200E-05 8.077052404E+07
5.00000E-02 1.584893200E-06 3.238500245E+05
5.00000E-02 1.584893200E-07 3.592794621E+01
5.00000E-02 1.584893200E-08 3.352625717E-03
5.00000E-02 1.584893200E-09 3.365348610E-07
5.00000E-02 1.995262300E-05 4.817278822E+07
5.00000E-02 1.995262300E-06 7.920181884E+05
5.00000E-02 1.995262300E-07 8.504592426E+01
5.00000E-02 1.995262300E-08 8.401616808E-03
5.00000E-02 1.000000000E-05 7.786131187E+07
5.00000E-02 1.000000000E-07 5.323098855E+00
5.00000E-02 1.000000000E-08 5.285362588E-04
5.00000E-02 1.000000000E-09 5.294409985E-08
5.00000E-02 2.511886400E-05 2.386235622E+07
5.00000E-02 2.511886400E-06 1.808213274E+06
5.00000E-02 2.511886400E-07 2.187291349E+02
5.00000E-02 2.511886400E-09 2.069248106E-06
5.00000E-02 3.162277700E-05 6.351802014E+06
5.00000E-02 3.162277700E-06 4.296007403E+06
5.00000E-02 3.162277700E-07 5.620017235E+02
5.00000E-02 3.162277700E-08 5.422789233E-02
5.00000E-02 3.162277700E-09 5.177244842E-06
5.00000E-02 3.981071700E-05 8.593827211E+05
5.00000E-02 3.981071700E-06 9.096430907E+06
5.00000E-02 3.981071700E-07 1.302518739E+03
5.00000E-02 3.981071700E-08 1.289267882E-01
5.00000E-02 3.981071700E-09 1.355500266E-05
5.00000E-02 5.011872300E-05 1.619709087E+04
5.00000E-02 5.011872300E-08 3.187566517E-01
5.00000E-02 5.011872300E-09 3.414768510E-05
5.00000E-02 6.309573400E-05 3.994366514E+01
5.00000E-02 6.309573400E-07 8.398493795E+03
5.00000E-02 6.309573400E-08 8.729379622E-01
5.00000E-02 6.309573400E-09 8.438601056E-05
5.00000E-02 7.943282300E-05 1.932571446E-03
5.00000E-02 7.943282300E-06 5.653457299E+07
5.00000E-02 7.943282300E-07 1.998846858E+04
5.00000E-02 7.943282300E-08 2.159185196E+00
1.00000E-01 1.258925400E-04 0.000000000E+00
1.00000E-01 1.584893200E-04 0.000000000E+00
1.00000E-01 1.995262300E-04 0.000000000E+00
1.00000E-01 1.000000000E-04 0.000000000E+00
1.00000E-01 2.511886400E-04 0.000000000E+00
1.00000E-01 3.162277700E-04 0.000000000E+00
1.00000E-01 1.000000000E-03 0.000000000E+00
1.00000E-01 3.162277700E-03 0.000000000E+00
1.00000E-01 1.000000000E-02 0.000000000E+00
1.00000E-01 3.162277700E-02 0.000000000E+00
1.00000E-01 1.258925400E-05 6.166491441E+06
1.00000E-01 1.258925400E-06 4.530406619E+05
1.00000E-01 1.258925400E-07 5.184798762E+01
1.00000E-01 1.258925400E-08 5.231201857E-03
1.00000E-01 1.258925400E-09 5.289121536E-07
1.00000E-01 1.584893200E-05 1.563222343E+06
1.00000E-01 1.584893200E-06 1.065767385E+06
1.00000E-01 1.584893200E-07 1.379973177E+02
1.00000E-01 1.584893200E-08 1.312466724E-02
1.00000E-01 1.584893200E-09 1.370693476E-06
1.00000E-01 1.995262300E-05 1.157763518E+05
1.00000E-01 1.995262300E-06 2.328736032E+06
1.00000E-01 1.995262300E-07 3.255044934E+02
1.00000E-01 1.995262300E-08 3.251495758E-02
1.00000E-01 1.995262300E-09 3.310756574E-06
1.00000E-01 1.000000000E-05 1.490597076E+07
1.00000E-01 1.000000000E-06 1.860617052E+05
1.00000E-01 1.000000000E-07 2.052701465E+01
1.00000E-01 1.000000000E-08 2.142026749E-03
1.00000E-01 1.000000000E-09 2.065030354E-07
1.00000E-01 2.511886400E-05 3.245177777E+03
1.00000E-01 2.511886400E-06 4.396697765E+06
1.00000E-01 2.511886400E-07 8.372682899E+02
1.00000E-01 2.511886400E-08 8.508283823E-02
1.00000E-01 2.511886400E-09 8.231642040E-06
1.00000E-01 3.162277700E-05 6.779424744E+00
1.00000E-01 3.162277700E-07 2.063010361E+03
1.00000E-01 3.981071700E-05 5.797620155E-04
1.00000E-01 3.981071700E-06 1.383124067E+07
1.00000E-01 3.981071700E-07 5.292261001E+03
1.00000E-01 3.981071700E-08 5.539402079E-01
1.00000E-01 3.981071700E-09 5.457906259E-05
1.00000E-01 5.011872300E-05 1.082165386E-10
1.00000E-01 5.011872300E-06 1.886519229E+07
1.00000E-01 5.011872300E-07 1.331560483E+04
1.00000E-01 5.011872300E-08 1.335403528E+00
1.00000E-01 5.011872300E-09 1.368935978E-04
1.00000E-01 6.309573400E-05 2.318464596E-21
1.00000E-01 6.309573400E-06 2.106368951E+07
1.00000E-01 6.309573400E-07 3.270614709E+04
1.00000E-01 6.309573400E-08 3.395827136E+00
1.00000E-01 6.309573400E-09 3.218165213E-04
1.00000E-01 7.943282300E-05 1.646047594E-37
1.00000E-01 7.943282300E-06 1.974895481E+07
1.00000E-01 7.943282300E-07 7.964968555E+04
1.00000E-01 7.943282300E-08 8.499555803E+00
1.00000E-01 7.943282300E-09 7.939665821E-04
1.50000E-01 1.258925400E-04 0.000000000E+00
1.50000E-01 1.584893200E-04 0.000000000E+00
1.50000E-01 1.995262300E-04 0.000000000E+00
1.50000E-01 1.000000000E-04 0.000000000E+00
1.50000E-01 2.511886400E-04 0.000000000E+00
1.50000E-01 3.162277700E-04 0.000000000E+00
1.50000E-01 1.000000000E-03 0.000000000E+00
1.50000E-01 3.162277700E-03 0.000000000E+00
1.50000E-01 1.000000000E-02 0.000000000E+00
1.50000E-01 3.162277700E-02 0.000000000E+00
1.50000E-01 1.258925400E-05 1.505509035E+05
1.50000E-01 1.258925400E-06 8.608281060E+05
1.50000E-01 1.258925400E-07 1.184426309E+02
1.50000E-01 1.258925400E-08 1.173818687E-02
1.50000E-01 1.258925400E-09 1.198585891E-06
1.50000E-01 1.584893200E-06 1.703075784E+06
1.50000E-01 1.584893200E-07 3.053247302E+02
1.50000E-01 1.584893200E-08 3.038579502E-02
1.50000E-01 1.584893200E-09 2.886327357E-06
1.50000E-01 1.995262300E-05 1.040463692E+01
1.50000E-01 1.995262300E-06 3.340246872E+06
1.50000E-01 1.995262300E-07 7.276211130E+02
1.50000E-01 1.995262300E-08 7.123835953E-02
1.50000E-01 1.995262300E-09 7.398162677E-06
1.50000E-01 1.000000000E-05 1.072456436E+06
1.50000E-01 1.000000000E-07 4.712034022E+01
1.50000E-01 1.000000000E-08 4.621408436E-03
1.50000E-01 1.000000000E-09 5.043268475E-07
1.50000E-01 2.511886400E-05 3.715307514E-03
1.50000E-01 2.511886400E-07 1.946652293E+03
1.50000E-01 2.511886400E-08 1.836953669E-01
1.50000E-01 2.511886400E-09 1.805563717E-05
1.50000E-01 3.162277700E-05 7.035911260E-09
1.50000E-01 3.162277700E-06 7.751813892E+06
1.50000E-01 3.162277700E-07 4.866068466E+03
1.50000E-01 3.162277700E-08 4.565022714E-01
1.50000E-01 3.162277700E-09 4.672296031E-05
1.50000E-01 3.981071700E-05 3.578787688E-18
1.50000E-01 3.981071700E-06 9.332579901E+06
1.50000E-01 3.981071700E-07 1.168365990E+04
1.50000E-01 3.981071700E-08 1.200031087E+00
1.50000E-01 3.981071700E-09 1.111153154E-04
1.50000E-01 5.011872300E-05 9.068412417E-36
1.50000E-01 5.011872300E-06 9.083458332E+06
1.50000E-01 5.011872300E-07 2.794883584E+04
1.50000E-01 5.011872300E-08 3.121047521E+00
1.50000E-01 5.011872300E-09 3.000101627E-04
1.50000E-01 6.309573400E-05 0.000000000E+00
1.50000E-01 6.309573400E-06 7.082131377E+06
1.50000E-01 6.309573400E-08 7.467197203E+00
1.50000E-01 6.309573400E-09 7.346384507E-04
1.50000E-01 7.943282300E-05 0.000000000E+00
1.50000E-01 7.943282300E-06 3.474535928E+06
1.50000E-01 7.943282300E-07 1.601085551E+05
1.50000E-01 7.943282300E-08 1.959725702E+01
1.50000E-01 7.943282300E-09 1.942317942E-03
2.00000E-01 1.258925400E-04 0.000000000E+00
2.00000E-01 1.584893200E-04 0.000000000E+00
2.00000E-01 1.000000000E-04 0.000000000E+00
2.00000E-01 2.511886400E-04 0.000000000E+00
2.00000E-01 3.162277700E-04 0.000000000E+00
2.00000E-01 1.000000000E-03 0.000000000E+00
2.00000E-01 3.162277700E-03 0.000000000E+00
2.00000E-01 1.000000000E-02 0.000000000E+00
2.00000E-01 3.162277700E-02 0.000000000E+00
2.00000E-01 1.258925400E-05 6.308145705E+02
2.00000E-01 1.258925400E-06 1.155871631E+06
2.00000E-01 1.258925400E-07 2.059475849E+02
2.00000E-01 1.258925400E-08 2.063109165E-02
2.00000E-01 1.258925400E-09 1.988812213E-06
2.00000E-01 1.584893200E-05 1.041573298E+00
2.00000E-01 1.584893200E-06 2.124870811E+06
2.00000E-01 1.584893200E-07 5.102573164E+02
2.00000E-01 1.584893200E-08 4.967505937E-02
2.00000E-01 1.584893200E-09 4.767727120E-06
2.00000E-01 1.995262300E-05 1.478141195E-04
2.00000E-01 1.995262300E-06 3.312068865E+06
2.00000E-01 1.995262300E-08 1.287957017E-01
2.00000E-01 1.995262300E-09 1.284932129E-05
2.00000E-01 1.000000000E-05 3.513723092E+04
2.00000E-01 1.000000000E-06 5.365392490E+05
2.00000E-01 1.000000000E-07 8.253333231E+01
2.00000E-01 1.000000000E-08 8.255151109E-03
2.00000E-01 1.000000000E-09 8.387420887E-07
2.00000E-01 2.511886400E-05 2.192636827E-11
2.00000E-01 2.511886400E-06 4.669068319E+06
2.00000E-01 2.511886400E-08 3.392250486E-01
2.00000E-01 2.511886400E-09 3.422956438E-05
2.00000E-01 3.162277700E-05 8.746596720E-23
2.00000E-01 3.162277700E-06 5.172825947E+06
2.00000E-01 3.162277700E-07 8.204286317E+03
2.00000E-01 3.162277700E-08 8.488353826E-01
2.00000E-01 3.162277700E-09 8.603419672E-05
2.00000E-01 3.981071700E-05 1.372412036E-38
2.00000E-01 3.981071700E-06 4.854862085E+06
2.00000E-01 3.981071700E-07 2.021761056E+04
2.00000E-01 3.981071700E-08 2.151488409E+00
2.00000E-01 3.981071700E-09 1.989178393E-04
2.00000E-01 5.011872300E-05 0.000000000E+00
2.00000E-01 5.011872300E-06 3.388998241E+06
2.00000E-01 5.011872300E-07 4.751032584E+04
2.00000E-01 5.011872300E-08 5.116062001E+00
2.00000E-01 6.309573400E-05 0.000000000E+00
2.00000E-01 6.309573400E-06 1.568722155E+06
2.00000E-01 6.309573400E-07 1.132666177E+05
2.00000E-01 6.309573400E-08 1.322465378E+01
2.00000E-01 6.309573400E-09 1.290087531E-03
2.00000E-01 7.943282300E-05 0.000000000E+00
2.00000E-01 7.943282300E-06 3.345349711E+05
2.00000E-01 7.943282300E-07 2.514968480E+05
2.00000E-01 7.943282300E-08 3.231499094E+01
2.00000E-01 7.943282300E-09 3.207894423E-03
2.50000E-01 1.258925400E-04 0.000000000E+00
2.50000E-01 1.995262300E-04 0.000000000E+00
2.50000E-01 1.000000000E-04 0.000000000E+00
2.50000E-01 2.511886400E-04 0.000000000E+00
2.50000E-01 3.162277700E-04 0.000000000E+00
2.50000E-01 1.122018454E-05 6.099631195E-03
2.50000E-01 1.258925400E-05 2.274147135E-05
2.50000E-01 1.258925400E-06 2.563203308E+06
2.50000E-01 1.258925400E-07 1.089562923E+03
2.50000E-01 1.258925400E-08 1.090433366E-01
2.50000E-01 1.258925400E-09 1.091945717E-05
2.50000E-01 1.412537545E-05 3.930374256E-09
2.50000E-01 1.584893200E-05 9.678461886E-13
2.50000E-01 1.584893200E-06 3.493445033E+06
2.50000E-01 1.584893200E-07 2.723299537E+03
2.50000E-01 1.584893200E-08 2.694313791E-01
2.50000E-01 1.584893200E-09 2.759832669E-05
2.50000E-01 1.778279410E-05 7.488304841E-18
2.50000E-01 1.995262300E-05 1.397517249E-24
2.50000E-01 1.995262300E-06 4.068457690E+06
2.50000E-01 1.995262300E-07 6.547164456E+03
2.50000E-01 1.995262300E-08 7.033516263E-01
2.50000E-01 1.995262300E-09 6.401202908E-05
2.50000E-01 1.000000000E-05 4.406023915E-01
2.50000E-01 1.000000000E-06 1.742647054E+06
2.50000E-01 1.000000000E-07 4.316956474E+02
2.50000E-01 1.000000000E-08 4.321662612E-02
2.50000E-01 1.000000000E-09 4.436858941E-06
2.50000E-01 2.238721139E-05 2.197898900E-34
2.50000E-01 2.511886400E-05 0.000000000E+00
2.50000E-01 2.511886400E-06 3.297079437E+06
2.50000E-01 2.511886400E-08 1.768268834E+00
2.50000E-01 2.818382931E-05 0.000000000E+00
2.50000E-01 3.162277700E-05 0.000000000E+00
2.50000E-01 3.162277700E-06 2.358464306E+06
2.50000E-01 3.162277700E-07 3.920512790E+04
2.50000E-01 3.162277700E-08 4.206239718E+00
2.50000E-01 3.162277700E-09 4.152073795E-04
2.50000E-01 3.548133892E-05 0.000000000E+00
2.50000E-01 3.981071700E-05 0.000000000E+00
2.50000E-01 3.981071700E-06 9.171273873E+05
2.50000E-01 3.981071700E-08 1.115586845E+01
2.50000E-01 3.981071700E-09 1.119865093E-03
2.50000E-01 4.466835922E-05 0.000000000E+00
2.50000E-01 5.011872300E-05 0.000000000E+00
2.50000E-01 5.011872300E-06 2.152715904E+05
2.50000E-01 5.011872300E-07 2.128722237E+05
2.50000E-01 5.011872300E-08 2.856961315E+01
2.50000E-01 5.011872300E-09 2.797128506E-03
2.50000E-01 5.623413252E-05 0.000000000E+00
2.50000E-01 6.309573400E-05 0.000000000E+00
2.50000E-01 6.309573400E-06 1.598248261E+04
2.50000E-01 6.309573400E-07 4.451522394E+05
2.50000E-01 6.309573400E-08 7.055174769E+01
2.50000E-01 6.309573400E-09 6.941710133E-03
2.50000E-01 7.079457844E-05 0.000000000E+00
2.50000E-01 7.943282300E-05 0.000000000E+00
2.50000E-01 7.943282300E-06 2.717963964E+02
2.50000E-01 7.943282300E-07 9.433210503E+05
2.50000E-01 7.943282300E-08 1.718954938E+02
2.50000E-01 7.943282300E-09 1.746280767E-02
3.00000E-01 1.258925400E-04 0.000000000E+00
3.00000E-01 1.584893200E-04 0.000000000E+00
3.00000E-01 1.995262300E-04 0.000000000E+00
3.00000E-01 1.000000000E-04 0.000000000E+00
3.00000E-01 2.511886400E-04 0.000000000E+00
3.00000E-01 3.162277700E-04 0.000000000E+00
3.00000E-01 1.258925400E-05 3.803241802E-13
3.00000E-01 1.258925400E-06 2.326240578E+06
3.00000E-01 1.258925400E-07 1.671509362E+03
3.00000E-01 1.258925400E-08 1.682298306E-01
3.00000E-01 1.258925400E-09 1.676454874E-05
3.00000E-01 1.584893200E-05 1.103701881E-24
3.00000E-01 1.584893200E-06 2.383410026E+06
3.00000E-01 1.584893200E-07 4.199343903E+03
3.00000E-01 1.584893200E-08 4.514633724E-01
3.00000E-01 1.584893200E-09 4.390539623E-05
3.00000E-01 1.995262300E-05 0.000000000E+00
3.00000E-01 1.995262300E-06 2.214334211E+06
3.00000E-01 1.995262300E-07 1.013568214E+04
3.00000E-01 1.995262300E-08 1.099873991E+00
3.00000E-01 1.995262300E-09 1.057554985E-04
3.00000E-01 1.000000000E-05 4.929390093E-06
3.00000E-01 1.000000000E-06 1.607143473E+06
3.00000E-01 1.000000000E-07 6.477193007E+02
3.00000E-01 1.000000000E-08 6.655356539E-02
3.00000E-01 1.000000000E-09 6.745873034E-06
3.00000E-01 2.511886400E-05 0.000000000E+00
3.00000E-01 2.511886400E-06 1.586157319E+06
3.00000E-01 2.511886400E-07 2.413461800E+04
3.00000E-01 2.511886400E-08 2.663736088E+00
3.00000E-01 2.511886400E-09 2.724496455E-04
3.00000E-01 3.162277700E-05 0.000000000E+00
3.00000E-01 3.162277700E-06 7.425470299E+05
3.00000E-01 3.162277700E-07 5.567604625E+04
3.00000E-01 3.162277700E-08 6.738440637E+00
3.00000E-01 3.981071700E-05 0.000000000E+00
3.00000E-01 3.981071700E-06 1.790282171E+05
3.00000E-01 3.981071700E-07 1.380997392E+05
3.00000E-01 3.981071700E-08 1.688141357E+01
3.00000E-01 3.981071700E-09 1.756073526E-03
3.00000E-01 5.011872300E-05 0.000000000E+00
3.00000E-01 5.011872300E-06 7.046496174E+03
3.00000E-01 5.011872300E-07 3.055930419E+05
3.00000E-01 5.011872300E-08 4.354955620E+01
3.00000E-01 5.011872300E-09 4.541710888E-03
3.00000E-01 6.309573400E-05 0.000000000E+00
3.00000E-01 6.309573400E-06 2.052706729E+02
3.00000E-01 6.309573400E-07 5.806838328E+05
3.00000E-01 6.309573400E-09 1.090865075E-02
3.00000E-01 7.943282300E-05 0.000000000E+00
3.00000E-01 7.943282300E-06 2.492188818E-01
3.00000E-01 7.943282300E-07 1.049446402E+06
3.00000E-01 7.943282300E-08 2.739672958E+02
3.00000E-01 7.943282300E-09 2.701748114E-02
3.50000E-01 1.258925400E-04 0.000000000E+00
3.50000E-01 1.584893200E-04 0.000000000E+00
3.50000E-01 1.000000000E-04 0.000000000E+00
3.50000E-01 2.511886400E-04 0.000000000E+00
3.50000E-01 3.162277700E-04 0.000000000E+00
3.50000E-01 1.258925400E-05 2.404164530E-20
3.50000E-01 1.258925400E-06 1.687049551E+06
3.50000E-01 1.258925400E-07 2.316511398E+03
3.50000E-01 1.258925400E-08 2.319576458E-01
3.50000E-01 1.258925400E-09 2.352682372E-05
3.50000E-01 1.584893200E-05 5.679160334E-36
3.50000E-01 1.584893200E-06 1.677338954E+06
3.50000E-01 1.584893200E-07 5.790498793E+03
3.50000E-01 1.584893200E-08 5.753675286E-01
3.50000E-01 1.584893200E-09 5.961438945E-05
3.50000E-01 1.995262300E-05 0.000000000E+00
3.50000E-01 1.995262300E-06 1.221841837E+06
3.50000E-01 1.995262300E-07 1.369688071E+04
3.50000E-01 1.995262300E-08 1.453082687E+00
3.50000E-01 1.995262300E-09 1.402236750E-04
3.50000E-01 1.000000000E-05 6.026658980E-11
3.50000E-01 1.000000000E-06 1.490322890E+06
3.50000E-01 1.000000000E-07 9.142280148E+02
3.50000E-01 1.000000000E-08 9.199474286E-02
3.50000E-01 2.511886400E-05 0.000000000E+00
3.50000E-01 2.511886400E-06 5.816523596E+05
3.50000E-01 2.511886400E-07 3.207279494E+04
3.50000E-01 2.511886400E-08 3.611664730E+00
3.50000E-01 2.511886400E-09 3.686090696E-04
3.50000E-01 3.162277700E-05 0.000000000E+00
3.50000E-01 3.162277700E-06 1.505555034E+05
3.50000E-01 3.162277700E-07 7.469566298E+04
3.50000E-01 3.162277700E-08 9.119669879E+00
3.50000E-01 3.162277700E-09 9.370128334E-04
3.50000E-01 3.981071700E-05 0.000000000E+00
3.50000E-01 3.981071700E-06 1.751996477E+04
3.50000E-01 3.981071700E-07 1.630256386E+05
3.50000E-01 3.981071700E-08 2.441798381E+01
3.50000E-01 3.981071700E-09 2.463908849E-03
3.50000E-01 5.011872300E-05 0.000000000E+00
3.50000E-01 5.011872300E-06 4.019799538E+02
3.50000E-01 5.011872300E-07 3.404792594E+05
3.50000E-01 5.011872300E-08 5.844704611E+01
3.50000E-01 5.011872300E-09 5.868809574E-03
3.50000E-01 6.309573400E-05 0.000000000E+00
3.50000E-01 6.309573400E-06 6.118388325E-01
3.50000E-01 6.309573400E-07 6.335326576E+05
3.50000E-01 6.309573400E-08 1.413531189E+02
3.50000E-01 6.309573400E-09 1.518905093E-02
3.50000E-01 7.943282300E-05 0.000000000E+00
3.50000E-01 7.943282300E-06 4.482487233E-05
3.50000E-01 7.943282300E-07 1.042596636E+06
3.50000E-01 7.943282300E-08 3.777646827E+02
3.50000E-01 7.943282300E-09 3.735440066E-02
4.00000E-01 1.258925400E-04 0.000000000E+00
4.00000E-01 1.584893200E-04 0.000000000E+00
4.00000E-01 1.995262300E-04 0.000000000E+00
4.00000E-01 1.000000000E-04 0.000000000E+00
4.00000E-01 2.511886400E-04 0.000000000E+00
4.00000E-01 3.162277700E-04 0.000000000E+00
4.00000E-01 1.258925400E-05 3.557226137E-33
4.00000E-01 1.258925400E-06 1.209007105E+06
4.00000E-01 1.258925400E-07 2.994748056E+03
4.00000E-01 1.258925400E-08 3.332087547E-01
4.00000E-01 1.258925400E-09 3.199521772E-05
4.00000E-01 1.584893200E-06 9.915571490E+05
4.00000E-01 1.584893200E-07 7.666774773E+03
4.00000E-01 1.584893200E-08 8.086815775E-01
4.00000E-01 1.584893200E-09 7.898686570E-05
4.00000E-01 1.995262300E-05 0.000000000E+00
4.00000E-01 1.995262300E-06 4.813437398E+05
4.00000E-01 1.995262300E-07 1.745904956E+04
4.00000E-01 1.995262300E-08 2.061128867E+00
4.00000E-01 1.995262300E-09 2.031363840E-04
4.00000E-01 1.000000000E-05 5.429451470E-19
4.00000E-01 1.000000000E-06 1.162827356E+06
4.00000E-01 1.000000000E-07 1.239941148E+03
4.00000E-01 1.000000000E-08 1.312453178E-01
4.00000E-01 1.000000000E-09 1.352831329E-05
4.00000E-01 2.511886400E-05 0.000000000E+00
4.00000E-01 2.511886400E-06 1.679339351E+05
4.00000E-01 2.511886400E-07 4.248175189E+04
4.00000E-01 2.511886400E-08 5.117111343E+00
4.00000E-01 2.511886400E-09 5.238218097E-04
4.00000E-01 3.162277700E-05 0.000000000E+00
4.00000E-01 3.162277700E-06 2.197493942E+04
4.00000E-01 3.162277700E-07 9.118390808E+04
4.00000E-01 3.162277700E-08 1.340323323E+01
4.00000E-01 3.162277700E-09 1.296449527E-03
4.00000E-01 3.981071700E-05 0.000000000E+00
4.00000E-01 3.981071700E-06 7.478047363E+02
4.00000E-01 3.981071700E-07 1.970561341E+05
4.00000E-01 3.981071700E-08 3.165740703E+01
4.00000E-01 3.981071700E-09 3.317831177E-03
4.00000E-01 5.011872300E-05 0.000000000E+00
4.00000E-01 5.011872300E-06 4.610102930E+00
4.00000E-01 5.011872300E-07 3.879290618E+05
4.00000E-01 5.011872300E-08 8.232846901E+01
4.00000E-01 5.011872300E-09 8.429044515E-03
4.00000E-01 6.309573400E-05 0.000000000E+00
4.00000E-01 6.309573400E-06 1.601598050E-03
4.00000E-01 6.309573400E-07 6.211888547E+05
4.00000E-01 6.309573400E-08 2.114221491E+02
4.00000E-01 6.309573400E-09 2.042751596E-02
4.00000E-01 7.943282300E-05 0.000000000E+00
4.00000E-01 7.943282300E-06 3.875034948E-09
4.00000E-01 7.943282300E-07 9.585354115E+05
4.00000E-01 7.943282300E-08 4.853449560E+02
4.00000E-01 7.943282300E-09 5.001273569E-02
4.50000E-01 1.258925400E-04 0.000000000E+00
4.50000E-01 1.584893200E-04 0.000000000E+00
4.50000E-01 1.995262300E-04 0.000000000E+00
4.50000E-01 1.000000000E-04 0.000000000E+00
4.50000E-01 2.511886400E-04 0.000000000E+00
4.50000E-01 1.258925400E-05 0.000000000E+00
4.50000E-01 1.258925400E-06 7.914296895E+05
4.50000E-01 1.258925400E-07 3.948747907E+03
4.50000E-01 1.258925400E-08 4.257714048E-01
4.50000E-01 1.258925400E-09 4.281870155E-05
4.50000E-01 1.584893200E-05 0.000000000E+00
4.50000E-01 1.584893200E-06 4.651499315E+05
4.50000E-01 1.584893200E-07 1.004566456E+04
4.50000E-01 1.584893200E-08 1.068368839E+00
4.50000E-01 1.584893200E-09 1.076753501E-04
4.50000E-01 1.995262300E-05 0.000000000E+00
4.50000E-01 1.995262300E-06 1.825863157E+05
4.50000E-01 1.995262300E-07 2.172893018E+04
4.50000E-01 1.995262300E-08 2.592490766E+00
4.50000E-01 1.995262300E-09 2.680068782E-04
4.50000E-01 1.000000000E-05 7.050811820E-27
4.50000E-01 1.000000000E-06 8.829570618E+05
4.50000E-01 1.000000000E-07 1.723690233E+03
4.50000E-01 1.000000000E-08 1.619129459E-01
4.50000E-01 1.000000000E-09 1.798772391E-05
4.50000E-01 2.511886400E-05 0.000000000E+00
4.50000E-01 2.511886400E-06 2.986839862E+04
4.50000E-01 2.511886400E-07 5.097593888E+04
4.50000E-01 2.511886400E-08 6.639030070E+00
4.50000E-01 2.511886400E-09 6.771637394E-04
4.50000E-01 3.162277700E-05 0.000000000E+00
4.50000E-01 3.162277700E-06 2.280978128E+03
4.50000E-01 3.162277700E-07 1.077697502E+05
4.50000E-01 3.162277700E-08 1.717480657E+01
4.50000E-01 3.162277700E-09 1.725023503E-03
4.50000E-01 3.981071700E-05 0.000000000E+00
4.50000E-01 3.981071700E-06 2.637826797E+01
4.50000E-01 3.981071700E-07 2.255110894E+05
4.50000E-01 3.981071700E-08 4.098756530E+01
4.50000E-01 3.981071700E-09 4.119153551E-03
4.50000E-01 5.011872300E-05 0.000000000E+00
4.50000E-01 5.011872300E-06 2.586351015E-02
4.50000E-01 5.011872300E-07 4.009297125E+05
4.50000E-01 5.011872300E-08 9.834355443E+01
4.50000E-01 5.011872300E-09 1.090209741E-02
4.50000E-01 6.309573400E-05 0.000000000E+00
4.50000E-01 6.309573400E-06 5.780065096E-07
4.50000E-01 6.309573400E-07 6.118315721E+05
4.50000E-01 6.309573400E-08 2.665049758E+02
4.50000E-01 6.309573400E-09 2.784638384E-02
4.50000E-01 7.943282300E-05 0.000000000E+00
4.50000E-01 7.943282300E-06 1.350883574E-15
4.50000E-01 7.943282300E-07 8.079263647E+05
4.50000E-01 7.943282300E-08 6.374094384E+02
4.50000E-01 7.943282300E-09 6.852249955E-02
4.00000E-01 1.584893200E-08 8.228756995E-01
4.00000E-01 1.995262300E-06 4.672733771E+05
5.00000E-01 1.258925400E-04 0.000000000E+00
5.00000E-01 1.584893200E-04 0.000000000E+00
5.00000E-01 1.995262300E-04 0.000000000E+00
5.00000E-01 1.000000000E-04 0.000000000E+00
5.00000E-01 2.511886400E-04 0.000000000E+00
5.00000E-01 3.162277700E-04 0.000000000E+00
5.00000E-01 1.258925400E-05 0.000000000E+00
5.00000E-01 1.258925400E-06 4.534749163E+05
5.00000E-01 1.258925400E-07 4.816761269E+03
5.00000E-01 1.258925400E-08 5.411905358E-01
5.00000E-01 1.258925400E-09 5.546881001E-05
5.00000E-01 1.584893200E-05 0.000000000E+00
5.00000E-01 1.584893200E-06 1.881453081E+05
5.00000E-01 1.584893200E-07 1.190462238E+04
5.00000E-01 1.584893200E-08 1.264153325E+00
5.00000E-01 1.584893200E-09 1.477102772E-04
5.00000E-01 1.995262300E-05 0.000000000E+00
5.00000E-01 1.995262300E-06 5.209905233E+04
5.00000E-01 1.995262300E-07 2.659559316E+04
5.00000E-01 1.995262300E-08 3.329653050E+00
5.00000E-01 1.995262300E-09 3.534270574E-04
5.00000E-01 1.000000000E-05 1.669536025E-38
5.00000E-01 1.000000000E-06 6.613170694E+05
5.00000E-01 1.000000000E-07 1.990493011E+03
5.00000E-01 1.000000000E-08 2.261111495E-01
5.00000E-01 1.000000000E-09 2.247176510E-05
5.00000E-01 2.511886400E-05 0.000000000E+00
5.00000E-01 2.511886400E-06 4.101993636E+03
5.00000E-01 2.511886400E-07 5.983107886E+04
5.00000E-01 2.511886400E-08 8.955800414E+00
5.00000E-01 2.511886400E-09 8.840404656E-04
5.00000E-01 3.162277700E-05 0.000000000E+00
5.00000E-01 3.162277700E-06 1.402746747E+02
5.00000E-01 3.162277700E-07 1.227682691E+05
5.00000E-01 3.162277700E-08 2.047660801E+01
5.00000E-01 3.162277700E-09 2.209013582E-03
5.00000E-01 3.981071700E-05 0.000000000E+00
5.00000E-01 3.981071700E-06 2.119364271E-01
5.00000E-01 3.981071700E-07 2.267945280E+05
5.00000E-01 3.981071700E-08 4.967091959E+01
5.00000E-01 3.981071700E-09 5.713075774E-03
5.00000E-01 5.011872300E-05 0.000000000E+00
5.00000E-01 5.011872300E-06 3.317499857E-05
5.00000E-01 5.011872300E-07 3.926822221E+05
5.00000E-01 5.011872300E-08 1.343203422E+02
5.00000E-01 5.011872300E-09 1.417367552E-02
5.00000E-01 6.309573400E-05 0.000000000E+00
5.00000E-01 6.309573400E-06 1.045436362E-11
5.00000E-01 6.309573400E-07 5.446527058E+05
5.00000E-01 6.309573400E-09 3.513553715E-02
5.00000E-01 7.943282300E-05 0.000000000E+00
5.00000E-01 7.943282300E-06 2.726519432E-22
5.00000E-01 7.943282300E-07 6.800311047E+05
5.00000E-01 7.943282300E-08 8.109748374E+02
5.00000E-01 7.943282300E-09 8.873310577E-02
5.50000E-01 1.258925400E-05 0.000000000E+00
5.50000E-01 1.258925400E-06 2.139802218E+05
5.50000E-01 1.258925400E-07 6.282705160E+03
5.50000E-01 1.258925400E-08 7.249411198E-01
5.50000E-01 1.584893200E-05 0.000000000E+00
5.50000E-01 1.584893200E-06 6.623045629E+04
5.50000E-01 1.584893200E-07 1.445064431E+04
5.50000E-01 1.584893200E-08 1.712334227E+00
5.50000E-01 1.995262300E-05 0.000000000E+00
5.50000E-01 1.995262300E-06 1.041760390E+04
5.50000E-01 1.995262300E-07 3.446883980E+04
5.50000E-01 1.995262300E-08 4.377947661E+00
5.50000E-01 1.000000000E-05 0.000000000E+00
5.50000E-01 1.000000000E-06 3.945166652E+05
5.50000E-01 1.000000000E-07 2.587571196E+03
5.50000E-01 1.000000000E-08 2.774309502E-01
5.50000E-01 2.511886400E-05 0.000000000E+00
5.50000E-01 2.511886400E-06 4.876884665E+02
5.50000E-01 2.511886400E-07 7.178516311E+04
5.50000E-01 2.511886400E-08 1.091431357E+01
5.50000E-01 3.162277700E-05 0.000000000E+00
5.50000E-01 3.162277700E-06 3.688835940E+00
5.50000E-01 3.162277700E-07 1.408542287E+05
5.50000E-01 3.162277700E-08 2.816648731E+01
5.50000E-01 3.981071700E-06 4.785715192E-04
5.50000E-01 3.981071700E-07 2.323104782E+05
5.50000E-01 3.981071700E-08 6.722536943E+01
5.50000E-01 3.981071700E-09 7.248694207E-03
5.50000E-01 5.011872300E-06 1.227031063E-09
5.50000E-01 5.011872300E-07 3.742881287E+05
5.50000E-01 5.011872300E-08 1.777859451E+02
5.50000E-01 5.011872300E-09 1.747245556E-02
5.50000E-01 6.309573400E-06 2.919527832E-18
5.50000E-01 6.309573400E-07 4.826130192E+05
5.50000E-01 6.309573400E-09 4.728764118E-02
5.50000E-01 7.943282300E-06 6.112177099E-32
5.50000E-01 7.943282300E-07 4.935789043E+05
5.50000E-01 7.943282300E-08 1.120210483E+03
5.50000E-01 7.943282300E-09 1.175756015E-01
6.00000E-01 1.258925400E-05 0.000000000E+00
6.00000E-01 1.258925400E-06 6.978511509E+04
6.00000E-01 1.258925400E-07 7.843025839E+03
6.00000E-01 1.258925400E-08 9.395703803E-01
6.00000E-01 1.584893200E-05 0.000000000E+00
6.00000E-01 1.584893200E-06 1.372235406E+04
6.00000E-01 1.584893200E-07 1.875954625E+04
6.00000E-01 1.584893200E-08 2.347589224E+00
6.00000E-01 1.995262300E-05 0.000000000E+00
6.00000E-01 1.995262300E-06 7.334053110E+02
6.00000E-01 1.995262300E-07 3.900216637E+04
6.00000E-01 1.995262300E-08 5.915581661E+00
6.00000E-01 1.000000000E-05 0.000000000E+00
6.00000E-01 1.000000000E-06 1.692388587E+05
6.00000E-01 1.000000000E-07 3.295761773E+03
6.00000E-01 1.000000000E-08 3.653336411E-01
6.00000E-01 2.511886400E-05 0.000000000E+00
6.00000E-01 2.511886400E-06 1.749829603E+01
6.00000E-01 2.511886400E-07 8.414398316E+04
6.00000E-01 2.511886400E-08 1.575273984E+01
6.00000E-01 3.162277700E-05 0.000000000E+00
6.00000E-01 3.162277700E-06 1.030103607E-02
6.00000E-01 3.162277700E-07 1.397096874E+05
6.00000E-01 3.162277700E-08 3.743158778E+01
6.00000E-01 3.162277700E-09 3.647771581E-03
6.00000E-01 3.981071700E-06 6.102315875E-08
6.00000E-01 3.981071700E-07 2.330842025E+05
6.00000E-01 3.981071700E-09 9.733649111E-03
6.00000E-01 5.011872300E-06 2.425116174E-15
6.00000E-01 5.011872300E-07 2.879278803E+05
6.00000E-01 5.011872300E-08 2.381286855E+02
6.00000E-01 5.011872300E-09 2.444181223E-02
6.00000E-01 6.309573400E-06 1.356291578E-27
6.00000E-01 6.309573400E-07 3.328911768E+05
6.00000E-01 6.309573400E-08 5.859472748E+02
6.00000E-01 6.309573400E-09 6.169878408E-02
6.00000E-01 7.943282300E-06 0.000000000E+00
6.00000E-01 7.943282300E-07 2.736237153E+05
6.00000E-01 7.943282300E-08 1.324880356E+03
6.00000E-01 7.943282300E-09 1.587451655E-01
6.50000E-01 1.122018454E-06 2.269964040E+04
6.50000E-01 1.258925400E-05 0.000000000E+00
6.50000E-01 1.258925400E-06 1.046772736E+04
6.50000E-01 1.258925400E-07 1.058781345E+04
6.50000E-01 1.258925400E-08 1.448780192E+00
6.50000E-01 1.412537545E-06 2.582004755E+03
6.50000E-01 1.584893200E-06 5.375415905E+02
6.50000E-01 1.584893200E-07 2.373017597E+04
6.50000E-01 1.584893200E-08 3.542060181E+00
6.50000E-01 1.778279410E-06 6.933173873E+01
6.50000E-01 1.995262300E-05 0.000000000E+00
6.50000E-01 1.995262300E-06 8.636407703E+00
6.50000E-01 1.995262300E-07 4.987448841E+04
6.50000E-01 1.995262300E-08 8.654663745E+00
6.50000E-01 1.000000000E-05 0.000000000E+00
6.50000E-01 1.000000000E-06 4.163422493E+04
6.50000E-01 1.000000000E-07 4.949043711E+03
6.50000E-01 1.000000000E-08 5.810685308E-01
6.50000E-01 2.238721139E-06 2.222660834E-01
6.50000E-01 2.511886400E-05 0.000000000E+00
6.50000E-01 2.511886400E-06 1.933147153E-03
6.50000E-01 2.511886400E-07 9.064557374E+04
6.50000E-01 2.511886400E-08 2.169894541E+01
6.50000E-01 2.818382931E-06 5.993398730E-05
6.50000E-01 3.162277700E-06 8.867867746E-09
6.50000E-01 3.162277700E-07 1.425029161E+05
6.50000E-01 3.162277700E-08 5.750424690E+01
6.50000E-01 3.162277700E-09 6.091065053E-03
6.50000E-01 3.548133892E-06 6.291765400E-12
6.50000E-01 3.981071700E-06 6.622383849E-16
6.50000E-01 3.981071700E-07 1.912215345E+05
6.50000E-01 3.981071700E-08 1.491237927E+02
6.50000E-01 3.981071700E-09 1.296559193E-02
6.50000E-01 4.466835922E-06 4.629671335E-21
6.50000E-01 5.011872300E-06 5.313230609E-29
6.50000E-01 5.011872300E-07 2.169362438E+05
6.50000E-01 5.011872300E-08 3.328804689E+02
6.50000E-01 5.011872300E-09 3.884342107E-02
6.50000E-01 5.623413252E-06 7.233576829E-38
6.50000E-01 6.309573400E-06 0.000000000E+00
6.50000E-01 6.309573400E-07 1.836039954E+05
6.50000E-01 6.309573400E-08 8.717515704E+02
6.50000E-01 6.309573400E-09 9.561177917E-02
6.50000E-01 7.079457844E-06 0.000000000E+00
6.50000E-01 7.943282300E-06 0.000000000E+00
6.50000E-01 7.943282300E-07 1.055229808E+05
6.50000E-01 7.943282300E-08 2.061997033E+03
6.50000E-01 7.943282300E-09 2.318252673E-01
6.50000E-01 8.912509381E-06 0.000000000E+00
7.00000E-01 1.258925400E-05 0.000000000E+00
7.00000E-01 1.258925400E-06 1.644820958E+02
7.00000E-01 1.258925400E-07 1.455175063E+04
7.00000E-01 1.258925400E-08 2.617430910E+00
7.00000E-01 1.584893200E-05 0.000000000E+00
7.00000E-01 1.584893200E-06 6.653912868E-01
7.00000E-01 1.584893200E-07 3.138242564E+04
7.00000E-01 1.584893200E-08 6.660580438E+00
7.00000E-01 1.995262300E-05 0.000000000E+00
7.00000E-01 1.995262300E-06 1.967583194E-04
7.00000E-01 1.995262300E-07 5.602026039E+04
7.00000E-01 1.995262300E-08 1.644011061E+01
7.00000E-01 1.000000000E-05 0.000000000E+00
7.00000E-01 1.000000000E-06 2.831018812E+03
7.00000E-01 1.000000000E-07 7.613178023E+03
7.00000E-01 2.511886400E-05 0.000000000E+00
7.00000E-01 2.511886400E-06 6.670706034E-11
7.00000E-01 2.511886400E-07 8.718991382E+04
7.00000E-01 2.511886400E-08 4.095691642E+01
7.00000E-01 3.162277700E-05 0.000000000E+00
7.00000E-01 3.162277700E-06 3.989923827E-19
7.00000E-01 3.162277700E-07 1.075932538E+05
7.00000E-01 3.162277700E-08 9.702300868E+01
7.00000E-01 3.162277700E-09 9.961270665E-03
7.00000E-01 3.981071700E-06 2.699148575E-36
7.00000E-01 3.981071700E-07 1.082891884E+05
7.00000E-01 3.981071700E-08 2.599086524E+02
7.00000E-01 3.981071700E-09 2.194811569E-02
7.00000E-01 5.011872300E-06 0.000000000E+00
7.00000E-01 5.011872300E-07 9.052110669E+04
7.00000E-01 5.011872300E-08 5.768274383E+02
7.00000E-01 5.011872300E-09 5.371357052E-02
7.00000E-01 6.309573400E-06 0.000000000E+00
7.00000E-01 6.309573400E-07 5.562891478E+04
7.00000E-01 6.309573400E-08 1.531011672E+03
7.00000E-01 6.309573400E-09 1.843338715E-01
7.00000E-01 7.943282300E-06 0.000000000E+00
7.00000E-01 7.943282300E-07 2.060836475E+04
7.00000E-01 7.943282300E-08 3.338556529E+03
7.00000E-01 7.943282300E-09 3.608130777E-01
7.50000E-01 1.122018454E-06 1.771212078E+00
7.50000E-01 1.258925400E-05 0.000000000E+00
7.50000E-01 1.258925400E-06 9.307446267E-02
7.50000E-01 1.258925400E-07 2.132308566E+04
7.50000E-01 1.258925400E-08 4.519341970E+00
7.50000E-01 1.412537545E-06 1.330175844E-03
7.50000E-01 1.584893200E-05 0.000000000E+00
7.50000E-01 1.584893200E-06 1.881681561E-05
7.50000E-01 1.584893200E-07 3.540524622E+04
7.50000E-01 1.584893200E-08 1.173309324E+01
7.50000E-01 1.778279410E-06 2.759205701E-08
7.50000E-01 1.995262300E-05 0.000000000E+00
7.50000E-01 1.995262300E-06 3.845908602E-12
7.50000E-01 1.995262300E-07 5.024168531E+04
7.50000E-01 1.995262300E-08 2.960016316E+01
7.50000E-01 1.000000000E-05 0.000000000E+00
7.50000E-01 1.000000000E-06 8.558048634E+00
7.50000E-01 1.000000000E-07 1.040766457E+04
7.50000E-01 1.000000000E-08 1.729004427E+00
7.50000E-01 2.238721139E-06 3.725976648E-15
7.50000E-01 2.511886400E-05 0.000000000E+00
7.50000E-01 2.511886400E-06 3.901656287E-22
7.50000E-01 2.511886400E-07 6.353487523E+04
7.50000E-01 2.511886400E-08 5.882437517E+01
7.50000E-01 2.818382931E-06 1.835670206E-29
7.50000E-01 3.162277700E-05 0.000000000E+00
7.50000E-01 3.162277700E-06 3.430429517E-38
7.50000E-01 3.162277700E-07 6.437164697E+04
7.50000E-01 3.162277700E-08 1.639245886E+02
7.50000E-01 3.162277700E-09 1.639820243E-02
7.50000E-01 3.548133892E-06 0.000000000E+00
7.50000E-01 3.981071700E-06 0.000000000E+00
7.50000E-01 3.981071700E-07 4.548851258E+04
7.50000E-01 3.981071700E-08 3.658460551E+02
7.50000E-01 3.981071700E-09 3.982345593E-02
7.50000E-01 4.466835922E-06 0.000000000E+00
7.50000E-01 5.011872300E-06 0.000000000E+00
7.50000E-01 5.011872300E-07 2.646904570E+04
7.50000E-01 5.011872300E-08 8.814292183E+02
7.50000E-01 5.011872300E-09 1.032377337E-01
7.50000E-01 5.623413252E-06 0.000000000E+00
7.50000E-01 6.309573400E-06 0.000000000E+00
7.50000E-01 6.309573400E-07 8.900843411E+03
7.50000E-01 6.309573400E-08 2.191696258E+03
7.50000E-01 6.309573400E-09 2.590063566E-01
7.50000E-01 7.079457844E-06 0.000000000E+00
7.50000E-01 7.943282300E-06 0.000000000E+00
7.50000E-01 7.943282300E-07 1.217546641E+03
7.50000E-01 7.943282300E-08 5.488462722E+03
7.50000E-01 7.943282300E-09 7.427960208E-01
7.50000E-01 8.912509381E-06 0.000000000E+00
8.00000E-01 1.122018454E-06 5.047619168E+00
8.00000E-01 1.258925400E-05 0.000000000E+00
8.00000E-01 1.258925400E-06 1.818597426E-01
8.00000E-01 1.258925400E-07 1.983670303E+04
8.00000E-01 1.258925400E-08 3.557259675E+00
8.00000E-01 1.412537545E-06 2.086610652E-03
8.00000E-01 1.584893200E-05 0.000000000E+00
8.00000E-01 1.584893200E-06 5.216768314E-05
8.00000E-01 1.584893200E-07 3.275619557E+04
8.00000E-01 1.584893200E-08 9.756206637E+00
8.00000E-01 1.778279410E-06 2.694487238E-08
8.00000E-01 1.995262300E-05 0.000000000E+00
8.00000E-01 1.995262300E-06 1.543051080E-11
8.00000E-01 1.995262300E-07 5.352297678E+04
8.00000E-01 1.995262300E-08 2.700021178E+01
8.00000E-01 1.000000000E-05 0.000000000E+00
8.00000E-01 1.000000000E-06 3.799658228E+01
8.00000E-01 1.000000000E-07 1.061771862E+04
8.00000E-01 1.000000000E-08 1.711958673E+00
8.00000E-01 2.238721139E-06 6.814610570E-15
8.00000E-01 2.511886400E-05 0.000000000E+00
8.00000E-01 2.511886400E-06 1.380585419E-23
8.00000E-01 2.511886400E-07 6.395264996E+04
8.00000E-01 2.511886400E-08 6.134039795E+01
8.00000E-01 2.818382931E-06 7.812118148E-28
8.00000E-01 3.162277700E-06 0.000000000E+00
8.00000E-01 3.162277700E-07 6.305118032E+04
8.00000E-01 3.162277700E-08 1.602666871E+02
8.00000E-01 3.162277700E-09 1.657047182E-02
8.00000E-01 3.548133892E-06 0.000000000E+00
8.00000E-01 3.981071700E-06 0.000000000E+00
8.00000E-01 3.981071700E-07 4.750448730E+04
8.00000E-01 3.981071700E-08 4.083508406E+02
8.00000E-01 3.981071700E-09 3.822356986E-02
8.00000E-01 4.466835922E-06 0.000000000E+00
8.00000E-01 5.011872300E-06 0.000000000E+00
8.00000E-01 5.011872300E-07 2.816682193E+04
8.00000E-01 5.011872300E-08 8.706543750E+02
8.00000E-01 5.011872300E-09 9.361967800E-02
8.00000E-01 5.623413252E-06 0.000000000E+00
8.00000E-01 6.309573400E-06 0.000000000E+00
8.00000E-01 6.309573400E-07 6.968257125E+03
8.00000E-01 6.309573400E-08 2.105688872E+03
8.00000E-01 6.309573400E-09 2.413531354E-01
8.00000E-01 7.079457844E-06 0.000000000E+00
8.00000E-01 7.943282300E-06 0.000000000E+00
8.00000E-01 7.943282300E-07 7.045050741E+02
8.00000E-01 7.943282300E-08 4.607525545E+03
8.00000E-01 7.943282300E-09 5.690564332E-01
8.00000E-01 8.912509381E-06 0.000000000E+00
8.10000E-01 1.122018454E-06 1.490926595E+01
8.10000E-01 1.258925400E-05 0.000000000E+00
8.10000E-01 1.258925400E-06 3.003905005E-01
8.10000E-01 1.258925400E-07 1.901976432E+04
8.10000E-01 1.258925400E-08 3.663484444E+00
8.10000E-01 1.412537545E-06 9.090294655E-03
8.10000E-01 1.584893200E-05 0.000000000E+00
8.10000E-01 1.584893200E-06 2.065661833E-04
8.10000E-01 1.584893200E-08 9.289194418E+00
8.10000E-01 1.778279410E-06 3.822314429E-07
8.10000E-01 1.995262300E-05 0.000000000E+00
8.10000E-01 1.995262300E-06 9.519524191E-10
8.10000E-01 1.995262300E-07 4.910460401E+04
8.10000E-01 1.995262300E-08 2.197389968E+01
8.10000E-01 1.000000000E-05 0.000000000E+00
8.10000E-01 1.000000000E-06 9.693912133E+01
8.10000E-01 1.000000000E-07 9.504822613E+03
8.10000E-01 1.000000000E-08 1.469672423E+00
8.10000E-01 2.238721139E-06 1.605384358E-13
8.10000E-01 2.511886400E-05 0.000000000E+00
8.10000E-01 2.511886400E-06 4.311879032E-20
8.10000E-01 2.511886400E-07 6.544094332E+04
8.10000E-01 2.511886400E-08 5.957498833E+01
8.10000E-01 2.818382931E-06 1.000997089E-26
8.10000E-01 3.162277700E-05 0.000000000E+00
8.10000E-01 3.162277700E-06 9.977313738E-35
8.10000E-01 3.162277700E-07 7.438262691E+04
8.10000E-01 3.162277700E-08 1.413812632E+02
8.10000E-01 3.162277700E-09 1.391230940E-02
8.10000E-01 3.548133892E-06 0.000000000E+00
8.10000E-01 3.981071700E-06 0.000000000E+00
8.10000E-01 3.981071700E-07 6.962535495E+04
8.10000E-01 3.981071700E-08 3.577756701E+02
8.10000E-01 3.981071700E-09 3.682532656E-02
8.10000E-01 4.466835922E-06 0.000000000E+00
8.10000E-01 5.011872300E-06 0.000000000E+00
8.10000E-01 5.011872300E-07 3.370240950E+04
8.10000E-01 5.011872300E-08 7.683538090E+02
8.10000E-01 5.011872300E-09 8.730040164E-02
8.10000E-01 5.623413252E-06 0.000000000E+00
8.10000E-01 6.309573400E-06 0.000000000E+00
8.10000E-01 6.309573400E-07 1.059480275E+04
8.10000E-01 6.309573400E-08 1.858152356E+03
8.10000E-01 6.309573400E-09 2.319740668E-01
8.10000E-01 7.079457844E-06 0.000000000E+00
8.10000E-01 7.943282300E-06 0.000000000E+00
8.10000E-01 7.943282300E-07 1.553655969E+03
8.10000E-01 7.943282300E-08 4.629878534E+03
8.10000E-01 7.943282300E-09 5.744366563E-01
8.10000E-01 8.912509381E-06 0.000000000E+00
8.20000E-01 1.122018454E-06 1.583629743E+01
8.20000E-01 1.258925400E-05 0.000000000E+00
8.20000E-01 1.258925400E-06 1.319276973E+00
8.20000E-01 1.258925400E-07 1.625868537E+04
8.20000E-01 1.258925400E-08 3.160333932E+00
8.20000E-01 1.412537545E-06 2.945538003E-02
8.20000E-01 1.584893200E-05 0.000000000E+00
8.20000E-01 1.584893200E-06 1.026254502E-03
8.20000E-01 1.584893200E-07 3.056175143E+04
8.20000E-01 1.584893200E-08 8.045790468E+00
8.20000E-01 1.778279410E-06 2.205289266E-05
8.20000E-01 1.995262300E-05 0.000000000E+00
8.20000E-01 1.995262300E-06 1.635976922E-08
8.20000E-01 1.995262300E-07 4.900169937E+04
8.20000E-01 1.995262300E-08 2.080950342E+01
8.20000E-01 1.000000000E-05 0.000000000E+00
8.20000E-01 1.000000000E-06 2.785353830E+02
8.20000E-01 1.000000000E-07 8.326175752E+03
8.20000E-01 1.000000000E-08 1.261296910E+00
8.20000E-01 2.238721139E-06 5.754911805E-12
8.20000E-01 2.511886400E-06 1.985986684E-17
8.20000E-01 2.511886400E-07 7.541839021E+04
8.20000E-01 2.511886400E-08 5.634948095E+01
8.20000E-01 2.818382931E-06 1.242827227E-22
8.20000E-01 3.162277700E-05 0.000000000E+00
8.20000E-01 3.162277700E-06 2.320689208E-30
8.20000E-01 3.162277700E-07 8.320895650E+04
8.20000E-01 3.162277700E-08 1.265901254E+02
8.20000E-01 3.162277700E-09 1.282131168E-02
8.20000E-01 3.548133892E-06 2.702705536E-39
8.20000E-01 3.981071700E-06 0.000000000E+00
8.20000E-01 3.981071700E-07 6.852232587E+04
8.20000E-01 3.981071700E-08 3.163519070E+02
8.20000E-01 3.981071700E-09 3.295659110E-02
8.20000E-01 4.466835922E-06 0.000000000E+00
8.20000E-01 5.011872300E-06 0.000000000E+00
8.20000E-01 5.011872300E-07 4.909417951E+04
8.20000E-01 5.011872300E-08 7.183771512E+02
8.20000E-01 5.011872300E-09 8.654731555E-02
8.20000E-01 5.623413252E-06 0.000000000E+00
8.20000E-01 6.309573400E-06 0.000000000E+00
8.20000E-01 6.309573400E-07 1.782393640E+04
8.20000E-01 6.309573400E-08 1.776344609E+03
8.20000E-01 6.309573400E-09 1.979136513E-01
8.20000E-01 7.079457844E-06 0.000000000E+00
8.20000E-01 7.943282300E-06 0.000000000E+00
8.20000E-01 7.943282300E-07 3.068397625E+03
8.20000E-01 7.943282300E-08 4.223426840E+03
8.20000E-01 7.943282300E-09 5.308753790E-01
8.20000E-01 8.912509381E-06 0.000000000E+00
8.30000E-01 1.122018454E-06 7.788149999E+01
8.30000E-01 1.258925400E-05 0.000000000E+00
8.30000E-01 1.258925400E-06 4.543628013E+00
8.30000E-01 1.258925400E-07 1.783941260E+04
8.30000E-01 1.258925400E-08 3.078667405E+00
8.30000E-01 1.412537545E-06 2.457771414E-01
8.30000E-01 1.584893200E-05 0.000000000E+00
8.30000E-01 1.584893200E-06 1.012485023E-02
8.30000E-01 1.584893200E-07 3.235902356E+04
8.30000E-01 1.584893200E-08 8.094640459E+00
8.30000E-01 1.778279410E-06 7.862320968E-05
8.30000E-01 1.995262300E-05 0.000000000E+00
8.30000E-01 1.995262300E-06 5.827609834E-08
8.30000E-01 1.995262300E-07 4.755484133E+04
8.30000E-01 1.995262300E-08 1.953336289E+01
8.30000E-01 1.000000000E-05 0.000000000E+00
8.30000E-01 1.000000000E-06 2.103925775E+02
8.30000E-01 1.000000000E-07 7.752122729E+03
8.30000E-01 1.000000000E-08 1.217511162E+00
8.30000E-01 2.238721139E-06 5.790542508E-13
8.30000E-01 2.511886400E-05 0.000000000E+00
8.30000E-01 2.511886400E-06 2.884930554E-15
8.30000E-01 2.511886400E-07 6.650610214E+04
8.30000E-01 2.511886400E-08 4.713699298E+01
8.30000E-01 2.818382931E-06 1.783775828E-22
8.30000E-01 3.162277700E-05 0.000000000E+00
8.30000E-01 3.162277700E-06 1.361861426E-28
8.30000E-01 3.162277700E-07 8.457979725E+04
8.30000E-01 3.162277700E-08 1.161449092E+02
8.30000E-01 3.162277700E-09 1.244936510E-02
8.30000E-01 3.548133892E-06 2.955909972E-36
8.30000E-01 3.981071700E-06 0.000000000E+00
8.30000E-01 3.981071700E-07 7.924425908E+04
8.30000E-01 3.981071700E-08 2.936718212E+02
8.30000E-01 3.981071700E-09 2.939679335E-02
8.30000E-01 4.466835922E-06 0.000000000E+00
8.30000E-01 5.011872300E-06 0.000000000E+00
8.30000E-01 5.011872300E-07 4.938962187E+04
8.30000E-01 5.011872300E-08 7.454105878E+02
8.30000E-01 5.011872300E-09 7.994207853E-02
8.30000E-01 5.623413252E-06 0.000000000E+00
8.30000E-01 6.309573400E-06 0.000000000E+00
8.30000E-01 6.309573400E-07 2.094731704E+04
8.30000E-01 6.309573400E-08 1.667811257E+03
8.30000E-01 6.309573400E-09 1.785287009E-01
8.30000E-01 7.079457844E-06 0.000000000E+00
8.30000E-01 7.943282300E-06 0.000000000E+00
8.30000E-01 7.943282300E-07 4.734829031E+03
8.30000E-01 7.943282300E-08 4.094643724E+03
8.30000E-01 7.943282300E-09 4.503639889E-01
8.30000E-01 8.912509381E-06 0.000000000E+00
8.40000E-01 1.258925400E-05 0.000000000E+00
8.40000E-01 1.258925400E-06 1.427239021E+01
8.40000E-01 1.258925400E-07 1.665133787E+04
8.40000E-01 1.258925400E-08 2.755316241E+00
8.40000E-01 1.584893200E-05 0.000000000E+00
8.40000E-01 1.584893200E-06 1.679581642E-02
8.40000E-01 1.584893200E-07 3.243997130E+04
8.40000E-01 1.584893200E-08 6.741628612E+00
8.40000E-01 1.995262300E-05 0.000000000E+00
8.40000E-01 1.995262300E-06 1.217382578E-06
8.40000E-01 1.995262300E-07 5.407222301E+04
8.40000E-01 1.995262300E-08 1.764534259E+01
8.40000E-01 1.000000000E-05 0.000000000E+00
8.40000E-01 1.000000000E-06 4.325517336E+02
8.40000E-01 1.000000000E-07 7.996858388E+03
8.40000E-01 1.000000000E-08 1.163970995E+00
8.40000E-01 2.511886400E-05 0.000000000E+00
8.40000E-01 2.511886400E-06 3.270994654E-15
8.40000E-01 2.511886400E-07 7.666975521E+04
8.40000E-01 2.511886400E-08 4.645353908E+01
8.40000E-01 3.162277700E-05 0.000000000E+00
8.40000E-01 3.162277700E-06 7.665467312E-27
8.40000E-01 3.162277700E-07 8.991451734E+04
8.40000E-01 3.162277700E-08 1.104954330E+02
8.40000E-01 3.162277700E-09 1.237538576E-02
8.40000E-01 3.981071700E-07 9.372990573E+04
8.40000E-01 3.981071700E-08 2.749160960E+02
8.40000E-01 5.011872300E-06 0.000000000E+00
8.40000E-01 5.011872300E-07 5.284669873E+04
8.40000E-01 5.011872300E-08 6.550669046E+02
8.40000E-01 6.309573400E-06 0.000000000E+00
8.40000E-01 6.309573400E-07 2.906699877E+04
8.40000E-01 6.309573400E-08 1.560067060E+03
8.40000E-01 6.309573400E-09 1.862185538E-01
8.40000E-01 7.943282300E-06 0.000000000E+00
8.40000E-01 7.943282300E-07 5.931905459E+03
8.40000E-01 7.943282300E-08 3.693336356E+03
8.40000E-01 7.943282300E-09 4.559680531E-01
8.50000E-01 1.258925400E-05 0.000000000E+00
8.50000E-01 1.258925400E-06 2.953233875E+01
8.50000E-01 1.258925400E-07 1.465906421E+04
8.50000E-01 1.258925400E-08 2.555428823E+00
8.50000E-01 1.584893200E-05 0.000000000E+00
8.50000E-01 1.584893200E-06 1.367567274E-01
8.50000E-01 1.584893200E-07 2.726655068E+04
8.50000E-01 1.584893200E-08 5.885804081E+00
8.50000E-01 1.995262300E-05 0.000000000E+00
8.50000E-01 1.995262300E-06 1.187740968E-05
8.50000E-01 1.995262300E-07 4.666304076E+04
8.50000E-01 1.995262300E-08 1.493277390E+01
8.50000E-01 1.000000000E-05 0.000000000E+00
8.50000E-01 1.000000000E-06 9.512263741E+02
8.50000E-01 1.000000000E-07 6.758928150E+03
8.50000E-01 1.000000000E-08 8.902270727E-01
8.50000E-01 2.511886400E-05 0.000000000E+00
8.50000E-01 2.511886400E-06 1.368774171E-11
8.50000E-01 2.511886400E-07 6.619999287E+04
8.50000E-01 2.511886400E-08 3.971289911E+01
8.50000E-01 3.162277700E-05 0.000000000E+00
8.50000E-01 3.162277700E-06 6.011399294E-24
8.50000E-01 3.162277700E-08 9.095145733E+01
8.50000E-01 3.162277700E-09 8.867421589E-03
8.50000E-01 3.981071700E-06 6.691136419E-36
8.50000E-01 3.981071700E-07 9.301878491E+04
8.50000E-01 3.981071700E-08 2.194395672E+02
8.50000E-01 3.981071700E-09 2.374589642E-02
8.50000E-01 5.011872300E-06 0.000000000E+00
8.50000E-01 5.011872300E-07 6.687354532E+04
8.50000E-01 5.011872300E-08 5.276256192E+02
8.50000E-01 5.011872300E-09 5.692084660E-02
8.50000E-01 6.309573400E-06 0.000000000E+00
8.50000E-01 6.309573400E-07 3.688516067E+04
8.50000E-01 6.309573400E-08 1.310384676E+03
8.50000E-01 6.309573400E-09 1.530117638E-01
8.50000E-01 7.943282300E-06 0.000000000E+00
8.50000E-01 7.943282300E-07 7.559328680E+03
8.50000E-01 7.943282300E-08 2.900344220E+03
8.50000E-01 7.943282300E-09 3.593324385E-01
8.60000E-01 1.122018454E-06 1.809960961E+02
8.60000E-01 1.258925400E-05 0.000000000E+00
8.60000E-01 1.258925400E-06 1.162301447E+01
8.60000E-01 1.258925400E-07 1.296962241E+04
8.60000E-01 1.258925400E-08 2.367892637E+00
8.60000E-01 1.412537545E-06 1.322391748E+00
8.60000E-01 1.584893200E-05 0.000000000E+00
8.60000E-01 1.584893200E-06 1.037127954E-01
8.60000E-01 1.584893200E-07 2.533892670E+04
8.60000E-01 1.584893200E-08 5.888942069E+00
8.60000E-01 1.778279410E-06 6.247540857E-04
8.60000E-01 1.995262300E-05 0.000000000E+00
8.60000E-01 1.995262300E-06 4.934017441E-06
8.60000E-01 1.995262300E-07 4.171105060E+04
8.60000E-01 1.995262300E-08 1.340227297E+01
8.60000E-01 1.000000000E-05 0.000000000E+00
8.60000E-01 1.000000000E-06 6.278355564E+02
8.60000E-01 1.000000000E-07 6.472261326E+03
8.60000E-01 1.000000000E-08 8.387619506E-01
8.60000E-01 2.238721139E-06 2.729063246E-08
8.60000E-01 2.511886400E-05 0.000000000E+00
8.60000E-01 2.511886400E-06 3.331928296E-12
8.60000E-01 2.511886400E-07 6.420041520E+04
8.60000E-01 2.511886400E-08 3.254272333E+01
8.60000E-01 2.818382931E-06 2.355096445E-17
8.60000E-01 3.162277700E-05 0.000000000E+00
8.60000E-01 3.162277700E-06 1.042184568E-22
8.60000E-01 3.162277700E-07 7.911489761E+04
8.60000E-01 3.162277700E-08 8.573086650E+01
8.60000E-01 3.162277700E-09 9.107462455E-03
8.60000E-01 3.548133892E-06 3.117074707E-30
8.60000E-01 3.981071700E-06 9.677575191E-40
8.60000E-01 3.981071700E-07 7.515512727E+04
8.60000E-01 3.981071700E-08 2.135229213E+02
8.60000E-01 3.981071700E-09 2.224230302E-02
8.60000E-01 4.466835922E-06 0.000000000E+00
8.60000E-01 5.011872300E-06 0.000000000E+00
8.60000E-01 5.011872300E-07 6.423776855E+04
8.60000E-01 5.011872300E-08 5.340939153E+02
8.60000E-01 5.011872300E-09 5.531766410E-02
8.60000E-01 5.623413252E-06 0.000000000E+00
8.60000E-01 6.309573400E-06 0.000000000E+00
8.60000E-01 6.309573400E-07 2.567924052E+04
8.60000E-01 6.309573400E-08 1.269641272E+03
8.60000E-01 6.309573400E-09 1.434016642E-01
8.60000E-01 7.079457844E-06 0.000000000E+00
8.60000E-01 7.943282300E-06 0.000000000E+00
8.60000E-01 7.943282300E-07 5.856777784E+03
8.60000E-01 7.943282300E-08 2.957656648E+03
8.60000E-01 7.943282300E-09 3.452231391E-01
8.60000E-01 8.912509381E-06 0.000000000E+00
8.70000E-01 1.122018454E-06 3.648458021E+02
8.70000E-01 1.258925400E-05 0.000000000E+00
8.70000E-01 1.258925400E-06 4.396461428E+01
8.70000E-01 1.258925400E-07 1.104625664E+04
8.70000E-01 1.258925400E-08 1.744305959E+00
8.70000E-01 1.412537545E-06 9.756724650E+00
8.70000E-01 1.584893200E-05 0.000000000E+00
8.70000E-01 1.584893200E-06 4.528346104E-01
8.70000E-01 1.584893200E-07 2.226428582E+04
8.70000E-01 1.584893200E-08 4.499074479E+00
8.70000E-01 1.778279410E-06 1.008872082E-02
8.70000E-01 1.995262300E-05 0.000000000E+00
8.70000E-01 1.995262300E-06 8.645162418E-05
8.70000E-01 1.995262300E-07 3.863387243E+04
8.70000E-01 1.995262300E-08 1.142381624E+01
8.70000E-01 1.000000000E-05 0.000000000E+00
8.70000E-01 1.000000000E-06 1.649717989E+03
8.70000E-01 1.000000000E-07 5.010118803E+03
8.70000E-01 1.000000000E-08 6.927184171E-01
8.70000E-01 2.238721139E-06 7.932996740E-07
8.70000E-01 2.511886400E-05 0.000000000E+00
8.70000E-01 2.511886400E-06 5.229858465E-10
8.70000E-01 2.511886400E-07 5.967944081E+04
8.70000E-01 2.511886400E-08 2.786200156E+01
8.70000E-01 2.818382931E-06 5.481134177E-14
8.70000E-01 3.162277700E-05 0.000000000E+00
8.70000E-01 3.162277700E-06 4.544707245E-20
8.70000E-01 3.162277700E-07 8.202070174E+04
8.70000E-01 3.162277700E-08 7.170406401E+01
8.70000E-01 3.162277700E-09 7.356182924E-03
8.70000E-01 3.548133892E-06 1.024134632E-26
8.70000E-01 3.981071700E-06 1.325532934E-34
8.70000E-01 3.981071700E-08 1.698169332E+02
8.70000E-01 3.981071700E-09 1.815809359E-02
8.70000E-01 4.466835922E-06 0.000000000E+00
8.70000E-01 5.011872300E-06 0.000000000E+00
8.70000E-01 5.011872300E-07 6.251074925E+04
8.70000E-01 5.011872300E-08 4.396085704E+02
8.70000E-01 5.011872300E-09 4.640482677E-02
8.70000E-01 5.623413252E-06 0.000000000E+00
8.70000E-01 6.309573400E-06 0.000000000E+00
8.70000E-01 6.309573400E-07 3.535952778E+04
8.70000E-01 6.309573400E-08 1.009592509E+03
8.70000E-01 6.309573400E-09 1.042898575E-01
8.70000E-01 7.079457844E-06 0.000000000E+00
8.70000E-01 7.943282300E-06 0.000000000E+00
8.70000E-01 7.943282300E-07 1.541856368E+04
8.70000E-01 7.943282300E-08 2.324618809E+03
8.70000E-01 7.943282300E-09 2.784484201E-01
8.70000E-01 8.912509381E-06 0.000000000E+00
8.80000E-01 1.122018454E-06 3.835001324E+02
8.80000E-01 1.258925400E-05 0.000000000E+00
8.80000E-01 1.258925400E-06 6.736571705E+01
8.80000E-01 1.258925400E-07 1.032936790E+04
8.80000E-01 1.258925400E-08 1.600084093E+00
8.80000E-01 1.412537545E-06 8.428478507E+00
8.80000E-01 1.584893200E-05 0.000000000E+00
8.80000E-01 1.584893200E-06 5.973486913E-01
8.80000E-01 1.584893200E-07 1.923815801E+04
8.80000E-01 1.778279410E-06 6.605400323E-03
8.80000E-01 1.995262300E-05 0.000000000E+00
8.80000E-01 1.995262300E-07 3.457690059E+04
8.80000E-01 1.995262300E-08 9.381321012E+00
8.80000E-01 1.000000000E-05 0.000000000E+00
8.80000E-01 1.000000000E-06 1.538645745E+03
8.80000E-01 1.000000000E-07 4.534893383E+03
8.80000E-01 1.000000000E-08 6.541750472E-01
8.80000E-01 2.238721139E-06 2.105020779E-07
8.80000E-01 2.511886400E-05 0.000000000E+00
8.80000E-01 2.511886400E-06 5.783693760E-10
8.80000E-01 2.511886400E-07 5.470569833E+04
8.80000E-01 2.511886400E-08 2.306481815E+01
8.80000E-01 2.818382931E-06 5.020649892E-14
8.80000E-01 3.162277700E-05 0.000000000E+00
8.80000E-01 3.162277700E-06 3.776105536E-18
8.80000E-01 3.162277700E-07 7.567475671E+04
8.80000E-01 3.162277700E-08 6.263703290E+01
8.80000E-01 3.162277700E-09 5.793313476E-03
8.80000E-01 3.548133892E-06 9.520865848E-25
8.80000E-01 3.981071700E-06 7.625704240E-33
8.80000E-01 3.981071700E-07 8.366350412E+04
8.80000E-01 3.981071700E-08 1.457541183E+02
8.80000E-01 3.981071700E-09 1.589845170E-02
8.80000E-01 4.466835922E-06 0.000000000E+00
8.80000E-01 5.011872300E-06 0.000000000E+00
8.80000E-01 5.011872300E-07 6.186908625E+04
8.80000E-01 5.011872300E-08 3.651940264E+02
8.80000E-01 5.011872300E-09 3.640265735E-02
8.80000E-01 5.623413252E-06 0.000000000E+00
8.80000E-01 6.309573400E-06 0.000000000E+00
8.80000E-01 6.309573400E-07 3.565478843E+04
8.80000E-01 6.309573400E-08 8.222477833E+02
8.80000E-01 6.309573400E-09 9.470703597E-02
8.80000E-01 7.079457844E-06 0.000000000E+00
8.80000E-01 7.943282300E-06 0.000000000E+00
8.80000E-01 7.943282300E-07 1.126244888E+04
8.80000E-01 7.943282300E-08 2.205418584E+03
8.80000E-01 7.943282300E-09 2.481063738E-01
8.80000E-01 8.912509381E-06 0.000000000E+00
8.90000E-01 1.122018454E-06 7.310806437E+02
8.90000E-01 1.258925400E-05 0.000000000E+00
8.90000E-01 1.258925400E-06 1.832364440E+02
8.90000E-01 1.258925400E-07 8.804445315E+03
8.90000E-01 1.258925400E-08 1.321042953E+00
8.90000E-01 1.412537545E-06 2.081086370E+01
8.90000E-01 1.584893200E-05 0.000000000E+00
8.90000E-01 1.584893200E-06 1.343505280E+00
8.90000E-01 1.584893200E-07 1.774808491E+04
8.90000E-01 1.584893200E-08 3.345235710E+00
8.90000E-01 1.778279410E-06 7.490443102E-02
8.90000E-01 1.995262300E-05 0.000000000E+00
8.90000E-01 1.995262300E-06 3.166827761E-04
8.90000E-01 1.995262300E-07 3.070171386E+04
8.90000E-01 1.995262300E-08 8.750828020E+00
8.90000E-01 1.000000000E-05 0.000000000E+00
8.90000E-01 1.000000000E-06 2.145597035E+03
8.90000E-01 1.000000000E-07 4.119940259E+03
8.90000E-01 1.000000000E-08 4.741253620E-01
8.90000E-01 2.238721139E-06 2.819502153E-06
8.90000E-01 2.511886400E-05 0.000000000E+00
8.90000E-01 2.511886400E-06 6.971800905E-09
8.90000E-01 2.511886400E-07 4.852949477E+04
8.90000E-01 2.511886400E-08 2.074120763E+01
8.90000E-01 2.818382931E-06 1.929843830E-12
8.90000E-01 3.162277700E-05 0.000000000E+00
8.90000E-01 3.162277700E-06 2.703936575E-17
8.90000E-01 3.162277700E-07 7.184128944E+04
8.90000E-01 3.162277700E-08 4.919165630E+01
8.90000E-01 3.162277700E-09 5.360204940E-03
8.90000E-01 3.548133892E-06 3.553257899E-24
8.90000E-01 3.981071700E-06 6.416791884E-30
8.90000E-01 3.981071700E-07 7.637648804E+04
8.90000E-01 3.981071700E-08 1.303854061E+02
8.90000E-01 3.981071700E-09 1.278054732E-02
8.90000E-01 4.466835922E-06 5.658246609E-40
8.90000E-01 5.011872300E-06 0.000000000E+00
8.90000E-01 5.011872300E-07 7.070964915E+04
8.90000E-01 5.011872300E-08 3.108453425E+02
8.90000E-01 5.011872300E-09 3.380632703E-02
8.90000E-01 5.623413252E-06 0.000000000E+00
8.90000E-01 6.309573400E-06 0.000000000E+00
8.90000E-01 6.309573400E-07 4.440069113E+04
8.90000E-01 6.309573400E-08 7.893837323E+02
8.90000E-01 6.309573400E-09 7.887313498E-02
8.90000E-01 7.079457844E-06 0.000000000E+00
8.90000E-01 7.943282300E-06 0.000000000E+00
8.90000E-01 7.943282300E-07 1.540815338E+04
8.90000E-01 7.943282300E-08 1.714145304E+03
8.90000E-01 7.943282300E-09 1.886399463E-01
9.00000E-01 1.122018454E-06 7.616598784E+02
9.00000E-01 1.258925400E-05 0.000000000E+00
9.00000E-01 1.258925400E-06 1.113555928E+02
9.00000E-01 1.258925400E-07 8.313156426E+03
9.00000E-01 1.258925400E-08 1.263174133E+00
9.00000E-01 1.412537545E-06 2.276423291E+01
9.00000E-01 1.584893200E-05 0.000000000E+00
9.00000E-01 1.584893200E-06 5.672313335E-01
9.00000E-01 1.584893200E-07 1.654226398E+04
9.00000E-01 1.584893200E-08 3.158654480E+00
9.00000E-01 1.778279410E-06 4.253271647E-02
9.00000E-01 1.995262300E-05 0.000000000E+00
9.00000E-01 1.995262300E-06 1.026305077E-03
9.00000E-01 1.995262300E-07 2.955811787E+04
9.00000E-01 1.995262300E-08 7.229489522E+00
9.00000E-01 1.000000000E-05 0.000000000E+00
9.00000E-01 1.000000000E-06 2.192192363E+03
9.00000E-01 1.000000000E-07 3.876811344E+03
9.00000E-01 1.000000000E-08 4.695485645E-01
9.00000E-01 2.238721139E-06 5.317685334E-06
9.00000E-01 2.511886400E-05 0.000000000E+00
9.00000E-01 2.511886400E-06 4.612223026E-09
9.00000E-01 2.511886400E-07 4.592878322E+04
9.00000E-01 2.511886400E-08 1.829891193E+01
9.00000E-01 2.818382931E-06 1.864989633E-12
9.00000E-01 3.162277700E-05 0.000000000E+00
9.00000E-01 3.162277700E-06 4.473231367E-17
9.00000E-01 3.162277700E-07 6.507154003E+04
9.00000E-01 3.162277700E-08 4.644104365E+01
9.00000E-01 3.162277700E-09 4.582764640E-03
9.00000E-01 3.548133892E-06 9.370798282E-23
9.00000E-01 3.981071700E-06 1.202569906E-30
9.00000E-01 3.981071700E-07 7.528318022E+04
9.00000E-01 3.981071700E-08 1.111013326E+02
9.00000E-01 4.466835922E-06 1.599311212E-40
9.00000E-01 5.011872300E-06 0.000000000E+00
9.00000E-01 5.011872300E-07 5.712794457E+04
9.00000E-01 5.011872300E-08 2.776960178E+02
9.00000E-01 5.011872300E-09 2.935931358E-02
9.00000E-01 5.623413252E-06 0.000000000E+00
9.00000E-01 6.309573400E-06 0.000000000E+00
9.00000E-01 6.309573400E-07 3.940234469E+04
9.00000E-01 6.309573400E-08 6.733195264E+02
9.00000E-01 6.309573400E-09 7.187163895E-02
9.00000E-01 7.079457844E-06 0.000000000E+00
9.00000E-01 7.943282300E-06 0.000000000E+00
9.00000E-01 7.943282300E-07 1.554316624E+04
9.00000E-01 7.943282300E-08 1.591638244E+03
9.00000E-01 7.943282300E-09 1.787715458E-01
9.00000E-01 8.912509381E-06 0.000000000E+00
9.50000E-01 1.122018454E-06 6.183286226E+02
9.50000E-01 1.258925400E-05 0.000000000E+00
9.50000E-01 1.258925400E-07 4.603111822E+03
9.50000E-01 1.258925400E-08 7.188729286E-01
9.50000E-01 1.412537545E-06 3.395077089E+01
9.50000E-01 1.584893200E-05 0.000000000E+00
9.50000E-01 1.584893200E-06 1.348440072E+00
9.50000E-01 1.584893200E-07 9.320236698E+03
9.50000E-01 1.584893200E-08 1.708388407E+00
9.50000E-01 1.778279410E-06 1.409526388E-01
9.50000E-01 1.995262300E-05 0.000000000E+00
9.50000E-01 1.995262300E-06 7.606959075E-04
9.50000E-01 1.995262300E-07 1.784773206E+04
9.50000E-01 1.995262300E-08 4.187237198E+00
9.50000E-01 1.000000000E-05 0.000000000E+00
9.50000E-01 1.000000000E-06 2.459068289E+03
9.50000E-01 1.000000000E-07 2.229388530E+03
9.50000E-01 1.000000000E-08 2.846686795E-01
9.50000E-01 2.238721139E-06 7.207291740E-06
9.50000E-01 2.511886400E-05 0.000000000E+00
9.50000E-01 2.511886400E-06 9.491853990E-08
9.50000E-01 2.511886400E-07 2.937964710E+04
9.50000E-01 2.511886400E-08 1.104318111E+01
9.50000E-01 2.818382931E-06 5.603353421E-12
9.50000E-01 3.162277700E-05 0.000000000E+00
9.50000E-01 3.162277700E-06 3.119753247E-16
9.50000E-01 3.162277700E-07 3.957073150E+04
9.50000E-01 3.162277700E-08 2.613808097E+01
9.50000E-01 3.162277700E-09 2.777792439E-03
9.50000E-01 3.548133892E-06 2.774153787E-22
9.50000E-01 3.981071700E-06 8.027958838E-32
9.50000E-01 3.981071700E-07 4.881149637E+04
9.50000E-01 3.981071700E-08 6.411216366E+01
9.50000E-01 3.981071700E-09 7.054762807E-03
9.50000E-01 4.466835922E-06 8.974365142E-38
9.50000E-01 5.011872300E-06 0.000000000E+00
9.50000E-01 5.011872300E-07 4.531874720E+04
9.50000E-01 5.011872300E-08 1.699639068E+02
9.50000E-01 5.011872300E-09 1.768652853E-02
9.50000E-01 5.623413252E-06 0.000000000E+00
9.50000E-01 6.309573400E-06 0.000000000E+00
9.50000E-01 6.309573400E-07 2.673473726E+04
9.50000E-01 6.309573400E-08 3.941137056E+02
9.50000E-01 6.309573400E-09 4.402274669E-02
9.50000E-01 7.079457844E-06 0.000000000E+00
9.50000E-01 7.943282300E-07 1.164492844E+04
9.50000E-01 7.943282300E-08 8.984507032E+02
9.50000E-01 7.943282300E-09 1.161861743E-01
9.50000E-01 8.912509381E-06 0.000000000E+00
1.00000E+00 1.258925400E-05 0.000000000E+00
1.00000E+00 1.258925400E-06 4.436169000E+01
1.00000E+00 1.258925400E-07 3.535843013E+03
1.00000E+00 1.258925400E-08 4.807562220E-01
1.00000E+00 1.584893200E-05 0.000000000E+00
1.00000E+00 1.584893200E-06 1.001481327E-01
1.00000E+00 1.584893200E-07 6.999525863E+03
1.00000E+00 1.584893200E-08 1.313761973E+00
1.00000E+00 1.995262300E-05 0.000000000E+00
1.00000E+00 1.995262300E-06 4.993504205E-05
1.00000E+00 1.995262300E-07 1.173054021E+04
1.00000E+00 1.995262300E-08 3.100076981E+00
1.00000E+00 1.000000000E-05 0.000000000E+00
1.00000E+00 1.000000000E-06 7.692134842E+02
1.00000E+00 1.000000000E-07 1.652639485E+03
1.00000E+00 1.000000000E-08 2.088140448E-01
1.00000E+00 2.511886400E-05 0.000000000E+00
1.00000E+00 2.511886400E-06 4.039837438E-11
1.00000E+00 2.511886400E-07 1.824669867E+04
1.00000E+00 2.511886400E-08 7.228030824E+00
1.00000E+00 3.162277700E-05 0.000000000E+00
1.00000E+00 3.162277700E-06 4.307064117E-19
1.00000E+00 3.162277700E-07 2.499977487E+04
1.00000E+00 3.162277700E-08 2.040928773E+01
1.00000E+00 3.162277700E-09 2.116955060E-03
1.00000E+00 3.981071700E-06 2.820887099E-32
1.00000E+00 3.981071700E-08 4.825416812E+01
1.00000E+00 3.981071700E-09 5.506790657E-03
1.00000E+00 5.011872300E-06 0.000000000E+00
1.00000E+00 5.011872300E-07 2.188718167E+04
1.00000E+00 5.011872300E-08 1.234002344E+02
1.00000E+00 5.011872300E-09 1.303984487E-02
1.00000E+00 6.309573400E-06 0.000000000E+00
1.00000E+00 6.309573400E-07 1.435319509E+04
1.00000E+00 6.309573400E-08 2.816360540E+02
1.00000E+00 6.309573400E-09 3.433410310E-02
1.00000E+00 7.943282300E-06 0.000000000E+00
1.00000E+00 7.943282300E-07 4.037002943E+03
1.00000E+00 7.943282300E-08 6.833791763E+02
1.00000E+00 7.943282300E-09 8.231466260E-02
1.10000E+00 1.258925400E-05 0.000000000E+00
1.10000E+00 1.258925400E-06 6.421064842E+00
1.10000E+00 1.258925400E-07 1.440122219E+03
1.10000E+00 1.258925400E-08 2.492265539E-01
1.10000E+00 1.584893200E-05 0.000000000E+00
1.10000E+00 1.584893200E-06 4.483158818E-02
1.10000E+00 1.584893200E-07 2.834783593E+03
1.10000E+00 1.584893200E-08 6.032397085E-01
1.10000E+00 1.995262300E-05 0.000000000E+00
1.10000E+00 1.995262300E-06 7.491314636E-06
1.10000E+00 1.995262300E-07 5.250688742E+03
1.10000E+00 1.995262300E-08 1.502170998E+00
1.10000E+00 1.000000000E-05 0.000000000E+00
1.10000E+00 1.000000000E-06 2.463828573E+02
1.10000E+00 1.000000000E-07 7.027264150E+02
1.10000E+00 1.000000000E-08 9.634916412E-02
1.10000E+00 2.511886400E-05 0.000000000E+00
1.10000E+00 2.511886400E-06 4.263468638E-12
1.10000E+00 2.511886400E-07 8.259794916E+03
1.10000E+00 2.511886400E-08 3.626889561E+00
1.10000E+00 3.162277700E-05 0.000000000E+00
1.10000E+00 3.162277700E-06 1.279258911E-21
1.10000E+00 3.162277700E-07 1.171856770E+04
1.10000E+00 3.162277700E-08 9.089831387E+00
1.10000E+00 3.162277700E-09 9.144871862E-04
1.10000E+00 3.981071700E-06 4.988972708E-37
1.10000E+00 3.981071700E-07 1.201199448E+04
1.10000E+00 3.981071700E-08 2.209685570E+01
1.10000E+00 3.981071700E-09 2.524455634E-03
1.10000E+00 5.011872300E-06 0.000000000E+00
1.10000E+00 5.011872300E-07 9.843701236E+03
1.10000E+00 5.011872300E-08 5.807259711E+01
1.10000E+00 5.011872300E-09 6.226796010E-03
1.10000E+00 6.309573400E-06 0.000000000E+00
1.10000E+00 6.309573400E-07 4.761543750E+03
1.10000E+00 6.309573400E-08 1.389468165E+02
1.10000E+00 6.309573400E-09 1.539774183E-02
1.10000E+00 7.943282300E-06 0.000000000E+00
1.10000E+00 7.943282300E-07 1.652051205E+03
1.10000E+00 7.943282300E-08 3.278362210E+02
1.10000E+00 7.943282300E-09 3.700624728E-02
1.20000E+00 1.258925400E-05 0.000000000E+00
1.20000E+00 1.258925400E-06 5.594998001E-01
1.20000E+00 1.258925400E-07 8.028135351E+02
1.20000E+00 1.258925400E-08 1.331669829E-01
1.20000E+00 1.584893200E-05 0.000000000E+00
1.20000E+00 1.584893200E-06 6.324428994E-04
1.20000E+00 1.584893200E-07 1.491285646E+03
1.20000E+00 1.584893200E-08 3.505235722E-01
1.20000E+00 1.995262300E-05 0.000000000E+00
1.20000E+00 1.995262300E-06 5.115369904E-08
1.20000E+00 1.995262300E-07 2.658433625E+03
1.20000E+00 1.995262300E-08 8.337096512E-01
1.20000E+00 1.000000000E-05 0.000000000E+00
1.20000E+00 1.000000000E-06 2.560328671E+01
1.20000E+00 1.000000000E-07 3.921019482E+02
1.20000E+00 1.000000000E-08 5.629283450E-02
1.20000E+00 2.511886400E-05 0.000000000E+00
1.20000E+00 2.511886400E-06 7.806960227E-15
1.20000E+00 2.511886400E-07 3.519710183E+03
1.20000E+00 2.511886400E-08 2.169624151E+00
1.20000E+00 3.162277700E-05 0.000000000E+00
1.20000E+00 3.162277700E-06 3.673476784E-26
1.20000E+00 3.162277700E-07 4.783857658E+03
1.20000E+00 3.162277700E-08 5.409721918E+00
1.20000E+00 3.162277700E-09 5.393336774E-04
1.20000E+00 3.981071700E-06 0.000000000E+00
1.20000E+00 3.981071700E-07 4.575161998E+03
1.20000E+00 3.981071700E-08 1.299105708E+01
1.20000E+00 3.981071700E-09 1.345277082E-03
1.20000E+00 5.011872300E-06 0.000000000E+00
1.20000E+00 5.011872300E-07 3.275144100E+03
1.20000E+00 5.011872300E-08 3.167804576E+01
1.20000E+00 5.011872300E-09 3.271201076E-03
1.20000E+00 6.309573400E-07 1.503872910E+03
1.20000E+00 6.309573400E-08 7.734356600E+01
1.20000E+00 6.309573400E-09 8.946613037E-03
1.20000E+00 7.943282300E-06 0.000000000E+00
1.20000E+00 7.943282300E-07 2.947793494E+02
1.20000E+00 7.943282300E-08 1.704842103E+02
1.20000E+00 7.943282300E-09 2.125597346E-02
1.30000E+00 1.258925400E-05 0.000000000E+00
1.30000E+00 1.258925400E-06 1.042581149E-02
1.30000E+00 1.258925400E-07 4.113648275E+02
1.30000E+00 1.258925400E-08 8.753024161E-02
1.30000E+00 1.584893200E-05 0.000000000E+00
1.30000E+00 1.584893200E-06 2.975199292E-06
1.30000E+00 1.584893200E-07 8.652242331E+02
1.30000E+00 1.584893200E-08 2.021220027E-01
1.30000E+00 1.995262300E-05 0.000000000E+00
1.30000E+00 1.995262300E-06 2.703666790E-12
1.30000E+00 1.995262300E-07 1.237624938E+03
1.30000E+00 1.995262300E-08 5.007632258E-01
1.30000E+00 1.000000000E-05 0.000000000E+00
1.30000E+00 1.000000000E-06 2.072870484E+00
1.30000E+00 1.000000000E-07 2.155399806E+02
1.30000E+00 1.000000000E-08 3.754320561E-02
1.30000E+00 2.511886400E-05 0.000000000E+00
1.30000E+00 2.511886400E-06 1.472449574E-21
1.30000E+00 2.511886400E-07 1.727268557E+03
1.30000E+00 2.511886400E-08 1.362749363E+00
1.30000E+00 3.162277700E-05 0.000000000E+00
1.30000E+00 3.162277700E-06 1.448299045E-39
1.30000E+00 3.162277700E-07 1.920610718E+03
1.30000E+00 3.162277700E-08 3.313987970E+00
1.30000E+00 3.162277700E-09 3.578785004E-04
1.30000E+00 3.981071700E-06 0.000000000E+00
1.30000E+00 3.981071700E-07 1.695837702E+03
1.30000E+00 3.981071700E-08 7.279883771E+00
1.30000E+00 3.981071700E-09 8.546697066E-04
1.30000E+00 5.011872300E-06 0.000000000E+00
1.30000E+00 5.011872300E-07 8.914189054E+02
1.30000E+00 5.011872300E-09 2.232923647E-03
1.30000E+00 6.309573400E-06 0.000000000E+00
1.30000E+00 6.309573400E-07 2.914162760E+02
1.30000E+00 6.309573400E-08 4.493099390E+01
1.30000E+00 6.309573400E-09 5.228863474E-03
1.30000E+00 7.943282300E-06 0.000000000E+00
1.30000E+00 7.943282300E-07 4.586396924E+01
1.30000E+00 7.943282300E-08 1.136271743E+02
1.30000E+00 7.943282300E-09 1.305789324E-02
1.40000E+00 1.122018454E-06 2.079022892E-03
1.40000E+00 1.258925400E-06 8.775886166E-06
1.40000E+00 1.258925400E-07 2.533846936E+02
1.40000E+00 1.258925400E-08 5.898096122E-02
1.40000E+00 1.412537545E-06 3.903411143E-07
1.40000E+00 1.584893200E-05 0.000000000E+00
1.40000E+00 1.584893200E-06 9.520175206E-10
1.40000E+00 1.584893200E-07 4.573889387E+02
1.40000E+00 1.584893200E-08 1.445722736E-01
1.40000E+00 1.778279410E-06 1.703209949E-13
1.40000E+00 1.995262300E-05 0.000000000E+00
1.40000E+00 1.995262300E-06 3.219232410E-18
1.40000E+00 1.995262300E-07 6.503355637E+02
1.40000E+00 1.995262300E-08 3.703904434E-01
1.40000E+00 1.000000000E-05 0.000000000E+00
1.40000E+00 1.000000000E-06 4.148091840E-02
1.40000E+00 1.000000000E-07 1.355102995E+02
1.40000E+00 1.000000000E-08 2.497389309E-02
1.40000E+00 2.238721139E-06 8.777263003E-24
1.40000E+00 2.511886400E-05 0.000000000E+00
1.40000E+00 2.511886400E-06 7.013734976E-31
1.40000E+00 2.511886400E-07 8.001459835E+02
1.40000E+00 2.511886400E-08 8.438309470E-01
1.40000E+00 2.818382931E-06 1.569533464E-38
1.40000E+00 3.162277700E-05 0.000000000E+00
1.40000E+00 3.162277700E-06 0.000000000E+00
1.40000E+00 3.162277700E-07 6.948950168E+02
1.40000E+00 3.162277700E-08 2.340694635E+00
1.40000E+00 3.162277700E-09 2.321120013E-04
1.40000E+00 3.548133892E-06 0.000000000E+00
1.40000E+00 3.981071700E-06 0.000000000E+00
1.40000E+00 3.981071700E-07 4.537681919E+02
1.40000E+00 3.981071700E-08 5.618512949E+00
1.40000E+00 3.981071700E-09 5.423797372E-04
1.40000E+00 4.466835922E-06 0.000000000E+00
1.40000E+00 5.011872300E-06 0.000000000E+00
1.40000E+00 5.011872300E-07 1.688109260E+02
1.40000E+00 5.011872300E-08 1.393998018E+01
1.40000E+00 5.011872300E-09 1.499102150E-03
1.40000E+00 6.309573400E-06 0.000000000E+00
1.40000E+00 6.309573400E-07 4.648246208E+01
1.40000E+00 6.309573400E-08 3.130811451E+01
1.40000E+00 6.309573400E-09 4.021906323E-03
1.40000E+00 7.079457844E-06 0.000000000E+00
1.40000E+00 7.943282300E-06 0.000000000E+00
1.40000E+00 7.943282300E-07 1.817119368E+00
1.40000E+00 7.943282300E-08 6.511908366E+01
1.40000E+00 7.943282300E-09 9.591085504E-03
1.40000E+00 8.912509381E-06 0.000000000E+00
1.50000E+00 1.258925400E-05 0.000000000E+00
1.50000E+00 1.258925400E-06 3.232522299E-08
1.50000E+00 1.258925400E-07 1.556418807E+02
1.50000E+00 1.258925400E-08 3.967385304E-02
1.50000E+00 1.584893200E-05 0.000000000E+00
1.50000E+00 1.584893200E-06 2.665225359E-14
1.50000E+00 1.584893200E-07 2.233049231E+02
1.50000E+00 1.584893200E-08 1.138346164E-01
1.50000E+00 1.995262300E-05 0.000000000E+00
1.50000E+00 1.995262300E-06 7.915458512E-25
1.50000E+00 1.995262300E-07 3.154106853E+02
1.50000E+00 1.995262300E-08 2.700372188E-01
1.50000E+00 1.000000000E-05 0.000000000E+00
1.50000E+00 1.000000000E-06 4.365623224E-04
1.50000E+00 1.000000000E-07 8.689028829E+01
1.50000E+00 1.000000000E-08 1.757641147E-02
1.50000E+00 2.511886400E-05 0.000000000E+00
1.50000E+00 2.511886400E-06 1.048074841E-41
1.50000E+00 2.511886400E-07 3.382486483E+02
1.50000E+00 2.511886400E-08 6.635504664E-01
1.50000E+00 3.162277700E-05 0.000000000E+00
1.50000E+00 3.162277700E-06 0.000000000E+00
1.50000E+00 3.162277700E-07 2.378236032E+02
1.50000E+00 3.162277700E-08 1.682583352E+00
1.50000E+00 3.162277700E-09 1.806640157E-04
1.50000E+00 3.981071700E-06 0.000000000E+00
1.50000E+00 3.981071700E-07 1.176291592E+02
1.50000E+00 3.981071700E-08 3.904231197E+00
1.50000E+00 3.981071700E-09 4.263916050E-04
1.50000E+00 5.011872300E-06 0.000000000E+00
1.50000E+00 5.011872300E-07 4.263188411E+01
1.50000E+00 5.011872300E-08 8.615777309E+00
1.50000E+00 5.011872300E-09 1.091816685E-03
1.50000E+00 6.309573400E-06 0.000000000E+00
1.50000E+00 6.309573400E-07 3.114524076E+00
1.50000E+00 6.309573400E-08 1.823748724E+01
1.50000E+00 6.309573400E-09 2.855611125E-03
1.50000E+00 7.943282300E-06 0.000000000E+00
1.50000E+00 7.943282300E-07 1.132794243E-01
1.50000E+00 7.943282300E-08 4.856482370E+01
1.50000E+00 7.943282300E-09 7.125278687E-03
1.60000E+00 1.258925400E-06 7.555873524E-11
1.60000E+00 1.258925400E-07 8.690001408E+01
1.60000E+00 1.258925400E-08 2.767088472E-02
1.60000E+00 1.584893200E-06 1.875233047E-17
1.60000E+00 1.584893200E-07 1.220646652E+02
1.60000E+00 1.584893200E-08 7.032213107E-02
1.60000E+00 1.995262300E-06 1.152617468E-30
1.60000E+00 1.995262300E-07 1.496773061E+02
1.60000E+00 1.995262300E-08 1.737922662E-01
1.60000E+00 1.000000000E-06 1.530394574E-05
1.60000E+00 1.000000000E-07 5.166077589E+01
1.60000E+00 1.000000000E-08 1.130903299E-02
1.60000E+00 2.511886400E-06 0.000000000E+00
1.60000E+00 2.511886400E-07 1.465345778E+02
1.60000E+00 2.511886400E-08 4.345901252E-01
1.60000E+00 3.162277700E-06 0.000000000E+00
1.60000E+00 3.162277700E-07 1.044768438E+02
1.60000E+00 3.162277700E-08 1.038210955E+00
1.60000E+00 3.162277700E-09 1.199609314E-04
1.60000E+00 3.981071700E-08 2.718064754E+00
1.60000E+00 3.981071700E-09 2.896552164E-04
1.60000E+00 5.011872300E-07 8.967410865E+00
1.60000E+00 5.011872300E-08 5.545110791E+00
1.60000E+00 5.011872300E-09 7.573391018E-04
1.60000E+00 6.309573400E-07 5.835176304E-01
1.60000E+00 6.309573400E-08 1.324523314E+01
1.60000E+00 6.309573400E-09 1.946090304E-03
1.60000E+00 7.943282300E-07 8.699720345E-03
1.60000E+00 7.943282300E-08 2.644660277E+01
1.60000E+00 7.943282300E-09 4.912383396E-03
1.70000E+00 1.258925400E-06 4.964760067E-13
1.70000E+00 1.258925400E-07 5.574144723E+01
1.70000E+00 1.258925400E-08 2.070101266E-02
1.70000E+00 1.584893200E-06 5.264517345E-22
1.70000E+00 1.584893200E-07 7.176537472E+01
1.70000E+00 1.584893200E-08 5.067325234E-02
1.70000E+00 1.995262300E-06 7.571665581E-36
1.70000E+00 1.995262300E-07 8.398600665E+01
1.70000E+00 1.995262300E-08 1.275347507E-01
1.70000E+00 1.000000000E-06 1.474732928E-07
1.70000E+00 1.000000000E-07 3.167313633E+01
1.70000E+00 1.000000000E-08 8.824583557E-03
1.70000E+00 2.511886400E-06 0.000000000E+00
1.70000E+00 2.511886400E-07 8.156833936E+01
1.70000E+00 2.511886400E-08 2.862967187E-01
1.70000E+00 3.162277700E-06 0.000000000E+00
1.70000E+00 3.162277700E-07 4.053210194E+01
1.70000E+00 3.162277700E-08 7.391733774E-01
1.70000E+00 3.162277700E-09 7.709696883E-05
1.70000E+00 3.981071700E-07 1.254608875E+01
1.70000E+00 3.981071700E-08 1.752938865E+00
1.70000E+00 3.981071700E-09 2.113621248E-04
1.70000E+00 5.011872300E-07 1.835015987E+00
1.70000E+00 5.011872300E-08 3.938874059E+00
1.70000E+00 5.011872300E-09 5.132529912E-04
1.70000E+00 6.309573400E-07 6.177456645E-02
1.70000E+00 6.309573400E-08 9.216459431E+00
1.70000E+00 6.309573400E-09 1.198112325E-03
1.70000E+00 7.943282300E-08 1.790191111E+01
1.70000E+00 7.943282300E-09 3.289551538E-03
1.80000E+00 1.258925400E-06 3.115301143E-14
1.80000E+00 1.258925400E-07 3.364445682E+01
1.80000E+00 1.258925400E-08 1.359849385E-02
1.80000E+00 1.584893200E-06 2.377635923E-24
1.80000E+00 1.584893200E-07 3.810610250E+01
1.80000E+00 1.584893200E-08 3.031840836E-02
1.80000E+00 1.995262300E-06 0.000000000E+00
1.80000E+00 1.995262300E-07 4.028301231E+01
1.80000E+00 1.995262300E-08 8.776641557E-02
1.80000E+00 1.000000000E-06 7.190379553E-09
1.80000E+00 1.000000000E-07 2.120513327E+01
1.80000E+00 1.000000000E-08 5.019195352E-03
1.80000E+00 2.511886400E-06 0.000000000E+00
1.80000E+00 2.511886400E-07 4.195636818E+01
1.80000E+00 2.511886400E-08 1.757584378E-01
1.80000E+00 3.162277700E-06 0.000000000E+00
1.80000E+00 3.162277700E-07 1.927479919E+01
1.80000E+00 3.162277700E-08 4.772334501E-01
1.80000E+00 3.162277700E-09 4.944063479E-05
1.80000E+00 3.981071700E-07 6.237627227E+00
1.80000E+00 3.981071700E-08 1.028137109E+00
1.80000E+00 3.981071700E-09 1.395459011E-04
1.80000E+00 5.011872300E-07 4.638803653E-01
1.80000E+00 5.011872300E-08 2.507397179E+00
1.80000E+00 5.011872300E-09 3.105677964E-04
1.80000E+00 6.309573400E-07 3.879757595E-02
1.80000E+00 6.309573400E-08 5.254861356E+00
1.80000E+00 6.309573400E-09 7.941933466E-04
1.80000E+00 7.943282300E-07 8.184490188E-05
1.80000E+00 7.943282300E-08 1.108213590E+01
1.80000E+00 7.943282300E-09 1.981771177E-03
1.90000E+00 1.258925400E-06 3.170126092E-15
1.90000E+00 1.258925400E-07 1.966091947E+01
1.90000E+00 1.258925400E-08 8.108391082E-03
1.90000E+00 1.584893200E-06 4.488973073E-25
1.90000E+00 1.584893200E-07 2.575945374E+01
1.90000E+00 1.584893200E-08 1.972401938E-02
1.90000E+00 1.995262300E-06 3.784975254E-40
1.90000E+00 1.995262300E-07 2.800386726E+01
1.90000E+00 1.995262300E-08 4.515019716E-02
1.90000E+00 1.000000000E-06 6.280967214E-09
1.90000E+00 1.000000000E-08 3.143264691E-03
1.90000E+00 2.511886400E-06 0.000000000E+00
1.90000E+00 2.511886400E-07 2.557578033E+01
1.90000E+00 2.511886400E-08 1.168471635E-01
1.90000E+00 3.162277700E-06 0.000000000E+00
1.90000E+00 3.162277700E-07 1.285033532E+01
1.90000E+00 3.162277700E-08 2.933898658E-01
1.90000E+00 3.162277700E-09 3.403336778E-05
1.90000E+00 3.981071700E-07 3.939536600E+00
1.90000E+00 3.981071700E-09 8.106219437E-05
1.90000E+00 5.011872300E-07 4.105768080E-01
1.90000E+00 5.011872300E-08 1.418600587E+00
1.90000E+00 5.011872300E-09 1.848871157E-04
1.90000E+00 6.309573400E-07 1.770531442E-02
1.90000E+00 6.309573400E-08 3.566618717E+00
1.90000E+00 6.309573400E-09 5.098997774E-04
1.90000E+00 7.943282300E-07 7.730950420E-05
1.90000E+00 7.943282300E-08 6.704206243E+00
1.90000E+00 7.943282300E-09 1.253151890E-03
2.00000E+00 1.258925400E-06 2.077394672E-17
2.00000E+00 1.258925400E-07 1.223785367E+01
2.00000E+00 1.258925400E-08 5.521366637E-03
2.00000E+00 1.584893200E-06 3.896935433E-29
2.00000E+00 1.584893200E-07 1.577502124E+01
2.00000E+00 1.584893200E-08 1.330072681E-02
2.00000E+00 1.995262300E-06 0.000000000E+00
2.00000E+00 1.995262300E-07 1.617329373E+01
2.00000E+00 1.995262300E-08 3.037376931E-02
2.00000E+00 1.000000000E-06 2.598223328E-10
2.00000E+00 1.000000000E-07 8.277161510E+00
2.00000E+00 1.000000000E-08 2.254285236E-03
2.00000E+00 2.511886400E-06 0.000000000E+00
2.00000E+00 2.511886400E-07 1.112833778E+01
2.00000E+00 2.511886400E-08 7.963542457E-02
2.00000E+00 3.162277700E-06 0.000000000E+00
2.00000E+00 3.162277700E-07 4.799894296E+00
2.00000E+00 3.162277700E-08 2.016368434E-01
2.00000E+00 3.981071700E-07 1.015106108E+00
2.00000E+00 3.981071700E-09 5.895452812E-05
2.00000E+00 5.011872300E-07 1.046896898E-01
2.00000E+00 5.011872300E-08 1.053808437E+00
2.00000E+00 5.011872300E-09 1.427069551E-04
2.00000E+00 6.309573400E-07 2.004099444E-03
2.00000E+00 6.309573400E-08 2.319589040E+00
2.00000E+00 6.309573400E-09 3.580768773E-04
2.00000E+00 7.943282300E-07 5.107993076E-06
2.00000E+00 7.943282300E-08 5.163630765E+00
2.00000E+00 7.943282300E-09 8.345261785E-04
2.10000E+00 1.258925400E-06 2.242873982E-21
2.10000E+00 1.258925400E-07 7.223046387E+00
2.10000E+00 1.258925400E-08 4.291140458E-03
2.10000E+00 1.584893200E-06 1.773325299E-32
2.10000E+00 1.584893200E-07 9.315027895E+00
2.10000E+00 1.584893200E-08 1.028501000E-02
2.10000E+00 1.995262300E-06 0.000000000E+00
2.10000E+00 1.995262300E-07 8.797778973E+00
2.10000E+00 1.995262300E-08 2.366709574E-02
2.10000E+00 1.000000000E-06 6.409111533E-12
2.10000E+00 1.000000000E-07 5.313466882E+00
2.10000E+00 1.000000000E-08 1.638375230E-03
2.10000E+00 2.511886400E-06 0.000000000E+00
2.10000E+00 2.511886400E-07 5.635372180E+00
2.10000E+00 2.511886400E-08 6.108780668E-02
2.10000E+00 3.162277700E-06 0.000000000E+00
2.10000E+00 3.162277700E-07 2.068866765E+00
2.10000E+00 3.162277700E-08 1.476028374E-01
2.10000E+00 3.162277700E-09 1.830523945E-05
2.10000E+00 3.981071700E-07 3.543935630E-01
2.10000E+00 3.981071700E-08 3.117471998E-01
2.10000E+00 5.011872300E-07 2.530267950E-02
2.10000E+00 5.011872300E-08 7.465226784E-01
2.10000E+00 5.011872300E-09 1.080932567E-04
2.10000E+00 6.309573400E-07 1.831240892E-04
2.10000E+00 6.309573400E-08 1.735079289E+00
2.10000E+00 6.309573400E-09 2.593481500E-04
2.10000E+00 7.943282300E-07 3.027242223E-07
2.10000E+00 7.943282300E-08 3.371867067E+00
2.20000E+00 1.258925400E-06 4.211311951E-24
2.20000E+00 1.258925400E-07 5.085518431E+00
2.20000E+00 1.258925400E-08 2.894451146E-03
2.20000E+00 1.584893200E-06 7.068464564E-38
2.20000E+00 1.584893200E-07 5.378433337E+00
2.20000E+00 1.584893200E-08 7.100997343E-03
2.20000E+00 1.995262300E-06 0.000000000E+00
2.20000E+00 1.995262300E-07 5.375441743E+00
2.20000E+00 1.995262300E-08 1.919852822E-02
2.20000E+00 1.000000000E-06 2.809521382E-14
2.20000E+00 1.000000000E-07 3.327424020E+00
2.20000E+00 1.000000000E-08 1.264673451E-03
2.20000E+00 2.511886400E-06 0.000000000E+00
2.20000E+00 2.511886400E-07 2.779741243E+00
2.20000E+00 2.511886400E-08 4.807716222E-02
2.20000E+00 3.162277700E-06 0.000000000E+00
2.20000E+00 3.162277700E-07 9.868084674E-01
2.20000E+00 3.162277700E-08 1.079680846E-01
2.20000E+00 3.162277700E-09 1.171518623E-05
2.20000E+00 3.981071700E-07 1.165549681E-01
2.20000E+00 3.981071700E-08 2.400567461E-01
2.20000E+00 3.981071700E-09 3.090583045E-05
2.20000E+00 5.011872300E-07 4.810069775E-03
2.20000E+00 5.011872300E-08 5.594491312E-01
2.20000E+00 5.011872300E-09 8.158988872E-05
2.20000E+00 6.309573400E-07 4.690454782E-05
2.20000E+00 6.309573400E-08 1.158963807E+00
2.20000E+00 6.309573400E-09 1.840280268E-04
2.20000E+00 7.943282300E-07 7.246324864E-09
2.20000E+00 7.943282300E-08 2.143208747E+00
2.20000E+00 7.943282300E-09 4.730820609E-04
2.30000E+00 1.258925400E-06 1.864005578E-26
2.30000E+00 1.258925400E-07 3.018998372E+00
2.30000E+00 1.258925400E-08 2.282495181E-03
2.30000E+00 1.584893200E-06 1.651500966E-40
2.30000E+00 1.584893200E-07 3.630134163E+00
2.30000E+00 1.584893200E-08 5.099005451E-03
2.30000E+00 1.995262300E-06 0.000000000E+00
2.30000E+00 1.995262300E-07 2.599221926E+00
2.30000E+00 1.995262300E-08 1.351884475E-02
2.30000E+00 1.000000000E-06 1.419022486E-15
2.30000E+00 1.000000000E-07 2.291852966E+00
2.30000E+00 1.000000000E-08 1.002814797E-03
2.30000E+00 2.511886400E-06 0.000000000E+00
2.30000E+00 2.511886400E-07 1.642505904E+00
2.30000E+00 2.511886400E-08 3.242138212E-02
2.30000E+00 3.162277700E-06 0.000000000E+00
2.30000E+00 3.162277700E-07 4.899598435E-01
2.30000E+00 3.162277700E-08 8.207961200E-02
2.30000E+00 3.162277700E-09 8.512355346E-06
2.30000E+00 3.981071700E-07 5.517097365E-02
2.30000E+00 3.981071700E-08 1.737278768E-01
2.30000E+00 3.981071700E-09 2.277553474E-05
2.30000E+00 5.011872300E-07 2.458649946E-03
2.30000E+00 5.011872300E-08 3.559604734E-01
2.30000E+00 5.011872300E-09 4.721648739E-05
2.30000E+00 6.309573400E-07 1.192656310E-06
2.30000E+00 6.309573400E-08 8.411638356E-01
2.30000E+00 6.309573400E-09 1.359724301E-04
2.30000E+00 7.943282300E-07 7.822895467E-10
2.30000E+00 7.943282300E-08 1.296658446E+00
2.30000E+00 7.943282300E-09 3.935664629E-04
2.40000E+00 1.258925400E-06 1.595186524E-28
2.40000E+00 1.258925400E-07 1.996208008E+00
2.40000E+00 1.258925400E-08 1.604913234E-03
2.40000E+00 1.584893200E-06 2.483073184E-44
2.40000E+00 1.584893200E-07 2.075220276E+00
2.40000E+00 1.584893200E-08 4.264954417E-03
2.40000E+00 1.995262300E-06 0.000000000E+00
2.40000E+00 1.995262300E-07 1.711014469E+00
2.40000E+00 1.995262300E-08 9.651092769E-03
2.40000E+00 1.000000000E-06 7.867467237E-17
2.40000E+00 1.000000000E-07 1.426645484E+00
2.40000E+00 1.000000000E-08 6.484144289E-04
2.40000E+00 2.511886400E-06 0.000000000E+00
2.40000E+00 2.511886400E-07 7.817587133E-01
2.40000E+00 2.511886400E-08 2.307228514E-02
2.40000E+00 3.162277700E-06 0.000000000E+00
2.40000E+00 3.162277700E-07 2.043650081E-01
2.40000E+00 3.162277700E-08 5.506911883E-02
2.40000E+00 3.162277700E-09 6.567452890E-06
2.40000E+00 3.981071700E-07 2.350893805E-02
2.40000E+00 3.981071700E-08 1.217980380E-01
2.40000E+00 3.981071700E-09 1.771032938E-05
2.40000E+00 5.011872300E-07 3.698447531E-04
2.40000E+00 5.011872300E-08 2.556032360E-01
2.40000E+00 5.011872300E-09 4.043033959E-05
2.40000E+00 6.309573400E-07 1.589615108E-06
2.40000E+00 6.309573400E-08 5.007283297E-01
2.40000E+00 6.309573400E-09 1.097482747E-04
2.40000E+00 7.943282300E-07 5.736593101E-11
2.40000E+00 7.943282300E-08 9.541995202E-01
2.40000E+00 7.943282300E-09 2.779009239E-04
2.50000E+00 1.258925400E-06 2.429066847E-30
2.50000E+00 1.258925400E-07 1.309937281E+00
2.50000E+00 1.258925400E-08 1.055410175E-03
2.50000E+00 1.584893200E-06 0.000000000E+00
2.50000E+00 1.584893200E-07 1.480877511E+00
2.50000E+00 1.584893200E-08 3.299614513E-03
2.50000E+00 1.995262300E-06 0.000000000E+00
2.50000E+00 1.995262300E-07 8.802337969E-01
2.50000E+00 1.995262300E-08 7.120201312E-03
2.50000E+00 1.000000000E-06 1.052912295E-19
2.50000E+00 1.000000000E-07 1.053264653E+00
2.50000E+00 1.000000000E-08 4.773423591E-04
2.50000E+00 2.511886400E-06 0.000000000E+00
2.50000E+00 2.511886400E-07 3.952955587E-01
2.50000E+00 2.511886400E-08 1.619724281E-02
2.50000E+00 3.162277700E-06 0.000000000E+00
2.50000E+00 3.162277700E-07 1.008786046E-01
2.50000E+00 3.162277700E-08 4.136950647E-02
2.50000E+00 3.162277700E-09 4.942113059E-06
2.50000E+00 3.981071700E-07 6.797825982E-03
2.50000E+00 3.981071700E-08 1.009495741E-01
2.50000E+00 3.981071700E-09 1.266980011E-05
2.50000E+00 5.011872300E-07 1.496894967E-04
2.50000E+00 5.011872300E-08 2.178617532E-01
2.50000E+00 5.011872300E-09 3.149417155E-05
2.50000E+00 6.309573400E-07 1.530510486E-07
2.50000E+00 6.309573400E-08 4.219205907E-01
2.50000E+00 6.309573400E-09 7.677162172E-05
2.50000E+00 7.943282300E-07 1.037834371E-11
2.50000E+00 7.943282300E-08 6.945424062E-01
2.50000E+00 7.943282300E-09 1.936356785E-04
2.60000E+00 1.258925400E-06 3.108718351E-34
2.60000E+00 1.258925400E-07 8.349086449E-01
2.60000E+00 1.258925400E-08 9.138178879E-04
2.60000E+00 1.584893200E-06 0.000000000E+00
2.60000E+00 1.584893200E-07 1.017244269E+00
2.60000E+00 1.584893200E-08 2.088059369E-03
2.60000E+00 1.995262300E-06 0.000000000E+00
2.60000E+00 1.995262300E-07 5.136620546E-01
2.60000E+00 1.995262300E-08 5.429623375E-03
2.60000E+00 1.000000000E-06 4.329509544E-21
2.60000E+00 1.000000000E-07 7.383133280E-01
2.60000E+00 1.000000000E-08 3.923577629E-04
2.60000E+00 2.511886400E-06 0.000000000E+00
2.60000E+00 2.511886400E-07 2.093647788E-01
2.60000E+00 2.511886400E-08 1.340259606E-02
2.60000E+00 3.162277700E-06 0.000000000E+00
2.60000E+00 3.162277700E-07 3.258038907E-02
2.60000E+00 3.162277700E-08 2.853697536E-02
2.60000E+00 3.162277700E-09 4.413251768E-06
2.60000E+00 3.981071700E-07 3.318107748E-03
2.60000E+00 3.981071700E-08 7.193032440E-02
2.60000E+00 5.011872300E-07 5.158865516E-05
2.60000E+00 5.011872300E-08 1.440321381E-01
2.60000E+00 5.011872300E-09 2.376877687E-05
2.60000E+00 6.309573400E-07 1.400870478E-08
2.60000E+00 6.309573400E-08 2.975910450E-01
2.60000E+00 6.309573400E-09 5.875493713E-05
2.60000E+00 7.943282300E-07 1.087457818E-13
2.60000E+00 7.943282300E-08 4.650078913E-01
2.60000E+00 7.943282300E-09 1.309824329E-04
2.70000E+00 1.258925400E-06 2.998369112E-37
2.70000E+00 1.258925400E-07 6.133053862E-01
2.70000E+00 1.258925400E-08 6.264892266E-04
2.70000E+00 1.584893200E-06 0.000000000E+00
2.70000E+00 1.584893200E-07 6.246769370E-01
2.70000E+00 1.584893200E-08 1.714928436E-03
2.70000E+00 1.995262300E-06 0.000000000E+00
2.70000E+00 1.995262300E-07 4.463647529E-01
2.70000E+00 1.995262300E-08 4.235729759E-03
2.70000E+00 1.000000000E-06 7.397146104E-23
2.70000E+00 1.000000000E-07 5.453006050E-01
2.70000E+00 1.000000000E-08 3.039227255E-04
2.70000E+00 2.511886400E-06 0.000000000E+00
2.70000E+00 2.511886400E-07 1.654268961E-01
2.70000E+00 2.511886400E-08 1.037258045E-02
2.70000E+00 3.162277700E-06 0.000000000E+00
2.70000E+00 3.162277700E-07 3.161538824E-02
2.70000E+00 3.162277700E-08 2.311562717E-02
2.70000E+00 3.162277700E-09 3.030236375E-06
2.70000E+00 3.981071700E-07 1.214273628E-03
2.70000E+00 3.981071700E-08 5.289000204E-02
2.70000E+00 3.981071700E-09 7.497494009E-06
2.70000E+00 5.011872300E-07 7.057510849E-06
2.70000E+00 5.011872300E-08 1.039136630E-01
2.70000E+00 5.011872300E-09 1.997956537E-05
2.70000E+00 6.309573400E-07 2.496974753E-09
2.70000E+00 6.309573400E-08 2.130198638E-01
2.70000E+00 6.309573400E-09 4.398432127E-05
2.70000E+00 7.943282300E-07 2.133271132E-14
2.70000E+00 7.943282300E-08 3.637741896E-01
2.70000E+00 7.943282300E-09 1.118487187E-04
2.80000E+00 1.258925400E-06 7.183958413E-38
2.80000E+00 1.258925400E-07 4.543178253E-01
2.80000E+00 1.258925400E-08 5.118496909E-04
2.80000E+00 1.584893200E-06 0.000000000E+00
2.80000E+00 1.584893200E-07 3.943049478E-01
2.80000E+00 1.584893200E-08 1.246778875E-03
2.80000E+00 1.995262300E-06 0.000000000E+00
2.80000E+00 1.995262300E-07 3.006022737E-01
2.80000E+00 1.995262300E-08 3.265385134E-03
2.80000E+00 1.000000000E-06 3.503491482E-25
2.80000E+00 1.000000000E-07 3.376245210E-01
2.80000E+00 1.000000000E-08 2.089097617E-04
2.80000E+00 2.511886400E-06 0.000000000E+00
2.80000E+00 2.511886400E-07 1.013405229E-01
2.80000E+00 2.511886400E-08 7.687157149E-03
2.80000E+00 3.162277700E-06 0.000000000E+00
2.80000E+00 3.162277700E-07 1.635076103E-02
2.80000E+00 3.162277700E-08 1.768301819E-02
2.80000E+00 3.162277700E-09 2.073801906E-06
2.80000E+00 3.981071700E-07 6.301191887E-04
2.80000E+00 3.981071700E-08 3.368124105E-02
2.80000E+00 3.981071700E-09 4.774326766E-06
2.80000E+00 5.011872300E-07 6.214942368E-06
2.80000E+00 5.011872300E-08 8.683244964E-02
2.80000E+00 5.011872300E-09 1.354709492E-05
2.80000E+00 6.309573400E-08 1.499854971E-01
2.80000E+00 6.309573400E-09 3.240586857E-05
2.80000E+00 7.943282300E-07 5.550828830E-15
2.80000E+00 7.943282300E-08 2.651383319E-01
2.80000E+00 7.943282300E-09 7.764469315E-05
2.90000E+00 1.258925400E-06 7.833674439E-42
2.90000E+00 1.258925400E-07 3.411773600E-01
2.90000E+00 1.258925400E-08 4.374392604E-04
2.90000E+00 1.584893200E-06 0.000000000E+00
2.90000E+00 1.584893200E-07 2.723034844E-01
2.90000E+00 1.584893200E-08 8.932514057E-04
2.90000E+00 1.995262300E-06 0.000000000E+00
2.90000E+00 1.995262300E-07 1.519290218E-01
2.90000E+00 1.995262300E-08 2.448785201E-03
2.90000E+00 1.000000000E-06 2.033253974E-25
2.90000E+00 1.000000000E-07 2.447820194E-01
2.90000E+00 1.000000000E-08 1.413157177E-04
2.90000E+00 2.511886400E-06 0.000000000E+00
2.90000E+00 2.511886400E-07 4.665715134E-02
2.90000E+00 2.511886400E-08 6.020123604E-03
2.90000E+00 3.162277700E-06 0.000000000E+00
2.90000E+00 3.162277700E-07 5.710630385E-03
2.90000E+00 3.162277700E-08 1.311089915E-02
2.90000E+00 3.162277700E-09 1.690599102E-06
2.90000E+00 3.981071700E-07 2.750118951E-04
2.90000E+00 3.981071700E-08 2.941123324E-02
2.90000E+00 3.981071700E-09 4.379655242E-06
2.90000E+00 5.011872300E-07 1.026473792E-06
2.90000E+00 5.011872300E-08 6.000851321E-02
2.90000E+00 5.011872300E-09 1.044673447E-05
2.90000E+00 6.309573400E-07 2.617310213E-10
2.90000E+00 6.309573400E-08 1.122882578E-01
2.90000E+00 6.309573400E-09 2.743880597E-05
2.90000E+00 7.943282300E-07 1.740874996E-16
2.90000E+00 7.943282300E-08 1.798663342E-01
