0.002 0.00012589254 1.2647541e+10
0.002 0.00015848932 2.4463971e+10
0.002 0.00019952623 3.8344709e+10
0.002 0.0001 5.9533879e+09
0.002 0.00025118864 5.237808e+10
0.002 0.00031622777 5.8317578e+10
0.002 0.001 4.7626805e+08
0.002 0.0031622777 8.8390907e-18
0.002 0.01 0
0.002 0.031622777 0
0.002 1.2589254e-05 2261479.2
0.002 1.2589254e-06 230.44654
0.002 1.2589254e-07 0.022793176
0.002 1.2589254e-08 2.2472592e-06
0.002 1.2589254e-09 2.2487915e-10
0.002 1.5848932e-05 5639701.5
0.002 1.5848932e-06 569.88597
0.002 1.5848932e-07 0.058367256
0.002 1.5848932e-08 5.8250131e-06
0.002 1.5848932e-09 5.6916876e-10
0.002 1.9952623e-05 13869683
0.002 1.9952623e-06 1491.4335
0.002 1.9952623e-07 0.14841146
0.002 1.9952623e-08 1.4652225e-05
0.002 1.9952623e-09 1.4344797e-09
0.002 1e-05 917204.01
0.002 1e-06 94.360551
0.002 1e-07 0.0091320317
0.002 1e-08 9.1301417e-07
0.002 1e-09 8.9992776e-11
0.002 2.5118864e-05 35319259
0.002 2.5118864e-06 3611.4918
0.002 2.5118864e-07 0.37510829
0.002 2.5118864e-08 3.5397123e-05
0.002 2.5118864e-09 3.7454471e-09
0.002 3.1622777e-05 86851171
0.002 3.1622777e-06 9369.8408
0.002 3.1622777e-07 0.94745087
0.002 3.1622777e-08 8.8387348e-05
0.002 3.1622777e-09 9.3871203e-09
0.002 3.9810717e-05 2.2633523e+08
0.002 3.9810717e-06 23598.333
0.002 3.9810717e-07 2.4822801
0.002 3.9810717e-08 0.00024426721
0.002 3.9810717e-09 2.2394078e-08
0.002 5.0118723e-05 5.3280426e+08
0.002 5.0118723e-06 57953.94
0.002 5.0118723e-07 5.7102779
0.002 5.0118723e-08 0.00058742644
0.002 5.0118723e-09 5.7501844e-08
0.002 6.3095734e-05 1.2734749e+09
0.002 6.3095734e-06 146636.98
0.002 6.3095734e-07 15.00597
0.002 6.3095734e-08 0.0014491621
0.002 6.3095734e-09 1.4294868e-07
0.002 7.9432823e-05 2.844793e+09
0.002 7.9432823e-06 373463.59
0.002 7.9432823e-07 38.410088
0.002 7.9432823e-08 0.0034858085
0.002 7.9432823e-09 3.3855939e-07
0.005 0.00012589254 8.8973834e+09
0.005 0.00015848932 7.8060365e+09
0.005 0.00019952623 5.7336975e+09
0.005 0.00025118864 2.4526189e+09
0.005 0.00031622777 6.74837e+08
0.005 0.001 6.5844188e-08
0.005 0.0031622777 0
0.005 0.01 0
0.005 0.031622777 0
0.005 1.2589254e-06 1324.5527
0.005 1.2589254e-07 0.13190707
0.005 1.2589254e-08 1.361484e-05
0.005 1.2589254e-09 1.3974228e-09
0.005 1.5848932e-05 32301489
0.005 1.5848932e-06 3366.3147
0.005 1.5848932e-07 0.35436976
0.005 1.5848932e-08 3.6265769e-05
0.005 1.5848932e-09 3.6408825e-09
0.005 1.9952623e-05 79095263
0.005 1.9952623e-06 8820.4246
0.005 1.9952623e-07 0.85522321
0.005 1.9952623e-08 8.8988625e-05
0.005 1.9952623e-09 8.7986973e-09
0.005 1e-05 5025963.8
0.005 1e-06 565.6126
0.005 1e-07 0.055319705
0.005 1e-08 5.5596835e-06
0.005 1e-09 5.6081753e-10
0.005 2.5118864e-05 1.923106e+08
0.005 2.5118864e-06 22242.359
0.005 2.5118864e-07 2.2289966
0.005 2.5118864e-08 0.00022106817
0.005 2.5118864e-09 2.2526413e-08
0.005 3.1622777e-05 4.2623333e+08
0.005 3.1622777e-06 52979.348
0.005 3.1622777e-07 5.7150831
0.005 3.1622777e-08 0.00057842212
0.005 3.1622777e-09 5.4857879e-08
0.005 3.9810717e-05 9.1294968e+08
0.005 3.9810717e-06 135051.84
0.005 3.9810717e-07 14.178946
0.005 3.9810717e-08 0.0014756798
0.005 3.9810717e-09 1.3039061e-07
0.005 5.0118723e-05 2.0258488e+09
0.005 5.0118723e-06 347660.73
0.005 5.0118723e-07 36.882883
0.005 5.0118723e-08 0.0033629749
0.005 5.0118723e-09 3.6125961e-07
0.005 6.3095734e-05 3.6617326e+09
0.005 6.3095734e-06 856794.06
0.005 6.3095734e-07 89.13043
0.005 6.3095734e-08 0.0088869066
0.005 6.3095734e-09 8.5017572e-07
0.005 7.9432823e-05 5.6041102e+09
0.005 7.9432823e-06 2017646.2
0.005 7.9432823e-07 216.22529
0.005 7.9432823e-08 0.021152281
0.005 7.9432823e-09 2.2161016e-06
0.01 0.00012589254 6.2127098e+08
0.01 0.00015848932 1.2895121e+08
0.01 0.00019952623 13662802
0.01 0.0001 1.3629946e+09
0.01 0.00025118864 418959.88
0.01 0.001 0
0.01 0.0031622777 0
0.01 0.01 0
0.01 0.031622777 0
0.01 1.2589254e-05 45586590
0.01 1.2589254e-06 5335.4026
0.01 1.2589254e-07 0.564985
0.01 1.2589254e-08 5.2920016e-05
0.01 1.2589254e-09 5.4328595e-09
0.01 1.5848932e-06 13960.075
0.01 1.5848932e-07 1.3647567
0.01 1.5848932e-08 0.00014754973
0.01 1.5848932e-09 1.3657076e-08
0.01 1.9952623e-05 2.3650687e+08
0.01 1.9952623e-06 32846.343
0.01 1.9952623e-07 3.3485224
0.01 1.9952623e-08 0.00035319402
0.01 1e-05 20736817
0.01 1e-07 0.20897625
0.01 1e-08 2.1996155e-05
0.01 1e-09 2.1246992e-09
0.01 2.5118864e-05 4.8583436e+08
0.01 2.5118864e-06 88784.867
0.01 2.5118864e-07 8.5718609
0.01 2.5118864e-08 0.00088559198
0.01 2.5118864e-09 8.8580365e-08
0.01 3.1622777e-05 8.8068395e+08
0.01 3.1622777e-06 228062.53
0.01 3.1622777e-08 0.0020604967
0.01 3.1622777e-09 2.1377784e-07
0.01 3.9810717e-05 1.4341044e+09
0.01 3.9810717e-06 535177.08
0.01 3.9810717e-07 53.288546
0.01 3.9810717e-08 0.0052687604
0.01 3.9810717e-09 5.6101191e-07
0.01 5.0118723e-05 1.947937e+09
0.01 5.0118723e-06 1350559.8
0.01 5.0118723e-07 144.63043
0.01 5.0118723e-08 0.013675551
0.01 5.0118723e-09 1.3445426e-06
0.01 6.3095734e-05 2.2054952e+09
0.01 6.3095734e-06 3293001.8
0.01 6.3095734e-07 343.02872
0.01 6.3095734e-08 0.034122718
0.01 6.3095734e-09 3.4023357e-06
0.01 7.9432823e-05 2.014119e+09
0.01 7.9432823e-06 8117186.9
0.01 7.9432823e-07 841.02527
0.01 7.9432823e-08 0.088726734
0.01 7.9432823e-09 8.6748764e-06
0.05 0.00012589254 2.7979698e-20
0.05 0.00015848932 1.2105917e-37
0.05 0.00019952623 0
0.05 0.0001 5.1138599e-10
0.05 0.00025118864 0
0.05 0.00031622777 0
0.05 0.001 0
0.05 0.0031622777 0
0.05 0.01 0
0.05 0.031622777 0
0.05 1.2589254e-06 132427.08
0.05 1.2589254e-08 0.0013577627
0.05 1.2589254e-09 1.3812998e-07
0.05 1.5848932e-05 83346131
0.05 1.5848932e-06 334176.94
0.05 1.5848932e-07 37.073615
0.05 1.5848932e-08 0.0034595341
0.05 1.5848932e-09 3.4726627e-07
0.05 1.9952623e-05 49708920
0.05 1.9952623e-06 817274.03
0.05 1.9952623e-07 87.757865
0.05 1.9952623e-08 0.0086695272
0.05 1e-05 80344150
0.05 1e-07 5.4928416
0.05 1e-08 0.0005453902
0.05 1e-09 5.4632379e-08
0.05 2.5118864e-05 24623278
0.05 2.5118864e-06 1865873.5
0.05 2.5118864e-07 225.70396
0.05 2.5118864e-09 2.1352322e-06
0.05 3.1622777e-05 6554348
0.05 3.1622777e-06 4432998.3
0.05 3.1622777e-07 579.92281
0.05 3.1622777e-08 0.055957109
0.05 3.1622777e-09 5.3423366e-06
0.05 3.9810717e-05 886786.68
0.05 3.9810717e-06 9386497.5
0.05 3.9810717e-07 1344.0534
0.05 3.9810717e-08 0.133038
0.05 3.9810717e-09 1.3987244e-05
0.05 5.0118723e-05 16713.583
0.05 5.0118723e-08 0.32892115
0.05 5.0118723e-09 3.5236585e-05
0.05 6.3095734e-05 41.217387
0.05 6.3095734e-07 8666.3046
0.05 6.3095734e-08 0.90077417
0.05 6.3095734e-09 8.7076908e-05
0.05 7.9432823e-05 0.0019941972
0.05 7.9432823e-06 58337345
0.05 7.9432823e-07 20625.86
0.05 7.9432823e-08 2.2280372
0.1 0.00012589254 0
0.1 0.00015848932 0
0.1 0.00019952623 0
0.1 0.0001 0
0.1 0.00025118864 0
0.1 0.00031622777 0
0.1 0.001 0
0.1 0.0031622777 0
0.1 0.01 0
0.1 0.031622777 0
0.1 1.2589254e-05 6584735.7
0.1 1.2589254e-06 483768.29
0.1 1.2589254e-07 55.364594
0.1 1.2589254e-08 0.0055860098
0.1 1.2589254e-09 5.6478579e-07
0.1 1.5848932e-05 1669248.4
0.1 1.5848932e-06 1138053.4
0.1 1.5848932e-07 147.35703
0.1 1.5848932e-08 0.014014852
0.1 1.5848932e-09 1.4636612e-06
0.1 1.9952623e-05 123628.92
0.1 1.9952623e-06 2486683.3
0.1 1.9952623e-07 347.58194
0.1 1.9952623e-08 0.034720295
0.1 1.9952623e-09 3.5353097e-06
0.1 1e-05 15916973
0.1 1e-06 198681.4
0.1 1e-07 21.919266
0.1 1e-08 0.0022873104
0.1 1e-09 2.2050917e-07
0.1 2.5118864e-05 3465.283
0.1 2.5118864e-06 4694905.2
0.1 2.5118864e-07 894.05628
0.1 2.5118864e-08 0.090853609
0.1 2.5118864e-09 8.7899558e-06
0.1 3.1622777e-05 7.2392414
0.1 3.1622777e-07 2202.9347
0.1 3.9810717e-05 0.00061908456
0.1 3.9810717e-06 14769349
0.1 3.9810717e-07 5651.2103
0.1 3.9810717e-08 0.59151138
0.1 3.9810717e-09 5.8280905e-05
0.1 5.0118723e-05 1.1555636e-10
0.1 5.0118723e-06 20144730
0.1 5.0118723e-07 14218.74
0.1 5.0118723e-08 1.4259777
0.1 5.0118723e-09 0.00014617845
0.1 6.3095734e-05 2.4757152e-21
0.1 6.3095734e-06 22492341
0.1 6.3095734e-07 34924.452
0.1 6.3095734e-08 3.6261502
0.1 6.3095734e-09 0.00034364383
0.1 7.9432823e-05 1.7576913e-37
0.1 7.9432823e-06 21088434
0.1 7.9432823e-07 85051.951
0.1 7.9432823e-08 9.0760409
0.1 7.9432823e-09 0.00084781762
0.15 0.00012589254 0
0.15 0.00015848932 0
0.15 0.00019952623 0
0.15 0.0001 0
0.15 0.00025118864 0
0.15 0.00031622777 0
0.15 0.001 0
0.15 0.0031622777 0
0.15 0.01 0
0.15 0.031622777 0
0.15 1.2589254e-05 170333.81
0.15 1.2589254e-06 973943.88
0.15 1.2589254e-07 134.0064
0.15 1.2589254e-08 0.013280625
0.15 1.2589254e-09 1.3560842e-06
0.15 1.5848932e-06 1926865.8
0.15 1.5848932e-07 345.44545
0.15 1.5848932e-08 0.034378593
0.15 1.5848932e-09 3.2656007e-06
0.15 1.9952623e-05 11.771842
0.15 1.9952623e-06 3779166.8
0.15 1.9952623e-07 823.23303
0.15 1.9952623e-08 0.080599325
0.15 1.9952623e-09 8.3703067e-06
0.15 1e-05 1213380.9
0.15 1e-07 53.312115
0.15 1e-08 0.0052286774
0.15 1e-09 5.7059713e-07
0.15 2.5118864e-05 0.0042035117
0.15 2.5118864e-07 2202.4491
0.15 2.5118864e-08 0.20783357
0.15 2.5118864e-09 2.042821e-05
0.15 3.1622777e-05 7.9604542e-09
0.15 3.1622777e-06 8770428.9
0.15 3.1622777e-07 5505.4866
0.15 3.1622777e-08 0.51648824
0.15 3.1622777e-09 5.2862518e-05
0.15 3.9810717e-05 4.0490527e-18
0.15 3.9810717e-06 10558913
0.15 3.9810717e-07 13218.933
0.15 3.9810717e-08 1.3577193
0.15 3.9810717e-09 0.00012571625
0.15 5.0118723e-05 1.0260033e-35
0.15 5.0118723e-06 10277056
0.15 5.0118723e-07 31621.409
0.15 5.0118723e-08 3.5311639
0.15 5.0118723e-09 0.00033943253
0.15 6.3095734e-05 0
0.15 6.3095734e-06 8012747.8
0.15 6.3095734e-08 8.4484126
0.15 6.3095734e-09 0.00083117247
0.15 7.9432823e-05 0
0.15 7.9432823e-06 3931101.9
0.15 7.9432823e-07 181147.37
0.15 7.9432823e-08 22.172404
0.15 7.9432823e-09 0.0021975452
0.2 0.00012589254 0
0.2 0.00015848932 0
0.2 0.0001 0
0.2 0.00025118864 0
0.2 0.00031622777 0
0.2 0.001 0
0.2 0.0031622777 0
0.2 0.01 0
0.2 0.031622777 0
0.2 1.2589254e-05 775.21122
0.2 1.2589254e-06 1420456.5
0.2 1.2589254e-07 253.09003
0.2 1.2589254e-08 0.025353653
0.2 1.2589254e-09 2.4440614e-06
0.2 1.5848932e-05 1.2799947
0.2 1.5848932e-06 2611264.5
0.2 1.5848932e-07 627.0578
0.2 1.5848932e-08 0.061045932
0.2 1.5848932e-09 5.859084e-06
0.2 1.9952623e-05 0.00018164952
0.2 1.9952623e-06 4070218.2
0.2 1.9952623e-08 0.15827769
0.2 1.9952623e-09 1.5790596e-05
0.2 1e-05 43180.321
0.2 1e-06 659355.8
0.2 1e-07 101.42563
0.2 1e-08 0.010144797
0.2 1e-09 1.0307344e-06
0.2 2.5118864e-05 2.6945425e-11
0.2 2.5118864e-06 5737841.7
0.2 2.5118864e-08 0.41687538
0.2 2.5118864e-09 4.2064885e-05
0.2 3.1622777e-05 1.0748737e-22
0.2 3.1622777e-06 6356912
0.2 3.1622777e-07 10082.289
0.2 3.1622777e-08 1.0431381
0.2 3.1622777e-09 0.00010572786
0.2 3.9810717e-05 1.6865641e-38
0.2 3.9810717e-06 5966164.6
0.2 3.9810717e-07 24845.524
0.2 3.9810717e-08 2.643975
0.2 3.9810717e-09 0.00024445114
0.2 5.0118723e-05 0
0.2 5.0118723e-06 4164757.1
0.2 5.0118723e-07 58385.68
0.2 5.0118723e-08 6.2871545
0.2 6.3095734e-05 0
0.2 6.3095734e-06 1927810.6
0.2 6.3095734e-07 139193.92
0.2 6.3095734e-08 16.251844
0.2 6.3095734e-09 0.0015853951
0.2 7.9432823e-05 0
0.2 7.9432823e-06 411111.72
0.2 7.9432823e-07 309065.75
0.2 7.9432823e-08 39.712056
0.2 7.9432823e-09 0.0039421977
0.25 0.00012589254 0
0.25 0.00019952623 0
0.25 0.0001 0
0.25 0.00025118864 0
0.25 0.00031622777 0
0.25 1.1220184543e-05 0.008362056
0.25 1.2589254e-05 3.117655e-05
0.25 1.2589254e-06 3513925.5
0.25 1.2589254e-07 1493.6946
0.25 1.2589254e-08 0.14948879
0.25 1.2589254e-09 1.4969612e-05
0.25 1.41253754462e-05 5.3881962e-09
0.25 1.5848932e-05 1.3268317e-12
0.25 1.5848932e-06 4789204.8
0.25 1.5848932e-07 3733.4033
0.25 1.5848932e-08 0.36936664
0.25 1.5848932e-09 3.783487e-05
0.25 1.77827941004e-05 1.0265805e-17
0.25 1.9952623e-05 1.9158728e-24
0.25 1.9952623e-06 5577496.4
0.25 1.9952623e-07 8975.5846
0.25 1.9952623e-08 0.964233
0.25 1.9952623e-09 8.7754842e-05
0.25 1e-05 0.60402699
0.25 1e-06 2389015.3
0.25 1e-07 591.81663
0.25 1e-08 0.05924618
0.25 1e-09 6.082542e-06
0.25 2.23872113857e-05 3.0131254e-34
0.25 2.5118864e-05 0
0.25 2.5118864e-06 4520004.9
0.25 2.5118864e-08 2.4241405
0.25 2.81838293126e-05 0
0.25 3.1622777e-05 0
0.25 3.1622777e-06 3233246.4
0.25 3.1622777e-07 53746.77
0.25 3.1622777e-08 5.7663834
0.25 3.1622777e-09 0.00056921267
0.25 3.54813389234e-05 0
0.25 3.9810717e-05 0
0.25 3.9810717e-06 1257300.7
0.25 3.9810717e-08 15.293711
0.25 3.9810717e-09 0.0015352362
0.25 4.46683592151e-05 0
0.25 5.0118723e-05 0
0.25 5.0118723e-06 295118.35
0.25 5.0118723e-07 291829.03
0.25 5.0118723e-08 39.166418
0.25 5.0118723e-09 0.0038346163
0.25 5.6234132519e-05 0
0.25 6.3095734e-05 0
0.25 6.3095734e-06 21910.573
0.25 6.3095734e-07 610264.43
0.25 6.3095734e-08 96.720219
0.25 6.3095734e-09 0.0095164719
0.25 7.07945784384e-05 0
0.25 7.9432823e-05 0
0.25 7.9432823e-06 372.60887
0.25 7.9432823e-07 1293209.9
0.25 7.9432823e-08 235.65355
0.25 7.9432823e-09 0.023939968
0.3 0.00012589254 0
0.3 0.00015848932 0
0.3 0.00019952623 0
0.3 0.0001 0
0.3 0.00025118864 0
0.3 0.00031622777 0
0.3 1.2589254e-05 5.9895815e-13
0.3 1.2589254e-06 3663508.2
0.3 1.2589254e-07 2632.3968
0.3 1.2589254e-08 0.26493879
0.3 1.2589254e-09 2.6401853e-05
0.3 1.5848932e-05 1.7381783e-24
0.3 1.5848932e-06 3753542.2
0.3 1.5848932e-07 6613.3877
0.3 1.5848932e-08 0.71099257
0.3 1.5848932e-09 6.9144946e-05
0.3 1.9952623e-05 0
0.3 1.9952623e-06 3487271.1
0.3 1.9952623e-07 15962.302
0.3 1.9952623e-08 1.7321499
0.3 1.9952623e-09 0.00016655033
0.3 1e-05 7.7631098e-06
0.3 1e-06 2531029.4
0.3 1e-07 1020.0686
0.3 1e-08 0.10481269
0.3 1e-09 1.062382e-05
0.3 2.5118864e-05 0
0.3 2.5118864e-06 2497979.1
0.3 2.5118864e-07 38008.696
0.3 2.5118864e-08 4.1950171
0.3 2.5118864e-09 0.00042907063
0.3 3.1622777e-05 0
0.3 3.1622777e-06 1169409.2
0.3 3.1622777e-07 87682.097
0.3 3.1622777e-08 10.612115
0.3 3.9810717e-05 0
0.3 3.9810717e-06 281944.76
0.3 3.9810717e-07 217488.05
0.3 3.9810717e-08 26.585899
0.3 3.9810717e-09 0.0027655737
0.3 5.0118723e-05 0
0.3 5.0118723e-06 11097.26
0.3 5.0118723e-07 481266.91
0.3 5.0118723e-08 68.584547
0.3 5.0118723e-09 0.0071525685
0.3 6.3095734e-05 0
0.3 6.3095734e-06 323.27301
0.3 6.3095734e-07 914496.98
0.3 6.3095734e-09 0.017179621
0.3 7.9432823e-05 0
0.3 7.9432823e-06 0.39248538
0.3 7.9432823e-07 1652733.4
0.3 7.9432823e-08 431.46072
0.3 7.9432823e-09 0.042548808
0.35 0.00012589254 0
0.35 0.00015848932 0
0.35 0.0001 0
0.35 0.00025118864 0
0.35 0.00031622777 0
0.35 1.2589254e-05 4.4956599e-20
0.35 1.2589254e-06 3154693
0.35 1.2589254e-07 4331.7532
0.35 1.2589254e-08 0.43374847
0.35 1.2589254e-09 4.399391e-05
0.35 1.5848932e-05 1.0619728e-35
0.35 1.5848932e-06 3136534.7
0.35 1.5848932e-07 10827.925
0.35 1.5848932e-08 1.0759067
0.35 1.5848932e-09 0.00011147574
0.35 1.9952623e-05 0
0.35 1.9952623e-06 2284779.3
0.35 1.9952623e-07 25612.439
0.35 1.9952623e-08 2.7171874
0.35 1.9952623e-09 0.00026221082
0.35 1e-05 1.1269532e-10
0.35 1e-06 2786824.6
0.35 1e-07 1709.5578
0.35 1e-08 0.17202528
0.35 2.5118864e-05 0
0.35 2.5118864e-06 1087659
0.35 2.5118864e-07 59974.422
0.35 2.5118864e-08 6.7536211
0.35 2.5118864e-09 0.00068927937
0.35 3.1622777e-05 0
0.35 3.1622777e-06 281530.79
0.35 3.1622777e-07 139676.92
0.35 3.1622777e-08 17.053298
0.35 3.1622777e-09 0.0017521642
0.35 3.9810717e-05 0
0.35 3.9810717e-06 32761.403
0.35 3.9810717e-07 304849.28
0.35 3.9810717e-08 45.660332
0.35 3.9810717e-09 0.0046073786
0.35 5.0118723e-05 0
0.35 5.0118723e-06 751.68115
0.35 5.0118723e-07 636678.12
0.35 5.0118723e-08 109.29287
0.35 5.0118723e-09 0.010974362
0.35 6.3095734e-05 0
0.35 6.3095734e-06 1.1441061
0.35 6.3095734e-07 1184672.4
0.35 6.3095734e-08 264.32282
0.35 6.3095734e-09 0.028402718
0.35 7.9432823e-05 0
0.35 7.9432823e-06 8.3820129e-05
0.35 7.9432823e-07 1949600.3
0.35 7.9432823e-08 706.39988
0.35 7.9432823e-09 0.069850744
0.4 0.00012589254 0
0.4 0.00015848932 0
0.4 0.00019952623 0
0.4 0.0001 0
0.4 0.00025118864 0
0.4 0.00031622777 0
0.4 1.2589254e-05 8.20616e-33
0.4 1.2589254e-06 2789056.8
0.4 1.2589254e-07 6908.5801
0.4 1.2589254e-08 0.76867881
0.4 1.2589254e-09 7.3809723e-05
0.4 1.5848932e-06 2287421.8
0.4 1.5848932e-07 17686.472
0.4 1.5848932e-08 1.8655464
0.4 1.5848932e-09 0.00018221469
0.4 1.9952623e-05 0
0.4 1.9952623e-06 1110411.2
0.4 1.9952623e-07 40276.257
0.4 1.9952623e-08 4.7548153
0.4 1.9952623e-09 0.00046861504
0.4 1e-05 1.2525194e-18
0.4 1e-06 2682524.8
0.4 1e-07 2860.4185
0.4 1e-08 0.30276964
0.4 1e-09 3.1208447e-05
0.4 2.5118864e-05 0
0.4 2.5118864e-06 387406.56
0.4 2.5118864e-07 98001.094
0.4 2.5118864e-08 11.804657
0.4 2.5118864e-09 0.0012084038
0.4 3.1622777e-05 0
0.4 3.1622777e-06 50693.957
0.4 3.1622777e-07 210352.03
0.4 3.1622777e-08 30.9199
0.4 3.1622777e-09 0.0029907776
0.4 3.9810717e-05 0
0.4 3.9810717e-06 1725.1097
0.4 3.9810717e-07 454588.52
0.4 3.9810717e-08 73.030428
0.4 3.9810717e-09 0.0076539001
0.4 5.0118723e-05 0
0.4 5.0118723e-06 10.63504
0.4 5.0118723e-07 894913.01
0.4 5.0118723e-08 189.92343
0.4 5.0118723e-09 0.019444951
0.4 6.3095734e-05 0
0.4 6.3095734e-06 0.0036947243
0.4 6.3095734e-07 1433019.7
0.4 6.3095734e-08 487.72946
0.4 6.3095734e-09 0.047124208
0.4 7.9432823e-05 0
0.4 7.9432823e-06 8.9393127e-09
0.4 7.9432823e-07 2211244
0.4 7.9432823e-08 1119.6416
0.4 7.9432823e-09 0.11537431
0.45 0.00012589254 0
0.45 0.00015848932 0
0.45 0.00019952623 0
0.45 0.0001 0
0.45 0.00025118864 0
0.45 1.2589254e-05 0
0.45 1.2589254e-06 2357602.1
0.45 1.2589254e-07 11762.986
0.45 1.2589254e-08 1.268337
0.45 1.2589254e-09 0.00012755329
0.45 1.5848932e-05 0
0.45 1.5848932e-06 1385642.3
0.45 1.5848932e-07 29925.185
0.45 1.5848932e-08 3.1825804
0.45 1.5848932e-09 0.00032075576
0.45 1.9952623e-05 0
0.45 1.9952623e-06 543909.19
0.45 1.9952623e-07 64728.645
0.45 1.9952623e-08 7.7228107
0.45 1.9952623e-09 0.00079836982
0.45 1e-05 2.1003772e-26
0.45 1e-06 2630254.4
0.45 1e-07 5134.7274
0.45 1e-08 0.48232497
0.45 1e-09 5.3583908e-05
0.45 2.5118864e-05 0
0.45 2.5118864e-06 88975.433
0.45 2.5118864e-07 151853.01
0.45 2.5118864e-08 19.777109
0.45 2.5118864e-09 0.0020172135
0.45 3.1622777e-05 0
0.45 3.1622777e-06 6794.8409
0.45 3.1622777e-07 321036.97
0.45 3.1622777e-08 51.162296
0.45 3.1622777e-09 0.0051386991
0.45 3.9810717e-05 0
0.45 3.9810717e-06 78.578629
0.45 3.9810717e-07 671778.46
0.45 3.9810717e-08 122.09849
0.45 3.9810717e-09 0.01227061
0.45 5.0118723e-05 0
0.45 5.0118723e-06 0.077045209
0.45 5.0118723e-07 1194335.7
0.45 5.0118723e-08 292.95713
0.45 5.0118723e-09 0.032476426
0.45 6.3095734e-05 0
0.45 6.3095734e-06 1.7218325e-06
0.45 6.3095734e-07 1822594.5
0.45 6.3095734e-08 793.89578
0.45 6.3095734e-09 0.082952022
0.45 7.9432823e-05 0
0.45 7.9432823e-06 4.0241679e-15
0.45 7.9432823e-07 2406744.3
0.45 7.9432823e-08 1898.7888
0.45 7.9432823e-09 0.20412273
0.4 1.5848932e-08 1.8982908
0.4 1.9952623e-06 1077952.3
0.5 0.00012589254 0
0.5 0.00015848932 0
0.5 0.00019952623 0
0.5 0.0001 0
0.5 0.00025118864 0
0.5 0.00031622777 0
0.5 1.2589254e-05 0
0.5 1.2589254e-06 1845848.3
0.5 1.2589254e-07 19606.4
0.5 1.2589254e-08 2.2028906
0.5 1.2589254e-09 0.00022578318
0.5 1.5848932e-05 0
0.5 1.5848932e-06 765836.62
0.5 1.5848932e-07 48457.205
0.5 1.5848932e-08 5.1456766
0.5 1.5848932e-09 0.00060124773
0.5 1.9952623e-05 0
0.5 1.9952623e-06 212066.74
0.5 1.9952623e-07 108256.11
0.5 1.9952623e-08 13.553196
0.5 1.9952623e-09 0.0014386082
0.5 1e-05 6.7957678e-38
0.5 1e-06 2691860
0.5 1e-07 8102.2081
0.5 1e-08 0.92037479
0.5 1e-09 9.1470262e-05
0.5 2.5118864e-05 0
0.5 2.5118864e-06 16696.972
0.5 2.5118864e-07 243539.59
0.5 2.5118864e-08 36.454164
0.5 2.5118864e-09 0.0035984451
0.5 3.1622777e-05 0
0.5 3.1622777e-06 570.98146
0.5 3.1622777e-07 499722.46
0.5 3.1622777e-08 83.349069
0.5 3.1622777e-09 0.0089916858
0.5 3.9810717e-05 0
0.5 3.9810717e-06 0.86267725
0.5 3.9810717e-07 923156.45
0.5 3.9810717e-08 202.18314
0.5 3.9810717e-09 0.023254806
0.5 5.0118723e-05 0
0.5 5.0118723e-06 0.00013503727
0.5 5.0118723e-07 1598394.5
0.5 5.0118723e-08 546.74463
0.5 5.0118723e-09 0.057693279
0.5 6.3095734e-05 0
0.5 6.3095734e-06 4.2553995e-11
0.5 6.3095734e-07 2216983.2
0.5 6.3095734e-09 0.14301755
0.5 7.9432823e-05 0
0.5 7.9432823e-06 1.1098169e-21
0.5 7.9432823e-07 2768034.6
0.5 7.9432823e-08 3301.0349
0.5 7.9432823e-09 0.36118393
0.55 1.2589254e-05 0
0.55 1.2589254e-06 1280614.6
0.55 1.2589254e-07 37600.316
0.55 1.2589254e-08 4.3385794
0.55 1.5848932e-05 0
0.55 1.5848932e-06 396371.63
0.55 1.5848932e-07 86483.255
0.55 1.5848932e-08 10.247864
0.55 1.9952623e-05 0
0.55 1.9952623e-06 62346.583
0.55 1.9952623e-07 206286.82
0.55 1.9952623e-08 26.20085
0.55 1e-05 0
0.55 1e-06 2361077.1
0.55 1e-07 15485.924
0.55 1e-08 1.6603503
0.55 2.5118864e-05 0
0.55 2.5118864e-06 2918.6855
0.55 2.5118864e-07 429615.07
0.55 2.5118864e-08 65.319258
0.55 3.1622777e-05 0
0.55 3.1622777e-06 22.0767
0.55 3.1622777e-07 842975.02
0.55 3.1622777e-08 168.56892
0.55 3.9810717e-06 0.002864123
0.55 3.9810717e-07 1390316.3
0.55 3.9810717e-08 402.32592
0.55 3.9810717e-09 0.043381503
0.55 5.0118723e-06 7.3434539e-09
0.55 5.0118723e-07 2240014.7
0.55 5.0118723e-08 1064.0015
0.55 5.0118723e-09 0.10456799
0.55 6.3095734e-06 1.7472596e-17
0.55 6.3095734e-07 2888310.3
0.55 6.3095734e-09 0.28300393
0.55 7.9432823e-06 3.6579751e-31
0.55 7.9432823e-07 2953938.2
0.55 7.9432823e-08 6704.1612
0.55 7.9432823e-09 0.70365864
0.6 1.2589254e-05 0
0.6 1.2589254e-06 679199.8
0.6 1.2589254e-07 76334.066
0.6 1.2589254e-08 9.1445864
0.6 1.5848932e-05 0
0.6 1.5848932e-06 133555.99
0.6 1.5848932e-07 182581.63
0.6 1.5848932e-08 22.848456
0.6 1.9952623e-05 0
0.6 1.9952623e-06 7138.0371
0.6 1.9952623e-07 379597.62
0.6 1.9952623e-08 57.574769
0.6 1e-05 0
0.6 1e-06 1647156.4
0.6 1e-07 32076.765
0.6 1e-08 3.5556943
0.6 2.5118864e-05 0
0.6 2.5118864e-06 170.30622
0.6 2.5118864e-07 818950.81
0.6 2.5118864e-08 153.31719
0.6 3.1622777e-05 0
0.6 3.1622777e-06 0.10025722
0.6 3.1622777e-07 1359756.9
0.6 3.1622777e-08 364.3116
0.6 3.1622777e-09 0.035502782
0.6 3.9810717e-06 5.9392203e-07
0.6 3.9810717e-07 2268546
0.6 3.9810717e-09 0.094734995
0.6 5.0118723e-06 2.3603005e-14
0.6 5.0118723e-07 2802324.8
0.6 5.0118723e-08 2317.6426
0.6 5.0118723e-09 0.2378856
0.6 6.3095734e-06 1.3200422e-26
0.6 6.3095734e-07 3239940.5
0.6 6.3095734e-08 5702.8676
0.6 6.3095734e-09 0.60049771
0.6 7.9432823e-06 0
0.6 7.9432823e-07 2663106.2
0.6 7.9432823e-08 12894.705
0.6 7.9432823e-09 1.5450241
0.65 1.1220184543e-06 418368.24
0.65 1.2589254e-05 0
0.65 1.2589254e-06 192926.61
0.65 1.2589254e-07 195139.87
0.65 1.2589254e-08 26.701904
0.65 1.41253754462e-06 47587.925
0.65 1.5848932e-06 9907.2199
0.65 1.5848932e-07 437361.64
0.65 1.5848932e-08 65.282333
0.65 1.77827941004e-06 1277.8263
0.65 1.9952623e-05 0
0.65 1.9952623e-06 159.17427
0.65 1.9952623e-07 919217.29
0.65 1.9952623e-08 159.51074
0.65 1e-05 0
0.65 1e-06 767344.2
0.65 1e-07 91213.899
0.65 1e-08 10.709448
0.65 2.23872113857e-06 4.0964997
0.65 2.5118864e-05 0
0.65 2.5118864e-06 0.035629083
0.65 2.5118864e-07 1670653.3
0.65 2.5118864e-08 399.92482
0.65 2.81838293126e-06 0.00110462
0.65 3.1622777e-06 1.6344022e-07
0.65 3.1622777e-07 2626415.8
0.65 3.1622777e-08 1059.8384
0.65 3.1622777e-09 0.11226205
0.65 3.54813389234e-06 1.1596108e-10
0.65 3.9810717e-06 1.2205458e-14
0.65 3.9810717e-07 3524329.7
0.65 3.9810717e-08 2748.4426
0.65 3.9810717e-09 0.23896378
0.65 4.46683592151e-06 8.5327671e-20
0.65 5.0118723e-06 9.7926086e-28
0.65 5.0118723e-07 3998267.5
0.65 5.0118723e-08 6135.1904
0.65 5.0118723e-09 0.71590798
0.65 5.6234132519e-06 1.3331924e-36
0.65 6.3095734e-06 0
0.65 6.3095734e-07 3383933.8
0.65 6.3095734e-08 16066.914
0.65 6.3095734e-09 1.7621835
0.65 7.07945784384e-06 0
0.65 7.9432823e-06 0
0.65 7.9432823e-07 1944853
0.65 7.9432823e-08 38003.865
0.65 7.9432823e-09 4.2726813
0.65 8.91250938134e-06 0
0.7 1.2589254e-05 0
0.7 1.2589254e-06 7632.3322
0.7 1.2589254e-07 675233.34
0.7 1.2589254e-08 121.45457
0.7 1.5848932e-05 0
0.7 1.5848932e-06 30.875624
0.7 1.5848932e-07 1456213.8
0.7 1.5848932e-08 309.06563
0.7 1.9952623e-05 0
0.7 1.9952623e-06 0.0091300202
0.7 1.9952623e-07 2599463.7
0.7 1.9952623e-08 762.85741
0.7 1e-05 0
0.7 1e-06 131365.52
0.7 1e-07 353268.26
0.7 2.5118864e-05 0
0.7 2.5118864e-06 3.0953548e-09
0.7 2.5118864e-07 4045804.4
0.7 2.5118864e-08 1900.4913
0.7 3.1622777e-05 0
0.7 3.1622777e-06 1.8514127e-17
0.7 3.1622777e-07 4992564.4
0.7 3.1622777e-08 4502.0817
0.7 3.1622777e-09 0.46222494
0.7 3.9810717e-06 1.2524645e-34
0.7 3.9810717e-07 5024857.3
0.7 3.9810717e-08 12060.335
0.7 3.9810717e-09 1.018441
0.7 5.0118723e-06 0
0.7 5.0118723e-07 4200379.1
0.7 5.0118723e-08 26766.066
0.7 5.0118723e-09 2.4924282
0.7 6.3095734e-06 0
0.7 6.3095734e-07 2581304.4
0.7 6.3095734e-08 71042.32
0.7 6.3095734e-09 8.5534984
0.7 7.9432823e-06 0
0.7 7.9432823e-07 956273.6
0.7 7.9432823e-08 154916.39
0.7 7.9432823e-09 16.742523
0.75 1.1220184543e-06 703.41804
0.75 1.2589254e-05 0
0.75 1.2589254e-06 36.963533
0.75 1.2589254e-07 8468236.7
0.75 1.2589254e-08 1794.8086
0.75 1.41253754462e-06 0.52826519
0.75 1.5848932e-05 0
0.75 1.5848932e-06 0.0074728982
0.75 1.5848932e-07 14060817
0.75 1.5848932e-08 4659.6732
0.75 1.77827941004e-06 1.0957892e-05
0.75 1.9952623e-05 0
0.75 1.9952623e-06 1.5273617e-09
0.75 1.9952623e-07 19952951
0.75 1.9952623e-08 11755.39
0.75 1e-05 0
0.75 1e-06 3398.738
0.75 1e-07 4133293.3
0.75 1e-08 686.65572
0.75 2.23872113857e-06 1.479732e-12
0.75 2.5118864e-05 0
0.75 2.5118864e-06 1.5495013e-19
0.75 2.5118864e-07 25232200
0.75 2.5118864e-08 23361.475
0.75 2.81838293126e-06 7.290169e-27
0.75 3.1622777e-05 0
0.75 3.1622777e-06 1.3623586e-35
0.75 3.1622777e-07 25564515
0.75 3.1622777e-08 65100.907
0.75 3.1622777e-09 6.5123717
0.75 3.54813389234e-06 0
0.75 3.9810717e-06 0
0.75 3.9810717e-07 18065279
0.75 3.9810717e-08 145291.87
0.75 3.9810717e-09 15.815462
0.75 4.46683592151e-06 0
0.75 5.0118723e-06 0
0.75 5.0118723e-07 10511900
0.75 5.0118723e-08 350050.24
0.75 5.0118723e-09 40.999768
0.75 5.6234132519e-06 0
0.75 6.3095734e-06 0
0.75 6.3095734e-07 3534875.3
0.75 6.3095734e-08 870408.86
0.75 6.3095734e-09 102.86162
0.75 7.07945784384e-06 0
0.75 7.9432823e-06 0
0.75 7.9432823e-07 483535.7
0.75 7.9432823e-08 2179684.6
0.75 7.9432823e-09 294.99354
0.75 8.91250938134e-06 0
0.8 1.1220184543e-06 1148.6786
0.8 1.2589254e-05 0
0.8 1.2589254e-06 41.38553
0.8 1.2589254e-07 4514206.7
0.8 1.2589254e-08 809.51988
0.8 1.41253754462e-06 0.47484664
0.8 1.5848932e-05 0
0.8 1.5848932e-06 0.011871716
0.8 1.5848932e-07 7454274.9
0.8 1.5848932e-08 2220.2043
0.8 1.77827941004e-06 6.1318014e-06
0.8 1.9952623e-05 0
0.8 1.9952623e-06 3.5114966e-09
0.8 1.9952623e-07 12180138
0.8 1.9952623e-08 6144.3949
0.8 1e-05 0
0.8 1e-06 8646.8213
0.8 1e-07 2416257.2
0.8 1e-08 389.58769
0.8 2.23872113857e-06 1.55079e-12
0.8 2.5118864e-05 0
0.8 2.5118864e-06 3.1417761e-21
0.8 2.5118864e-07 14553602
0.8 2.5118864e-08 13959.136
0.8 2.81838293126e-06 1.7777912e-25
0.8 3.1622777e-06 0
0.8 3.1622777e-07 14348456
0.8 3.1622777e-08 36471.633
0.8 3.1622777e-09 3.7709157
0.8 3.54813389234e-06 0
0.8 3.9810717e-06 0
0.8 3.9810717e-07 10810520
0.8 3.9810717e-08 92927.746
0.8 3.9810717e-09 8.6984765
0.8 4.46683592151e-06 0
0.8 5.0118723e-06 0
0.8 5.0118723e-07 6409878.5
0.8 5.0118723e-08 198133.42
0.8 5.0118723e-09 21.30488
0.8 5.6234132519e-06 0
0.8 6.3095734e-06 0
0.8 6.3095734e-07 1585755.1
0.8 6.3095734e-08 479188.24
0.8 6.3095734e-09 54.924346
0.8 7.07945784384e-06 0
0.8 7.9432823e-06 0
0.8 7.9432823e-07 160323.09
0.8 7.9432823e-08 1048527.2
0.8 7.9432823e-09 129.49926
0.8 8.91250938134e-06 0
0.81 1.1220184543e-06 2162.6257
0.81 1.2589254e-05 0
0.81 1.2589254e-06 43.572381
0.81 1.2589254e-07 2758863.6
0.81 1.2589254e-08 531.39743
0.81 1.41253754462e-06 1.3185696
0.81 1.5848932e-05 0
0.81 1.5848932e-06 0.029962933
0.81 1.5848932e-08 1347.4205
0.81 1.77827941004e-06 5.5443611e-05
0.81 1.9952623e-05 0
0.81 1.9952623e-06 1.3808304e-07
0.81 1.9952623e-07 7122743.6
0.81 1.9952623e-08 3187.3682
0.81 1e-05 0
0.81 1e-06 14061.258
0.81 1e-07 1378697.9
0.81 1e-08 213.1796
0.81 2.23872113857e-06 2.3286495e-11
0.81 2.5118864e-05 0
0.81 2.5118864e-06 6.2544866e-18
0.81 2.5118864e-07 9492369.8
0.81 2.5118864e-08 8641.4986
0.81 2.81838293126e-06 1.4519709e-24
0.81 3.1622777e-05 0
0.81 3.1622777e-06 1.4472339e-32
0.81 3.1622777e-07 10789383
0.81 3.1622777e-08 20507.7
0.81 3.1622777e-09 2.0180147
0.81 3.54813389234e-06 0
0.81 3.9810717e-06 0
0.81 3.9810717e-07 10099329
0.81 3.9810717e-08 51896.241
0.81 3.9810717e-09 5.3416042
0.81 4.46683592151e-06 0
0.81 5.0118723e-06 0
0.81 5.0118723e-07 4888617.4
0.81 5.0118723e-08 111451.61
0.81 5.0118723e-09 12.663138
0.81 5.6234132519e-06 0
0.81 6.3095734e-06 0
0.81 6.3095734e-07 1536802.2
0.81 6.3095734e-08 269529.57
0.81 6.3095734e-09 33.648409
0.81 7.07945784384e-06 0
0.81 7.9432823e-06 0
0.81 7.9432823e-07 225361.62
0.81 7.9432823e-08 671575.27
0.81 7.9432823e-09 83.32345
0.81 8.91250938134e-06 0
0.82 1.1220184543e-06 1647.0032
0.82 1.2589254e-05 0
0.82 1.2589254e-06 137.20716
0.82 1.2589254e-07 1690932.3
0.82 1.2589254e-08 328.68037
0.82 1.41253754462e-06 3.0634121
0.82 1.5848932e-05 0
0.82 1.5848932e-06 0.1067323
0.82 1.5848932e-07 3178476.7
0.82 1.5848932e-08 836.77657
0.82 1.77827941004e-06 0.0022935402
0.82 1.9952623e-05 0
0.82 1.9952623e-06 1.7014452e-06
0.82 1.9952623e-07 5096264.2
0.82 1.9952623e-08 2164.2255
0.82 1e-05 0
0.82 1e-06 28968.177
0.82 1e-07 865937.14
0.82 1e-08 131.17713
0.82 2.23872113857e-06 5.985211e-10
0.82 2.5118864e-06 2.0654616e-15
0.82 2.5118864e-07 7843647.2
0.82 2.5118864e-08 5860.4466
0.82 2.81838293126e-06 1.2925625e-20
0.82 3.1622777e-05 0
0.82 3.1622777e-06 2.4135582e-28
0.82 3.1622777e-07 8653880
0.82 3.1622777e-08 13165.599
0.82 3.1622777e-09 1.3334393
0.82 3.54813389234e-06 2.810862e-37
0.82 3.9810717e-06 0
0.82 3.9810717e-07 7126444.2
0.82 3.9810717e-08 32901.163
0.82 3.9810717e-09 3.4275443
0.82 4.46683592151e-06 0
0.82 5.0118723e-06 0
0.82 5.0118723e-07 5105882.3
0.82 5.0118723e-08 74712.506
0.82 5.0118723e-09 9.0010753
0.82 5.6234132519e-06 0
0.82 6.3095734e-06 0
0.82 6.3095734e-07 1853721.2
0.82 6.3095734e-08 184743.01
0.82 6.3095734e-09 20.583373
0.82 7.07945784384e-06 0
0.82 7.9432823e-06 0
0.82 7.9432823e-07 319118.83
0.82 7.9432823e-08 439243.93
0.82 7.9432823e-09 55.211987
0.82 8.91250938134e-06 0
0.83 1.1220184543e-06 6218.9513
0.83 1.2589254e-05 0
0.83 1.2589254e-06 362.81532
0.83 1.2589254e-07 1424503.1
0.83 1.2589254e-08 245.83608
0.83 1.41253754462e-06 19.625663
0.83 1.5848932e-05 0
0.83 1.5848932e-06 0.80848405
0.83 1.5848932e-07 2583915.2
0.83 1.5848932e-08 646.36884
0.83 1.77827941004e-06 0.0062781779
0.83 1.9952623e-05 0
0.83 1.9952623e-06 4.6534314e-06
0.83 1.9952623e-07 3797323.4
0.83 1.9952623e-08 1559.7675
0.83 1e-05 0
0.83 1e-06 16800.154
0.83 1e-07 619018.3
0.83 1e-08 97.220041
0.83 2.23872113857e-06 4.6238326e-11
0.83 2.5118864e-05 0
0.83 2.5118864e-06 2.3036591e-13
0.83 2.5118864e-07 5310609.2
0.83 2.5118864e-08 3763.9576
0.83 2.81838293126e-06 1.424371e-20
0.83 3.1622777e-05 0
0.83 3.1622777e-06 1.0874662e-26
0.83 3.1622777e-07 6753820.1
0.83 3.1622777e-08 9274.3403
0.83 3.1622777e-09 0.99409995
0.83 3.54813389234e-06 2.3603372e-34
0.83 3.9810717e-06 0
0.83 3.9810717e-07 6327769.6
0.83 3.9810717e-08 23450.123
0.83 3.9810717e-09 2.3473768
0.83 4.46683592151e-06 0
0.83 5.0118723e-06 0
0.83 5.0118723e-07 3943833.3
0.83 5.0118723e-08 59522.122
0.83 5.0118723e-09 6.3834915
0.83 5.6234132519e-06 0
0.83 6.3095734e-06 0
0.83 6.3095734e-07 1672673.8
0.83 6.3095734e-08 133177.16
0.83 6.3095734e-09 14.255777
0.83 7.07945784384e-06 0
0.83 7.9432823e-06 0
0.83 7.9432823e-07 378083
0.83 7.9432823e-08 326963.27
0.83 7.9432823e-09 35.962221
0.83 8.91250938134e-06 0
0.84 1.2589254e-05 0
0.84 1.2589254e-06 913.85509
0.84 1.2589254e-07 1066178.1
0.84 1.2589254e-08 176.42173
0.84 1.5848932e-05 0
0.84 1.5848932e-06 1.075429
0.84 1.5848932e-07 2077117.6
0.84 1.5848932e-08 431.66362
0.84 1.9952623e-05 0
0.84 1.9952623e-06 7.794849e-05
0.84 1.9952623e-07 3462221.5
0.84 1.9952623e-08 1129.8238
0.84 1e-05 0
0.84 1e-06 27696.104
0.84 1e-07 512035.45
0.84 1e-08 74.528569
0.84 2.5118864e-05 0
0.84 2.5118864e-06 2.094404e-13
0.84 2.5118864e-07 4909131.9
0.84 2.5118864e-08 2974.4004
0.84 3.1622777e-05 0
0.84 3.1622777e-06 4.9081662e-25
0.84 3.1622777e-07 5757188.4
0.84 3.1622777e-08 7074.9757
0.84 3.1622777e-09 0.7923907
0.84 3.9810717e-07 6001486.1
0.84 3.9810717e-08 17602.761
0.84 5.0118723e-06 0
0.84 5.0118723e-07 3383751.7
0.84 5.0118723e-08 41943.656
0.84 6.3095734e-06 0
0.84 6.3095734e-07 1861147.6
0.84 6.3095734e-08 99890.432
0.84 6.3095734e-09 11.923495
0.84 7.9432823e-06 0
0.84 7.9432823e-07 379817.39
0.84 7.9432823e-08 236482.76
0.84 7.9432823e-09 29.195441
0.85 1.2589254e-05 0
0.85 1.2589254e-06 1675.2411
0.85 1.2589254e-07 831544.94
0.85 1.2589254e-08 144.95836
0.85 1.5848932e-05 0
0.85 1.5848932e-06 7.7576142
0.85 1.5848932e-07 1546712.8
0.85 1.5848932e-08 333.87606
0.85 1.9952623e-05 0
0.85 1.9952623e-06 0.00067375378
0.85 1.9952623e-07 2646991.3
0.85 1.9952623e-08 847.0713
0.85 1e-05 0
0.85 1e-06 53958.934
0.85 1e-07 383404.59
0.85 1e-08 50.498709
0.85 2.5118864e-05 0
0.85 2.5118864e-06 7.7644604e-10
0.85 2.5118864e-07 3755237.6
0.85 2.5118864e-08 2252.74
0.85 3.1622777e-05 0
0.85 3.1622777e-06 3.4100053e-22
0.85 3.1622777e-08 5159.2805
0.85 3.1622777e-09 0.50301025
0.85 3.9810717e-06 3.7955906e-34
0.85 3.9810717e-07 5276551
0.85 3.9810717e-08 12447.852
0.85 3.9810717e-09 1.3470014
0.85 5.0118723e-06 0
0.85 5.0118723e-07 3793445.3
0.85 5.0118723e-08 29929.906
0.85 5.0118723e-09 3.228872
0.85 6.3095734e-06 0
0.85 6.3095734e-07 2092334.7
0.85 6.3095734e-08 74332.422
0.85 6.3095734e-09 8.6796917
0.85 7.9432823e-06 0
0.85 7.9432823e-07 428807.83
0.85 7.9432823e-08 164523.91
0.85 7.9432823e-09 20.383366
0.86 1.1220184543e-06 9523.3694
0.86 1.2589254e-05 0
0.86 1.2589254e-06 611.56159
0.86 1.2589254e-07 682415.3
0.86 1.2589254e-08 124.59007
0.86 1.41253754462e-06 69.57954
0.86 1.5848932e-05 0
0.86 1.5848932e-06 5.4569976
0.86 1.5848932e-07 1333244
0.86 1.5848932e-08 309.85514
0.86 1.77827941004e-06 0.032872333
0.86 1.9952623e-05 0
0.86 1.9952623e-06 0.00025961041
0.86 1.9952623e-07 2194686.8
0.86 1.9952623e-08 705.17983
0.86 1e-05 0
0.86 1e-06 33034.469
0.86 1e-07 340547.32
0.86 1e-08 44.132664
0.86 2.23872113857e-06 1.4359358e-06
0.86 2.5118864e-05 0
0.86 2.5118864e-06 1.7531419e-10
0.86 2.5118864e-07 3377997
0.86 2.5118864e-08 1712.2821
0.86 2.81838293126e-06 1.2391678e-15
0.86 3.1622777e-05 0
0.86 3.1622777e-06 5.4836037e-21
0.86 3.1622777e-07 4162743.9
0.86 3.1622777e-08 4510.8526
0.86 3.1622777e-09 0.47920221
0.86 3.54813389234e-06 1.6400936e-28
0.86 3.9810717e-06 5.0919951e-38
0.86 3.9810717e-07 3954394.9
0.86 3.9810717e-08 11234.815
0.86 3.9810717e-09 1.1703107
0.86 4.46683592151e-06 0
0.86 5.0118723e-06 0
0.86 5.0118723e-07 3379962.4
0.86 5.0118723e-08 28102.118
0.86 5.0118723e-09 2.9106183
0.86 5.6234132519e-06 0
0.86 6.3095734e-06 0
0.86 6.3095734e-07 1351150.1
0.86 6.3095734e-08 66803.998
0.86 6.3095734e-09 7.5452844
0.86 7.07945784384e-06 0
0.86 7.9432823e-06 0
0.86 7.9432823e-07 308162.77
0.86 7.9432823e-08 155621.35
0.86 7.9432823e-09 18.164411
0.86 8.91250938134e-06 0
0.87 1.1220184543e-06 18100.308
0.87 1.2589254e-05 0
0.87 1.2589254e-06 2181.1216
0.87 1.2589254e-07 548014.11
0.87 1.2589254e-08 86.53649
0.87 1.41253754462e-06 484.03934
0.87 1.5848932e-05 0
0.87 1.5848932e-06 22.465507
0.87 1.5848932e-07 1104550
0.87 1.5848932e-08 223.20288
0.87 1.77827941004e-06 0.50050995
0.87 1.9952623e-05 0
0.87 1.9952623e-06 0.004288938
0.87 1.9952623e-07 1916659
0.87 1.9952623e-08 566.74516
0.87 1e-05 0
0.87 1e-06 81843.901
0.87 1e-07 248556.22
0.87 1e-08 34.366345
0.87 2.23872113857e-06 3.9356266e-05
0.87 2.5118864e-05 0
0.87 2.5118864e-06 2.5945769e-08
0.87 2.5118864e-07 2960747.4
0.87 2.5118864e-08 1382.2574
0.87 2.81838293126e-06 2.7192369e-12
0.87 3.1622777e-05 0
0.87 3.1622777e-06 2.2546676e-18
0.87 3.1622777e-07 4069116.2
0.87 3.1622777e-08 3557.2991
0.87 3.1622777e-09 0.36494644
0.87 3.54813389234e-06 5.0808183e-25
0.87 3.9810717e-06 6.5760807e-33
0.87 3.9810717e-08 8424.7613
0.87 3.9810717e-09 0.90083834
0.87 4.46683592151e-06 0
0.87 5.0118723e-06 0
0.87 5.0118723e-07 3101211
0.87 5.0118723e-08 21809.352
0.87 5.0118723e-09 2.3021826
0.87 5.6234132519e-06 0
0.87 6.3095734e-06 0
0.87 6.3095734e-07 1754216
0.87 6.3095734e-08 50086.736
0.87 6.3095734e-09 5.1739078
0.87 7.07945784384e-06 0
0.87 7.9432823e-06 0
0.87 7.9432823e-07 764927.95
0.87 7.9432823e-08 115326.3
0.87 7.9432823e-09 13.814061
0.87 8.91250938134e-06 0
0.88 1.1220184543e-06 18180.118
0.88 1.2589254e-05 0
0.88 1.2589254e-06 3193.5235
0.88 1.2589254e-07 489671.61
0.88 1.2589254e-08 75.853214
0.88 1.41253754462e-06 399.55849
0.88 1.5848932e-05 0
0.88 1.5848932e-06 28.317773
0.88 1.5848932e-07 911999.64
0.88 1.77827941004e-06 0.31313407
0.88 1.9952623e-05 0
0.88 1.9952623e-07 1639144.5
0.88 1.9952623e-08 444.72872
0.88 1e-05 0
0.88 1e-06 72940.682
0.88 1e-07 214980.1
0.88 1e-08 31.01167
0.88 2.23872113857e-06 9.9790125e-06
0.88 2.5118864e-05 0
0.88 2.5118864e-06 2.7418044e-08
0.88 2.5118864e-07 2593365.6
0.88 2.5118864e-08 1093.4054
0.88 2.81838293126e-06 2.3800776e-12
0.88 3.1622777e-05 0
0.88 3.1622777e-06 1.7900918e-16
0.88 3.1622777e-07 3587419.9
0.88 3.1622777e-08 2969.3566
0.88 3.1622777e-09 0.27463647
0.88 3.54813389234e-06 4.5134395e-23
0.88 3.9810717e-06 3.6150236e-31
0.88 3.9810717e-07 3966132.6
0.88 3.9810717e-08 6909.5858
0.88 3.9810717e-09 0.7536783
0.88 4.46683592151e-06 0
0.88 5.0118723e-06 0
0.88 5.0118723e-07 2932951.5
0.88 5.0118723e-08 17312.303
0.88 5.0118723e-09 1.7256959
0.88 5.6234132519e-06 0
0.88 6.3095734e-06 0
0.88 6.3095734e-07 1690242.6
0.88 6.3095734e-08 38979.287
0.88 6.3095734e-09 4.4896597
0.88 7.07945784384e-06 0
0.88 7.9432823e-06 0
0.88 7.9432823e-07 533905.03
0.88 7.9432823e-08 104549.56
0.88 7.9432823e-09 11.761673
0.88 8.91250938134e-06 0
0.89 1.1220184543e-06 33492.328
0.89 1.2589254e-05 0
0.89 1.2589254e-06 8394.4434
0.89 1.2589254e-07 403349.99
0.89 1.2589254e-08 60.519731
0.89 1.41253754462e-06 953.38904
0.89 1.5848932e-05 0
0.89 1.5848932e-06 61.548777
0.89 1.5848932e-07 813076.76
0.89 1.5848932e-08 153.25222
0.89 1.77827941004e-06 3.4315281
0.89 1.9952623e-05 0
0.89 1.9952623e-06 0.014507898
0.89 1.9952623e-07 1406509.5
0.89 1.9952623e-08 400.89367
0.89 1e-05 0
0.89 1e-06 98294.272
0.89 1e-07 188743.05
0.89 1e-08 21.720671
0.89 2.23872113857e-06 0.00012916727
0.89 2.5118864e-05 0
0.89 2.5118864e-06 3.1939273e-07
0.89 2.5118864e-07 2223237.3
0.89 2.5118864e-08 950.19795
0.89 2.81838293126e-06 8.8410168e-11
0.89 3.1622777e-05 0
0.89 3.1622777e-06 1.2387297e-15
0.89 3.1622777e-07 3291199.2
0.89 3.1622777e-08 2253.5723
0.89 3.1622777e-09 0.24556216
0.89 3.54813389234e-06 1.6278215e-22
0.89 3.9810717e-06 2.9396661e-28
0.89 3.9810717e-07 3498966.1
0.89 3.9810717e-08 5973.2272
0.89 3.9810717e-09 0.58550351
0.89 4.46683592151e-06 2.5921607e-38
0.89 5.0118723e-06 0
0.89 5.0118723e-07 3239356.4
0.89 5.0118723e-08 14240.473
0.89 5.0118723e-09 1.5487383
0.89 5.6234132519e-06 0
0.89 6.3095734e-06 0
0.89 6.3095734e-07 2034088.2
0.89 6.3095734e-08 36163.314
0.89 6.3095734e-09 3.6133427
0.89 7.07945784384e-06 0
0.89 7.9432823e-06 0
0.89 7.9432823e-07 705879.62
0.89 7.9432823e-08 78528.569
0.89 7.9432823e-09 8.6419891
0.9 1.1220184543e-06 34050.596
0.9 1.2589254e-05 0
0.9 1.2589254e-06 4978.2382
0.9 1.2589254e-07 371646.11
0.9 1.2589254e-08 56.47118
0.9 1.41253754462e-06 1017.6927
0.9 1.5848932e-05 0
0.9 1.5848932e-06 25.358517
0.9 1.5848932e-07 739534.75
0.9 1.5848932e-08 141.2101
0.9 1.77827941004e-06 1.9014581
0.9 1.9952623e-05 0
0.9 1.9952623e-06 0.045881765
0.9 1.9952623e-07 1321418.6
0.9 1.9952623e-08 323.19994
0.9 1e-05 0
0.9 1e-06 98003.661
0.9 1e-07 173315.86
0.9 1e-08 20.991533
0.9 2.23872113857e-06 0.00023773125
0.9 2.5118864e-05 0
0.9 2.5118864e-06 2.0619301e-07
0.9 2.5118864e-07 2053281.9
0.9 2.5118864e-08 818.06706
0.9 2.81838293126e-06 8.3375809e-11
0.9 3.1622777e-05 0
0.9 3.1622777e-06 1.9997928e-15
0.9 3.1622777e-07 2909073.7
0.9 3.1622777e-08 2076.1829
0.9 3.1622777e-09 0.20487605
0.9 3.54813389234e-06 4.1892881e-21
0.9 3.9810717e-06 5.3761821e-29
0.9 3.9810717e-07 3365593
0.9 3.9810717e-08 4966.8713
0.9 4.46683592151e-06 7.1498449e-39
0.9 5.0118723e-06 0
0.9 5.0118723e-07 2553949.1
0.9 5.0118723e-08 12414.616
0.9 5.0118723e-09 1.3125309
0.9 5.6234132519e-06 0
0.9 6.3095734e-06 0
0.9 6.3095734e-07 1761512.4
0.9 6.3095734e-08 30101.272
0.9 6.3095734e-09 3.2130774
0.9 7.07945784384e-06 0
0.9 7.9432823e-06 0
0.9 7.9432823e-07 694869.31
0.9 7.9432823e-08 71155.423
0.9 7.9432823e-09 7.9921207
0.9 8.91250938134e-06 0
0.95 1.1220184543e-06 27383.073
0.95 1.2589254e-05 0
0.95 1.2589254e-07 203851.71
0.95 1.2589254e-08 31.835741
0.95 1.41253754462e-06 1503.5313
0.95 1.5848932e-05 0
0.95 1.5848932e-06 59.716519
0.95 1.5848932e-07 412752.56
0.95 1.5848932e-08 75.657058
0.95 1.77827941004e-06 6.2421765
0.95 1.9952623e-05 0
0.95 1.9952623e-06 0.033687898
0.95 1.9952623e-07 790398.07
0.95 1.9952623e-08 185.43444
0.95 1e-05 0
0.95 1e-06 108901.39
0.95 1e-07 98729.877
0.95 1e-08 12.606732
0.95 2.23872113857e-06 0.00031917946
0.95 2.5118864e-05 0
0.95 2.5118864e-06 4.2035274e-06
0.95 2.5118864e-07 1301096.2
0.95 2.5118864e-08 489.05424
0.95 2.81838293126e-06 2.4814804e-10
0.95 3.1622777e-05 0
0.95 3.1622777e-06 1.3816024e-14
0.95 3.1622777e-07 1752414.8
0.95 3.1622777e-08 1157.5414
0.95 3.1622777e-09 0.12301629
0.95 3.54813389234e-06 1.2285515e-20
0.95 3.9810717e-06 3.5552322e-30
0.95 3.9810717e-07 2161647.9
0.95 3.9810717e-08 2839.2476
0.95 3.9810717e-09 0.31242462
0.95 4.46683592151e-06 3.9743542e-36
0.95 5.0118723e-06 0
0.95 5.0118723e-07 2006969.3
0.95 5.0118723e-08 7526.9588
0.95 5.0118723e-09 0.78325907
0.95 5.6234132519e-06 0
0.95 6.3095734e-06 0
0.95 6.3095734e-07 1183964.7
0.95 6.3095734e-08 17453.574
0.95 6.3095734e-09 1.9495751
0.95 7.07945784384e-06 0
0.95 7.9432823e-07 515703
0.95 7.9432823e-08 39788.456
0.95 7.9432823e-09 5.145378
0.95 8.91250938134e-06 0
1 1.2589254e-05 0
1 1.2589254e-06 2230.0613
1 1.2589254e-07 177746.76
1 1.2589254e-08 24.167606
1 1.5848932e-05 0
1 1.5848932e-06 5.0344447
1 1.5848932e-07 351866.03
1 1.5848932e-08 66.042789
1 1.9952623e-05 0
1 1.9952623e-06 0.0025102336
1 1.9952623e-07 589694.03
1 1.9952623e-08 155.84081
1 1e-05 0
1 1e-06 38668.347
1 1e-07 83078.155
1 1e-08 10.497078
1 2.5118864e-05 0
1 2.5118864e-06 2.0308255e-09
1 2.5118864e-07 917261.19
1 2.5118864e-08 363.35297
1 3.1622777e-05 0
1 3.1622777e-06 2.1651603e-17
1 3.1622777e-07 1256738.2
1 3.1622777e-08 1025.9745
1 3.1622777e-09 0.10641929
1 3.9810717e-06 1.4180594e-30
1 3.9810717e-08 2425.7361
1 3.9810717e-09 0.27682626
1 5.0118723e-06 0
1 5.0118723e-07 1100268.2
1 5.0118723e-08 6203.3274
1 5.0118723e-09 0.65551275
1 6.3095734e-06 0
1 6.3095734e-07 721534.84
1 6.3095734e-08 14157.839
1 6.3095734e-09 1.7259747
1 7.9432823e-06 0
1 7.9432823e-07 202940.06
1 7.9432823e-08 34353.458
1 7.9432823e-09 4.1379565
1.1 1.2589254e-05 0
1.1 1.2589254e-06 538.49217
1.1 1.2589254e-07 120773.51
1.1 1.2589254e-08 20.90098
1.1 1.5848932e-05 0
1.1 1.5848932e-06 3.7597283
1.1 1.5848932e-07 237734.52
1.1 1.5848932e-08 50.589718
1.1 1.9952623e-05 0
1.1 1.9952623e-06 0.00062824693
1.1 1.9952623e-07 440340.48
1.1 1.9952623e-08 125.97713
1.1 1e-05 0
1.1 1e-06 20662.498
1.1 1e-07 58933.009
1.1 1e-08 8.0801661
1.1 2.5118864e-05 0
1.1 2.5118864e-06 3.5754887e-10
1.1 2.5118864e-07 692694.28
1.1 2.5118864e-08 304.1632
1.1 3.1622777e-05 0
1.1 3.1622777e-06 1.0728297e-19
1.1 3.1622777e-07 982758.64
1.1 3.1622777e-08 762.30394
1.1 3.1622777e-09 0.076691982
1.1 3.9810717e-06 4.1839209e-35
1.1 3.9810717e-07 1007366.4
1.1 3.9810717e-08 1853.1169
1.1 3.9810717e-09 0.21170937
1.1 5.0118723e-06 0
1.1 5.0118723e-07 825526.01
1.1 5.0118723e-08 4870.164
1.1 5.0118723e-09 0.52220013
1.1 6.3095734e-06 0
1.1 6.3095734e-07 399319.13
1.1 6.3095734e-08 11652.549
1.1 6.3095734e-09 1.2913066
1.1 7.9432823e-06 0
1.1 7.9432823e-07 138546.59
1.1 7.9432823e-08 27493.452
1.1 7.9432823e-09 3.1034688
1.2 1.2589254e-05 0
1.2 1.2589254e-06 87.195152
1.2 1.2589254e-07 125114.34
1.2 1.2589254e-08 20.753386
1.2 1.5848932e-05 0
1.2 1.5848932e-06 0.098562957
1.2 1.5848932e-07 232409.16
1.2 1.5848932e-08 54.627287
1.2 1.9952623e-05 0
1.2 1.9952623e-06 7.9720396e-06
1.2 1.9952623e-07 414303.14
1.2 1.9952623e-08 129.92934
1.2 1e-05 0
1.2 1e-06 3990.1399
1.2 1e-07 61107.062
1.2 1e-08 8.7729473
1.2 2.5118864e-05 0
1.2 2.5118864e-06 1.2166744e-12
1.2 2.5118864e-07 548528.64
1.2 2.5118864e-08 338.12471
1.2 3.1622777e-05 0
1.2 3.1622777e-06 5.7249237e-24
1.2 3.1622777e-07 745539.49
1.2 3.1622777e-08 843.0772
1.2 3.1622777e-09 0.084052366
1.2 3.9810717e-06 0
1.2 3.9810717e-07 713015.35
1.2 3.9810717e-08 2024.5891
1.2 3.9810717e-09 0.20965448
1.2 5.0118723e-06 0
1.2 5.0118723e-07 510414.28
1.2 5.0118723e-08 4936.8597
1.2 5.0118723e-09 0.50979978
1.2 6.3095734e-07 234370.82
1.2 6.3095734e-08 12053.595
1.2 6.3095734e-09 1.3942834
1.2 7.9432823e-06 0
1.2 7.9432823e-07 45939.838
1.2 7.9432823e-08 26569.083
1.2 7.9432823e-09 3.3126336
1.3 1.2589254e-05 0
1.3 1.2589254e-06 1.8564704
1.3 1.2589254e-07 73249.61
1.3 1.2589254e-08 15.586058
1.3 1.5848932e-05 0
1.3 1.5848932e-06 0.00052977837
1.3 1.5848932e-07 154066.01
1.3 1.5848932e-08 35.990821
1.3 1.9952623e-05 0
1.3 1.9952623e-06 4.8142798e-10
1.3 1.9952623e-07 220377.48
1.3 1.9952623e-08 89.168321
1.3 1e-05 0
1.3 1e-06 369.10534
1.3 1e-07 38380.091
1.3 1e-08 6.6851247
1.3 2.5118864e-05 0
1.3 2.5118864e-06 2.6219149e-19
1.3 2.5118864e-07 307565.79
1.3 2.5118864e-08 242.65774
1.3 3.1622777e-05 0
1.3 3.1622777e-06 2.5789113e-37
1.3 3.1622777e-07 341993.23
1.3 3.1622777e-08 590.10472
1.3 3.1622777e-09 0.063725576
1.3 3.9810717e-06 0
1.3 3.9810717e-07 301969.06
1.3 3.9810717e-08 1296.2913
1.3 3.9810717e-09 0.15218662
1.3 5.0118723e-06 0
1.3 5.0118723e-07 158730.36
1.3 5.0118723e-09 0.39760518
1.3 6.3095734e-06 0
1.3 6.3095734e-07 51890.991
1.3 6.3095734e-08 8000.63
1.3 6.3095734e-09 0.93107671
1.3 7.9432823e-06 0
1.3 7.9432823e-07 8166.7601
1.3 7.9432823e-08 20233.004
1.3 7.9432823e-09 2.3251516
1.4 1.1220184543e-06 0.22514102
1.4 1.2589254e-06 0.00095035604
1.4 1.2589254e-07 27439.471
1.4 1.2589254e-08 6.3871513
1.4 1.41253754462e-06 4.2270721e-05
1.4 1.5848932e-05 0
1.4 1.5848932e-06 1.0309564e-07
1.4 1.5848932e-07 49531.447
1.4 1.5848932e-08 15.655984
1.4 1.77827941004e-06 1.8444358e-11
1.4 1.9952623e-05 0
1.4 1.9952623e-06 3.486163e-16
1.4 1.9952623e-07 70425.974
1.4 1.9952623e-08 40.110228
1.4 1e-05 0
1.4 1e-06 4.4920411
1.4 1e-07 14674.647
1.4 1e-08 2.7044665
1.4 2.23872113857e-06 9.5050514e-22
1.4 2.5118864e-05 0
1.4 2.5118864e-06 7.5952961e-29
1.4 2.5118864e-07 86649.206
1.4 2.5118864e-08 91.379927
1.4 2.81838293126e-06 1.6996752e-36
1.4 3.1622777e-05 0
1.4 3.1622777e-06 0
1.4 3.1622777e-07 75251.395
1.4 3.1622777e-08 253.47791
1.4 3.1622777e-09 0.025135814
1.4 3.54813389234e-06 0
1.4 3.9810717e-06 0
1.4 3.9810717e-07 49139.35
1.4 3.9810717e-08 608.43858
1.4 3.9810717e-09 0.058735249
1.4 4.46683592151e-06 0
1.4 5.0118723e-06 0
1.4 5.0118723e-07 18280.83
1.4 5.0118723e-08 1509.5848
1.4 5.0118723e-09 0.16234039
1.4 6.3095734e-06 0
1.4 6.3095734e-07 5033.667
1.4 6.3095734e-08 3390.4104
1.4 6.3095734e-09 0.43553926
1.4 7.07945784384e-06 0
1.4 7.9432823e-06 0
1.4 7.9432823e-07 196.77903
1.4 7.9432823e-08 7051.8593
1.4 7.9432823e-09 1.0386354
1.4 8.91250938134e-06 0
1.5 1.2589254e-05 0
1.5 1.2589254e-06 1.9133752e-06
1.5 1.2589254e-07 9212.6608
1.5 1.2589254e-08 2.3483509
1.5 1.5848932e-05 0
1.5 1.5848932e-06 1.5775842e-12
1.5 1.5848932e-07 13217.731
1.5 1.5848932e-08 6.7380303
1.5 1.9952623e-05 0
1.5 1.9952623e-06 4.6852707e-23
1.5 1.9952623e-07 18669.6
1.5 1.9952623e-08 15.983881
1.5 1e-05 0
1.5 1e-06 0.025840735
1.5 1e-07 5143.1578
1.5 1e-08 1.0403724
1.5 2.5118864e-05 0
1.5 2.5118864e-06 6.2037017e-40
1.5 2.5118864e-07 20021.411
1.5 2.5118864e-08 39.276481
1.5 3.1622777e-05 0
1.5 3.1622777e-06 0
1.5 3.1622777e-07 14077.112
1.5 3.1622777e-08 99.594464
1.5 3.1622777e-09 0.010693756
1.5 3.9810717e-06 0
1.5 3.9810717e-07 6962.6346
1.5 3.9810717e-08 231.09691
1.5 3.9810717e-09 0.025238716
1.5 5.0118723e-06 0
1.5 5.0118723e-07 2523.4409
1.5 5.0118723e-08 509.97992
1.5 5.0118723e-09 0.064626158
1.5 6.3095734e-06 0
1.5 6.3095734e-07 184.35304
1.5 6.3095734e-08 1079.5024
1.5 6.3095734e-09 0.16902762
1.5 7.9432823e-06 0
1.5 7.9432823e-07 6.7051677
1.5 7.9432823e-08 2874.6199
1.5 7.9432823e-09 0.42175522
1.6 1.2589254e-06 2.6857382e-09
1.6 1.2589254e-07 3088.8644
1.6 1.2589254e-08 0.98356268
1.6 1.5848932e-06 6.6655232e-16
1.6 1.5848932e-07 4338.7933
1.6 1.5848932e-08 2.4996029
1.6 1.9952623e-06 4.0969833e-29
1.6 1.9952623e-07 5320.2857
1.6 1.9952623e-08 6.1774529
1.6 1e-06 0.00054397935
1.6 1e-07 1836.2843
1.6 1e-08 0.40198002
1.6 2.5118864e-06 0
1.6 2.5118864e-07 5208.5773
1.6 2.5118864e-08 15.447523
1.6 3.1622777e-06 0
1.6 3.1622777e-07 3713.6335
1.6 3.1622777e-08 36.903249
1.6 3.1622777e-09 0.004264016
1.6 3.9810717e-08 96.613718
1.6 3.9810717e-09 0.010295806
1.6 5.0118723e-07 318.74697
1.6 5.0118723e-08 197.10118
1.6 5.0118723e-09 0.026919648
1.6 6.3095734e-07 20.741157
1.6 6.3095734e-08 470.80233
1.6 6.3095734e-09 0.069173856
1.6 7.9432823e-07 0.3092319
1.6 7.9432823e-08 940.04553
1.6 7.9432823e-09 0.17461086
1.7 1.2589254e-06 1.204005e-11
1.7 1.2589254e-07 1351.787
1.7 1.2589254e-08 0.50202069
1.7 1.5848932e-06 1.2766992e-20
1.7 1.5848932e-07 1740.3836
1.7 1.5848932e-08 1.2288781
1.7 1.9952623e-06 1.8362062e-34
1.7 1.9952623e-07 2036.7464
1.7 1.9952623e-08 3.0928479
1.7 1e-06 3.5763779e-06
1.7 1e-07 768.10589
1.7 1e-08 0.21400516
1.7 2.5118864e-06 0
1.7 2.5118864e-07 1978.1155
1.7 2.5118864e-08 6.9429877
1.7 3.1622777e-06 0
1.7 3.1622777e-07 982.94485
1.7 3.1622777e-08 17.925709
1.7 3.1622777e-09 0.0018696802
1.7 3.9810717e-07 304.25546
1.7 3.9810717e-08 42.510557
1.7 3.9810717e-09 0.0051257473
1.7 5.0118723e-07 44.501011
1.7 5.0118723e-08 95.521717
1.7 5.0118723e-09 0.012446909
1.7 6.3095734e-07 1.4980963
1.7 6.3095734e-08 223.50855
1.7 6.3095734e-09 0.029055447
1.7 7.9432823e-08 434.13962
1.7 7.9432823e-09 0.079774983
1.8 1.2589254e-06 5.6957506e-13
1.8 1.2589254e-07 615.12652
1.8 1.2589254e-08 0.24862325
1.8 1.5848932e-06 4.3470665e-23
1.8 1.5848932e-07 696.69944
1.8 1.5848932e-08 0.55431589
1.8 1.9952623e-06 0
1.8 1.9952623e-07 736.5002
1.8 1.9952623e-08 1.6046462
1.8 1e-06 1.3146276e-07
1.8 1e-07 387.69655
1.8 1e-08 0.091766682
1.8 2.5118864e-06 0
1.8 2.5118864e-07 767.09441
1.8 2.5118864e-08 3.2134172
1.8 3.1622777e-06 0
1.8 3.1622777e-07 352.40397
1.8 3.1622777e-08 8.7253289
1.8 3.1622777e-09 0.00090393035
1.8 3.9810717e-07 114.04345
1.8 3.9810717e-08 18.797581
1.8 3.9810717e-09 0.0025513381
1.8 5.0118723e-07 8.4811925
1.8 5.0118723e-08 45.843109
1.8 5.0118723e-09 0.0056781564
1.8 6.3095734e-07 0.70934175
1.8 6.3095734e-08 96.075398
1.8 6.3095734e-09 0.014520353
1.8 7.9432823e-07 0.0014963823
1.8 7.9432823e-08 202.61631
1.8 7.9432823e-09 0.036233012
1.9 1.2589254e-06 4.6698385e-14
1.9 1.2589254e-07 289.6204
1.9 1.2589254e-08 0.11944281
1.9 1.5848932e-06 6.6126011e-24
1.9 1.5848932e-07 379.45648
1.9 1.5848932e-08 0.29054991
1.9 1.9952623e-06 5.5755584e-39
1.9 1.9952623e-07 412.51841
1.9 1.9952623e-08 0.66509698
1.9 1e-06 9.2523457e-08
1.9 1e-08 0.046302696
1.9 2.5118864e-06 0
1.9 2.5118864e-07 376.75083
1.9 2.5118864e-08 1.7212482
1.9 3.1622777e-06 0
1.9 3.1622777e-07 189.29528
1.9 3.1622777e-08 4.3218574
1.9 3.1622777e-09 0.00050133757
1.9 3.9810717e-07 58.032391
1.9 3.9810717e-09 0.0011941082
1.9 5.0118723e-07 6.0481108
1.9 5.0118723e-08 20.897073
1.9 5.0118723e-09 0.0027235288
1.9 6.3095734e-07 0.26081284
1.9 6.3095734e-08 52.539025
1.9 6.3095734e-09 0.0075112142
1.9 7.9432823e-07 0.0011388282
1.9 7.9432823e-08 98.758092
1.9 7.9432823e-09 0.018459887
2 1.2589254e-06 2.5785519e-16
2 1.2589254e-07 151.90152
2 1.2589254e-08 0.068533585
2 1.5848932e-06 4.8370444e-28
2 1.5848932e-07 195.80637
2 1.5848932e-08 0.16509436
2 1.9952623e-06 0
2 1.9952623e-07 200.7499
2 1.9952623e-08 0.37701233
2 1e-06 3.2250269e-09
2 1e-07 102.7397
2 1e-08 0.027981161
2 2.5118864e-06 0
2 2.5118864e-07 138.12973
2 2.5118864e-08 0.98846925
2 3.1622777e-06 0
2 3.1622777e-07 59.578359
2 3.1622777e-08 2.5028035
2 3.9810717e-07 12.599935
2 3.9810717e-09 0.00073176904
2 5.0118723e-07 1.2994536
2 5.0118723e-08 13.080325
2 5.0118723e-09 0.0017713403
2 6.3095734e-07 0.024875747
2 6.3095734e-08 28.79174
2 6.3095734e-09 0.0044446047
2 7.9432823e-07 6.3402614e-05
2 7.9432823e-08 64.093213
2 7.9432823e-09 0.010358499
2.1 1.2589254e-06 2.4216711e-20
2.1 1.2589254e-07 77.988522
2.1 1.2589254e-08 0.04633221
2.1 1.5848932e-06 1.914691e-31
2.1 1.5848932e-07 100.57602
2.1 1.5848932e-08 0.11104909
2.1 1.9952623e-06 0
2.1 1.9952623e-07 94.991191
2.1 1.9952623e-08 0.25553786
2.1 1e-06 6.9200322e-11
2.1 1e-07 57.370451
2.1 1e-08 0.01768983
2.1 2.5118864e-06 0
2.1 2.5118864e-07 60.84612
2.1 2.5118864e-08 0.65957596
2.1 3.1622777e-06 0
2.1 3.1622777e-07 22.337924
2.1 3.1622777e-08 1.5936942
2.1 3.1622777e-09 0.00019764494
2.1 3.9810717e-07 3.8264506
2.1 3.9810717e-08 3.3659902
2.1 5.0118723e-07 0.27319755
2.1 5.0118723e-08 8.0603387
2.1 5.0118723e-09 0.0011671022
2.1 6.3095734e-07 0.0019772235
2.1 6.3095734e-08 18.733961
2.1 6.3095734e-09 0.0028002283
2.1 7.9432823e-07 3.2685675e-06
2.1 7.9432823e-08 36.406651
2.2 1.2589254e-06 4.0499962e-23
2.2 1.2589254e-07 48.907159
2.2 1.2589254e-08 0.027835782
2.2 1.5848932e-06 6.7977046e-37
2.2 1.5848932e-07 51.724106
2.2 1.5848932e-08 0.068289912
2.2 1.9952623e-06 0
2.2 1.9952623e-07 51.695336
2.2 1.9952623e-08 0.18463122
2.2 1e-06 2.7019017e-13
2.2 1e-07 31.999659
2.2 1e-08 0.012162297
2.2 2.5118864e-06 0
2.2 2.5118864e-07 26.732623
2.2 2.5118864e-08 0.4623555
2.2 3.1622777e-06 0
2.2 3.1622777e-07 9.4900843
2.2 3.1622777e-08 1.0383233
2.2 3.1622777e-09 0.00011266432
2.2 3.9810717e-07 1.1209029
2.2 3.9810717e-08 2.3086129
2.2 3.9810717e-09 0.00029721972
2.2 5.0118723e-07 0.046258184
2.2 5.0118723e-08 5.3801924
2.2 5.0118723e-09 0.0007846456
2.2 6.3095734e-07 0.00045107853
2.2 6.3095734e-08 11.145693
2.2 6.3095734e-09 0.0017697877
2.2 7.9432823e-07 6.9687519e-08
2.2 7.9432823e-08 20.611124
2.2 7.9432823e-09 0.0045496049
2.3 1.2589254e-06 1.625953e-25
2.3 1.2589254e-07 26.334414
2.3 1.2589254e-08 0.019909972
2.3 1.5848932e-06 1.4405874e-39
2.3 1.5848932e-07 31.665289
2.3 1.5848932e-08 0.044478103
2.3 1.9952623e-06 0
2.3 1.9952623e-07 22.672747
2.3 1.9952623e-08 0.1179235
2.3 1e-06 1.2377988e-14
2.3 1e-07 19.991599
2.3 1e-08 0.0087474509
2.3 2.5118864e-06 0
2.3 2.5118864e-07 14.327411
2.3 2.5118864e-08 0.2828084
2.3 3.1622777e-06 0
2.3 3.1622777e-07 4.2738696
2.3 3.1622777e-08 0.71597206
2.3 3.1622777e-09 7.4252405e-05
2.3 3.9810717e-07 0.48125076
2.3 3.9810717e-08 1.5154105
2.3 3.9810717e-09 0.00019866866
2.3 5.0118723e-07 0.021446552
2.3 5.0118723e-08 3.1050068
2.3 5.0118723e-09 0.00041186459
2.3 6.3095734e-07 1.0403419e-05
2.3 6.3095734e-08 7.3373861
2.3 6.3095734e-09 0.0011860736
2.3 7.9432823e-07 6.8238317e-09
2.3 7.9432823e-08 11.310619
2.3 7.9432823e-09 0.00343304
2.4 1.2589254e-06 1.28032e-27
2.4 1.2589254e-07 16.021857
2.4 1.2589254e-08 0.012881268
2.4 1.5848932e-06 1.9929508e-43
2.4 1.5848932e-07 16.656021
2.4 1.5848932e-08 0.034231147
2.4 1.9952623e-06 0
2.4 1.9952623e-07 13.732852
2.4 1.9952623e-08 0.07746108
2.4 1e-06 6.3145441e-16
2.4 1e-07 11.450465
2.4 1e-08 0.0052042689
2.4 2.5118864e-06 0
2.4 2.5118864e-07 6.2745096
2.4 2.5118864e-08 0.18518153
2.4 3.1622777e-06 0
2.4 3.1622777e-07 1.6402634
2.4 3.1622777e-08 0.44199279
2.4 3.1622777e-09 5.2711336e-05
2.4 3.9810717e-07 0.18868617
2.4 3.9810717e-08 0.97756884
2.4 3.9810717e-09 0.00014214569
2.4 5.0118723e-07 0.002968428
2.4 5.0118723e-08 2.0515089
2.4 5.0118723e-09 0.00032449981
2.4 6.3095734e-07 1.2758483e-05
2.4 6.3095734e-08 4.0189187
2.4 6.3095734e-09 0.00088085568
2.4 7.9432823e-07 4.6042734e-10
2.4 7.9432823e-08 7.6585447
2.4 7.9432823e-09 0.0022304734
2.5 1.2589254e-06 1.8146435e-29
2.5 1.2589254e-07 9.7859356
2.5 1.2589254e-08 0.0078844813
2.5 1.5848932e-06 0
2.5 1.5848932e-07 11.062951
2.5 1.5848932e-08 0.024649894
2.5 1.9952623e-06 0
2.5 1.9952623e-07 6.5758196
2.5 1.9952623e-08 0.053191731
2.5 1e-06 7.8658208e-19
2.5 1e-07 7.8684531
2.5 1e-08 0.003566004
2.5 2.5118864e-06 0
2.5 2.5118864e-07 2.9530703
2.5 2.5118864e-08 0.12100211
2.5 3.1622777e-06 0
2.5 3.1622777e-07 0.7536174
2.5 3.1622777e-08 0.30905245
2.5 3.1622777e-09 3.6920241e-05
2.5 3.9810717e-07 0.050783414
2.5 3.9810717e-08 0.75414758
2.5 3.9810717e-09 9.4650217e-05
2.5 5.0118723e-07 0.001118261
2.5 5.0118723e-08 1.6275444
2.5 5.0118723e-09 0.00023527839
2.5 6.3095734e-07 1.1433736e-06
2.5 6.3095734e-08 3.1519736
2.5 6.3095734e-09 0.00057352528
2.5 7.9432823e-07 7.7531806e-11
2.5 7.9432823e-08 5.1886051
2.5 7.9432823e-09 0.0014465626
2.6 1.2589254e-06 2.1820032e-33
2.6 1.2589254e-07 5.8602071
2.6 1.2589254e-08 0.0064140695
2.6 1.5848932e-06 0
2.6 1.5848932e-07 7.1400172
2.6 1.5848932e-08 0.014656047
2.6 1.9952623e-06 0
2.6 1.9952623e-07 3.6053837
2.6 1.9952623e-08 0.038110418
2.6 1e-06 3.0388741e-20
2.6 1e-07 5.1822065
2.6 1e-08 0.0027539513
2.6 2.5118864e-06 0
2.6 2.5118864e-07 1.4695272
2.6 2.5118864e-08 0.094072554
2.6 3.1622777e-06 0
2.6 3.1622777e-07 0.2286811
2.6 3.1622777e-08 0.20030046
2.6 3.1622777e-09 3.0976526e-05
2.6 3.9810717e-07 0.023289732
2.6 3.9810717e-08 0.50487751
2.6 5.0118723e-07 0.00036209974
2.6 5.0118723e-08 1.0109587
2.6 5.0118723e-09 0.00016683257
2.6 6.3095734e-07 9.8326819e-08
2.6 6.3095734e-08 2.0887856
2.6 6.3095734e-09 0.00041239973
2.6 7.9432823e-07 7.6328447e-13
2.6 7.9432823e-08 3.2638811
2.6 7.9432823e-09 0.00091936308
2.7 1.2589254e-06 1.9927365e-36
2.7 1.2589254e-07 4.0760693
2.7 1.2589254e-08 0.00416369
2.7 1.5848932e-06 0
2.7 1.5848932e-07 4.1516454
2.7 1.5848932e-08 0.011397531
2.7 1.9952623e-06 0
2.7 1.9952623e-07 2.9665705
2.7 1.9952623e-08 0.028150948
2.7 1e-06 4.9161936e-22
2.7 1e-07 3.6241049
2.7 1e-08 0.0020198911
2.7 2.5118864e-06 0
2.7 2.5118864e-07 1.0994384
2.7 2.5118864e-08 0.068936875
2.7 3.1622777e-06 0
2.7 3.1622777e-07 0.21011802
2.7 3.1622777e-08 0.15362803
2.7 3.1622777e-09 2.0139157e-05
2.7 3.9810717e-07 0.0080701451
2.7 3.9810717e-08 0.35151055
2.7 3.9810717e-09 4.9828855e-05
2.7 5.0118723e-07 4.6904697e-05
2.7 5.0118723e-08 0.69061727
2.7 5.0118723e-09 0.00013278555
2.7 6.3095734e-07 1.6595064e-08
2.7 6.3095734e-08 1.4157445
2.7 6.3095734e-09 0.00029232279
2.7 7.9432823e-07 1.4177865e-13
2.7 7.9432823e-08 2.417668
2.7 7.9432823e-09 0.00074335419
2.8 1.2589254e-06 4.5502239e-37
2.8 1.2589254e-07 2.8775888
2.8 1.2589254e-08 0.003241988
2.8 1.5848932e-06 0
2.8 1.5848932e-07 2.4974752
2.8 1.5848932e-08 0.0078969319
2.8 1.9952623e-06 0
2.8 1.9952623e-07 1.9039749
2.8 1.9952623e-08 0.020682516
2.8 1e-06 2.219065e-24
2.8 1e-07 2.1384689
2.8 1e-08 0.0013232067
2.8 2.5118864e-06 0
2.8 2.5118864e-07 0.64187742
2.8 2.5118864e-08 0.048689433
2.8 3.1622777e-06 0
2.8 3.1622777e-07 0.10356355
2.8 3.1622777e-08 0.11200189
2.8 3.1622777e-09 1.3135186e-05
2.8 3.9810717e-07 0.0039910913
2.8 3.9810717e-08 0.21333251
2.8 3.9810717e-09 3.0239952e-05
2.8 5.0118723e-07 3.936462e-05
2.8 5.0118723e-08 0.54998521
2.8 5.0118723e-09 8.5805501e-05
2.8 6.3095734e-08 0.94998823
2.8 6.3095734e-09 0.00020525447
2.8 7.9432823e-07 3.5158213e-14
2.8 7.9432823e-08 1.679351
2.8 7.9432823e-09 0.00049179118
2.9 1.2589254e-06 4.7545624e-41
2.9 1.2589254e-07 2.0707384
2.9 1.2589254e-08 0.0026549894
2.9 1.5848932e-06 0
2.9 1.5848932e-07 1.652716
2.9 1.5848932e-08 0.005421491
2.9 1.9952623e-06 0
2.9 1.9952623e-07 0.92211646
2.9 1.9952623e-08 0.014862632
2.9 1e-06 1.2340611e-24
2.9 1e-07 1.4856775
2.9 1e-08 0.00085770018
2.9 2.5118864e-06 0
2.9 2.5118864e-07 0.28318044
2.9 2.5118864e-08 0.036538477
2.9 3.1622777e-06 0
2.9 3.1622777e-07 0.034660042
2.9 3.1622777e-08 0.079575158
2.9 3.1622777e-09 1.0260905e-05
2.9 3.9810717e-07 0.0016691544
2.9 3.9810717e-08 0.17850824
2.9 3.9810717e-09 2.6581835e-05
2.9 5.0118723e-07 6.2300696e-06
2.9 5.0118723e-08 0.36421506
2.9 5.0118723e-09 6.3405304e-05
2.9 6.3095734e-07 1.5885476e-09
2.9 6.3095734e-08 0.68152121
2.9 6.3095734e-09 0.00016653681
2.9 7.9432823e-07 1.0566049e-15
2.9 7.9432823e-08 1.0916789
