10 1.2589254e-07 2.5662072e-13
10 1.2589254e-08 6.56058e-05
10 1.5848932e-07 3.3694187e-19
10 1.5848932e-08 0.00011153765
10 1.9952623e-08 0.00015620991
10 1e-06 0
10 1e-07 3.0797373e-10
10 1e-08 3.3946518e-05
10 2.5118864e-07 2.6448389e-43
10 2.5118864e-08 0.00018100574
10 3.1622777e-07 0
10 3.1622777e-08 0.00014878231
10 3.1622777e-09 4.931134e-07
10 3.9810717e-07 0
10 3.9810717e-08 7.9987772e-05
10 3.9810717e-09 1.229936e-06
10 5.0118723e-07 0
10 5.0118723e-08 2.1453284e-05
10 5.0118723e-09 3.0546167e-06
10 6.3095734e-07 0
10 6.3095734e-08 2.9760116e-06
10 6.3095734e-09 7.1267633e-06
10 7.9432823e-07 0
10 7.9432823e-08 6.6739028e-08
10 7.9432823e-09 1.5671058e-05
1.4 1.2589254e-05 0
1.4 1.2589254e-06 0
1.4 1.2589254e-07 0
1.4 1.2589254e-08 0
1.4 1.5848932e-05 0
1.4 1.5848932e-06 0
1.4 1.5848932e-07 0
1.4 1.5848932e-08 0
1.4 1.9952623e-05 0
1.4 1.9952623e-06 0
1.4 1.9952623e-07 0
1.4 1.9952623e-08 0
1.4 1e-05 0
1.4 1e-06 0
1.4 1e-07 0
1.4 1e-08 0
1.4 2.5118864e-05 0
1.4 2.5118864e-06 0
1.4 2.5118864e-07 0
1.4 2.5118864e-08 0
1.4 3.1622777e-05 0
1.4 3.1622777e-06 0
1.4 3.1622777e-07 0
1.4 3.1622777e-08 0
1.4 3.1622777e-09 0
1.4 3.9810717e-06 0
1.4 3.9810717e-07 0
1.4 3.9810717e-08 0
1.4 3.9810717e-09 0
1.4 5.0118723e-06 0
1.4 5.0118723e-07 0
1.4 5.0118723e-08 0
1.4 5.0118723e-09 0
1.4 6.3095734e-06 0
1.4 6.3095734e-07 0
1.4 6.3095734e-08 0
1.4 6.3095734e-09 0
1.4 7.9432823e-06 0
1.4 7.9432823e-07 0
1.4 7.9432823e-08 0
1.4 7.9432823e-09 0
1.5 1.2589254e-05 0
1.5 1.2589254e-06 1.2769683e-12
1.5 1.2589254e-07 14.308482
1.5 1.2589254e-08 0.0079574362
1.5 1.5848932e-05 0
1.5 1.5848932e-06 4.6655803e-18
1.5 1.5848932e-07 19.379391
1.5 1.5848932e-08 0.020734454
1.5 1.9952623e-05 0
1.5 1.9952623e-06 3.9245874e-37
1.5 1.9952623e-07 20.932799
1.5 1.9952623e-08 0.047920064
1.5 1e-05 0
1.5 1e-06 3.9178778e-07
1.5 1e-08 0.0032127842
1.5 2.5118864e-05 0
1.5 2.5118864e-06 0
1.5 2.5118864e-07 14.866157
1.5 2.5118864e-08 0.1187474
1.5 3.1622777e-05 0
1.5 3.1622777e-06 0
1.5 3.1622777e-07 9.6003505
1.5 3.1622777e-08 0.27906489
1.5 3.1622777e-09 3.3101134e-05
1.5 3.9810717e-06 0
1.5 3.9810717e-07 2.6875461
1.5 3.9810717e-08 0.67263968
1.5 3.9810717e-09 8.3472358e-05
1.5 5.0118723e-06 0
1.5 5.0118723e-07 0.4215964
1.5 5.0118723e-08 1.4035874
1.5 5.0118723e-09 0.00020018789
1.5 6.3095734e-06 0
1.5 6.3095734e-07 0.033930311
1.5 6.3095734e-08 3.2670865
1.5 6.3095734e-09 0.00052321608
1.5 7.9432823e-06 0
1.5 7.9432823e-07 0.00046977485
1.5 7.9432823e-08 6.0058559
1.5 7.9432823e-09 0.0013131569
1.6 1.2589254e-06 5.0956129e-14
1.6 1.2589254e-07 13.344573
1.6 1.2589254e-08 0.0076632721
1.6 1.5848932e-06 7.0211889e-25
1.6 1.5848932e-07 14.970552
1.6 1.5848932e-08 0.019862282
1.6 1.9952623e-06 2.9837796e-39
1.6 1.9952623e-07 14.075977
1.6 1.9952623e-08 0.049856028
1.6 1e-06 6.197309e-09
1.6 1e-07 8.6541193
1.6 1e-08 0.0031645918
1.6 2.5118864e-06 0
1.6 2.5118864e-07 9.2626431
1.6 2.5118864e-08 0.12232741
1.6 3.1622777e-06 0
1.6 3.1622777e-07 3.8080617
1.6 3.1622777e-08 0.29932092
1.6 3.1622777e-09 3.31969e-05
1.6 3.9810717e-07 0.77910284
1.6 3.9810717e-08 0.64851868
1.6 3.9810717e-09 8.6492628e-05
1.6 5.0118723e-07 0.14476725
1.6 5.0118723e-08 1.3303381
1.6 6.3095734e-07 0.015812734
1.6 6.3095734e-08 2.8915275
1.6 6.3095734e-09 0.00052797572
1.6 7.9432823e-07 4.5417982e-06
1.6 7.9432823e-08 5.3547661
1.6 7.9432823e-09 0.0013682602
1.7 1.2589254e-06 2.0688856e-17
1.7 1.2589254e-07 10.183782
1.7 1.2589254e-08 0.0081147436
1.7 1.5848932e-06 6.7406562e-38
1.7 1.5848932e-07 11.532967
1.7 1.5848932e-08 0.020857625
1.7 1.9952623e-06 0
1.7 1.9952623e-07 10.094393
1.7 1.9952623e-08 0.046886672
1.7 1e-06 3.7068262e-11
1.7 1e-07 7.3993672
1.7 1e-08 0.003385618
1.7 2.5118864e-06 0
1.7 2.5118864e-07 5.2657644
1.7 2.5118864e-08 0.12240449
1.7 3.1622777e-06 0
1.7 3.1622777e-07 1.8045099
1.7 3.1622777e-08 0.27956282
1.7 3.1622777e-09 3.3153493e-05
1.7 3.9810717e-07 0.47651169
1.7 3.9810717e-08 0.55833378
1.7 3.9810717e-09 8.0184036e-05
1.7 5.0118723e-07 0.026880348
1.7 5.0118723e-08 1.2600833
1.7 5.0118723e-09 0.00020307122
1.7 6.3095734e-07 0.0021353334
1.7 6.3095734e-08 2.5387536
1.7 6.3095734e-09 0.00054251996
1.7 7.9432823e-07 7.0065153e-06
1.7 7.9432823e-08 4.6952286
1.7 7.9432823e-09 0.0013188578
1.8 1.2589254e-06 1.1257119e-18
1.8 1.2589254e-07 8.9840543
1.8 1.2589254e-08 0.007024734
1.8 1.5848932e-06 7.6210086e-34
1.8 1.5848932e-07 9.0934208
1.8 1.5848932e-08 0.018723787
1.8 1.9952623e-06 0
1.8 1.9952623e-07 7.2744558
1.8 1.9952623e-08 0.044726976
1.8 1e-06 1.7032918e-11
1.8 1e-07 6.2273319
1.8 1e-08 0.0028540879
1.8 2.5118864e-06 0
1.8 2.5118864e-07 4.054723
1.8 2.5118864e-08 0.11210958
1.8 3.1622777e-06 0
1.8 3.1622777e-07 1.5289974
1.8 3.1622777e-08 0.23943116
1.8 3.1622777e-09 2.8935291e-05
1.8 3.9810717e-07 0.22096738
1.8 3.9810717e-08 0.52956357
1.8 3.9810717e-09 7.8844307e-05
1.8 5.0118723e-07 0.019141203
1.8 5.0118723e-08 1.1622188
1.8 5.0118723e-09 0.00018436183
1.8 6.3095734e-07 0.00012716056
1.8 6.3095734e-08 2.2205499
1.8 6.3095734e-09 0.00046322001
1.8 7.9432823e-07 9.1128209e-07
1.8 7.9432823e-08 4.1505819
1.8 7.9432823e-09 0.0012434743
1.9 1.2589254e-06 3.9013621e-19
1.9 1.2589254e-07 7.795101
1.9 1.2589254e-08 0.0061240423
1.9 1.5848932e-06 2.4434611e-28
1.9 1.5848932e-07 8.1477152
1.9 1.5848932e-08 0.014472371
1.9 1.9952623e-06 0
1.9 1.9952623e-07 6.265249
1.9 1.9952623e-08 0.038331631
1.9 1e-06 3.9892696e-14
1.9 1e-07 5.6165812
1.9 1e-08 0.0024000772
1.9 2.5118864e-06 0
1.9 2.5118864e-07 3.7335738
1.9 2.5118864e-08 0.088062634
1.9 3.1622777e-06 0
1.9 3.1622777e-07 1.2907658
1.9 3.1622777e-08 0.21196691
1.9 3.1622777e-09 2.4444276e-05
1.9 3.9810717e-07 0.22406621
1.9 3.9810717e-08 0.4800314
1.9 3.9810717e-09 6.5515522e-05
1.9 5.0118723e-07 0.02057294
1.9 5.0118723e-08 0.97325107
1.9 5.0118723e-09 0.00015364778
1.9 6.3095734e-07 0.00016133743
1.9 6.3095734e-08 2.1426072
1.9 6.3095734e-09 0.00041481931
1.9 7.9432823e-07 2.3142409e-06
1.9 7.9432823e-08 3.5026351
1.9 7.9432823e-09 0.00096921929
2 1.2589254e-06 2.0915961e-23
2 1.2589254e-07 5.7951111
2 1.2589254e-08 0.006181812
2 1.5848932e-06 1.8948758e-36
2 1.5848932e-07 5.5857825
2 1.5848932e-08 0.01420675
2 1.9952623e-06 0
2 1.9952623e-07 4.1710786
2 1.9952623e-08 0.034860063
2 1e-06 1.5644626e-12
2 1e-07 4.5990383
2 1e-08 0.0025602192
2 2.5118864e-06 0
2 2.5118864e-07 1.7716411
2 2.5118864e-08 0.089747936
2 3.1622777e-06 0
2 3.1622777e-07 0.68448914
2 3.1622777e-08 0.19735141
2 3.1622777e-09 2.4440202e-05
2 3.9810717e-07 0.076374236
2 3.9810717e-08 0.44166371
2 3.9810717e-09 6.0904941e-05
2 5.0118723e-07 0.0025248033
2 5.0118723e-08 0.96259034
2 5.0118723e-09 0.00016195602
2 6.3095734e-07 5.9013646e-05
2 6.3095734e-08 1.7693573
2 6.3095734e-09 0.0003770221
2 7.9432823e-07 1.912684e-08
2 7.9432823e-08 2.8649536
2 7.9432823e-09 0.00090293792
2.1 1.2589254e-06 1.770522e-24
2.1 1.2589254e-07 4.7663124
2.1 1.2589254e-08 0.0059151102
2.1 1.5848932e-06 1.0228357e-36
2.1 1.5848932e-07 4.0526377
2.1 1.5848932e-08 0.013942909
2.1 1.9952623e-06 0
2.1 1.9952623e-07 2.8132673
2.1 1.9952623e-08 0.035768197
2.1 1e-06 1.7074807e-14
2.1 1e-07 3.8509713
2.1 1e-08 0.0023182843
2.1 2.5118864e-06 0
2.1 2.5118864e-07 1.2337218
2.1 2.5118864e-08 0.084387591
2.1 3.1622777e-06 0
2.1 3.1622777e-07 0.39863499
2.1 3.1622777e-08 0.17539814
2.1 3.1622777e-09 2.3929766e-05
2.1 3.9810717e-07 0.034594889
2.1 3.9810717e-08 0.37368606
2.1 3.9810717e-09 5.7414527e-05
2.1 5.0118723e-07 0.00073620231
2.1 5.0118723e-08 0.85035558
2.1 5.0118723e-09 0.00014611688
2.1 6.3095734e-07 4.3234092e-06
2.1 6.3095734e-08 1.6348073
2.1 6.3095734e-09 0.0003813337
2.1 7.9432823e-07 4.2841151e-11
2.1 7.9432823e-08 2.7382994
2.1 7.9432823e-09 0.00091403955
2.2 1.2589254e-06 3.4930381e-31
2.2 1.2589254e-07 3.4888282
2.2 1.2589254e-08 0.0050227761
2.2 1.5848932e-06 3.3691454e-43
2.2 1.5848932e-07 2.9915317
2.2 1.5848932e-08 0.014090154
2.2 1.9952623e-06 0
2.2 1.9952623e-07 1.7812561
2.2 1.9952623e-08 0.034834397
2.2 1e-06 4.718614e-18
2.2 1e-07 3.2697324
2.2 1e-08 0.0020565031
2.2 2.5118864e-06 0
2.2 2.5118864e-07 0.48055409
2.2 2.5118864e-08 0.074058789
2.2 3.1622777e-06 0
2.2 3.1622777e-07 0.11873497
2.2 3.1622777e-08 0.16283931
2.2 3.1622777e-09 2.2722178e-05
2.2 3.9810717e-07 0.0046570236
2.2 3.9810717e-08 0.35451203
2.2 3.9810717e-09 5.5327591e-05
2.2 5.0118723e-07 0.00039339875
2.2 5.0118723e-08 0.76401879
2.2 5.0118723e-09 0.00013774996
2.2 6.3095734e-07 1.6232185e-06
2.2 6.3095734e-08 1.3738543
2.2 6.3095734e-09 0.00034816348
2.2 7.9432823e-07 2.8792169e-11
2.2 7.9432823e-08 2.1005795
2.2 7.9432823e-09 0.00084426311
2.3 1.2589254e-06 2.6358315e-30
2.3 1.2589254e-07 2.8317796
2.3 1.2589254e-08 0.005127027
2.3 1.5848932e-06 2.3628233e-44
2.3 1.5848932e-07 2.2085859
2.3 1.5848932e-08 0.012911785
2.3 1.9952623e-06 0
2.3 1.9952623e-07 1.1867015
2.3 1.9952623e-08 0.030563228
2.3 1e-06 1.6898027e-19
2.3 1e-07 2.5995134
2.3 1e-08 0.0020227533
2.3 2.5118864e-06 0
2.3 2.5118864e-07 0.35864596
2.3 2.5118864e-08 0.068561308
2.3 3.1622777e-06 0
2.3 3.1622777e-07 0.068388167
2.3 3.1622777e-08 0.16019516
2.3 3.1622777e-09 2.1505478e-05
2.3 3.9810717e-07 0.0067004449
2.3 3.9810717e-08 0.31794128
2.3 3.9810717e-09 5.0735539e-05
2.3 5.0118723e-07 9.962244e-05
2.3 5.0118723e-08 0.65851157
2.3 5.0118723e-09 0.00013770686
2.3 6.3095734e-07 1.0871678e-07
2.3 6.3095734e-08 1.1655428
2.3 6.3095734e-09 0.00033907215
2.3 7.9432823e-07 3.7687149e-13
2.3 7.9432823e-08 2.1080491
2.3 7.9432823e-09 0.00081427711
2.4 1.2589254e-06 3.889238e-37
2.4 1.2589254e-07 2.1230691
2.4 1.2589254e-08 0.0046006498
2.4 1.5848932e-06 0
2.4 1.5848932e-07 1.6214398
2.4 1.5848932e-08 0.01141702
2.4 1.9952623e-06 0
2.4 1.9952623e-07 0.79711153
2.4 1.9952623e-08 0.02658938
2.4 1e-06 5.1559405e-21
2.4 1e-07 2.0460944
2.4 1e-08 0.0019161573
2.4 2.5118864e-06 0
2.4 2.5118864e-07 0.25746664
2.4 2.5118864e-08 0.062916983
2.4 3.1622777e-06 0
2.4 3.1622777e-07 0.036293459
2.4 3.1622777e-08 0.13740519
2.4 3.1622777e-09 1.98148e-05
2.4 3.9810717e-07 0.0021070706
2.4 3.9810717e-08 0.30896072
2.4 3.9810717e-09 5.0787955e-05
2.4 5.0118723e-07 1.2151929e-05
2.4 5.0118723e-08 0.59299783
2.4 5.0118723e-09 0.00011901546
2.4 6.3095734e-07 5.8427496e-09
2.4 6.3095734e-08 1.021093
2.4 6.3095734e-09 0.00032451993
2.4 7.9432823e-07 1.1516211e-12
2.4 7.9432823e-08 1.5336453
2.4 7.9432823e-09 0.00069212065
2.5 1.2589254e-06 5.0093882e-39
2.5 1.2589254e-07 1.6644148
2.5 1.2589254e-08 0.0042270446
2.5 1.5848932e-06 0
2.5 1.5848932e-07 1.1539606
2.5 1.5848932e-08 0.010596791
2.5 1.9952623e-06 0
2.5 1.9952623e-07 0.605896
2.5 1.9952623e-08 0.025123551
2.5 1e-06 1.0088232e-27
2.5 1e-07 1.7674478
2.5 1e-08 0.0016371428
2.5 2.5118864e-06 0
2.5 2.5118864e-07 0.14723419
2.5 2.5118864e-08 0.056195049
2.5 3.1622777e-06 0
2.5 3.1622777e-07 0.010429099
2.5 3.1622777e-08 0.12817715
2.5 3.1622777e-09 1.6808272e-05
2.5 3.9810717e-07 0.00093584549
2.5 3.9810717e-08 0.27653537
2.5 3.9810717e-09 4.5412671e-05
2.5 5.0118723e-07 1.2791738e-06
2.5 5.0118723e-08 0.53980815
2.5 5.0118723e-09 0.00010883333
2.5 6.3095734e-07 2.1761423e-10
2.5 6.3095734e-08 0.88742431
2.5 6.3095734e-09 0.00027515251
2.5 7.9432823e-07 2.3335575e-15
2.5 7.9432823e-08 1.3587693
2.5 7.9432823e-09 0.00071213361
2.6 1.2589254e-06 7.1283887e-43
2.6 1.2589254e-07 1.3147803
2.6 1.2589254e-08 0.0040182295
2.6 1.5848932e-06 0
2.6 1.5848932e-07 0.88297785
2.6 1.5848932e-08 0.0093252534
2.6 1.9952623e-06 0
2.6 1.9952623e-07 0.37656394
2.6 1.9952623e-08 0.023420401
2.6 1e-06 2.5167819e-24
2.6 1e-07 1.3072278
2.6 1e-08 0.0016610582
2.6 2.5118864e-06 0
2.6 2.5118864e-07 0.092082512
2.6 2.5118864e-08 0.051298212
2.6 3.1622777e-06 0
2.6 3.1622777e-07 0.0086400426
2.6 3.1622777e-08 0.11021624
2.6 3.1622777e-09 1.708129e-05
2.6 3.9810717e-07 0.00063892616
2.6 3.9810717e-08 0.24410808
2.6 3.9810717e-09 4.0964948e-05
2.6 5.0118723e-07 1.7153422e-06
2.6 5.0118723e-08 0.45395638
2.6 5.0118723e-09 9.5870708e-05
2.6 6.3095734e-07 4.8049279e-12
2.6 6.3095734e-08 0.79597547
2.6 6.3095734e-09 0.00027288821
2.6 7.9432823e-07 2.3597014e-19
2.6 7.9432823e-08 1.1989723
2.6 7.9432823e-09 0.00066260097
2.7 1.2589254e-06 0
2.7 1.2589254e-07 1.1028159
2.7 1.2589254e-08 0.0034176338
2.7 1.5848932e-06 0
2.7 1.5848932e-07 0.65264369
2.7 1.5848932e-08 0.0081430368
2.7 1.9952623e-06 0
2.7 1.9952623e-07 0.24608579
2.7 1.9952623e-08 0.01975958
2.7 1e-06 5.1617373e-26
2.7 1e-07 1.1375483
2.7 1e-08 0.0014420494
2.7 2.5118864e-06 0
2.7 2.5118864e-07 0.051319292
2.7 2.5118864e-08 0.044021458
2.7 3.1622777e-06 0
2.7 3.1622777e-07 0.0036231688
2.7 3.1622777e-08 0.098521726
2.7 3.1622777e-09 1.5543255e-05
2.7 3.9810717e-07 7.6491465e-05
2.7 3.9810717e-08 0.21127363
2.7 3.9810717e-09 3.5449512e-05
2.7 5.0118723e-07 2.9441066e-07
2.7 5.0118723e-08 0.40243606
2.7 5.0118723e-09 9.2333981e-05
2.7 6.3095734e-07 2.8463229e-10
2.7 6.3095734e-08 0.67331072
2.7 6.3095734e-09 0.00022764996
2.7 7.9432823e-07 1.0270036e-16
2.7 7.9432823e-08 0.99877454
2.7 7.9432823e-09 0.00054756928
2.8 1.2589254e-06 0
2.8 1.2589254e-07 0.78975026
2.8 1.2589254e-08 0.0031054935
2.8 1.5848932e-06 0
2.8 1.5848932e-07 0.46520672
2.8 1.5848932e-08 0.0075129105
2.8 1.9952623e-06 0
2.8 1.9952623e-07 0.19034389
2.8 1.9952623e-08 0.018381576
2.8 1e-06 9.6244599e-31
2.8 1e-07 0.92474446
2.8 1e-08 0.0013006674
2.8 2.5118864e-06 0
2.8 2.5118864e-07 0.044787945
2.8 2.5118864e-08 0.042169559
2.8 3.1622777e-06 0
2.8 3.1622777e-07 0.0027811269
2.8 3.1622777e-08 0.088479982
2.8 3.1622777e-09 1.3841324e-05
2.8 3.9810717e-07 0.00014736735
2.8 3.9810717e-08 0.1819365
2.8 3.9810717e-09 3.3143815e-05
2.8 5.0118723e-07 1.0237645e-07
2.8 5.0118723e-08 0.34091468
2.8 5.0118723e-09 8.03706e-05
2.8 6.3095734e-07 5.63261e-11
2.8 6.3095734e-08 0.58490619
2.8 6.3095734e-09 0.00019774438
2.8 7.9432823e-07 1.5533978e-16
2.8 7.9432823e-08 0.8100183
2.8 7.9432823e-09 0.00055255329
2.9 1.2589254e-06 0
2.9 1.2589254e-07 0.68145389
2.9 1.2589254e-08 0.0028247606
2.9 1.5848932e-06 0
2.9 1.5848932e-07 0.34904355
2.9 1.5848932e-08 0.006413269
2.9 1.9952623e-06 0
2.9 1.9952623e-07 0.11642387
2.9 1.9952623e-08 0.0155574
2.9 1e-06 4.2651803e-30
2.9 1e-07 0.66474252
2.9 1e-08 0.0011658991
2.9 2.5118864e-06 0
2.9 2.5118864e-07 0.018622391
2.9 2.5118864e-08 0.038257454
2.9 3.1622777e-06 0
2.9 3.1622777e-07 0.0012712304
2.9 3.1622777e-08 0.079735559
2.9 3.1622777e-09 1.2993896e-05
2.9 3.9810717e-07 4.2287682e-05
2.9 3.9810717e-08 0.16710782
2.9 3.9810717e-09 2.9896912e-05
2.9 5.0118723e-07 1.0007577e-08
2.9 5.0118723e-08 0.28965044
2.9 5.0118723e-09 7.5688101e-05
2.9 6.3095734e-07 2.5467144e-12
2.9 6.3095734e-08 0.524615
2.9 6.3095734e-09 0.00017058142
2.9 7.9432823e-07 7.1435354e-21
2.9 7.9432823e-08 0.67072351
2.9 7.9432823e-09 0.00047834071
3 1.2589254e-07 0.47857703
3 1.2589254e-08 0.0026888819
3 1.5848932e-07 0.28760958
3 1.5848932e-08 0.0059306567
3 1.9952623e-07 0.088346771
3 1.9952623e-08 0.014368257
3 1e-06 5.9882991e-35
3 1e-07 0.57088254
3 1e-08 0.0011267928
3 2.5118864e-07 0.0089695186
3 2.5118864e-08 0.031311821
3 3.1622777e-07 0.00078569142
3 3.1622777e-08 0.071083903
3 3.1622777e-09 1.225657e-05
3 3.9810717e-07 6.4086255e-06
3 3.9810717e-08 0.14571066
3 3.9810717e-09 2.7218024e-05
3 5.0118723e-07 5.4691252e-09
3 5.0118723e-08 0.27022883
3 5.0118723e-09 6.7957378e-05
3 6.3095734e-07 5.7183372e-14
3 6.3095734e-08 0.42770087
3 6.3095734e-09 0.00017607581
3 7.9432823e-07 9.2061313e-21
3 7.9432823e-08 0.55264012
3 7.9432823e-09 0.00039900137
3.1 1.2589254e-07 0.38698095
3.1 1.2589254e-08 0.0027376913
3.1 1.5848932e-07 0.20018484
3.1 1.5848932e-08 0.0059910096
3.1 1.9952623e-07 0.064296771
3.1 1.9952623e-08 0.013432536
3.1 1e-06 1.0221773e-42
3.1 1e-07 0.55308851
3.1 1e-08 0.0010670545
3.1 2.5118864e-07 0.0073137271
3.1 2.5118864e-08 0.031377412
3.1 3.1622777e-07 0.00061827684
3.1 3.1622777e-08 0.069662663
3.1 3.1622777e-09 1.1862368e-05
3.1 3.9810717e-07 8.7348715e-06
3.1 3.9810717e-08 0.14228813
3.1 3.9810717e-09 2.7837211e-05
3.1 5.0118723e-07 2.0094772e-09
3.1 5.0118723e-08 0.26019419
3.1 5.0118723e-09 7.1638356e-05
3.1 6.3095734e-07 9.6585392e-17
3.1 6.3095734e-08 0.39091761
3.1 6.3095734e-09 0.00017588506
3.1 7.9432823e-07 8.3795702e-24
3.1 7.9432823e-08 0.50337993
3.1 7.9432823e-09 0.00042576823
3.2 1.2589254e-07 0.38319367
3.2 1.2589254e-08 0.0023827653
3.2 1.5848932e-07 0.14778111
3.2 1.5848932e-08 0.0059942742
3.2 1.9952623e-07 0.045528905
3.2 1.9952623e-08 0.013284175
3.2 1e-06 1.0194043e-38
3.2 1e-07 0.47648465
3.2 1e-08 0.0010194801
3.2 2.5118864e-07 0.0030303161
3.2 2.5118864e-08 0.030481246
3.2 3.1622777e-07 0.00012484983
3.2 3.1622777e-08 0.065827777
3.2 3.1622777e-09 1.0201411e-05
3.2 3.9810717e-07 4.2611993e-06
3.2 3.9810717e-08 0.13584349
3.2 3.9810717e-09 2.8041018e-05
3.2 5.0118723e-07 9.5878262e-11
3.2 5.0118723e-08 0.2311193
3.2 5.0118723e-09 6.6460953e-05
3.2 6.3095734e-07 2.3156697e-15
3.2 6.3095734e-08 0.35680113
3.2 6.3095734e-09 0.00016875166
3.2 7.9432823e-07 3.5367474e-26
3.2 7.9432823e-08 0.45472194
3.2 7.9432823e-09 0.00040972267
3.3 1.2589254e-07 0.24410661
3.3 1.2589254e-08 0.0024834702
3.3 1.5848932e-07 0.11525029
3.3 1.5848932e-08 0.0055334526
3.3 1.9952623e-07 0.03108999
3.3 1.9952623e-08 0.013998724
3.3 1e-06 2.1415392e-40
3.3 1e-07 0.37230695
3.3 1e-08 0.0010241028
3.3 2.5118864e-07 0.0025271621
3.3 2.5118864e-08 0.029847546
3.3 3.1622777e-07 9.2571207e-05
3.3 3.1622777e-08 0.062088723
3.3 3.1622777e-09 1.0910319e-05
3.3 3.9810717e-07 4.4107493e-07
3.3 3.9810717e-08 0.12673489
3.3 3.9810717e-09 2.6325406e-05
3.3 5.0118723e-07 3.9405514e-11
3.3 5.0118723e-08 0.21080703
3.3 5.0118723e-09 6.2884627e-05
3.3 6.3095734e-07 6.2440219e-17
3.3 6.3095734e-08 0.32102983
3.3 6.3095734e-09 0.00016249664
3.3 7.9432823e-07 1.74662e-26
3.3 7.9432823e-08 0.4108125
3.3 7.9432823e-09 0.00040458155
3.4 1.2589254e-07 0.21938125
3.4 1.2589254e-08 0.0024276557
3.4 1.5848932e-07 0.083435737
3.4 1.5848932e-08 0.0053216548
3.4 1.9952623e-07 0.019028644
3.4 1.9952623e-08 0.012374838
3.4 1e-06 0
3.4 1e-07 0.28818633
3.4 1e-08 0.00096454926
3.4 2.5118864e-07 0.0013482517
3.4 2.5118864e-08 0.029493946
3.4 3.1622777e-07 4.2409923e-05
3.4 3.1622777e-08 0.061792433
3.4 3.1622777e-09 9.8831819e-06
3.4 3.9810717e-07 7.5868694e-08
3.4 3.9810717e-08 0.10980206
3.4 3.9810717e-09 2.5476492e-05
3.4 5.0118723e-07 2.2989563e-11
3.4 5.0118723e-08 0.18666187
3.4 5.0118723e-09 6.21664e-05
3.4 6.3095734e-07 9.6538591e-18
3.4 6.3095734e-08 0.3078395
3.4 6.3095734e-09 0.00015850824
3.4 7.9432823e-07 8.9374353e-28
3.4 7.9432823e-08 0.35502728
3.4 7.9432823e-09 0.00042343108
3.5 1.2589254e-07 0.15432268
3.5 1.2589254e-08 0.0021749831
3.5 1.5848932e-07 0.068701301
3.5 1.5848932e-08 0.0048094609
3.5 1.9952623e-07 0.012669097
3.5 1.9952623e-08 0.012612652
3.5 1e-06 0
3.5 1e-07 0.24469211
3.5 1e-08 0.00087470503
3.5 2.5118864e-07 0.0013648209
3.5 2.5118864e-08 0.02526721
3.5 3.1622777e-07 2.1260217e-05
3.5 3.1622777e-08 0.058542224
3.5 3.1622777e-09 1.0376744e-05
3.5 3.9810717e-07 8.2583068e-08
3.5 3.9810717e-08 0.10637489
3.5 3.9810717e-09 2.3689614e-05
3.5 5.0118723e-07 1.0868814e-12
3.5 5.0118723e-08 0.18161545
3.5 5.0118723e-09 6.375539e-05
3.5 6.3095734e-07 1.0695028e-17
3.5 6.3095734e-08 0.23821284
3.5 6.3095734e-09 0.00015158522
3.5 7.9432823e-07 1.5278534e-26
3.5 7.9432823e-08 0.30253239
3.5 7.9432823e-09 0.0003838047
3.6 1.2589254e-07 0.10968498
3.6 1.2589254e-08 0.0024639796
3.6 1.5848932e-07 0.043299502
3.6 1.5848932e-08 0.0058474314
3.6 1.9952623e-07 0.0044862331
3.6 1.9952623e-08 0.014299744
3.6 1e-06 0
3.6 1e-07 0.22712376
3.6 1e-08 0.0010973262
3.6 2.5118864e-07 0.00027808881
3.6 2.5118864e-08 0.030165519
3.6 3.1622777e-07 2.6499063e-05
3.6 3.1622777e-08 0.059913262
3.6 3.1622777e-09 1.1032104e-05
3.6 3.9810717e-07 1.9965907e-09
3.6 3.9810717e-08 0.10921177
3.6 3.9810717e-09 2.8444422e-05
3.6 5.0118723e-07 1.5573027e-15
3.6 5.0118723e-08 0.18074804
3.6 5.0118723e-09 6.5605636e-05
3.6 6.3095734e-07 3.3266845e-20
3.6 6.3095734e-08 0.26183375
3.6 6.3095734e-09 0.00016196303
3.6 7.9432823e-07 1.4064139e-37
3.6 7.9432823e-08 0.27353786
3.6 7.9432823e-09 0.00044421167
3.7 1.2589254e-07 0.10583195
3.7 1.2589254e-08 0.0031150463
3.7 1.5848932e-07 0.030150216
3.7 1.5848932e-08 0.0070919137
3.7 1.9952623e-07 0.0060675731
3.7 1.9952623e-08 0.01649537
3.7 1e-06 0
3.7 1e-07 0.21199881
3.7 1e-08 0.0013463002
3.7 2.5118864e-07 0.0001856862
3.7 2.5118864e-08 0.03371002
3.7 3.1622777e-07 1.9373867e-06
3.7 3.1622777e-08 0.063997528
3.7 3.1622777e-09 1.3743302e-05
3.7 3.9810717e-07 8.2948482e-10
3.7 3.9810717e-08 0.12836751
3.7 3.9810717e-09 3.5185677e-05
3.7 5.0118723e-07 2.3236304e-14
3.7 5.0118723e-08 0.18854071
3.7 5.0118723e-09 8.7038073e-05
3.7 6.3095734e-07 7.1038509e-23
3.7 6.3095734e-08 0.24036287
3.7 6.3095734e-09 0.00020055432
3.7 7.9432823e-07 5.3314079e-33
3.7 7.9432823e-08 0.24987243
3.7 7.9432823e-09 0.0005172197
3.8 1.2589254e-07 0.079018328
3.8 1.2589254e-08 0.0034898253
3.8 1.5848932e-07 0.014332895
3.8 1.5848932e-08 0.0080085264
3.8 1.9952623e-07 0.0019805217
3.8 1.9952623e-08 0.017005254
3.8 1e-06 0
3.8 1e-07 0.14773088
3.8 1e-08 0.001467655
3.8 2.5118864e-07 5.2215928e-05
3.8 2.5118864e-08 0.037105566
3.8 3.1622777e-07 8.3328293e-07
3.8 3.1622777e-08 0.072984042
3.8 3.1622777e-09 1.4475868e-05
3.8 3.9810717e-07 1.1666545e-10
3.8 3.9810717e-08 0.11840555
3.8 3.9810717e-09 3.7399156e-05
3.8 5.0118723e-07 2.1104465e-16
3.8 5.0118723e-08 0.19055385
3.8 5.0118723e-09 9.1348713e-05
3.8 6.3095734e-07 3.6939508e-27
3.8 6.3095734e-08 0.24981845
3.8 6.3095734e-09 0.00023002871
3.8 7.9432823e-07 4.3791414e-41
3.8 7.9432823e-08 0.22704903
3.8 7.9432823e-09 0.0005544233
3.9 1.2589254e-07 0.047220908
3.9 1.2589254e-08 0.0034437154
3.9 1.5848932e-07 0.0090292833
3.9 1.5848932e-08 0.0081444945
3.9 1.9952623e-07 0.00067207507
3.9 1.9952623e-08 0.016142011
3.9 1e-06 0
3.9 1e-07 0.10060546
3.9 1e-08 0.0015204543
3.9 2.5118864e-07 3.0984096e-05
3.9 2.5118864e-08 0.036251921
3.9 3.1622777e-07 3.0317245e-08
3.9 3.1622777e-08 0.067529533
3.9 3.1622777e-09 1.5721437e-05
3.9 3.9810717e-07 5.6001669e-12
3.9 3.9810717e-08 0.11139069
3.9 3.9810717e-09 4.3651769e-05
3.9 5.0118723e-07 1.3477564e-19
3.9 5.0118723e-08 0.16402535
3.9 5.0118723e-09 9.7472103e-05
3.9 6.3095734e-07 2.1342675e-29
3.9 6.3095734e-08 0.19612883
3.9 6.3095734e-09 0.00024276373
3.9 7.9432823e-07 0
3.9 7.9432823e-08 0.18587872
3.9 7.9432823e-09 0.00056050525
4 1.2589254e-07 0.025112991
4 1.2589254e-08 0.0034995213
4 1.5848932e-07 0.003789767
4 1.5848932e-08 0.0089020498
4 1.9952623e-07 0.00019743367
4 1.9952623e-08 0.017757563
4 1e-06 0
4 1e-07 0.092183762
4 1e-08 0.0014937748
4 2.5118864e-07 2.053634e-06
4 2.5118864e-08 0.03417256
4 3.1622777e-07 6.2427209e-10
4 3.1622777e-08 0.063733448
4 3.1622777e-09 1.7461838e-05
4 3.9810717e-07 1.4356313e-12
4 3.9810717e-08 0.11380567
4 3.9810717e-09 4.5456575e-05
4 5.0118723e-07 3.6818619e-24
4 5.0118723e-08 0.1563372
4 5.0118723e-09 0.00010591515
4 6.3095734e-07 2.4911877e-33
4 6.3095734e-08 0.15302241
4 6.3095734e-09 0.000255448
4 7.9432823e-07 0
4 7.9432823e-08 0.13257089
4 7.9432823e-09 0.00062101727
4.1 1.2589254e-07 0.0085435211
4.1 1.2589254e-08 0.0038545441
4.1 1.5848932e-07 0.00074616535
4.1 1.5848932e-08 0.0088119544
4.1 1.9952623e-07 4.7677721e-05
4.1 1.9952623e-08 0.018668501
4.1 1e-06 0
4.1 1e-07 0.038135961
4.1 1e-08 0.0015379146
4.1 2.5118864e-07 1.5963583e-07
4.1 2.5118864e-08 0.034314899
4.1 3.1622777e-07 1.3897322e-11
4.1 3.1622777e-08 0.063230139
4.1 3.1622777e-09 1.8573833e-05
4.1 3.9810717e-07 3.851116e-17
4.1 3.9810717e-08 0.098644007
4.1 3.9810717e-09 5.4429391e-05
4.1 5.0118723e-07 6.7452843e-26
4.1 5.0118723e-08 0.1227333
4.1 5.0118723e-09 0.00011754532
4.1 6.3095734e-07 4.7192251e-37
4.1 6.3095734e-08 0.12650966
4.1 6.3095734e-09 0.00026749022
4.1 7.9432823e-07 0
4.1 7.9432823e-08 0.079777178
4.1 7.9432823e-09 0.00069516896
4.2 1.2589254e-07 0.0074602681
4.2 1.2589254e-08 0.0036270451
4.2 1.5848932e-07 0.00068594828
4.2 1.5848932e-08 0.0081507036
4.2 1.9952623e-07 2.497696e-05
4.2 1e-06 0
4.2 1e-07 0.032781393
4.2 1e-08 0.0014466219
4.2 2.5118864e-07 1.5313034e-07
4.2 2.5118864e-08 0.033981663
4.2 3.1622777e-07 4.8380045e-12
4.2 3.1622777e-08 0.061232273
4.2 3.1622777e-09 1.8432126e-05
4.2 3.9810717e-07 1.2316907e-19
4.2 3.9810717e-08 0.08553218
4.2 3.9810717e-09 3.970084e-05
4.2 5.0118723e-07 9.1367706e-27
4.2 5.0118723e-08 0.11194367
4.2 5.0118723e-09 0.00010659289
4.2 6.3095734e-07 1.521653e-39
4.2 6.3095734e-08 0.10978463
4.2 6.3095734e-09 0.00026053857
4.2 7.9432823e-07 0
4.2 7.9432823e-08 0.078031807
4.2 7.9432823e-09 0.0006429509
4.3 1.2589254e-07 0.0092375783
4.3 1.2589254e-08 0.0032326255
4.3 1.5848932e-07 0.0010065369
4.3 1.5848932e-08 0.0069706348
4.3 1.9952623e-07 3.0416453e-05
4.3 1.9952623e-08 0.015456488
4.3 1e-06 0
4.3 1e-07 0.035350023
4.3 1e-08 0.0014132056
4.3 2.5118864e-07 3.8945127e-07
4.3 2.5118864e-08 0.032205205
4.3 3.1622777e-07 1.070247e-10
4.3 3.1622777e-08 0.056610582
4.3 3.1622777e-09 1.4241141e-05
4.3 3.9810717e-07 1.9305246e-16
4.3 3.9810717e-08 0.079426694
4.3 3.9810717e-09 3.8787886e-05
4.3 5.0118723e-07 4.4073226e-27
4.3 5.0118723e-08 0.09642549
4.3 5.0118723e-09 8.9783175e-05
4.3 6.3095734e-07 9.1778008e-38
4.3 6.3095734e-08 0.10574029
4.3 6.3095734e-09 0.00022944849
4.3 7.9432823e-07 0
4.3 7.9432823e-08 0.084470931
4.3 7.9432823e-09 0.00056467753
4.4 1.2589254e-07 0.0036412808
4.4 1.2589254e-08 0.0033326754
4.4 1.5848932e-07 0.00028446271
4.4 1.5848932e-08 0.007291393
4.4 1.9952623e-07 5.0379377e-06
4.4 1.9952623e-08 0.01487763
4.4 1e-06 0
4.4 1e-07 0.016723957
4.4 1e-08 0.0013208283
4.4 2.5118864e-07 1.2579781e-08
4.4 2.5118864e-08 0.030221265
4.4 3.1622777e-07 7.4282227e-13
4.4 3.1622777e-08 0.048204975
4.4 3.1622777e-09 1.7334693e-05
4.4 3.9810717e-07 7.7970874e-17
4.4 3.9810717e-08 0.07422082
4.4 3.9810717e-09 4.1794324e-05
4.4 5.0118723e-07 2.2920246e-28
4.4 5.0118723e-08 0.082956062
4.4 5.0118723e-09 9.8691262e-05
4.4 6.3095734e-07 1.5103401e-44
4.4 6.3095734e-08 0.074564688
4.4 6.3095734e-09 0.00024384373
4.4 7.9432823e-07 0
4.4 7.9432823e-08 0.05007883
4.4 7.9432823e-09 0.00064857319
4.5 1.2589254e-07 0.0046891262
4.5 1.2589254e-08 0.0030029357
4.5 1.5848932e-07 0.00033353334
4.5 1.5848932e-08 0.0071397413
4.5 1.9952623e-07 4.4516537e-06
4.5 1.9952623e-08 0.013318729
4.5 1e-06 0
4.5 1e-07 0.01984206
4.5 1e-08 0.0012405378
4.5 2.5118864e-07 2.1419476e-08
4.5 2.5118864e-08 0.027724452
4.5 3.1622777e-07 3.1339277e-13
4.5 3.1622777e-08 0.045209193
4.5 3.9810717e-07 1.4071605e-18
4.5 3.9810717e-08 0.066373215
4.5 3.9810717e-09 3.6175408e-05
4.5 5.0118723e-07 2.6078581e-27
4.5 5.0118723e-08 0.081094286
4.5 5.0118723e-09 9.0989585e-05
4.5 6.3095734e-07 1.7743119e-43
4.5 6.3095734e-08 0.070979117
4.5 6.3095734e-09 0.00021712046
4.5 7.9432823e-07 0
4.5 7.9432823e-08 0.044663125
4.5 7.9432823e-09 0.00053781902
4.6 1.2589254e-07 0.0031829708
4.6 1.2589254e-08 0.002842457
4.6 1.5848932e-07 0.00032330047
4.6 1.5848932e-08 0.0063074869
4.6 1.9952623e-07 1.8973416e-06
4.6 1.9952623e-08 0.013060589
4.6 1e-06 0
4.6 1e-07 0.015093624
4.6 1e-08 0.0011403623
4.6 2.5118864e-07 1.1346012e-08
4.6 2.5118864e-08 0.024947461
4.6 3.1622777e-07 3.8761477e-13
4.6 3.1622777e-08 0.042863533
4.6 3.1622777e-09 1.3416409e-05
4.6 3.9810717e-07 4.7700372e-21
4.6 3.9810717e-08 0.062925783
4.6 3.9810717e-09 3.6081257e-05
4.6 5.0118723e-08 0.071654255
4.6 5.0118723e-09 8.3631155e-05
4.6 6.3095734e-07 3.3714919e-45
4.6 6.3095734e-08 0.067786481
4.6 6.3095734e-09 0.00021186373
4.6 7.9432823e-07 0
4.6 7.9432823e-08 0.042160403
4.6 7.9432823e-09 0.00051915449
4.7 1.2589254e-07 0.0016554142
4.7 1.2589254e-08 0.0026544062
4.7 1.5848932e-07 0.00015052011
4.7 1.5848932e-08 0.0057988336
4.7 1.9952623e-07 1.4717981e-06
4.7 1.9952623e-08 0.012180431
4.7 1e-06 0
4.7 1e-07 0.0099903735
4.7 1e-08 0.001295338
4.7 2.5118864e-07 2.5865384e-10
4.7 2.5118864e-08 0.023764506
4.7 3.1622777e-07 5.694827e-14
4.7 3.1622777e-08 0.037589198
4.7 3.1622777e-09 1.3333431e-05
4.7 3.9810717e-08 0.052848338
4.7 3.9810717e-09 3.3454665e-05
4.7 5.0118723e-07 7.6001924e-33
4.7 5.0118723e-08 0.062369733
4.7 5.0118723e-09 8.4355771e-05
4.7 6.3095734e-07 0
4.7 6.3095734e-08 0.048409088
4.7 6.3095734e-09 0.00019243669
4.7 7.9432823e-07 0
4.7 7.9432823e-08 0.030636089
4.7 7.9432823e-09 0.0004878551
4.8 1.2589254e-07 0.001118442
4.8 1.2589254e-08 0.0027659416
4.8 1.5848932e-07 6.9971986e-05
4.8 1.5848932e-08 0.0055649549
4.8 1.9952623e-07 1.6658599e-06
4.8 1.9952623e-08 0.011720818
4.8 1e-06 0
4.8 1e-07 0.0064087011
4.8 1e-08 0.0011043983
4.8 2.5118864e-07 4.4911555e-09
4.8 2.5118864e-08 0.020884926
4.8 3.1622777e-07 5.2078465e-14
4.8 3.1622777e-08 0.037404963
4.8 3.1622777e-09 1.2988291e-05
4.8 3.9810717e-07 3.9935577e-22
4.8 3.9810717e-08 0.049333244
4.8 3.9810717e-09 3.1064548e-05
4.8 5.0118723e-07 7.0422978e-36
4.8 5.0118723e-08 0.051863441
4.8 5.0118723e-09 8.3625755e-05
4.8 6.3095734e-07 0
4.8 6.3095734e-08 0.040620392
4.8 6.3095734e-09 0.00020099316
4.8 7.9432823e-07 0
4.8 7.9432823e-08 0.023065614
4.8 7.9432823e-09 0.00048605235
4.9 1.2589254e-07 0.0007033972
4.9 1.2589254e-08 0.0024348106
4.9 1.5848932e-07 6.0674224e-05
4.9 1.5848932e-08 0.0055764569
4.9 1.9952623e-07 4.1977198e-07
4.9 1.9952623e-08 0.011116261
4.9 1e-06 0
4.9 1e-07 0.0049200574
4.9 1e-08 0.0010885398
4.9 2.5118864e-07 1.0156374e-10
4.9 2.5118864e-08 0.020266734
4.9 3.1622777e-07 8.6233202e-16
4.9 3.1622777e-08 0.032685726
4.9 3.1622777e-09 1.1525789e-05
4.9 3.9810717e-07 6.8288441e-22
4.9 3.9810717e-08 0.043370412
4.9 3.9810717e-09 3.0459432e-05
4.9 5.0118723e-07 7.3894349e-39
4.9 5.0118723e-08 0.047523286
4.9 5.0118723e-09 7.7111847e-05
4.9 6.3095734e-07 0
4.9 6.3095734e-08 0.038784674
4.9 6.3095734e-09 0.00019219992
4.9 7.9432823e-07 0
4.9 7.9432823e-08 0.022402594
4.9 7.9432823e-09 0.0004173232
5 1.2589254e-07 0.00076050533
5 1.2589254e-08 0.0022454016
5 1.5848932e-07 1.5447907e-05
5 1.5848932e-08 0.005116347
5 1.9952623e-07 3.3308962e-07
5 1.9952623e-08 0.0093991329
5 1e-06 0
5 1e-07 0.0046748372
5 1e-08 0.0010094204
5 2.5118864e-07 2.3751634e-10
5 2.5118864e-08 0.01863089
5 3.1622777e-07 4.5682691e-17
5 3.1622777e-08 0.029984553
5 3.1622777e-09 1.1905144e-05
5 3.9810717e-07 8.7333405e-27
5 3.9810717e-08 0.040636585
5 3.9810717e-09 3.2787675e-05
5 5.0118723e-07 3.3540475e-37
5 5.0118723e-08 0.044735393
5 5.0118723e-09 7.7283195e-05
5 6.3095734e-07 0
5 6.3095734e-08 0.032360873
5 6.3095734e-09 0.00018151229
5 7.9432823e-07 0
5 7.9432823e-08 0.016594962
5 7.9432823e-09 0.00039928623
5.5 1.2589254e-07 0.00014072683
5.5 1.2589254e-08 0.0017045957
5.5 1.5848932e-07 2.4010696e-06
5.5 1.5848932e-08 0.003483365
5.5 1.9952623e-07 1.8518462e-08
5.5 1.9952623e-08 0.0069406877
5.5 1e-06 0
5.5 1e-07 0.0012432891
5.5 1e-08 0.00072970288
5.5 2.5118864e-07 5.6078022e-13
5.5 2.5118864e-08 0.012288193
5.5 3.1622777e-07 2.8711803e-18
5.5 3.1622777e-08 0.017578236
5.5 3.1622777e-09 8.6421831e-06
5.5 3.9810717e-07 1.2860924e-28
5.5 3.9810717e-08 0.022938885
5.5 3.9810717e-09 2.0960437e-05
5.5 5.0118723e-07 0
5.5 5.0118723e-08 0.022197108
5.5 5.0118723e-09 5.6847202e-05
5.5 6.3095734e-07 0
5.5 6.3095734e-08 0.013490264
5.5 6.3095734e-09 0.00012887601
5.5 7.9432823e-07 0
5.5 7.9432823e-08 0.006180487
5.5 7.9432823e-09 0.00030699989
6 1.2589254e-07 2.0359321e-05
6 1.2589254e-08 0.0011674389
6 1.5848932e-07 2.2052143e-07
6 1.5848932e-08 0.0026181933
6 1.9952623e-08 0.0047567756
6 1e-06 0
6 1e-07 0.00038441064
6 1e-08 0.00052696681
6 2.5118864e-07 6.4402256e-14
6 3.1622777e-07 2.6342417e-23
6 3.1622777e-08 0.011695878
6 3.1622777e-09 6.5580387e-06
6 3.9810717e-07 1.5218655e-35
6 3.9810717e-08 0.013038664
6 3.9810717e-09 1.7126093e-05
6 5.0118723e-07 0
6 5.0118723e-08 0.011323818
6 5.0118723e-09 4.2015189e-05
6 6.3095734e-07 0
6 6.3095734e-08 0.0065844726
6 6.3095734e-09 0.00010587747
6 7.9432823e-07 0
6 7.9432823e-08 0.0021828327
6 7.9432823e-09 0.00022884604
6.5 1.2589254e-07 4.1927825e-06
6.5 1.2589254e-08 0.00090657389
6.5 1.5848932e-07 2.2627216e-08
6.5 1.5848932e-08 0.0018918893
6.5 1.9952623e-07 5.7293528e-13
6.5 1.9952623e-08 0.003147603
6.5 1e-06 0
6.5 1e-07 7.4416696e-05
6.5 1e-08 0.00038980815
6.5 2.5118864e-07 9.4736548e-18
6.5 2.5118864e-08 0.0053341362
6.5 3.1622777e-07 9.4376252e-28
6.5 3.1622777e-08 0.0073079025
6.5 3.1622777e-09 5.7321068e-06
6.5 3.9810717e-07 3.8788519e-40
6.5 3.9810717e-08 0.007130962
6.5 3.9810717e-09 1.2475173e-05
6.5 5.0118723e-08 0.0044187669
6.5 5.0118723e-09 3.1481269e-05
6.5 6.3095734e-07 0
6.5 6.3095734e-08 0.0022967636
6.5 6.3095734e-09 7.8655033e-05
6.5 7.9432823e-07 0
6.5 7.9432823e-08 0.00061101913
6.5 7.9432823e-09 0.0001687918
7 1.2589254e-07 2.152195e-07
7 1.2589254e-08 0.00061419357
7 1.5848932e-07 1.2413386e-09
7 1.5848932e-08 0.0012048093
7 1.9952623e-07 5.5538862e-15
7 1.9952623e-08 0.0022791682
7 1e-06 0
7 1e-07 1.2325116e-05
7 1e-08 0.00029789131
7 2.5118864e-07 3.3244893e-21
7 2.5118864e-08 0.0033033526
7 3.1622777e-07 4.7136977e-35
7 3.1622777e-08 0.0040135686
7 3.1622777e-09 3.6173816e-06
7 3.9810717e-07 0
7 3.9810717e-08 0.0035478914
7 3.9810717e-09 9.0572684e-06
7 5.0118723e-07 0
7 5.0118723e-08 0.0022213093
7 5.0118723e-09 2.3567699e-05
7 6.3095734e-07 0
7 6.3095734e-08 0.00082438013
7 6.3095734e-09 5.4331511e-05
7 7.9432823e-07 0
7 7.9432823e-08 0.00014778731
7 7.9432823e-09 0.00012622568
8 1.2589254e-07 4.7020922e-09
8 1.2589254e-08 0.00031343478
8 1.5848932e-07 1.7745879e-12
8 1.5848932e-08 0.00059798616
8 1.9952623e-07 2.3897763e-18
8 1.9952623e-08 0.0010248174
8 1e-06 0
8 1e-07 6.0753042e-07
8 1e-08 0.00014820168
8 2.5118864e-07 1.7180594e-27
8 2.5118864e-08 0.0012722246
8 3.1622777e-07 6.7470619e-48
8 3.1622777e-08 0.0013626276
8 3.1622777e-09 2.055907e-06
8 3.9810717e-07 0
8 3.9810717e-08 0.0010002537
8 3.9810717e-09 4.7184653e-06
8 5.0118723e-07 0
8 5.0118723e-08 0.00040128717
8 5.0118723e-09 1.2094534e-05
8 6.3095734e-07 0
8 6.3095734e-08 0.00012309304
8 6.3095734e-09 2.7703776e-05
8 7.9432823e-07 0
8 7.9432823e-08 2.6824584e-05
8 7.9432823e-09 6.8706541e-05
9 1.2589254e-08 0.00014905251
9 1.5848932e-07 2.859414e-15
9 1.5848932e-08 0.00024578653
9 1.9952623e-07 2.2960858e-23
9 1.9952623e-08 0.00038217372
9 1e-06 0
9 1e-07 1.701176e-08
9 1e-08 7.2542603e-05
9 2.5118864e-07 6.7798397e-35
9 2.5118864e-08 0.00051451542
9 3.1622777e-07 0
9 3.1622777e-08 0.00044151886
9 3.1622777e-09 1.031092e-06
9 3.9810717e-07 0
9 3.9810717e-08 0.0002831753
9 3.9810717e-09 2.5298537e-06
9 5.0118723e-07 0
9 5.0118723e-08 0.0001118695
9 5.0118723e-09 6.1917476e-06
9 6.3095734e-07 0
9 6.3095734e-08 2.2001334e-05
9 6.3095734e-09 1.3899804e-05
9 7.9432823e-07 0
9 7.9432823e-08 1.7695163e-06
9 7.9432823e-09 3.4870656e-05
