10 1.2589254e-07 0.9998 1 1 7.1245831e-12 0.86323147
10 1.2589254e-08 1 1 1 0.13056741 0.84080234
10 1.5848932e-07 1 1 1 4.7855763e-17 0.54408214
10 1.5848932e-08 1 1 1 0.13863228 0.83697381
10 1.9952623e-08 1 1 1 0.12233559 0.83178113
10 1e-06 1 1.0002 1 0 0
10 1e-07 1 1 1 3.1531789e-08 0.6901623
10 1e-08 1 1 1 0.10386976 0.85331316
10 2.5118864e-07 1 1 1 1.2465654e-42 0.91800676
10 2.5118864e-08 1 1 1 0.08544795 0.83570064
10 3.1622777e-07 1 1 1 0 0
10 3.1622777e-08 1 1 1 0.042969656 0.85037975
10 3.1622777e-09 1 1 1 0.015946091 0.84168879
10 3.9810717e-07 1 1 1 0 0
10 3.9810717e-08 1 1 1 0.014355988 0.84339235
10 3.9810717e-09 1 1 1 0.024815967 0.83657131
10 5.0118723e-07 1 1 1 0 0
10 5.0118723e-08 0.9998 1 1 0.0025134536 0.78048805
10 5.0118723e-09 0.99978836 1 1 0.036792883 0.85030012
10 6.3095734e-07 1 1 1 0 0
10 6.3095734e-08 1 1 1 0.00020116814 0.86960988
10 6.3095734e-09 1 1 1 0.055592154 0.83263276
10 7.9432823e-07 1 1 1 0 0
10 7.9432823e-08 1 1 1 4.800919e-06 0.73605021
10 7.9432823e-09 1 1 1 0.078147738 0.83695001
1.4 1.2589254e-05 0.9972 1 0.98977136 0 0
1.4 1.2589254e-06 0.996 1 0.99016064 3.8819733e-12 0.98650177
1.4 1.2589254e-07 0.9962 1 0.99036338 0.067883987 0.84251669
1.4 1.2589254e-08 0.9966 1 0.98896247 0.0027507942 0.78111379
1.4 1.5848932e-05 0.996 1 0.99056225 0 0
1.4 1.5848932e-06 0.9952 1 0.99075563 7.2281934e-17 0.9810002
1.4 1.5848932e-07 0.9954 1 0.98955194 0.060598617 0.83991129
1.4 1.5848932e-08 0.9966 1 0.99277544 0.0042089228 0.74307952
1.4 1.9952623e-05 0.9968 1 0.99056982 0 0
1.4 1.9952623e-06 0.9962 1 0.99257177 1.4320743e-26 0.95451896
1.4 1.9952623e-07 0.9968 1 0.9923756 0.04178437 0.83680148
1.4 1.9952623e-08 0.9976 1 0.99017642 0.0064632177 0.77751245
1.4 1e-05 0.9954 1 0.99276673 0 0
1.4 1e-06 0.9956 1 0.99156288 2.3472457e-09 0.98006097
1.4 1e-07 0.9982 1 0.99058305 0.067006749 0.81593821
1.4 1e-08 0.9946 1 0.99155439 0.001803022 0.77755082
1.4 2.5118864e-05 0.9956 1 0.98955404 0 0
1.4 2.5118864e-06 0.9972 1 0.98937024 6.1034658e-43 0.99993438
1.4 2.5118864e-07 0.9962 1 0.99076491 0.025933592 0.82798563
1.4 2.5118864e-08 0.9964 1 0.99317543 0.010923393 0.75113569
1.4 3.1622777e-05 0.9958 1 0.99136373 0 0
1.4 3.1622777e-06 0.99478188 1 0.98845992 0 0
1.4 3.1622777e-07 0.9964 1 0.98996387 0.010705212 0.83368761
1.4 3.1622777e-08 0.9966 1 0.98815974 0.014242303 0.8194757
1.4 3.1622777e-09 0.9972 1 0.99157641 0.00017854116 0.77807932
1.4 3.9810717e-06 0.9956 1 0.98834873 0 0
1.4 3.9810717e-07 0.9948 1 0.99236027 0.0030508308 0.83531954
1.4 3.9810717e-08 0.997 1 0.98976931 0.022173136 0.80042403
1.4 3.9810717e-09 0.9948 1 0.99215923 0.00027104137 0.79628977
1.4 5.0118723e-06 0.9976 1 0.98977546 0 0
1.4 5.0118723e-07 0.9966 1 0.99217339 0.00044315901 0.86089416
1.4 5.0118723e-08 0.9962 1 0.99116643 0.032664099 0.78676973
1.4 5.0118723e-09 0.9958 1 0.98955614 0.00044969603 0.78706165
1.4 6.3095734e-06 0.9966 1 0.99237407 0 0
1.4 6.3095734e-07 0.9972 1 0.98977136 3.6592558e-05 0.90568796
1.4 6.3095734e-08 0.9978 1 0.99037883 0.043702536 0.83620453
1.4 6.3095734e-09 0.9984 1 0.98918269 0.00073916989 0.75233271
1.4 7.9432823e-06 0.9962 1 0.99076491 0 0
1.4 7.9432823e-07 0.996 1 0.99216867 6.642828e-07 0.89750216
1.4 7.9432823e-08 0.9952 1 0.99176045 0.057486074 0.82107286
1.4 7.9432823e-09 0.9964 1 0.99096748 0.0011041742 0.78269437
1.5 1.2589254e-05 0.9976 1 0.99117883 0 0
1.5 1.2589254e-06 0.997 1 0.98996991 2.5159353e-17 0.93514808
1.5 1.2589254e-07 0.9966 1 0.99257475 0.061834477 0.82023627
1.5 1.2589254e-08 0.9968 1 0.99137239 0.0036711034 0.75958875
1.5 1.5848932e-05 0.9978 1 0.99077972 0 0
1.5 1.5848932e-06 0.9968 1 0.99117175 1.8721319e-22 0.94165818
1.5 1.5848932e-07 0.9968 1 0.99398074 0.050250171 0.83064316
1.5 1.5848932e-08 0.9956 1 0.9925673 0.0053882322 0.80772462
1.5 1.9952623e-05 0.9954 1 0.99115933 0 0
1.5 1.9952623e-06 0.9966 1 0.99197271 1.8494468e-39 0.99542048
1.5 1.9952623e-07 0.9966 1 0.9931768 0.031795483 0.84934368
1.5 1.9952623e-08 0.9966 1 0.99217339 0.0085593408 0.77191671
1.5 1e-05 0.9968 1 0.99458266 0 0
1.5 1e-06 0.997 1 0.99097292 1.0506981e-09 0.020650197
1.5 1e-08 0.9966 1 0.99177202 0.0022304288 0.74953077
1.5 2.5118864e-05 0.9962 1 0.99277254 0 0
1.5 2.5118864e-06 0.9976 1 0.99318364 0 0
1.5 2.5118864e-07 0.997 1 0.99157472 0.015998022 0.83640955
1.5 2.5118864e-08 0.9962 1 0.99156796 0.013272367 0.76383186
1.5 3.1622777e-05 0.9984 1 0.99399038 0 0
1.5 3.1622777e-06 0.9968 1 0.99357945 0 0
1.5 3.1622777e-07 0.9966 1 0.99357817 0.0059529923 0.83158721
1.5 3.1622777e-08 0.9974 1 0.99238019 0.020060918 0.78436516
1.5 3.1622777e-09 0.9978 1 0.99258368 0.00022768142 0.7790603
1.5 3.9810717e-06 0.9958 1 0.99176541 0 0
1.5 3.9810717e-07 0.9978 1 0.99037883 0.0010456089 0.83125866
1.5 3.9810717e-08 0.9968 1 0.99016854 0.028052805 0.79778617
1.5 3.9810717e-09 0.997 1 0.99217653 0.00035728202 0.76881772
1.5 5.0118723e-06 0.997 1 0.99277834 0 0
1.5 5.0118723e-07 0.997 1 0.99317954 0.00010913162 0.74248516
1.5 5.0118723e-08 0.99723757 1 0.99254208 0.038923836 0.79682677
1.5 5.0118723e-09 0.9968 1 0.98896469 0.00058110235 0.76229377
1.5 6.3095734e-06 0.9962 1 0.99196948 0 0
1.5 6.3095734e-07 0.9976 1 0.99318364 4.6945337e-06 0.86224573
1.5 6.3095734e-08 0.99701493 1 0.99358426 0.052017054 0.81013998
1.5 6.3095734e-09 0.9968 1 0.99197432 0.00089331255 0.78593261
1.5 7.9432823e-06 0.9968 1 0.99257624 0 0
1.5 7.9432823e-07 0.9962 1 0.99257177 3.9637776e-08 0.80207069
1.5 7.9432823e-08 0.9968 1 0.99177368 0.063116945 0.80528879
1.5 7.9432823e-09 0.9968 1 0.99217496 0.0014686755 0.77236537
1.6 1.2589254e-06 0.9978 1 0.99298457 1.5354593e-18 0.8502312
1.6 1.2589254e-07 0.9974 1 0.9943854 0.060819391 0.82366607
1.6 1.2589254e-08 0.9958 1 0.99236795 0.0041916746 0.74136528
1.6 1.5848932e-06 0.9974 1 0.9943854 1.5925584e-27 0.0056827682
1.6 1.5848932e-07 0.9974 1 0.99278123 0.043423088 0.83730697
1.6 1.5848932e-08 0.9972 1 0.99418371 0.0064204567 0.78653265
1.6 1.9952623e-06 0.9984 1 0.99198718 6.1662779e-41 0.026897825
1.6 1.9952623e-07 0.9968 1 0.99317817 0.024992778 0.84684664
1.6 1.9952623e-08 0.998 1 0.98957916 0.0098616245 0.76821071
1.6 1e-06 0.9968 1 0.99197432 2.2085125e-13 0.93556706
1.6 1e-07 0.9974 1 0.99578905 0.06667773 0.82682234
1.6 1e-08 0.9984 1 0.99258814 0.0025879546 0.73306615
1.6 2.5118864e-06 0.9996 1 0.99619848 0 0
1.6 2.5118864e-07 0.9974 1 0.99358332 0.010831447 0.85039155
1.6 2.5118864e-08 0.9976 1 0.99458701 0.015100656 0.80869807
1.6 3.1622777e-06 0.9982 1 0.99358846 0 0
1.6 3.1622777e-07 0.9974 1 0.9943854 0.002964459 0.84869496
1.6 3.1622777e-08 0.9966 1 0.9909693 0.022253687 0.80417512
1.6 3.1622777e-09 0.9964 1 0.99277399 0.00027174295 0.77824324
1.6 3.9810717e-07 0.9966 1 0.99297612 0.00049689373 0.70074457
1.6 3.9810717e-08 0.9964 1 0.9937776 0.031577743 0.7921066
1.6 3.9810717e-09 0.9966 1 0.99157134 0.00042964711 0.78356571
1.6 5.0118723e-07 0.998 1 0.99338677 4.2054102e-05 0.85479623
1.6 5.0118723e-08 0.9956 1 0.99296906 0.041945797 0.78707891
1.6 6.3095734e-07 0.9966 1 0.9943809 2.2618439e-06 0.84985356
1.6 6.3095734e-08 0.9984 1 0.99338942 0.05312829 0.80549843
1.6 6.3095734e-09 0.9968 1 0.9937801 0.001075836 0.77486804
1.6 7.9432823e-07 0.9974 1 0.99197915 5.309796e-09 0.27653552
1.6 7.9432823e-08 0.997 1 0.99277834 0.062564961 0.81554235
1.6 7.9432823e-09 0.998 1 0.99318637 0.0017963615 0.74470869
1.7 1.2589254e-06 0.9976 1 0.99418605 4.6584954e-22 0.99870489
1.7 1.2589254e-07 0.9976 1 0.99478749 0.05148811 0.83312441
1.7 1.2589254e-08 0.9982 1 0.99418954 0.0047321633 0.77939884
1.7 1.5848932e-06 0.9974 1 0.99538801 1.213313e-31 0.98884248
1.7 1.5848932e-07 0.99743535 1 0.99507178 0.037765778 0.82541562
1.7 1.5848932e-08 0.9978 1 0.99538986 0.007384517 0.77974996
1.7 1.9952623e-06 0.999 1 0.99479479 0 0
1.7 1.9952623e-07 0.9976 1 0.99418605 0.019839354 0.84088724
1.7 1.9952623e-08 0.9976 1 0.99458701 0.011007533 0.78301806
1.7 1e-06 0.9976 1 0.99599038 2.9659057e-15 0.98340148
1.7 1e-07 0.9974 1 0.99498697 0.062435633 0.82122173
1.7 1e-08 0.998 1 0.99298597 0.0031760859 0.7838338
1.7 2.5118864e-06 0.9982 1 0.99459026 0 0
1.7 2.5118864e-07 0.9974 1 0.99538801 0.0069181358 0.86108796
1.7 2.5118864e-08 0.9982 1 0.99519134 0.017041978 0.82184881
1.7 3.1622777e-06 0.9972 1 0.99458484 0 0
1.7 3.1622777e-07 0.9976 1 0.99538893 0.0017405852 0.79803927
1.7 3.1622777e-08 0.9982 1 0.99559207 0.024785213 0.77797464
1.7 3.1622777e-09 0.9976 1 0.99518845 0.00030362825 0.78977042
1.7 3.9810717e-07 0.9984 1 0.99499199 0.00026352992 0.75698426
1.7 3.9810717e-08 0.9976 1 0.99498797 0.032674045 0.8029595
1.7 3.9810717e-09 0.9974 1 0.9943854 0.00047303774 0.78565027
1.7 5.0118723e-07 0.9974 1 0.99478644 1.0391609e-05 0.73379244
1.7 5.0118723e-08 0.9984 1 0.99459135 0.04498516 0.80914329
1.7 5.0118723e-09 0.9972 1 0.9947854 0.0007559812 0.76626617
1.7 6.3095734e-07 0.9976 1 0.99318364 2.8200284e-07 0.79723099
1.7 6.3095734e-08 0.998 1 0.99498998 0.056354884 0.8149784
1.7 6.3095734e-09 0.9992 1 0.99539632 0.0012507953 0.79539302
1.7 7.9432823e-07 0.9986 1 0.99299019 5.7080916e-10 0.8331294
1.7 7.9432823e-08 0.9984 1 0.99258814 0.062936095 0.81639729
1.7 7.9432823e-09 0.9978 1 0.99498898 0.0020211997 0.76100046
1.8 1.2589254e-06 0.9972 1 0.99338147 2.9823645e-23 0.99999984
1.8 1.2589254e-07 0.997 1 0.99658977 0.053134502 0.84624066
1.8 1.2589254e-08 0.9986 1 0.99539355 0.0048575305 0.75725166
1.8 1.5848932e-06 0.9976 1 0.99639134 6.7521219e-36 0.003126564
1.8 1.5848932e-07 0.9974 1 0.99739322 0.033460698 0.82925391
1.8 1.5848932e-08 0.9974 1 0.99619009 0.0076963838 0.77602383
1.8 1.9952623e-06 0.999 1 0.99419419 0 0
1.8 1.9952623e-07 0.999 1 0.9963964 0.017197825 0.85227162
1.8 1.9952623e-08 0.998 1 0.99418838 0.012009975 0.79244059
1.8 1e-06 0.9984 1 0.99439103 9.340034e-15 0.99671122
1.8 1e-07 0.9978 1 0.99579074 0.062351117 0.85883522
1.8 1e-08 0.9972049 1 0.99719707 0.003212951 0.78749505
1.8 2.5118864e-06 0.999 1 0.9953954 0 0
1.8 2.5118864e-07 0.997 1 0.99578736 0.0065534804 0.81632602
1.8 2.5118864e-08 0.9978 1 0.99599118 0.018571779 0.80591288
1.8 3.1622777e-06 0.9972 1 0.99458484 0 0
1.8 3.1622777e-07 0.9982 1 0.99579243 0.001258476 0.84199025
1.8 3.1622777e-08 0.9982 1 0.99579243 0.025787424 0.79205468
1.8 3.1622777e-09 0.9968 1 0.99739165 0.00031282018 0.78193315
1.8 3.9810717e-07 0.9964 1 0.99518266 0.00013461479 0.79349521
1.8 3.9810717e-08 0.9982 1 0.99499098 0.034977739 0.79359175
1.8 3.9810717e-09 0.99857516 1 0.99690844 0.00055434725 0.76583593
1.8 5.0118723e-07 0.9982 1 0.99519134 5.9293178e-06 0.82629585
1.8 5.0118723e-08 0.9982 1 0.99559207 0.04612514 0.81296267
1.8 5.0118723e-09 0.99775 1 0.99574042 0.00083350537 0.76652839
1.8 6.3095734e-07 0.9956 1 0.99517879 5.8709199e-08 0.86175045
1.8 6.3095734e-08 0.9974 1 0.99598957 0.057006404 0.82009991
1.8 6.3095734e-09 0.9974 1 0.99699218 0.0013165533 0.76965618
1.8 7.9432823e-07 0.9974 1 0.99478644 7.2104643e-11 0.94476961
1.8 7.9432823e-08 0.9978 1 0.9955903 0.064425971 0.84276175
1.8 7.9432823e-09 0.99778543 1 0.99654747 0.0021340746 0.77284821
1.9 1.2589254e-06 0.9968 1 0.99598716 1.9520074e-22 0.097100377
1.9 1.2589254e-07 0.9974 1 0.99639062 0.052299242 0.85925725
1.9 1.2589254e-08 0.99845611 1 0.99668655 0.0047135816 0.78595561
1.9 1.5848932e-06 0.9978 1 0.99599118 5.4770094e-32 0.96279928
1.9 1.5848932e-07 0.9968 1 0.99699037 0.036407615 0.86517085
1.9 1.5848932e-08 0.9984 1 0.99639423 0.0072737705 0.79425918
1.9 1.9952623e-06 0.9986 1 0.99659523 0 0
1.9 1.9952623e-07 0.9972 1 0.99679101 0.017457714 0.86030736
1.9 1.9952623e-08 0.9968 1 0.99658909 0.011549289 0.80500442
1.9 1e-06 0.9974 1 0.99659114 5.7463873e-16 0.0083581199
1.9 1e-07 0.9968 1 0.99678973 0.064083114 0.84831325
1.9 1e-08 0.9976 1 0.99639134 0.003069599 0.7940533
1.9 2.5118864e-06 0.9972 1 0.99719214 0 0
1.9 2.5118864e-07 0.9988 1 0.99639567 0.0067265695 0.80617473
1.9 2.5118864e-08 0.997 1 0.99618857 0.017917135 0.77378999
1.9 3.1622777e-06 0.9974 1 0.99679166 0 0
1.9 3.1622777e-07 0.9978 1 0.9955903 0.0014897841 0.85459778
1.9 3.1622777e-08 0.9978 1 0.99639206 0.025128691 0.79390878
1.9 3.1622777e-09 0.9992 1 0.99639712 0.00031468868 0.76990018
1.9 3.9810717e-07 0.9966 1 0.99638772 0.00013771063 0.87884558
1.9 3.9810717e-08 0.9974 1 0.9971927 0.037185407 0.78543419
1.9 3.9810717e-09 0.9986 1 0.99719607 0.00051484661 0.80467474
1.9 5.0118723e-07 0.999 1 0.9955956 6.8817143e-06 0.91355693
1.9 5.0118723e-08 0.9976 1 0.99699278 0.047043401 0.8058722
1.9 5.0118723e-09 0.9982 1 0.99819675 0.00076872706 0.78311562
1.9 6.3095734e-07 0.9972 1 0.9973927 5.8459807e-08 0.57872711
1.9 6.3095734e-08 0.9976 1 0.9957899 0.059965917 0.83171136
1.9 6.3095734e-09 0.998 1 0.99579158 0.0012962523 0.77970706
1.9 7.9432823e-07 0.9968 1 0.99578652 2.5238013e-10 0.97955356
1.9 7.9432823e-08 0.9984 1 0.99559295 0.064894761 0.83330134
1.9 7.9432823e-09 0.9974 1 0.99619009 0.0019690644 0.76606235
2 1.2589254e-06 0.999 1 0.9967968 1.2086789e-27 0.62815627
2 1.2589254e-07 0.9976 1 0.99719326 0.047744574 0.85306059
2 1.2589254e-08 0.9984 1 0.99699519 0.0058193234 0.7773018
2 1.5848932e-06 0.9984 1 0.99759615 4.3767583e-41 0.99999897
2 1.5848932e-07 0.9986 1 0.99699579 0.029814144 0.86159393
2 1.5848932e-08 0.9988 1 0.99659592 0.0082850654 0.80307515
2 1.9952623e-06 0.997 1 0.99498495 0 0
2 1.9952623e-07 0.99845064 1 0.99711816 0.013233896 0.87348436
2 1.9952623e-08 0.998 1 0.99759519 0.013475319 0.80198756
2 1e-06 0.9986 1 0.99659523 9.865209e-17 0.98577035
2 1e-07 0.9986 1 0.99699579 0.060142172 0.84042447
2 1e-08 0.9984 1 0.99619391 0.0036538021 0.79424142
2 2.5118864e-06 0.9978 1 0.99699339 0 0
2 2.5118864e-07 0.9982 1 0.99599279 0.0039594055 0.83919581
2 2.5118864e-08 0.9968 1 0.9961878 0.020377915 0.77971471
2 3.1622777e-06 0.9992 1 0.99619696 0 0
2 3.1622777e-07 0.9976 1 0.99719326 0.00088534118 0.82319493
2 3.1622777e-08 0.9968 1 0.99658909 0.02775318 0.80554413
2 3.1622777e-09 0.998 1 0.99699399 0.00036040289 0.78720615
2 3.9810717e-07 0.9978 1 0.99418721 7.1802024e-05 0.8939836
2 3.9810717e-08 0.9972 1 0.99719214 0.039609381 0.80189547
2 3.9810717e-09 0.9984 1 0.99659455 0.00058183262 0.77091915
2 5.0118723e-07 0.998 1 0.99619238 1.2297633e-06 0.91144462
2 5.0118723e-08 0.9974 1 0.99659114 0.05300949 0.82364441
2 5.0118723e-09 0.99782766 1 0.99685535 0.0008914602 0.82799002
2 6.3095734e-07 0.998 1 0.99679359 1.4380754e-08 0.74573514
2 6.3095734e-08 0.9978 1 0.99599118 0.058776609 0.81190156
2 6.3095734e-09 0.9976 1 0.99699278 0.0014634502 0.78097054
2 7.9432823e-07 0.9978 1 0.99538986 1.9655334e-11 0.10000244
2 7.9432823e-08 0.9978 1 0.99719383 0.064285468 0.81173943
2 7.9432823e-09 0.9988 1 0.99579495 0.0021687475 0.78365806
2.1 1.2589254e-06 0.998 1 0.99839679 2.8459319e-27 0.99999222
2.1 1.2589254e-07 0.998 1 0.99639279 0.045636631 0.84693711
2.1 1.2589254e-08 0.99804135 1 0.9956389 0.0064069727 0.77004181
2.1 1.5848932e-06 0.998 1 0.99659319 2.7178266e-41 0.99999833
2.1 1.5848932e-07 0.9982 1 0.99699459 0.024284239 0.84453894
2.1 1.5848932e-08 0.9976 1 0.9967923 0.010076858 0.77174957
2.1 1.9952623e-06 0.9992 1 0.99779824 0 0
2.1 1.9952623e-07 0.9982 1 0.99639351 0.010073978 0.88060039
2.1 1.9952623e-08 0.99668142 1 0.99689234 0.014886175 0.78639274
2.1 1e-06 0.9978 1 0.99779515 1.1382665e-18 0.99999973
2.1 1e-07 0.9984 1 0.99579327 0.06036164 0.83550549
2.1 1e-08 0.9978 1 0.99719383 0.0041895314 0.80338897
2.1 2.5118864e-06 0.9988 1 0.99579495 0 0
2.1 2.5118864e-07 0.9972 1 0.99719214 0.0028949845 0.83665594
2.1 2.5118864e-08 0.9986 1 0.99779692 0.021842077 0.79403246
2.1 3.1622777e-06 0.9978 1 0.99619162 0 0
2.1 3.1622777e-07 0.9984 1 0.99739583 0.00053875351 0.78933098
2.1 3.1622777e-08 0.9982 1 0.99739531 0.030744209 0.78903062
2.1 3.1622777e-09 0.9982 1 0.99659387 0.00043057654 0.7552061
2.1 3.9810717e-07 0.9982 1 0.99619315 3.9089056e-05 0.81729892
2.1 3.9810717e-08 0.9988 1 0.9969964 0.041102142 0.8083017
2.1 3.9810717e-09 0.999 1 0.9965966 0.00068790843 0.74888976
2.1 5.0118723e-07 0.99818964 1 0.99659941 5.0899363e-07 0.67965385
2.1 5.0118723e-08 0.9976 1 0.99779471 0.053457004 0.82333358
2.1 5.0118723e-09 0.9966 1 0.99759181 0.0010466404 0.76401901
2.1 6.3095734e-07 0.9984 1 0.99799679 1.0248733e-09 0.97462663
2.1 6.3095734e-08 0.9974 1 0.99659114 0.064766845 0.83967274
2.1 6.3095734e-09 0.9974 1 0.99679166 0.0016676492 0.78826058
2.1 7.9432823e-07 0.9982 1 0.99799639 1.4697913e-13 0.97599503
2.1 7.9432823e-08 0.9976 1 0.99639134 0.065786512 0.85651479
2.1 7.9432823e-09 0.9986 1 0.99699579 0.0025260465 0.79419559
2.2 1.2589254e-06 0.9986 1 0.99659523 8.5941211e-34 0.53457715
2.2 1.2589254e-07 0.99810207 1 0.99767589 0.038803086 0.85873
2.2 1.2589254e-08 0.998 1 0.99759519 0.0068120712 0.77029674
2.2 1.5848932e-06 0.9978 1 0.99759471 1.0699084e-47 1
2.2 1.5848932e-07 0.9986 1 0.9979972 0.021850377 0.860706
2.2 1.5848932e-08 0.998 1 0.99759519 0.010933196 0.82052961
2.2 1.9952623e-06 0.9976 1 0.9967923 0 0
2.2 1.9952623e-07 0.9986 1 0.99739635 0.007309247 0.88752035
2.2 1.9952623e-08 0.9984 1 0.99919872 0.016439539 0.79759476
2.2 1e-06 0.9978 1 0.99739427 9.7804734e-22 0.99962687
2.2 1e-07 0.9982 1 0.99639351 0.056668414 0.85191591
2.2 1e-08 0.9976 1 0.99719326 0.0044254454 0.79470121
2.2 2.5118864e-06 0.9984 1 0.99679487 0 0
2.2 2.5118864e-07 0.9988 1 0.99579495 0.0016582861 0.8206423
2.2 2.5118864e-08 0.9986 1 0.99779692 0.024018393 0.76759247
2.2 3.1622777e-06 0.9978 1 0.99498898 0 0
2.2 3.1622777e-07 0.9988 1 0.99739688 0.00024383333 0.79565765
2.2 3.1622777e-08 0.99888043 1 0.99641336 0.033291354 0.79685067
2.2 3.1622777e-09 0.9986 1 0.99639495 0.00045903274 0.76336232
2.2 3.9810717e-07 0.99932916 1 0.99664354 1.1094978e-05 0.87052732
2.2 3.9810717e-08 0.9988 1 0.99759712 0.044294817 0.81269964
2.2 3.9810717e-09 0.9974 1 0.99879687 0.00072762283 0.78472802
2.2 5.0118723e-07 0.9988 1 0.99859832 1.6180165e-07 0.91981491
2.2 5.0118723e-08 0.9986 1 0.99679551 0.058389072 0.81658411
2.2 5.0118723e-09 0.9986 1 0.99679551 0.00118693 0.77659492
2.2 6.3095734e-07 0.998 1 0.99679359 3.3773447e-10 0.99685369
2.2 6.3095734e-08 0.997 1 0.99779338 0.065685907 0.82594537
2.2 6.3095734e-09 0.99757174 1 0.99690197 0.0017760842 0.795371
2.2 7.9432823e-07 0.9988 1 0.99639567 6.6044571e-15 0.55454444
2.2 7.9432823e-08 0.9978 1 0.99759471 0.064687716 0.83024335
2.2 7.9432823e-09 0.999 1 0.9981982 0.0028682047 0.77806524
2.3 1.2589254e-06 0.9972 1 0.99598877 1.481355e-34 1
2.3 1.2589254e-07 0.9974 1 0.99739322 0.035863098 0.85621088
2.3 1.2589254e-08 0.9972 1 0.99699158 0.007750221 0.77700483
2.3 1.5848932e-06 0.9984 1 0.99759615 8.441557e-49 1
2.3 1.5848932e-07 0.9984 1 0.99719551 0.018164356 0.88539437
2.3 1.5848932e-08 0.9984 1 0.99779647 0.011684788 0.78806448
2.3 1.9952623e-06 0.9992 1 0.99739792 0 0
2.3 1.9952623e-07 0.9994 1 0.99679808 0.0066612384 0.82533586
2.3 1.9952623e-08 0.9992 1 0.99719776 0.017400166 0.79890129
2.3 1e-06 0.998 1 0.99539078 6.489077e-23 0.9895662
2.3 1e-07 0.9982 1 0.99759567 0.052442477 0.86000143
2.3 1e-08 0.9992 1 0.99879904 0.0050740923 0.79595588
2.3 2.5118864e-06 0.9982 1 0.99779603 0 0
2.3 2.5118864e-07 0.998 1 0.99759519 0.0012727851 0.87104697
2.3 2.5118864e-08 0.9986 1 0.9979972 0.027137521 0.7871504
2.3 3.1622777e-06 0.999 1 0.9977978 0 0
2.3 3.1622777e-07 0.9986 1 0.99639495 0.00016941846 0.80596529
2.3 3.1622777e-08 0.9982 1 0.99799639 0.036171522 0.80743491
2.3 3.1622777e-09 0.9984 1 0.99699519 0.00053249087 0.78576239
2.3 3.9810717e-07 0.9994 1 0.99819892 7.0428206e-06 0.79485884
2.3 3.9810717e-08 0.998 1 0.99639279 0.046069673 0.80542913
2.3 3.9810717e-09 0.998 1 0.99679359 0.00080479181 0.77029712
2.3 5.0118723e-07 0.99892265 1 0.99741156 5.5325732e-08 0.90362833
2.3 5.0118723e-08 0.9982 1 0.99839711 0.056688034 0.82749427
2.3 5.0118723e-09 0.9978 1 0.99599118 0.0013103919 0.76377083
2.3 6.3095734e-07 0.9974 1 0.99759374 1.8184113e-10 0.35696309
2.3 6.3095734e-08 0.9976 1 0.99819567 0.065463435 0.82749451
2.3 6.3095734e-09 0.9992 1 0.99839872 0.0020352519 0.79058071
2.3 7.9432823e-07 0.998 1 0.99739479 1.4762842e-16 0.85293695
2.3 7.9432823e-08 0.9992 1 0.99779824 0.066917374 0.86218438
2.3 7.9432823e-09 0.999 1 0.9971972 0.0032353846 0.76468102
2.4 1.2589254e-06 0.9982 1 0.99819675 7.0438764e-41 0.99999804
2.4 1.2589254e-07 0.9976 1 0.99739374 0.031753223 0.86323886
2.4 1.2589254e-08 0.9978 1 0.99799559 0.0086187729 0.75747771
2.4 1.5848932e-06 0.9984 1 0.99719551 0 0
2.4 1.5848932e-07 0.9984 1 0.99939904 0.01533227 0.85793459
2.4 1.5848932e-08 0.9988 1 0.9969964 0.012887087 0.78257875
2.4 1.9952623e-06 0.9982 1 0.99879784 0 0
2.4 1.9952623e-07 0.999 1 0.9983984 0.0047862775 0.83522841
2.4 1.9952623e-08 0.998 1 0.99739479 0.018711996 0.7918073
2.4 1e-06 0.9982 1 0.99719495 5.6571043e-25 0.9297645
2.4 1e-07 0.9986 1 0.99699579 0.050836313 0.83781703
2.4 1e-08 0.998 1 0.99839679 0.0053529176 0.7957113
2.4 2.5118864e-06 0.999 1 0.9985986 0 0
2.4 2.5118864e-07 0.9984 1 0.99719551 0.00086674839 0.86311772
2.4 2.5118864e-08 0.9982 1 0.99659387 0.027600567 0.78711157
2.4 3.1622777e-06 0.9978 1 0.99819603 0 0
2.4 3.1622777e-07 0.9978 1 0.99739427 7.9719919e-05 0.82122673
2.4 3.1622777e-08 0.9982 1 0.99799639 0.039139885 0.80224337
2.4 3.1622777e-09 0.9994 1 0.99719832 0.00056913613 0.79110436
2.4 3.9810717e-07 0.9988 1 0.99739688 3.5003555e-06 0.92099685
2.4 3.9810717e-08 0.9982 1 0.99679423 0.050034031 0.83045527
2.4 3.9810717e-09 0.9986 1 0.99779692 0.00087622602 0.79953409
2.4 5.0118723e-07 0.9988 1 0.99859832 1.0697488e-08 0.99297199
2.4 5.0118723e-08 0.9974 1 0.99819531 0.061159653 0.82718513
2.4 5.0118723e-09 0.9986 1 0.99859804 0.0014379769 0.74703325
2.4 6.3095734e-07 0.999 1 0.9981982 1.3581529e-11 0.24016981
2.4 6.3095734e-08 0.9982 1 0.99719495 0.064301327 0.82077297
2.4 6.3095734e-09 0.9986 1 0.99879832 0.0022068186 0.78217443
2.4 7.9432823e-07 0.999 1 0.9975976 2.9342754e-16 0.98300073
2.4 7.9432823e-08 0.9987027 1 0.99783503 0.061249711 0.83945987
2.4 7.9432823e-09 0.9986 1 0.99759664 0.003254478 0.77141484
2.5 1.2589254e-06 0.998 1 0.99799599 1.5388747e-42 0.47540714
2.5 1.2589254e-07 0.998 1 0.99799599 0.029502341 0.84966947
2.5 1.2589254e-08 0.998 1 0.9987976 0.0090407594 0.78339135
2.5 1.5848932e-06 0.9982 1 0.99799639 0 0
2.5 1.5848932e-07 0.99731664 1 0.99775785 0.012770672 0.87391828
2.5 1.5848932e-08 0.9972 1 0.99799438 0.014267222 0.7790618
2.5 1.9952623e-06 0.9992 1 0.9979984 0 0
2.5 1.9952623e-07 0.9988 1 0.9979976 0.003882312 0.88394545
2.5 1.9952623e-08 0.9982 1 0.99799639 0.020218185 0.80800135
2.5 1e-06 0.9986 1 0.99859804 6.0430213e-29 0.9857591
2.5 1e-07 0.9978 1 0.99819603 0.048942212 0.85768646
2.5 1e-08 0.999 1 0.997998 0.0056224847 0.7955968
2.5 2.5118864e-06 0.9974 1 0.99839583 0 0
2.5 2.5118864e-07 0.99977518 1 0.99730155 0.00070399913 0.82601044
2.5 2.5118864e-08 0.999 1 0.9973974 0.02929664 0.79687911
2.5 3.1622777e-06 0.9992 1 0.9979984 0 0
2.5 3.1622777e-07 0.9988 1 0.99759712 4.1284982e-05 0.73636094
2.5 3.1622777e-08 0.9996 1 0.99659864 0.040540332 0.81360286
2.5 3.1622777e-09 0.9988 1 0.99719664 0.00060140396 0.76573923
2.5 3.9810717e-07 0.9978 1 0.99839647 1.8896685e-06 0.58402535
2.5 3.9810717e-08 0.9984 1 0.99839744 0.053450333 0.81935092
2.5 3.9810717e-09 0.99866874 1 0.99866696 0.0010023111 0.76821091
2.5 5.0118723e-07 0.998 1 0.99859719 2.0238365e-09 0.59147059
2.5 5.0118723e-08 0.9984 1 0.99799679 0.065206331 0.83218649
2.5 5.0118723e-09 0.9988 1 0.9979976 0.0015897439 0.75896872
2.5 6.3095734e-07 0.9982 1 0.99759567 2.4890811e-12 0.88487298
2.5 6.3095734e-08 0.999 1 0.9977978 0.066918558 0.85019767
2.5 6.3095734e-09 0.9988 1 0.99819784 0.0024496905 0.77917973
2.5 7.9432823e-07 0.9984 1 0.99719551 9.8749918e-19 0.72423705
2.5 7.9432823e-08 0.9978 1 0.99779515 0.063919899 0.84571048
2.5 7.9432823e-09 0.9982 1 0.99879784 0.0035237225 0.77179563
2.6 1.2589254e-06 0.999 1 0.997998 6.184266e-47 0.95454545
2.6 1.2589254e-07 0.998 1 0.99779559 0.027657934 0.85496462
2.6 1.2589254e-08 0.9988 1 0.99739688 0.010001328 0.76794651
2.6 1.5848932e-06 0.9974 1 0.99839583 0 0
2.6 1.5848932e-07 0.9988 1 0.99879856 0.011390661 0.8631621
2.6 1.5848932e-08 0.9978 1 0.99879735 0.014771637 0.78013378
2.6 1.9952623e-06 0.9988 1 0.99839808 0 0
2.6 1.9952623e-07 0.999 1 0.998999 0.0028858619 0.90083843
2.6 1.9952623e-08 0.999 1 0.9983984 0.021934509 0.7923588
2.6 1e-06 0.99863853 1 0.99886389 9.2488274e-28 0.37173764
2.6 1e-07 0.9988 1 0.99819784 0.045273675 0.85829279
2.6 1e-08 0.9988 1 0.99839808 0.0063824859 0.77673808
2.6 2.5118864e-06 0.9984 1 0.99719551 0 0
2.6 2.5118864e-07 0.9992 1 0.99859888 0.00047936036 0.89836763
2.6 2.5118864e-08 0.9974 1 0.99919791 0.030480199 0.79272378
2.6 3.1622777e-06 0.9992 1 0.9989992 0 0
2.6 3.1622777e-07 0.9992 1 0.99959968 3.1437056e-05 0.87206612
2.6 3.1622777e-08 0.9994 1 0.99879928 0.04181261 0.79844912
2.6 3.1622777e-09 0.998 1 0.99759519 0.00067815665 0.78912406
2.6 3.9810717e-07 0.9984 1 0.99739583 8.1283466e-07 0.85710403
2.6 3.9810717e-08 0.9984 1 0.99839744 0.058129759 0.81291309
2.6 3.9810717e-09 0.9986 1 0.99819748 0.0010767556 0.76393482
2.6 5.0118723e-07 0.9992 1 0.99879904 1.9603329e-09 0.83529741
2.6 5.0118723e-08 0.9982 1 0.99839711 0.064109322 0.82859793
2.6 5.0118723e-09 0.9976 1 0.99879711 0.0015767813 0.80988396
2.6 6.3095734e-07 0.9988 1 0.99819784 1.9985109e-12 0.020574653
2.6 6.3095734e-08 0.9988 1 0.99779736 0.069551956 0.84681728
2.6 6.3095734e-09 0.999 1 0.9987988 0.00271873 0.78958231
2.6 7.9432823e-07 0.9978 1 0.99859691 6.8192423e-21 0.99566121
2.6 7.9432823e-08 0.9984 1 0.9989984 0.065367198 0.82727199
2.6 7.9432823e-09 0.99866785 1 0.99911072 0.0040884424 0.78966193
2.7 1.2589254e-06 0.9986 1 0.99859804 5.9514433e-44 0.0019267095
2.7 1.2589254e-07 0.9994 1 0.99879928 0.025785855 0.87925206
2.7 1.2589254e-08 0.9992 1 0.99959968 0.010208285 0.79290668
2.7 1.5848932e-06 0.9988 1 0.9989988 0 0
2.7 1.5848932e-07 0.9982 1 0.99859748 0.010036093 0.87206964
2.7 1.5848932e-08 0.9986 1 0.99879832 0.015510482 0.77362289
2.7 1.9952623e-06 0.998 1 0.9987976 0 0
2.7 1.9952623e-07 0.9988 1 0.99859832 0.0025298461 0.84342021
2.7 1.9952623e-08 0.999 1 0.9985986 0.022725402 0.79715238
2.7 1e-06 0.9976 1 0.99799519 1.1536238e-29 0.99785608
2.7 1e-07 0.999 1 0.998999 0.043914184 0.86494194
2.7 1e-08 0.998 1 0.9987976 0.0069602378 0.78434064
2.7 2.5118864e-06 0.9982 1 0.99939892 0 0
2.7 2.5118864e-07 0.998 1 0.99739479 0.00032180633 0.89852283
2.7 2.5118864e-08 0.9978 1 0.99819603 0.033516478 0.81124373
2.7 3.1622777e-06 0.9974 1 0.99919791 0 0
2.7 3.1622777e-07 0.9982 1 0.99839711 1.8919475e-05 0.75590842
2.7 3.1622777e-08 0.9988 1 0.99759712 0.045963442 0.78513389
2.7 3.1622777e-09 0.99908759 1 0.99863014 0.00075965936 0.78243329
2.7 3.9810717e-07 0.9984 1 0.99819712 2.5463282e-07 0.78287231
2.7 3.9810717e-08 0.9988 1 0.99879856 0.058243899 0.81060074
2.7 3.9810717e-09 0.9986 1 0.9989986 0.0011097555 0.77431526
2.7 5.0118723e-07 0.998 1 0.9995992 6.4053836e-10 0.70062848
2.7 5.0118723e-08 0.9984 1 0.99879808 0.069615793 0.83027518
2.7 5.0118723e-09 0.999 1 0.9993994 0.0017050305 0.79447232
2.7 6.3095734e-07 0.9982 1 0.99859748 3.5229682e-13 0.91280689
2.7 6.3095734e-08 0.9974 1 0.99939844 0.072418296 0.82284601
2.7 6.3095734e-09 0.998 1 0.9987976 0.0027859284 0.78218704
2.7 7.9432823e-07 0.9992 1 0.99859888 2.3669969e-19 0.99999953
2.7 7.9432823e-08 0.9986 1 0.99879832 0.063374959 0.84412465
2.7 7.9432823e-09 0.9978 1 0.99959912 0.0043518354 0.77867053
2.8 1.2589254e-06 0.9976 1 0.99899759 1.9342025e-45 1
2.8 1.2589254e-07 0.9982 1 0.9989982 0.023253827 0.87051422
2.8 1.2589254e-08 0.999 1 0.998999 0.010666721 0.8092765
2.8 1.5848932e-06 0.9992 1 0.9989992 0 0
2.8 1.5848932e-07 0.998 1 0.9993988 0.0090927889 0.82283149
2.8 1.5848932e-08 0.9986 1 0.99939916 0.016249271 0.78476937
2.8 1.9952623e-06 0.998 1 0.9997996 0 0
2.8 1.9952623e-07 0.9986 1 0.99859804 0.0022135599 0.87843952
2.8 1.9952623e-08 0.9982 1 0.99819675 0.024852312 0.80856604
2.8 1e-06 0.9978 1 0.99919824 8.58455e-34 0.91590202
2.8 1e-07 0.9992 1 1 0.04318865 0.85386228
2.8 1e-08 0.9988 1 0.99979976 0.0070769473 0.78632317
2.8 2.5118864e-06 0.99885005 1 0.99884872 0 0
2.8 2.5118864e-07 0.9986 1 0.99879832 0.00033138193 0.88784083
2.8 2.5118864e-08 0.9988 1 0.9979976 0.035402347 0.79970834
2.8 3.1622777e-06 0.9982 1 0.9989982 0 0
2.8 3.1622777e-07 0.9992 1 0.99939952 9.5354972e-06 0.95898361
2.8 3.1622777e-08 0.9988 1 0.99839808 0.047456366 0.80747735
2.8 3.1622777e-09 0.999 1 0.9997998 0.00074707683 0.78698282
2.8 3.9810717e-07 0.999 1 0.9993994 2.734458e-07 0.8606514
2.8 3.9810717e-08 0.9992 1 0.99859888 0.060153322 0.81945532
2.8 3.9810717e-09 0.9986 1 0.99939916 0.001247821 0.77588891
2.8 5.0118723e-07 0.9992 1 0.99959968 5.7486877e-10 0.94999022
2.8 5.0118723e-08 0.999 1 0.998999 0.067969921 0.83609173
2.8 5.0118723e-09 0.9994 1 0.99939964 0.001835935 0.79339004
2.8 6.3095734e-07 0.9986 1 0.99839776 2.9003425e-14 0.98504993
2.8 6.3095734e-08 0.9986 1 0.9989986 0.068886358 0.85275196
2.8 6.3095734e-09 0.9976 1 0.99959904 0.0029438061 0.75907619
2.8 7.9432823e-07 0.9990993 1 0.99864773 5.0605434e-20 0.98785187
2.8 7.9432823e-08 0.998 1 0.9987976 0.059767659 0.84494077
2.8 7.9432823e-09 0.9988 1 0.99959952 0.0047388693 0.77817464
2.9 1.2589254e-06 0.999 1 0.9985986 0 0
2.9 1.2589254e-07 0.9994 1 0.99919952 0.021083554 0.8667879
2.9 1.2589254e-08 0.99841665 1 0.99909379 0.012244659 0.76335627
2.9 1.5848932e-06 0.999 1 0.9993994 0 0
2.9 1.5848932e-07 0.9982 1 0.99839711 0.0078640512 0.87043108
2.9 1.5848932e-08 0.9988 1 0.99959952 0.016814294 0.79815418
2.9 1.9952623e-06 0.999 1 0.998999 0 0
2.9 1.9952623e-07 0.999 1 0.9995996 0.0016070918 0.87538122
2.9 1.9952623e-08 0.9988 1 0.9989988 0.025612752 0.78804534
2.9 1e-06 0.9984 1 0.99839744 9.2878158e-34 0.99999998
2.9 1e-07 0.9984 1 0.99979968 0.0388583 0.85832465
2.9 1e-08 0.99895485 1 0.99937225 0.0077992929 0.79406795
2.9 2.5118864e-06 0.9986 1 0.99919888 0 0
2.9 2.5118864e-07 0.9986 1 0.99939916 0.00018205669 0.876249
2.9 2.5118864e-08 0.998 1 0.99839679 0.039216472 0.80178487
2.9 3.1622777e-06 0.9988 1 0.99919904 0 0
2.9 3.1622777e-07 0.9992 1 0.9989992 7.3703418e-06 0.78993059
2.9 3.1622777e-08 0.998362 1 0.99958983 0.049252646 0.81054362
2.9 3.1622777e-09 0.9974 1 0.99919791 0.000895949 0.76734264
2.9 3.9810717e-07 0.9996 1 0.99939976 9.3178165e-08 0.96110772
2.9 3.9810717e-08 0.9992 1 0.99819856 0.061484114 0.84780147
2.9 3.9810717e-09 0.9992 1 0.99879904 0.0013708509 0.76381368
2.9 5.0118723e-07 0.9984 1 0.99919872 1.4827719e-10 0.81681459
2.9 5.0118723e-08 0.9976 1 0.99879711 0.068583855 0.83372378
2.9 5.0118723e-09 0.99838635 1 0.99907643 0.0021068095 0.77702523
2.9 6.3095734e-07 0.9986 1 0.99879832 2.2989211e-15 0.98122896
2.9 6.3095734e-08 0.9992 1 0.99859888 0.072353789 0.84408994
2.9 6.3095734e-09 0.9994 1 0.99919952 0.0029943043 0.79301222
2.9 7.9432823e-07 0.9972 1 0.99919775 5.1088192e-24 0.61795623
2.9 7.9432823e-08 0.9986 1 0.99979972 0.059262659 0.87256502
2.9 7.9432823e-09 0.999 1 0.9991992 0.0050703065 0.79270219
3 1.2589254e-07 0.9982 1 0.99919856 0.018632632 0.86711413
3 1.2589254e-08 0.9988 1 0.99919904 0.01294121 0.79292809
3 1.5848932e-07 0.9984 1 0.99939904 0.0065762493 0.90623933
3 1.5848932e-08 0.9984 1 0.99959936 0.018024889 0.79940438
3 1.9952623e-07 0.9994 1 0.99959976 0.0012527322 0.88264522
3 1.9952623e-08 0.999 1 0.9993994 0.026370431 0.82904935
3 1e-06 0.999 1 0.9985986 1.9499597e-38 1
3 1e-07 0.9986 1 0.99979972 0.036176844 0.87520601
3 1e-08 0.99820909 1 0.99955147 0.00803522 0.79801844
3 2.5118864e-07 0.9982 1 0.99959928 9.0523001e-05 0.84351578
3 2.5118864e-08 0.9988 1 0.99919904 0.036524248 0.80867343
3 3.1622777e-07 0.9988 1 1 3.7187364e-06 0.91352718
3 3.1622777e-08 0.9986 1 0.99919888 0.050776816 0.80018503
3 3.1622777e-09 0.9986 1 0.99939916 0.00089741403 0.80971387
3 3.9810717e-07 0.9988 1 0.99939928 1.8267327e-08 0.96342972
3 3.9810717e-08 0.9994 1.0002001 0.99939964 0.061902141 0.83435134
3 3.9810717e-09 0.9986 1 0.99959944 0.0013167293 0.7707387
3 5.0118723e-07 0.9982 1 1 8.0395613e-12 0.88790672
3 5.0118723e-08 0.9986 1 0.99959944 0.072263018 0.84873844
3 5.0118723e-09 0.9986 1 0.99979972 0.0021250455 0.7910069
3 6.3095734e-07 0.99833956 1 0.9995842 7.0504705e-16 0.066674186
3 6.3095734e-08 0.9982 1 0.9989982 0.068679781 0.86928781
3 6.3095734e-09 0.9984 1 0.9989984 0.0033549502 0.77963818
3 7.9432823e-07 0.999 1 0.9995996 5.2797839e-24 0.87885722
3 7.9432823e-08 0.9981588 1 0.99884713 0.055705739 0.86281629
3 7.9432823e-09 0.9988 1 0.99919904 0.0051669596 0.76747108
3.1 1.2589254e-07 0.9988 1 0.98718462 0.015904166 0.8946275
3.1 1.2589254e-08 0.9986 1 0.98217505 0.013904989 0.78953686
3.1 1.5848932e-07 0.9988 1 0.98838606 0.0054822883 0.89564204
3.1 1.5848932e-08 0.999 1 0.98278278 0.021118058 0.79830354
3.1 1.9952623e-07 0.999 1 0.98778779 0.0010478268 0.9104369
3.1 1.9952623e-08 0.9998 1 0.98339668 0.030705354 0.76427674
3.1 1e-06 0.9984 1 0.9911859 2.3779954e-35 1
3.1 1e-07 0.9994 1 0.98779268 0.035839998 0.8812803
3.1 1e-08 0.9986 1 0.98437813 0.0090986599 0.76622501
3.1 2.5118864e-07 0.9986 1 0.98718205 7.9924564e-05 0.89499541
3.1 2.5118864e-08 0.999 1 0.98178178 0.041368218 0.80557302
3.1 3.1622777e-07 0.9984 1 0.98657853 3.8355159e-06 0.95795853
3.1 3.1622777e-08 0.9988 1 0.98418102 0.056085848 0.78849349
3.1 3.1622777e-09 0.9988 1 0.98338006 0.0010676181 0.76754279
3.1 3.9810717e-07 0.9986 1 0.98698177 3.6877833e-08 0.81736322
3.1 3.9810717e-08 0.9982 1 0.98256862 0.069682547 0.83929986
3.1 3.9810717e-09 0.9994 1 0.98659196 0.0015603681 0.78053075
3.1 5.0118723e-07 0.999 1 0.98898899 7.6880689e-12 0.99237217
3.1 5.0118723e-08 0.9988 1 0.98177813 0.075149982 0.86248054
3.1 5.0118723e-09 0.99977788 1 0.98289269 0.0024064259 0.7967917
3.1 6.3095734e-07 0.9984 1 0.98938301 7.7897005e-17 0.99999217
3.1 6.3095734e-08 0.9992 1 0.97998399 0.069835212 0.85461526
3.1 6.3095734e-09 0.9994 1 0.98318991 0.0039680894 0.77942557
3.1 7.9432823e-07 0.9998 1 0.99259852 9.0720652e-23 0.99999992
3.1 7.9432823e-08 0.9996 1 0.98239296 0.056636209 0.87524584
3.1 7.9432823e-09 0.9982 1.0002004 0.98176718 0.0061431608 0.77492068
3.2 1.2589254e-07 0.9992 1 0.98398719 0.015651495 0.90709046
3.2 1.2589254e-08 0.99776736 1 0.98232267 0.015137949 0.75425196
3.2 1.5848932e-07 0.9992 1 0.98538831 0.0041003999 0.86834575
3.2 1.5848932e-08 0.9984 1 0.98217147 0.022879149 0.77905946
3.2 1.9952623e-07 0.999 1 0.98518519 0.00075819431 0.90560587
3.2 1.9952623e-08 0.9996 1 0.984994 0.031276061 0.79459254
3.2 1e-06 0.9992 1 0.98198559 3.0336318e-42 0.99999991
3.2 1e-07 0.9988 1 0.97937525 0.034118311 0.89513641
3.2 1e-08 0.999 1 0.98038038 0.010550183 0.76324745
3.2 2.5118864e-07 0.9998 1 0.9809962 4.8778972e-05 0.82311086
3.2 2.5118864e-08 0.9988 1 0.98438126 0.04429782 0.81245985
3.2 3.1622777e-07 0.99885949 1 0.97990409 8.027068e-07 0.89115977
3.2 3.1622777e-08 0.9982 1 0.98076538 0.059117515 0.81600258
3.2 3.1622777e-09 0.999 1 0.98318318 0.0011073702 0.77018591
3.2 3.9810717e-07 0.9988 1 0.98117741 1.0235835e-08 0.99602693
3.2 3.9810717e-08 0.99919311 1 0.98034993 0.071522253 0.83175915
3.2 3.9810717e-09 0.9988 1 0.98217861 0.001676814 0.77683099
3.2 5.0118723e-07 0.9984 1 0.98237179 2.4705721e-12 0.99901832
3.2 5.0118723e-08 0.9992 1 0.98178543 0.075030499 0.85124007
3.2 5.0118723e-09 0.999 1 0.98138138 0.0026624005 0.76717149
3.2 6.3095734e-07 0.9992 1 0.98238591 1.7043932e-18 0.99997243
3.2 6.3095734e-08 0.999 1 0.98058058 0.070466204 0.85691849
3.2 6.3095734e-09 0.9984 1 0.98217147 0.0041461665 0.77576556
3.2 7.9432823e-07 0.9996 1 0.9829932 5.1965492e-28 0.94972298
3.2 7.9432823e-08 0.9996 1 0.9779912 0.055707229 0.8641695
3.2 7.9432823e-09 0.9986 1 0.98177448 0.0065060572 0.78414994
3.3 1.2589254e-07 0.9986 1 0.98357701 0.012493953 0.88244823
3.3 1.2589254e-08 0.99912549 1 0.98380744 0.016361897 0.77863476
3.3 1.5848932e-07 0.999 1 0.97837838 0.0035846904 0.91766487
3.3 1.5848932e-08 0.9996 1 0.98419368 0.023775231 0.7970153
3.3 1.9952623e-07 0.999 1 0.98298298 0.00057272913 0.91560179
3.3 1.9952623e-08 0.9992 1 0.98378703 0.03469144 0.79860936
3.3 1e-06 0.99887413 1 0.98624887 1.5106567e-41 1
3.3 1e-07 0.9998 1 0.984997 0.030002903 0.88659997
3.3 1e-08 0.9992 1 0.98298639 0.010828639 0.76497071
3.3 2.5118864e-07 0.9984 1 0.98377404 3.5534476e-05 0.88552826
3.3 2.5118864e-08 0.999 1 0.98198198 0.047233934 0.80359328
3.3 3.1622777e-07 0.9986 1 0.98197476 7.4307298e-07 0.86166891
3.3 3.1622777e-08 0.999 1 0.98338338 0.059025889 0.8341418
3.3 3.1622777e-09 0.9996 1 0.98239296 0.0011662934 0.76438078
3.3 3.9810717e-07 0.9988 1 0.98338006 2.2088103e-09 0.67687348
3.3 3.9810717e-08 0.999 1 0.98538539 0.072798632 0.83615956
3.3 3.9810717e-09 0.99898457 1 0.98109372 0.0017810893 0.80557063
3.3 5.0118723e-07 0.999 1 0.98318318 8.9529569e-14 0.65875807
3.3 5.0118723e-08 0.99884952 1 0.98364432 0.075092484 0.84887429
3.3 5.0118723e-09 0.999 1 0.98278278 0.0027597338 0.76711345
3.3 6.3095734e-07 0.9992 1 0.98158527 1.314443e-19 0.79755285
3.3 6.3095734e-08 0.9992 1 0.98338671 0.071016774 0.8375764
3.3 6.3095734e-09 0.9988 1 0.98137765 0.0045232403 0.75984195
3.3 7.9432823e-07 0.998 1 0.98356713 3.4282205e-28 0.99323683
3.3 7.9432823e-08 0.9994 1 0.98539123 0.05213875 0.88062648
3.3 7.9432823e-09 0.9976 1 0.98356055 0.0065211374 0.78310692
3.4 1.2589254e-07 0.999 1 0.98378378 0.011608428 0.87582911
3.4 1.2589254e-08 0.99888617 1 0.98394291 0.01694344 0.80457278
3.4 1.5848932e-07 0.999 1 0.98518519 0.0031348024 0.88186537
3.4 1.5848932e-08 0.9986 1 0.98557981 0.02436536 0.79227337
3.4 1.9952623e-07 0.999 1 0.98178178 0.00037156907 0.81796721
3.4 1.9952623e-08 0.9994 1 0.98479087 0.036254862 0.79340257
3.4 1e-06 0.9988 1 0.98237885 5.2270204e-47 1
3.4 1e-07 0.9988 1 0.98638366 0.026320159 0.89288657
3.4 1e-08 0.9978 1 0.98356384 0.011080569 0.77098342
3.4 2.5118864e-07 0.99893798 1 0.98320221 2.4571003e-05 0.83790424
3.4 2.5118864e-08 0.9984 1 0.98177083 0.049541262 0.81934883
3.4 3.1622777e-07 0.9982 1 0.98377079 4.1926374e-07 0.79147183
3.4 3.1622777e-08 0.9984 1 0.98457532 0.06505634 0.81526599
3.4 3.1622777e-09 0.9982 1 0.98477259 0.0011654863 0.78875291
3.4 3.9810717e-07 0.9994 1 0.98298979 1.1726942e-09 0.18788099
3.4 3.9810717e-08 0.9986 1 0.98277589 0.07176493 0.83013769
3.4 3.9810717e-09 0.9986 1 0.9815742 0.0019568436 0.77975702
3.4 5.0118723e-07 0.9988 1 0.98638366 1.4525747e-13 0.45762027
3.4 5.0118723e-08 0.999 1 0.98218218 0.075498255 0.85543628
3.4 5.0118723e-09 0.998 1 0.98517034 0.0029751391 0.7554504
3.4 6.3095734e-07 0.9998 1 0.98359672 1.5517533e-17 0.00054515856
3.4 6.3095734e-08 0.9994 1 0.98659196 0.068253843 0.87013638
3.4 6.3095734e-09 0.99849592 1 0.97891113 0.0045796854 0.77023977
3.4 7.9432823e-07 0.9996 1 0.98519408 2.7454252e-26 0.0080920558
3.4 7.9432823e-08 0.9992 1 0.98318655 0.049213812 0.88675552
3.4 7.9432823e-09 0.9996 1 0.984994 0.0075309174 0.7880407
3.5 1.2589254e-07 0.9994 1 0.98339003 0.0093257889 0.86649749
3.5 1.2589254e-08 0.99889043 1 0.98278256 0.017263077 0.77674025
3.5 1.5848932e-07 0.99953205 1 0.98525281 0.0023243995 0.88463509
3.5 1.5848932e-08 0.99894559 1 0.98268947 0.026398276 0.77859441
3.5 1.9952623e-07 0.9984 1 0.98397436 0.00034656704 0.87249035
3.5 1.9952623e-08 0.9994 1 0.98559135 0.037691541 0.79271896
3.5 1e-06 0.999 1 0.98238238 2.8557132e-49 0
3.5 1e-07 0.9984 1 0.98096955 0.024739009 0.8636261
3.5 1e-08 0.9988 1 0.98077693 0.011849851 0.76955209
3.5 2.5118864e-07 0.9994 1 0.98339003 1.3919012e-05 0.96893215
3.5 2.5118864e-08 0.9992 1 0.98298639 0.051051782 0.79338537
3.5 3.1622777e-07 0.9982 1 0.98417151 1.8796286e-07 0.8541542
3.5 3.1622777e-08 0.9994 1 0.98278967 0.064824997 0.8285368
3.5 3.1622777e-09 0.99933511 1 0.98469727 0.0012998174 0.78241893
3.5 3.9810717e-07 0.9988 1 0.98478174 3.1787131e-10 0.94106687
3.5 3.9810717e-08 0.9998 1 0.98019604 0.075012821 0.84052351
3.5 3.9810717e-09 0.99854711 1 0.98399501 0.0019543132 0.78345483
3.5 5.0118723e-07 0.9988 1 0.98317982 5.6395246e-15 0.93148238
3.5 5.0118723e-08 0.9994 1 0.98178907 0.074530798 0.85791288
3.5 5.0118723e-09 0.99930249 1 0.98068869 0.0033378583 0.74605727
3.5 6.3095734e-07 0.9994 1 0.98539123 1.0188903e-20 0.99999876
3.5 6.3095734e-08 0.9984 1 0.98197115 0.063800624 0.86788083
3.5 6.3095734e-09 0.9992 1 0.98378703 0.0051969127 0.7877597
3.5 7.9432823e-07 0.99805951 1 0.9816375 9.5681559e-30 0.94570508
3.5 7.9432823e-08 0.9984 1 0.98016827 0.048398936 0.87770698
3.5 7.9432823e-09 0.99953981 1 0.98641805 0.0076144985 0.7691392
3.6 1.2589254e-07 0.9986 1 0.9805728 0.0068688709 0.88825473
3.6 1.2589254e-08 0.9992 1 0.98498799 0.019020183 0.80164465
3.6 1.5848932e-07 0.9996 1 0.98759504 0.0016106644 0.88932973
3.6 1.5848932e-08 0.9992 1 0.98298639 0.028775554 0.77816848
3.6 1.9952623e-07 0.9992 1 0.98338671 0.00014009415 0.78336996
3.6 1.9952623e-08 0.9994 1 0.9879928 0.042004071 0.81636258
3.6 1e-06 0.9996 1 0.98259304 0 0
3.6 1e-07 0.99817643 1 0.98355789 0.021752723 0.88583495
3.6 1e-08 0.99928724 1 0.98668569 0.013549367 0.77114699
3.6 2.5118864e-07 0.999 1 0.98338338 5.2199545e-06 0.91254122
3.6 2.5118864e-08 0.9996 1 0.98079232 0.053325761 0.81287209
3.6 3.1622777e-07 0.9996 1 0.984994 1.6246237e-07 0.95189836
3.6 3.1622777e-08 0.9982 1 0.98036466 0.06707562 0.81275811
3.6 3.1622777e-09 0.99908341 1 0.97981651 0.0014468219 0.7677602
3.6 3.9810717e-07 0.9996 1 0.98539416 1.348009e-10 0.15898134
3.6 3.9810717e-08 0.9988 1 0.98518222 0.076443908 0.84369746
3.6 3.9810717e-09 0.9992 1 0.98198559 0.0022369171 0.78312558
3.6 5.0118723e-07 0.9982 1 0.98377079 1.8547545e-15 0.99705674
3.6 5.0118723e-08 0.9986 1 0.98217505 0.075189835 0.84533221
3.6 5.0118723e-09 0.9995439 1 0.9810632 0.0033418646 0.79403397
3.6 6.3095734e-07 0.9996 1 0.98559424 5.2325577e-23 0.58756795
3.6 6.3095734e-08 0.9984 1 0.98217147 0.064079315 0.8719841
3.6 6.3095734e-09 0.99863884 1 0.98318946 0.0054180046 0.78189246
3.6 7.9432823e-07 0.99871355 1 0.98196651 3.2482057e-34 0.99998301
3.6 7.9432823e-08 0.9994 1 0.98218931 0.042671726 0.89187771
3.6 7.9432823e-09 0.999 1 0.97917918 0.0084177044 0.78085528
3.7 1.2589254e-07 0.9994 1 0.98218931 0.0060309921 0.84928045
3.7 1.2589254e-08 0.99872827 1 0.98217317 0.02130772 0.7732705
3.7 1.5848932e-07 0.9992 1 0.98478783 0.0010185354 0.91370419
3.7 1.5848932e-08 0.999 1 0.98538539 0.030516225 0.81623973
3.7 1.9952623e-07 0.999 1 0.98498498 0.00011211513 0.87295935
3.7 1.9952623e-08 0.9989487 1 0.98673963 0.043002869 0.80702553
3.7 1e-06 0.99912968 1 0.98410279 0 0
3.7 1e-07 0.9996 1 0.98659464 0.018535749 0.89436853
3.7 1e-08 0.9998 1 0.98479696 0.014172408 0.79975833
3.7 2.5118864e-07 0.9984 1 0.98457532 1.9626124e-06 0.85847199
3.7 2.5118864e-08 0.9994 1 0.98519111 0.058754442 0.78302105
3.7 3.1622777e-07 0.999 1 0.98178178 1.2428695e-08 0.88303014
3.7 3.1622777e-08 0.99883937 1 0.9828027 0.068358343 0.82621447
3.7 3.1622777e-09 0.99953151 1 0.98734474 0.0014935469 0.78623684
3.7 3.9810717e-07 0.99872774 1 0.98768577 3.384886e-12 0.99992844
3.7 3.9810717e-08 0.999 1 0.98438438 0.079639561 0.82923454
3.7 3.9810717e-09 0.9992 1 0.98338671 0.0023802768 0.77941659
3.7 5.0118723e-07 0.9998 1 0.9819964 4.7834949e-17 0.73089932
3.7 5.0118723e-08 0.9996 1 0.98559424 0.074322992 0.85804796
3.7 5.0118723e-09 0.9996 1 0.98359344 0.003754868 0.7696148
3.7 6.3095734e-07 0.9992 1 0.98378703 1.1108589e-25 0.58994667
3.7 6.3095734e-08 0.9984 1 0.98517628 0.057241534 0.84626069
3.7 6.3095734e-09 0.99906868 1 0.98461897 0.0058597371 0.76831807
3.7 7.9432823e-07 0.9992 1 0.98278623 3.1195181e-36 0.99999911
3.7 7.9432823e-08 0.9994 1 0.98639184 0.036145925 0.86923618
3.7 7.9432823e-09 0.9994 1 0.98519111 0.009501618 0.77602278
3.8 1.2589254e-07 0.9988 1 0.98938726 0.0041723249 0.88617505
3.8 1.2589254e-08 0.9998 1 0.9889978 0.025894606 0.77378678
3.8 1.5848932e-07 0.9992 1 0.99279424 0.00053604716 0.92789465
3.8 1.5848932e-08 0.9998 1 0.99119824 0.034928194 0.78553917
3.8 1.9952623e-07 0.9992 1 0.99119295 3.8060478e-05 0.81002726
3.8 1.9952623e-08 0.999 1 0.99099099 0.048153527 0.8057625
3.8 1e-06 0.9998 1 0.99119824 0 0
3.8 1e-07 0.9998 1 0.99039808 0.013373424 0.85132015
3.8 1e-08 0.9984 1 0.99258814 0.016825252 0.8023669
3.8 2.5118864e-07 0.999 1 0.98898899 7.4253035e-07 0.78215082
3.8 2.5118864e-08 0.9992 1 0.99219376 0.0637698 0.81958394
3.8 3.1622777e-07 0.9992 1 0.98959167 4.1817639e-09 0.99911724
3.8 3.1622777e-08 0.9992 1 0.99259408 0.075070305 0.81935479
3.8 3.1622777e-09 0.999 1 0.98998999 0.0017609639 0.77364107
3.8 3.9810717e-07 0.99932142 1 0.99185152 3.9029751e-13 0.99220291
3.8 3.9810717e-08 0.999 1 0.98958959 0.078851268 0.83147121
3.8 3.9810717e-09 0.999 1 0.99119119 0.0028890118 0.77624691
3.8 5.0118723e-07 0.9992 1 0.99259408 4.2035284e-19 0.78651069
3.8 5.0118723e-08 0.99885975 1 0.99178082 0.070354412 0.86237371
3.8 5.0118723e-09 0.9994 1 0.99039424 0.0045857909 0.74940359
3.8 6.3095734e-07 0.9998 1 0.98939788 3.8781792e-29 0.99995003
3.8 6.3095734e-08 0.9992 1 0.9939952 0.057237286 0.85606923
3.8 6.3095734e-09 0.9992 1 0.99019215 0.0070613475 0.77934696
3.8 7.9432823e-07 1 1 0.9932 2.3332725e-39 1
3.8 7.9432823e-08 0.9996 1 0.99219688 0.031494463 0.87273926
3.8 7.9432823e-09 0.9996 1 0.99079632 0.011089721 0.74923451
3.9 1.2589254e-07 0.998 1 0.99859719 0.0026888901 0.87780254
3.9 1.2589254e-08 0.9992 1 0.99779824 0.028348702 0.77479901
3.9 1.5848932e-07 1 1 0.9976 0.00032504478 0.7917437
3.9 1.5848932e-08 0.9994 1 0.99839904 0.040771292 0.78755003
3.9 1.9952623e-07 0.9994 1 0.99839904 1.7098002e-05 0.90431076
3.9 1.9952623e-08 0.9998 1 0.99619924 0.053853381 0.79586577
3.9 1e-06 0.99908341 1 0.99655963 0 0
3.9 1e-07 1 1 0.997 0.0098475076 0.86776155
3.9 1e-08 0.9992 1 0.9979984 0.020149684 0.76244354
3.9 2.5118864e-07 0.9994 1 0.99759856 2.4198887e-07 0.89953033
3.9 2.5118864e-08 0.9996 1 0.9979992 0.070633987 0.79269361
3.9 3.1622777e-07 0.9994 1 0.99579748 1.5953696e-10 0.95928219
3.9 3.1622777e-08 0.9992 1 0.99739792 0.078879859 0.81808246
3.9 3.1622777e-09 0.999 1 0.9973974 0.0020905188 0.76177322
3.9 3.9810717e-07 0.9992 1 0.99759808 1.7344107e-14 0.99878024
3.9 3.9810717e-08 0.999 1 0.997998 0.078709436 0.8541105
3.9 3.9810717e-09 0.9998 1 0.99779956 0.0034036016 0.80599486
3.9 5.0118723e-07 0.9994 1 0.9979988 1.6997447e-21 0.89476595
3.9 5.0118723e-08 0.999 1 0.996997 0.070343295 0.85415534
3.9 5.0118723e-09 0.9986 1 0.9989986 0.0054198967 0.74944956
3.9 6.3095734e-07 0.9998 1 0.99679936 2.2547146e-32 0.90570618
3.9 6.3095734e-08 0.999 1 0.9971972 0.050494992 0.86821754
3.9 6.3095734e-09 0.9988 1 0.99779736 0.0083801473 0.75821781
3.9 7.9432823e-07 0.9986 1 0.9979972 3.0933741e-48 0.090909091
3.9 7.9432823e-08 1 1 0.9974 0.027249929 0.87291865
3.9 7.9432823e-09 0.9992 1 0.9959968 0.012495624 0.76308957
4 1.2589254e-07 0.9996 1 0.99679872 0.0016650316 0.84178201
4 1.2589254e-08 0.9996 1 0.99819928 0.032434503 0.76075318
4 1.5848932e-07 0.9996 1 0.99659864 0.00016765485 0.83957755
4 1.5848932e-08 0.9994 1 0.99839904 0.045508252 0.77822101
4 1.9952623e-07 0.9992 1 0.99719776 5.1077345e-06 0.89177629
4 1.9952623e-08 0.9996 1 0.99819928 0.06101749 0.79107622
4 1e-06 0.9992 1 0.99759808 0 0
4 1e-07 0.999 1 0.9983984 0.0084534653 0.87130203
4 1e-08 0.999 1 0.9983984 0.021402034 0.77785726
4 2.5118864e-07 0.9994 1 0.9979988 4.8877729e-08 0.66630554
4 2.5118864e-08 0.9994 1 0.99759856 0.072041684 0.81300619
4 3.1622777e-07 0.999 1 0.9985986 1.0986403e-10 0.99992638
4 3.1622777e-08 0.9996 1 0.99659864 0.083521361 0.81470166
4 3.1622777e-09 0.99931601 1 0.99771846 0.0025810883 0.75667977
4 3.9810717e-07 0.999 1 0.9975976 4.9358552e-15 0.86180898
4 3.9810717e-08 0.99930523 1 0.997219 0.084728648 0.84035944
4 3.9810717e-09 0.999 1 0.9953954 0.0038405662 0.7890392
4 5.0118723e-07 0.9998 1 0.99779956 2.1872546e-22 0.9994173
4 5.0118723e-08 0.9996 1 0.99639856 0.067860769 0.85925219
4 5.0118723e-09 0.9998 1 0.9979996 0.0060318265 0.77272424
4 6.3095734e-07 0.9988 1 0.99759712 3.8414219e-36 0.99849182
4 6.3095734e-08 0.999 1 0.9983984 0.043927932 0.86379347
4 6.3095734e-09 0.9998 1 0.99739948 0.0096671495 0.75682825
4 7.9432823e-07 0.9996 1 0.99779912 0 0
4 7.9432823e-08 0.9994 1 0.99719832 0.021520744 0.88043271
4 7.9432823e-09 1 1 0.9974 0.014462911 0.76188195
4.1 1.2589254e-07 0.9996 1 0.99819928 0.00065075689 0.81887386
4.1 1.2589254e-08 0.99907643 1 0.99815114 0.037835193 0.77858112
4.1 1.5848932e-07 0.9994 1 0.9989994 4.4463952e-05 0.73073487
4.1 1.5848932e-08 0.9994 1 0.99819892 0.055226206 0.77894667
4.1 1.9952623e-07 0.9992 1 0.99939952 1.0691917e-06 0.8319017
4.1 1.9952623e-08 0.9996 1 0.99839936 0.07053983 0.78124968
4.1 1e-06 0.9998 1 0.9979996 0 0
4.1 1e-07 0.9998 1 0.99879976 0.0039399746 0.87614123
4.1 1e-08 0.99930443 1 0.99907193 0.025999112 0.7507795
4.1 2.5118864e-07 0.9996 1 0.99859944 1.0968246e-08 0.20485709
4.1 2.5118864e-08 0.9994 1 0.9989994 0.080373371 0.79771094
4.1 3.1622777e-07 0.9992 1 0.99959968 6.2138905e-13 0.68426102
4.1 3.1622777e-08 0.999 1 0.998999 0.088244455 0.81160966
4.1 3.1622777e-09 0.9988 1 0.99919904 0.0031338724 0.75002993
4.1 3.9810717e-07 0.9996 1 0.99879952 3.5643336e-16 0.00025885234
4.1 3.9810717e-08 0.999 1 0.9991992 0.079220032 0.84282856
4.1 3.9810717e-09 0.9996 1 0.99959984 0.0050771792 0.78186859
4.1 5.0118723e-07 0.9992 1 0.99859888 8.3915901e-27 0.99997585
4.1 5.0118723e-08 0.9998 1 0.99859972 0.05984755 0.85817638
4.1 5.0118723e-09 0.9994 1 0.99939964 0.0076366249 0.77460694
4.1 6.3095734e-07 0.9996 1 0.99959984 4.290464e-40 1
4.1 6.3095734e-08 0.9992 1 0.99979984 0.036104996 0.86940663
4.1 6.3095734e-09 0.9996 1 0.99959984 0.011470437 0.75658763
4.1 7.9432823e-07 0.9996 1 0.99939976 0 0
4.1 7.9432823e-08 0.9996 1 0.99939976 0.014999247 0.86491037
4.1 7.9432823e-09 0.9994 1 0.99919952 0.018180653 0.76284981
4.2 1.2589254e-07 0.9994 1 0.99839904 0.0005701033 0.81823914
4.2 1.2589254e-08 0.9994 1 0.99919952 0.039348409 0.76423939
4.2 1.5848932e-07 1 1 0.9996 3.2481065e-05 0.90130772
4.2 1.5848932e-08 0.9998 1 0.99939988 0.055655226 0.7805318
4.2 1.9952623e-07 0.999 1 0.9977978 5.366167e-07 0.95838509
4.2 1e-06 0.9988 1 0.99919904 0 0
4.2 1e-07 0.9992 1 0.99879904 0.0039264618 0.84314262
4.2 1e-08 0.9992 1 0.99839872 0.026458034 0.7803865
4.2 2.5118864e-07 0.9992 1 0.99859888 2.0894706e-09 0.65631374
4.2 2.5118864e-08 0.999 1 0.9983984 0.086104059 0.81294945
4.2 3.1622777e-07 0.9988 1 0.99919904 1.7374783e-13 0.91727919
4.2 3.1622777e-08 0.9992 1 0.99919936 0.088958352 0.81293184
4.2 3.1622777e-09 0.9992 1 0.99939952 0.0032410568 0.78203124
4.2 3.9810717e-07 0.99976793 1 0.99837512 1.380616e-18 0.99999336
4.2 3.9810717e-08 0.9996 1 0.9989996 0.078434837 0.83171382
4.2 3.9810717e-09 1 1 0.999 0.0048492287 0.74626719
4.2 5.0118723e-07 0.9994 1 0.9989994 7.941621e-29 0.99834001
4.2 5.0118723e-08 0.9994 1 0.99939964 0.059437962 0.86420028
4.2 5.0118723e-09 0.9998 1 0.99959992 0.0080263721 0.75702817
4.2 6.3095734e-07 0.9992 1 0.99939952 1.6014627e-36 1.0024566e-06
4.2 6.3095734e-08 0.9996 1 0.99819928 0.035241655 0.88083822
4.2 6.3095734e-09 0.9996 1 0.99879952 0.012373843 0.72809822
4.2 7.9432823e-07 0.9996 1 0.99939976 0 0
4.2 7.9432823e-08 0.9996 1 0.99859944 0.015624209 0.85921
4.2 7.9432823e-09 0.9996 1 0.99939976 0.017965995 0.76523922
4.3 1.2589254e-07 0.9992 1 0.99879904 0.00080631795 0.89308745
4.3 1.2589254e-08 0.99953205 1 0.99976592 0.035362054 0.77827686
4.3 1.5848932e-07 1 1 0.9994 6.5648025e-05 0.88168773
4.3 1.5848932e-08 0.9994 1 0.99979988 0.049088601 0.79171746
4.3 1.9952623e-07 0.999 1 0.9991992 1.2982817e-06 0.79971305
4.3 1.9952623e-08 0.9994 1 0.99879928 0.067755921 0.77704192
4.3 1e-06 0.9998 1 0.99939988 0 0
4.3 1e-07 0.9994 1 0.99879928 0.0046505608 0.8848368
4.3 1e-08 0.99930588 1 0.99930539 0.025645039 0.7726661
4.3 2.5118864e-07 0.9994 1 0.99959976 8.4400049e-09 0.9034207
4.3 2.5118864e-08 0.9996 1 0.99879952 0.0795986 0.81628294
4.3 3.1622777e-07 0.9992 1 0.99939952 1.2730703e-12 0.91370573
4.3 3.1622777e-08 0.99979415 1 0.99958822 0.086187402 0.82834163
4.3 3.1622777e-09 0.9996 1 0.9989996 0.0029227616 0.76297044
4.3 3.9810717e-07 0.9994 1 0.99919952 7.8500498e-19 0.99625398
4.3 3.9810717e-08 0.9996 1 0.99819928 0.078218483 0.84376385
4.3 3.9810717e-09 0.9996 1 0.9979992 0.0047436959 0.73386019
4.3 5.0118723e-07 0.9992 1 1 1.8331065e-26 0.98833708
4.3 5.0118723e-08 0.9994 1 0.99959976 0.060308151 0.82269314
4.3 5.0118723e-09 0.99917831 1 1 0.0070776876 0.77122225
4.3 6.3095734e-07 0.9996 1 0.99979992 1.2355494e-40 1
4.3 6.3095734e-08 0.9992 1 0.99819856 0.037789898 0.85664797
4.3 6.3095734e-09 0.9996 1 0.99879952 0.010762995 0.76147044
4.3 7.9432823e-07 0.99956897 1 0.99892195 0 0
4.3 7.9432823e-08 0.9994 1 0.99879928 0.016610659 0.88001779
4.3 7.9432823e-09 0.9994 1 0.9989994 0.016864728 0.76707994
4.4 1.2589254e-07 0.9994 1 0.99919952 0.00036677759 0.88535945
4.4 1.2589254e-08 0.9998 1 0.99859972 0.043144405 0.78540532
4.4 1.5848932e-07 0.9994 1 0.99939964 1.526437e-05 0.90011894
4.4 1.5848932e-08 0.999 1 0.9981982 0.060870117 0.78798056
4.4 1.9952623e-07 0.9996 1 0.99959984 2.9917778e-07 0.68025777
4.4 1.9952623e-08 0.9994 1 0.99819892 0.073433429 0.78554619
4.4 1e-06 1 1 0.9994 0 0
4.4 1e-07 0.9994 1 0.99939964 0.0027466992 0.87140421
4.4 1e-08 0.9996 1 0.99919968 0.029285344 0.77039188
4.4 2.5118864e-07 0.9998 1 0.99879976 5.7459797e-10 0.9930564
4.4 2.5118864e-08 0.9996 1 0.99939976 0.087946757 0.79531829
4.4 3.1622777e-07 0.9996 1 0.9989996 3.6539804e-14 0.88436792
4.4 3.1622777e-08 0.9998 1 0.99919984 0.087666675 0.82978925
4.4 3.1622777e-09 0.9998 1 0.9989998 0.003618723 0.74756232
4.4 3.9810717e-07 0.9992 1 0.99939952 2.401887e-19 0.99939527
4.4 3.9810717e-08 0.9994 1 0.99819892 0.077508277 0.83705463
4.4 3.9810717e-09 0.9994 1 0.9989994 0.005691881 0.76486269
4.4 5.0118723e-07 0.9994 1 0.99979988 4.4281405e-31 1
4.4 5.0118723e-08 0.9994 1 0.99859916 0.054018808 0.85240182
4.4 5.0118723e-09 0.9992 1 0.99959968 0.0087204953 0.75221631
4.4 6.3095734e-07 0.9994 1 0.99839904 1.7976168e-47 1
4.4 6.3095734e-08 0.9992 1 0.9989992 0.029763406 0.86190079
4.4 6.3095734e-09 0.9994 1 0.99919952 0.013817092 0.75577901
4.4 7.9432823e-07 0.9996 1 0.99859944 0 0
4.4 7.9432823e-08 0.9996 1 0.99919968 0.011368932 0.86207402
4.4 7.9432823e-09 0.9994 1 0.99979988 0.02067709 0.76845045
4.5 1.2589254e-07 0.999 1 0.9991992 0.00045058444 0.85644189
4.5 1.2589254e-08 0.99926236 1 0.99950787 0.04283407 0.78924883
4.5 1.5848932e-07 0.9994 1 0.99919952 2.4893245e-05 0.71006682
4.5 1.5848932e-08 0.9996 1 0.9989996 0.060098598 0.77860287
4.5 1.9952623e-07 0.9998 1 0.99879976 3.4420959e-07 0.80194658
4.5 1.9952623e-08 0.9998 1 0.99939988 0.073360187 0.78610496
4.5 1e-06 0.9998 1 0.99879976 0 0
4.5 1e-07 0.9998 1 0.9989998 0.0029560815 0.88881845
4.5 1e-08 0.9992 1 0.99819856 0.028776455 0.76324401
4.5 2.5118864e-07 0.9996 1 0.99919968 1.125404e-09 0.5074871
4.5 2.5118864e-08 0.9996 1 0.99919968 0.088584668 0.80743091
4.5 3.1622777e-07 0.9996 1 0.99959984 8.4866154e-15 0.47132095
4.5 3.1622777e-08 0.999 1 1 0.088202501 0.82365616
4.5 3.9810717e-07 0.9998 1 0.99839968 4.8043088e-20 0.99755701
4.5 3.9810717e-08 0.999 1 0.9995996 0.07619751 0.84203811
4.5 3.9810717e-09 0.9994 1 0.99919952 0.0054033624 0.77425074
4.5 5.0118723e-07 0.9994 1 0.9989994 5.2759935e-27 0.0011179242
4.5 5.0118723e-08 0.9994 1 0.99919952 0.055794742 0.85222202
4.5 5.0118723e-09 0.99953843 1 0.99953821 0.00828251 0.76150523
4.5 6.3095734e-07 0.9996 1 0.99919968 5.3706152e-46 1
4.5 6.3095734e-08 1 1 0.9994 0.031130775 0.86885236
4.5 6.3095734e-09 0.99979347 1 0.99958686 0.012877694 0.78049504
4.5 7.9432823e-07 1 1 0.9992 0 0
4.5 7.9432823e-08 0.9996 1 0.99919968 0.011271131 0.86976452
4.5 7.9432823e-09 0.99917921 1 0.99972618 0.018724807 0.76474397
4.6 1.2589254e-07 0.9998 1 0.9989998 0.00033699135 0.8519793
4.6 1.2589254e-08 0.9996 1 0.99939976 0.04292721 0.76537037
4.6 1.5848932e-07 0.9998 1 0.99939988 1.8291574e-05 0.8583256
4.6 1.5848932e-08 0.9994 1 0.99859916 0.05867282 0.77013943
4.6 1.9952623e-07 0.9994 1 0.9989994 1.5733252e-07 0.93924213
4.6 1.9952623e-08 0.9998 1 0.99919984 0.075122265 0.80169494
4.6 1e-06 0.9996 1 0.99919968 0 0
4.6 1e-07 0.9998 1 0.99879976 0.0026993916 0.88406934
4.6 1e-08 0.9994 1 0.99959976 0.0294545 0.77971539
4.6 2.5118864e-07 0.9998 1 0.99959992 4.9221889e-10 0.76900605
4.6 2.5118864e-08 0.9988 1 0.99959952 0.086853385 0.80891296
4.6 3.1622777e-07 0.9992 1 0.9989992 4.5614723e-15 0.99224509
4.6 3.1622777e-08 0.9994 1 0.99919952 0.090135341 0.83807015
4.6 3.1622777e-09 0.9998 1 0.99979996 0.003500427 0.74987417
4.6 3.9810717e-07 0.9992 1 0.9989992 4.5344608e-20 0.96376418
4.6 3.9810717e-08 1 1 0.99854379 0.076955567 0.85026412
4.6 3.9810717e-09 0.9994 1 0.99979988 0.0055326655 0.75800458
4.6 5.0118723e-08 0.9994 1 0.99939964 0.056183564 0.87056617
4.6 5.0118723e-09 0.9996 1 0.99939976 0.0083394818 0.75509935
4.6 6.3095734e-07 0.9996 1 0.99879952 2.4932586e-43 1
4.6 6.3095734e-08 0.9988 1 0.99959952 0.029955678 0.86375653
4.6 6.3095734e-09 0.9992 1 0.99979984 0.013175352 0.7597873
4.6 7.9432823e-07 0.9988 1 0.99939928 0 0
4.6 7.9432823e-08 0.9994 1 0.99879928 0.01149623 0.86812658
4.6 7.9432823e-09 0.9992 1 0.99879904 0.019981487 0.75795419
4.7 1.2589254e-07 0.9988 1 0.99959952 0.00021343586 0.80111566
4.7 1.2589254e-08 0.9994 1 0.99939964 0.045909792 0.77153075
4.7 1.5848932e-07 0.99909543 1 0.99977365 1.0712506e-05 0.89298503
4.7 1.5848932e-08 0.9996 1 0.99959984 0.06120277 0.78555309
4.7 1.9952623e-07 0.9998 1 0.99979996 1.4665239e-07 0.82386549
4.7 1.9952623e-08 0.9994 1 0.99939964 0.077126565 0.79702242
4.7 1e-06 0.9996 1 0.99919968 0 0
4.7 1e-07 0.9994 1 0.99919952 0.0019385455 0.8746413
4.7 1e-08 0.99951714 1 0.99975845 0.032804621 0.78016282
4.7 2.5118864e-07 0.9992 1 0.99959968 4.1040693e-10 0.95029306
4.7 2.5118864e-08 0.9994 1 0.99959976 0.087174049 0.81325558
4.7 3.1622777e-07 0.99906803 1 0.99930037 9.1276959e-16 0.83730766
4.7 3.1622777e-08 0.9994 1 0.99959976 0.086792805 0.82094915
4.7 3.1622777e-09 0.99978947 1 0.99936829 0.0038524691 0.76364743
4.7 3.9810717e-08 0.9994 1 0.99939964 0.075306594 0.85260737
4.7 3.9810717e-09 0.9992 1 0.99979984 0.0059995627 0.7615621
4.7 5.0118723e-07 0.9996 1 0.99979992 1.0308915e-34 0.99860859
4.7 5.0118723e-08 0.99933979 1 0.99955957 0.052068808 0.8379894
4.7 5.0118723e-09 0.9996 1 0.99839936 0.0091100141 0.77249921
4.7 6.3095734e-07 0.9996 1 0.99959984 0 0
4.7 6.3095734e-08 0.9998 1 0.99939988 0.02568944 0.88124477
4.7 6.3095734e-09 1 1 0.9992 0.013893134 0.75890504
4.7 7.9432823e-07 0.9998 1 1 0 0
4.7 7.9432823e-08 0.9996 1 0.99919968 0.0097053031 0.86514731
4.7 7.9432823e-09 0.99885812 1 0.9997142 0.021240554 0.74843119
4.8 1.2589254e-07 0.9996 1 0.99979992 0.00014462502 0.82928935
4.8 1.2589254e-08 0.9996 1 0.99979992 0.050131035 0.79500818
4.8 1.5848932e-07 0.9996 1 0.9989996 6.93808e-06 0.79700458
4.8 1.5848932e-08 0.9994 1 0.9989994 0.0665093 0.78661957
4.8 1.9952623e-07 0.9988 1 0.99939928 6.0352709e-08 0.87178982
4.8 1.9952623e-08 0.9992 1.0002002 0.99879904 0.083537935 0.7863638
4.8 1e-06 0.9994 1 0.99979988 0 0
4.8 1e-07 1 1 0.9996 0.0014249296 0.87116977
4.8 1e-08 0.99955654 1 0.9984472 0.034127803 0.76820656
4.8 2.5118864e-07 0.9998 1 0.99939988 8.5019169e-11 0.65477561
4.8 2.5118864e-08 0.9996 1 0.99959984 0.091477673 0.79393827
4.8 3.1622777e-07 0.9994 1 0.99939964 1.0309179e-15 0.99999348
4.8 3.1622777e-08 0.99934211 1 0.99934167 0.089467483 0.8184252
4.8 3.1622777e-09 0.9996 1 0.99959984 0.0040869421 0.75721472
4.8 3.9810717e-07 0.9996 1 0.99979992 1.9193832e-24 0.98731649
4.8 3.9810717e-08 0.9994 1 0.99919952 0.074238989 0.85372965
4.8 3.9810717e-09 0.99959033 1 0.99938525 0.0063146217 0.75765654
4.8 5.0118723e-07 0.999 1 0.998999 1.2345719e-35 0.99999982
4.8 5.0118723e-08 0.9998 1 0.99919984 0.048406757 0.86117356
4.8 5.0118723e-09 0.9998 1 0.99939988 0.0099817703 0.75602402
4.8 6.3095734e-07 0.9994 1 0.99819892 1.6856036e-48 1
4.8 6.3095734e-08 0.999 1 0.998999 0.023969246 0.85807998
4.8 6.3095734e-09 0.9996 1 0.99919968 0.015117965 0.77580525
4.8 7.9432823e-07 0.9996 1 0.99979992 0 0
4.8 7.9432823e-08 0.9986 1 0.99879832 0.0075983276 0.86742213
4.8 7.9432823e-09 0.999 1 0.9997998 0.02338142 0.74847396
4.9 1.2589254e-07 0.9998 1 0.99839968 0.00011072392 0.83938889
4.9 1.2589254e-08 0.9998 1 0.99939988 0.050551821 0.76541456
4.9 1.5848932e-07 0.9998 1 0.99879976 5.5454517e-06 0.61336124
4.9 1.5848932e-08 0.99958831 1 0.99938221 0.066962589 0.77912195
4.9 1.9952623e-07 1 1 0.9994 3.3610368e-08 0.54738406
4.9 1.9952623e-08 1 1 0.9992 0.081201974 0.80293067
4.9 1e-06 0.9994 1 0.99979988 0 0
4.9 1e-07 0.9998 1 0.99959992 0.0012642702 0.86182797
4.9 1e-08 0.9998 1 0.9989998 0.035728569 0.77109377
4.9 2.5118864e-07 0.9998 1 0.9989998 3.3670936e-12 0.78214996
4.9 2.5118864e-08 0.9992 1 0.99939952 0.092927148 0.80902975
4.9 3.1622777e-07 0.9996 1 0.99939976 3.4012984e-16 0.86221832
4.9 3.1622777e-08 0.9993932 1 0.99939284 0.090742746 0.81952969
4.9 3.1622777e-09 0.99955889 1 0.99955869 0.0040571357 0.77322707
4.9 3.9810717e-07 0.99905816 1 0.99976432 3.5392941e-24 0.99999894
4.9 3.9810717e-08 0.9994 1 1 0.073054284 0.85432829
4.9 3.9810717e-09 0.9996 1 0.99959984 0.0068564906 0.76885599
4.9 5.0118723e-07 0.9996 1 0.99979992 7.063906e-40 0.80737107
4.9 5.0118723e-08 0.9996 1 0.99959984 0.047723857 0.87315113
4.9 5.0118723e-09 1 1 0.9992 0.010196996 0.74288393
4.9 6.3095734e-07 0.9996 1 0.9989996 0 0
4.9 6.3095734e-08 0.99977609 1 0.99932811 0.021412256 0.88013398
4.9 6.3095734e-09 1 1 0.9998 0.016318467 0.78236123
4.9 7.9432823e-07 0.9992 1 0.9989992 0 0
4.9 7.9432823e-08 0.99959184 1 0.99938751 0.0073722879 0.87673881
4.9 7.9432823e-09 0.99976515 1 0.99929528 0.024021828 0.74709851
5 1.2589254e-07 0.999 1 1 0.0001029794 0.87594835
5 1.2589254e-08 0.9996 1 0.99919968 0.051202692 0.76249441
5 1.5848932e-07 0.9996 1 0.99939976 3.0957084e-06 0.73392155
5 1.5848932e-08 0.9996 1 0.99939976 0.0692929 0.78406125
5 1.9952623e-07 0.9998 1 0.99979996 3.6768187e-08 0.2663595
5 1.9952623e-08 0.9996 1 0.99919968 0.082452378 0.79975248
5 1e-06 0.9998 1 0.9989998 0 0
5 1e-07 0.99955811 1 0.99933687 0.0012486633 0.8403645
5 1e-08 1 1 0.9996 0.03656753 0.7755192
5 2.5118864e-07 0.9992 1 0.99959968 5.5500428e-12 0.95853049
5 2.5118864e-08 0.99938575 1 0.99979512 0.09252861 0.80778558
5 3.1622777e-07 0.9998 1 0.99979996 1.8511948e-17 0.99885733
5 3.1622777e-08 1 1 0.9988 0.091530735 0.82187205
5 3.1622777e-09 0.9994 1 0.99979988 0.0044501477 0.77671904
5 3.9810717e-07 0.9986 1 0.99919888 4.2083325e-27 0.98985146
5 3.9810717e-08 0.9994 1 0.99959976 0.073565821 0.84259558
5 3.9810717e-09 0.9992 1 1 0.0069879284 0.78383521
5 5.0118723e-07 0.99956803 1 0.99956785 2.2250342e-35 1
5 5.0118723e-08 0.99976739 1 0.999302 0.045083036 0.87073769
5 5.0118723e-09 0.9996 1 0.99979992 0.010523059 0.77666051
5 6.3095734e-07 0.9996 1 0.99939976 0 0
5 6.3095734e-08 0.9998 1 0.99979996 0.020595053 0.87248936
5 6.3095734e-09 1 1 0.9992 0.016665511 0.76806452
5 7.9432823e-07 0.99957274 1 0.99871767 0 0
5 7.9432823e-08 0.9994 1 0.99939964 0.0070602643 0.83333502
5 7.9432823e-09 0.9994 1 0.99979988 0.024402926 0.77240088
5.5 1.2589254e-07 0.9998 1 0.99979996 2.8566825e-05 0.87746786
5.5 1.2589254e-08 0.99957465 1 1 0.060111044 0.77749405
5.5 1.5848932e-07 0.9994 1 0.99979988 7.3511243e-07 0.93985277
5.5 1.5848932e-08 0.9998 1 0.99979996 0.076369076 0.79248677
5.5 1.9952623e-07 0.9994 1 0.99959976 1.0822083e-09 0.90940309
5.5 1.9952623e-08 0.9992 1 1 0.091162524 0.81063511
5.5 1e-06 1 1 0.9996 0 0
5.5 1e-07 0.9992 1 0.99979984 0.00053218312 0.84175653
5.5 1e-08 1 1 0.9998 0.04122945 0.78511046
5.5 2.5118864e-07 0.9992 1 0.99959968 1.1377477e-13 0.54889506
5.5 2.5118864e-08 0.99933775 1 0.9997791 0.096125231 0.81211703
5.5 3.1622777e-07 0.99978867 1 0.99978863 4.3186763e-20 0.9997885
5.5 3.1622777e-08 0.9998 1 0.99939988 0.089153257 0.82570991
5.5 3.1622777e-09 0.99955791 1 1 0.0052760513 0.76175044
5.5 3.9810717e-07 0.9994 1 1 1.3989083e-29 0.81846951
5.5 3.9810717e-08 1 1 0.9994 0.067681269 0.86354702
5.5 3.9810717e-09 0.9994516 1 0.99972565 0.0079983149 0.76895075
5.5 5.0118723e-07 0.9998 1 0.99979996 3.0198234e-43 0.99971311
5.5 5.0118723e-08 0.9995471 1 0.99977345 0.037775645 0.86580373
5.5 5.0118723e-09 0.99977807 1 0.99977802 0.012404627 0.78418574
5.5 6.3095734e-07 0.9998 1 0.99979996 0 0
5.5 6.3095734e-08 0.9994 1 1 0.014855761 0.879273
5.5 6.3095734e-09 0.99959432 1 0.99979708 0.018567378 0.76826715
5.5 7.9432823e-07 1 1 0.99928775 0 0
5.5 7.9432823e-08 0.9998 1 0.99979996 0.0038604624 0.88620488
5.5 7.9432823e-09 0.9992 1 0.99959968 0.029296286 0.76518489
6 1.2589254e-07 0.9992 1 1 7.9190093e-06 0.79721998
6 1.2589254e-08 0.9996 1 0.99979992 0.067453755 0.78071059
6 1.5848932e-07 0.9998 1 1 7.3599424e-08 0.6380727
6 1.5848932e-08 0.9996 1 0.99979992 0.08726793 0.81139738
6 1.9952623e-08 0.9996 1 1 0.10046637 0.80973836
6 1e-06 0.9988 1 1 0 0
6 1e-07 0.999772 1 1 0.00021920294 0.80750143
6 1e-08 0.9998 1 1 0.048766237 0.78824382
6 2.5118864e-07 1 1 1 3.1671567e-15 0.99881376
6 3.1622777e-07 0.9998 1 1 3.9105858e-20 9.5990117e-05
6 3.1622777e-08 1 1 1 0.087011381 0.8393946
6 3.1622777e-09 1 1 1 0.0062378997 0.77514521
6 3.9810717e-07 0.99957301 1 1 4.6182654e-37 0.45864515
6 3.9810717e-08 0.9996 1 1 0.05746818 0.84397812
6 3.9810717e-09 0.99931818 1 1 0.0099214449 0.78617334
6 5.0118723e-07 0.99976315 1 1 0 0
6 5.0118723e-08 0.9998 1 0.99979996 0.029954586 0.86199949
6 5.0118723e-09 1 1 1 0.015008034 0.79457014
6 6.3095734e-07 0.9998 1 1 0 0
6 6.3095734e-08 0.9996 1 1 0.010164542 0.86152956
6 6.3095734e-09 0.9998 1.0002 1 0.022962192 0.77724427
6 7.9432823e-07 0.9998 1 0.99979996 0 0
6 7.9432823e-08 0.9996 1 1 0.0022236636 0.85902268
6 7.9432823e-09 1 1 1 0.034355001 0.78174483
6.5 1.2589254e-07 0.9998 1 1 2.460125e-06 0.71337722
6.5 1.2589254e-08 0.9998 1 1 0.080876634 0.79655874
6.5 1.5848932e-07 0.99977179 1 1 1.0608794e-08 0.67931201
6.5 1.5848932e-08 1 1 1 0.10028804 0.80068076
6.5 1.9952623e-07 0.9998 1 1 2.6566307e-13 0.98519462
6.5 1.9952623e-08 0.99979859 1 1 0.10837801 0.82515641
6.5 1e-06 0.99977365 1 1 0 0
6.5 1e-07 0.9998 1 1 7.5735349e-05 0.86784152
6.5 1e-08 0.9996 1 1 0.057564535 0.79889902
6.5 2.5118864e-07 1 1 1 2.0520069e-18 0.26033018
6.5 2.5118864e-08 1 1 1 0.10465458 0.82980891
6.5 3.1622777e-07 1 1 1 9.3141655e-29 0.37944683
6.5 3.1622777e-08 0.9996 1 1 0.084442993 0.83335437
6.5 3.1622777e-09 0.9998 1 1 0.0076486283 0.78852219
6.5 3.9810717e-07 0.9998 1 1 9.664476e-42 0.86012593
6.5 3.9810717e-08 0.9998 1 1 0.049902844 0.86443609
6.5 3.9810717e-09 1 1 1 0.011930277 0.78168837
6.5 5.0118723e-08 0.9996 1 1 0.020821831 0.85217853
6.5 5.0118723e-09 0.9998 1 1 0.018315374 0.78456638
6.5 6.3095734e-07 0.9998 1 1 0 0
6.5 6.3095734e-08 1 1 1 0.0058356967 0.86397843
6.5 6.3095734e-09 0.9992 1 1 0.027578905 0.80638167
6.5 7.9432823e-07 0.99946893 1 1 0 0
6.5 7.9432823e-08 0.99979114 1 1 0.0007878999 0.8727873
6.5 7.9432823e-09 1 1 1 0.039665169 0.79768615
7 1.2589254e-07 1 1 1 3.9567817e-07 0.84763957
7 1.2589254e-08 0.99978578 1 1 0.086594447 0.80110177
7 1.5848932e-07 0.9994 1 1 5.5623886e-10 0.94841179
7 1.5848932e-08 0.9998 1 0.99979996 0.10496895 0.81006372
7 1.9952623e-07 1 1 1 1.7470796e-14 0.31021068
7 1.9952623e-08 0.9996 1 1 0.11351423 0.83637511
7 1e-06 0.9998 1 1 0 0
7 1e-07 0.9998 1 1 2.3620563e-05 0.80148227
7 1e-08 1 1 1 0.066255303 0.79987376
7 2.5118864e-07 0.9998 1 1 6.0873616e-20 0.99495603
7 2.5118864e-08 0.99953917 1 1 0.10141614 0.8321652
7 3.1622777e-07 1 1 1 6.3989461e-33 0.88506509
7 3.1622777e-08 0.9998 1 0.99979996 0.075893712 0.83207385
7 3.1622777e-09 0.9998 1 1 0.0088314775 0.78408318
7 3.9810717e-07 0.9998 1 1 3.4279679e-42 0
7 3.9810717e-08 0.9998 1 1 0.040855647 0.83504718
7 3.9810717e-09 1 1 1 0.013565733 0.79511119
7 5.0118723e-07 1 1 1 0 0
7 5.0118723e-08 0.9998 1 1 0.015205046 0.84928161
7 5.0118723e-09 0.9998 1 1 0.021330948 0.78782801
7 6.3095734e-07 1 1 1 0 0
7 6.3095734e-08 1 1 1 0.0039048936 0.82799239
7 6.3095734e-09 0.9997581 1 1 0.030935702 0.80451509
7 7.9432823e-07 1 1 1 0 0
7 7.9432823e-08 1 1 1 0.00046593451 0.86417306
7 7.9432823e-09 1 1 1 0.047888208 0.79699553
8 1.2589254e-07 0.9998 1 1 9.3334363e-09 0.62893744
8 1.2589254e-08 1 1 1 0.10487981 0.81361152
8 1.5848932e-07 1 1 1 4.2458425e-12 0.69077216
8 1.5848932e-08 0.99979339 1 1 0.12020955 0.81606224
8 1.9952623e-07 0.99976065 1 1 7.2136474e-18 0.15143904
8 1.9952623e-08 1 1 1 0.1247394 0.83872945
8 1e-06 0.9998 1 1 0 0
8 1e-07 1 1 1 3.3115208e-06 0.72040313
8 1e-08 0.9996 1 1 0.079148352 0.82438328
8 2.5118864e-07 0.9996 1 1 2.3318198e-27 0.99628112
8 2.5118864e-08 0.9994 1 1 0.099627684 0.84649753
8 3.1622777e-07 0.99971997 1 1 6.9877351e-38 0.99999999
8 3.1622777e-08 1 1 1 0.066193318 0.83734319
8 3.1622777e-09 1 1 1 0.011408797 0.80478785
8 3.9810717e-07 1 1 0.9997683 0 0
8 3.9810717e-08 0.9998 1 1 0.030300721 0.84451602
8 3.9810717e-09 0.9998 1 1 0.016735423 0.80718181
8 5.0118723e-07 1 1 1 0 0
8 5.0118723e-08 0.9998 1 1 0.0084905639 0.83938126
8 5.0118723e-09 0.9998 1 1 0.026420219 0.81615067
8 6.3095734e-07 1 1 1 0 0
8 6.3095734e-08 1 1 1 0.0015367646 0.79904464
8 6.3095734e-09 1 1 1 0.037939219 0.81629736
8 7.9432823e-07 0.9998 1 1 0 0
8 7.9432823e-08 0.99978308 1 1 0.00013869361 0.80555829
8 7.9432823e-09 1 1 1 0.056859588 0.82464484
9 1.2589254e-08 0.99979009 1 1 0.11722267 0.82982455
9 1.5848932e-07 1 1 1 9.7283495e-15 0.73838112
9 1.5848932e-08 1 1 1 0.12847469 0.83052757
9 1.9952623e-07 1 1 1 5.3844302e-20 0.00075668617
9 1.9952623e-08 0.99978046 1 1 0.12154747 0.82847982
9 1e-06 0.9996 1 1 0 0
9 1e-07 0.9998 1 1 2.6584393e-07 0.60510038
9 1e-08 1 1 1 0.092936423 0.83257877
9 2.5118864e-07 0.99927954 1 1 7.2445742e-34 0.04687826
9 2.5118864e-08 0.9998 1 1 0.094825988 0.84859327
9 3.1622777e-07 0.9998 1 1 1.9829537e-45 1
9 3.1622777e-08 1 1 1 0.050879883 0.84397013
9 3.1622777e-09 1 1 1 0.013492365 0.82124502
9 3.9810717e-07 0.99978814 1 1 0 0
9 3.9810717e-08 1 1 1 0.020788836 0.82799585
9 3.9810717e-09 0.99970247 1 1 0.020736183 0.83216671
9 5.0118723e-07 1 1 1 0 0
9 5.0118723e-08 0.99977954 1 1 0.0046948974 0.85866223
9 5.0118723e-09 1 1 0.99978046 0.031544806 0.82807973
9 6.3095734e-07 0.9998 1 1 0 0
9 6.3095734e-08 0.9998 1 1 0.0005554068 0.80901799
9 6.3095734e-09 1 1 1 0.046072168 0.84380756
9 7.9432823e-07 1 1 1 0 0
9 7.9432823e-08 0.9998 1 1 2.7988216e-05 0.87094605
9 7.9432823e-09 1 1 1 0.068338614 0.82705171
