ERROR in TPDF::Open: Cannot open file:../data/190516/pdf/qcd_Rate2_0.pdf
ERROR in TPDF::Open: Cannot open file:../data/190516/pdf/qcd_Rate2_1.pdf
lowest error 1.5 6.23324216777e-07
1.5 6.23324216777e-07 2.20730772647e-05
1.5 6.23322781521e-07 4.51243923969e-05
1.5 6.23325652035e-07 8.92685837042e-05
1.5 6.23321346269e-07 0.000112323825339
1.5 6.23327087297e-07 0.000156462126979
1.5 6.2331991102e-07 0.000179525221558
1.5 6.23328522563e-07 0.000223653707146
1.5 6.23318475775e-07 0.00024672858123
1.5 6.23329957831e-07 0.000290843324203
1.5 6.23317040533e-07 0.000313933904355
1.5 6.23331393103e-07 0.000358030978326
1.5 6.23315605294e-07 0.000381141190989
lowest error 1.5 1.70055624278e-08
1.5 1.70055624278e-08 1.16160419728e-06
1.5 1.70055232711e-08 2.0416806239e-05
1.5 1.70056015846e-08 2.27402170623e-05
1.5 1.70054841145e-08 4.19950142283e-05
1.5 1.70056407415e-08 4.43190323978e-05
1.5 1.70054449579e-08 6.35730197724e-05
1.5 1.70056798985e-08 6.58980501855e-05
1.5 1.70054058015e-08 8.51508228736e-05
1.5 1.70057190555e-08 8.74772704273e-05
1.5 1.70053666452e-08 0.000106728423534
1.5 1.70057582127e-08 0.000109056693125
1.5 1.70053274889e-08 0.000128305821755
ERROR in TPDF::Open: Cannot open file:../data/190516/pdf/qcd_Rate2_2.pdf
lowest error 1.6 5.67760271633e-07
1.6 5.67760271633e-07 2.03176898124e-05
1.6 5.67758964318e-07 5.521189629e-05
1.6 5.67761578951e-07 9.58447955948e-05
1.6 5.67757657006e-07 0.000130743962726
1.6 5.67762886272e-07 0.000171369421272
1.6 5.67756349698e-07 0.000206278509578
1.6 5.67764193596e-07 0.000246891566861
1.6 5.67755042392e-07 0.000281815536927
1.6 5.67765500922e-07 0.000322411232439
1.6 5.67753735089e-07 0.000357355044855
1.6 5.67766808252e-07 0.000397928418093
1.6 5.67752427789e-07 0.000432897033443
lowest error 1.6 1.64511779466e-08
1.6 1.64511779466e-08 5.28531982313e-06
1.6 1.64511400664e-08 1.31249430901e-05
1.6 1.64512158269e-08 2.36957301021e-05
1.6 1.64511021863e-08 3.153505864e-05
1.6 1.64512537073e-08 4.21062877307e-05
1.6 1.64510643063e-08 4.99450268268e-05
1.6 1.64512915877e-08 6.05169927428e-05
1.6 1.64510264264e-08 6.83548476523e-05
1.6 1.64513294683e-08 7.89278451241e-05
1.6 1.64509885465e-08 8.67645211007e-05
1.6 1.64513673489e-08 9.73388448746e-05
1.6 1.64509506668e-08 0.000105174047207
ERROR in TPDF::Open: Cannot open file:../data/190516/pdf/qcd_Rate2_3.pdf
lowest error 1.7 5.09126848616e-07
1.7 5.09126848616e-07 3.58360446944e-05
1.7 5.09125676309e-07 5.37867709896e-05
1.7 5.09128020925e-07 0.000125455368099
1.7 5.09124504006e-07 0.00014341307901
1.7 5.09129193237e-07 0.000215071199518
1.7 5.09123331704e-07 0.000233042879504
1.7 5.09130365552e-07 0.000304683539008
1.7 5.09122159406e-07 0.000322676172606
1.7 5.09131537869e-07 0.000394292386708
1.7 5.0912098711e-07 0.000412312958453
1.7 5.09132710189e-07 0.00048389774275
1.7 5.09119814817e-07 0.000501953237181
lowest error 1.7 1.64835594963e-08
1.7 1.64835594963e-08 4.83452742328e-06
1.7 1.64835974512e-08 1.54192462762e-05
1.7 1.64835215416e-08 2.50881227513e-05
1.7 1.64836354061e-08 3.56731983304e-05
1.7 1.64834835869e-08 4.53415397454e-05
1.7 1.64836733611e-08 5.59273287415e-05
1.7 1.64834456323e-08 6.55947783894e-05
1.7 1.64837113162e-08 7.61816375103e-05
1.7 1.64834076778e-08 8.58478386854e-05
1.7 1.64837492714e-08 9.64361246383e-05
1.7 1.64833697234e-08 0.000106100720634
1.7 1.64837872267e-08 0.00011669079011
ERROR in TPDF::Open: Cannot open file:../data/190516/pdf/qcd_Rate2_4.pdf
lowest error 1.8 4.73709397068e-07
1.8 4.73709397068e-07 1.81811952848e-05
1.8 4.73708306313e-07 5.49326142281e-05
1.8 4.73710487826e-07 9.12926806018e-05
1.8 4.73707215561e-07 0.000128048747946
1.8 4.73711578586e-07 0.000164401841927
1.8 4.73706124811e-07 0.000201167205943
1.8 4.73712669348e-07 0.000237508679268
1.8 4.73705034063e-07 0.000274287988292
1.8 4.73713760113e-07 0.0003106131927
1.8 4.73703943319e-07 0.000347411095069
1.8 4.73714850881e-07 0.000383715382297
1.8 4.73702852576e-07 0.00042053652628
lowest error 1.8 1.71577367425e-08
1.8 1.71577367425e-08 2.07664838658e-07
1.8 1.71577762497e-08 2.01807094955e-05
1.8 1.71576972354e-08 2.05958584591e-05
1.8 1.7157815757e-08 4.05692645802e-05
1.8 1.71576577284e-08 4.098387135e-05
1.8 1.71578552643e-08 6.09580003998e-05
1.8 1.71576182214e-08 6.13717035129e-05
1.8 1.71578947718e-08 8.13469169554e-05
1.8 1.71575787146e-08 8.17593549489e-05
1.8 1.71579342794e-08 0.000101736014249
1.8 1.71575392079e-08 0.00010214682566
1.8 1.7157973787e-08 0.000122125292282
ERROR in TPDF::Open: Cannot open file:../data/190516/pdf/qcd_Rate2_5.pdf
lowest error 1.9 4.798538681e-07
1.9 4.798538681e-07 2.70605229034e-05
1.9 4.79852763197e-07 3.71700066251e-05
1.9 4.79854973006e-07 9.12892587395e-05
1.9 4.79851658296e-07 0.000101402329897
1.9 4.79856077914e-07 0.000155516200875
1.9 4.79850553398e-07 0.000165636446963
1.9 4.79857182825e-07 0.000219741349475
1.9 4.79849448503e-07 0.000229872357872
1.9 4.79858287738e-07 0.000283964704532
1.9 4.7984834361e-07 0.000294110062617
1.9 4.79859392654e-07 0.000348186266096
1.9 4.7984723872e-07 0.000358349561363
lowest error 1.9 1.85349748041e-08
1.9 1.85349748041e-08 3.94441425744e-06
1.9 1.85349321258e-08 1.88444167688e-05
1.9 1.85350174826e-08 2.67334711017e-05
1.9 1.85348894476e-08 4.16330220201e-05
1.9 1.85350601611e-08 4.95227537467e-05
1.9 1.85348467695e-08 6.44214014778e-05
1.9 1.85351028397e-08 7.23122621937e-05
1.9 1.85348040915e-08 8.72095551441e-05
1.9 1.85351455184e-08 9.51019964455e-05
1.9 1.85347614136e-08 0.000109997483022
1.9 1.85351881972e-08 0.000117891956504
1.9 1.85347187358e-08 0.000132785185113
ERROR in TPDF::Open: Cannot open file:../data/190516/pdf/qcd_Rate2_6.pdf
lowest error 2.0 4.3125187866e-07
2.0 4.3125187866e-07 7.68964731046e-06
2.0 4.31250885667e-07 6.42111767091e-05
2.0 4.31252871655e-07 7.95882236222e-05
2.0 4.31249892676e-07 0.000136114248445
2.0 4.31253864653e-07 0.000151484552422
2.0 4.31248899688e-07 0.000208019567967
2.0 4.31254857653e-07 0.000223378633716
2.0 4.31247906702e-07 0.000279927135344
2.0 4.31255850655e-07 0.000295270467577
2.0 4.31246913718e-07 0.000351836950648
2.0 4.31256843659e-07 0.000367160054073
2.0 4.31245920736e-07 0.000423749013884
lowest error 2.0 1.83317953381e-08
2.0 1.83317953381e-08 8.50435713762e-06
2.0 1.83318375487e-08 1.10068350927e-05
2.0 1.83317531276e-08 2.80153838523e-05
2.0 1.83318797593e-08 3.05181928399e-05
2.0 1.83317109172e-08 4.75262450541e-05
2.0 1.83319219701e-08 5.00297160873e-05
2.0 1.8331668707e-08 6.70369407429e-05
2.0 1.83319641809e-08 6.95414048715e-05
2.0 1.83316264968e-08 8.65474709211e-05
2.0 1.83320063919e-08 8.90532591762e-05
2.0 1.83315842867e-08 0.000106057835573
2.0 1.83320486029e-08 0.000108565279003
ERROR in TPDF::Open: Cannot open file:../data/190516/pdf/qcd_Rate2_7.pdf
lowest error 2.1 4.00631414134e-07
2.1 4.00631414134e-07 2.81829106363e-05
2.1 4.00630491647e-07 7.63150450238e-05
2.1 4.00632336623e-07 0.000132676118798
2.1 4.00629569162e-07 0.000180817748584
2.1 4.00633259114e-07 0.000237164579584
2.1 4.00628646679e-07 0.000285325200169
2.1 4.00634181607e-07 0.000341648293209
2.1 4.00627724199e-07 0.00038983739999
2.1 4.00635104102e-07 0.00044612725989
2.1 4.00626801721e-07 0.000494354348268
2.1 4.006360266e-07 0.000550601479844
2.1 4.00625879244e-07 0.000598876045214
lowest error 2.1 1.8376762391e-08
2.1 1.8376762391e-08 3.42107465556e-06
2.1 1.83768047051e-08 1.79366174704e-05
2.1 1.8376720077e-08 2.47785684371e-05
2.1 1.83768470193e-08 3.92945079235e-05
2.1 1.83766777631e-08 4.6135863915e-05
2.1 1.83768893336e-08 6.06525967046e-05
2.1 1.83766354493e-08 6.74929610716e-05
2.1 1.8376931648e-08 8.20108838169e-05
2.1 1.83765931355e-08 8.88498599081e-05
2.1 1.83769739625e-08 0.000103369369261
2.1 1.83765508219e-08 0.000110206560428
2.1 1.83770162771e-08 0.00012472805302
ERROR in TPDF::Open: Cannot open file:../data/190516/pdf/qcd_Rate2_8.pdf
lowest error 2.2 3.5364864628e-07
2.2 3.5364864628e-07 1.23937458034e-05
2.2 3.53649460587e-07 5.23946507722e-05
2.2 3.53647831975e-07 7.71839674365e-05
2.2 3.53650274896e-07 0.000117181222342
2.2 3.53647017671e-07 0.000141976014179
2.2 3.53651089207e-07 0.0001819659689
2.2 3.5364620337e-07 0.00020676988608
2.2 3.53651903519e-07 0.000246748890612
2.2 3.53645389071e-07 0.000271565583136
2.2 3.53652717834e-07 0.000311529987472
2.2 3.53644574773e-07 0.000336363105514
2.2 3.5365353215e-07 0.000376309259533
lowest error 2.2 1.84992874202e-08
2.2 1.84992874202e-08 9.484153352e-06
2.2 1.84993300164e-08 1.00189693373e-05
2.2 1.8499244824e-08 2.89871106625e-05
2.2 1.84993726127e-08 2.95222574063e-05
2.2 1.8499202228e-08 4.84899025794e-05
2.2 1.84994152091e-08 4.90257108563e-05
2.2 1.8499159632e-08 6.7992529138e-05
2.2 1.84994578057e-08 6.85293296891e-05
2.2 1.84991170362e-08 8.74949903222e-05
2.2 1.84995004023e-08 8.80331138879e-05
2.2 1.84990744405e-08 0.000106997286134
2.2 1.8499542999e-08 0.00010753706349
ERROR in TPDF::Open: Cannot open file:../data/190516/pdf/qcd_Rate2_9.pdf
lowest error 2.3 3.44013115211e-07
2.3 3.44013115211e-07 5.12785570272e-06
2.3 3.44013907332e-07 5.56576449529e-05
2.3 3.44012323093e-07 6.59149628648e-05
2.3 3.44014699454e-07 0.000116441539142
2.3 3.44011530976e-07 0.000126703676576
2.3 3.44015491578e-07 0.000177223826911
2.3 3.44010738861e-07 0.000187493996881
2.3 3.44016283704e-07 0.000238004508244
2.3 3.44009946748e-07 0.000248285923765
2.3 3.44017075832e-07 0.000298783583295
2.3 3.44009154637e-07 0.00030907945738
2.3 3.44017867961e-07 0.000359561052051
lowest error 2.3 1.90401339771e-08
2.3 1.90401339771e-08 3.95812995624e-06
2.3 1.90401778187e-08 1.66910874375e-05
2.3 1.90400901356e-08 2.46071619836e-05
2.3 1.90402216604e-08 3.73404902376e-05
2.3 1.90400462943e-08 4.52560086264e-05
2.3 1.90402655022e-08 5.79900784268e-05
2.3 1.9040002453e-08 6.59046698868e-05
2.3 1.9040309344e-08 7.86398520063e-05
2.3 1.90399586118e-08 8.6553145767e-05
2.3 1.9040353186e-08 9.92898109784e-05
2.3 1.90399147707e-08 0.000107201436268
2.3 1.90403970281e-08 0.000119939955344
ERROR in TPDF::Open: Cannot open file:../data/190516/pdf/qcd_Rate2_10.pdf
lowest error 2.4 3.17739347973e-07
2.4 3.17739347973e-07 2.43544332394e-05
2.4 3.17738616352e-07 3.73621302874e-05
2.4 3.17740079596e-07 8.6069340735e-05
2.4 3.17737884733e-07 9.90803498908e-05
2.4 3.1774081122e-07 0.000147782592243
2.4 3.17737153115e-07 0.000160800225559
2.4 3.17741542846e-07 0.000209494187809
2.4 3.17736421499e-07 0.000222521757447
2.4 3.17742274474e-07 0.000271204127422
2.4 3.17735689885e-07 0.000284244945544
2.4 3.17743006104e-07 0.000332912411236
2.4 3.17734958272e-07 0.000345969789895
lowest error 2.4 1.96833493218e-08
2.4 1.96833493218e-08 3.47095904196e-06
2.4 1.96833039992e-08 1.6331219947e-05
2.4 1.96833946444e-08 2.32733085217e-05
2.4 1.96832586768e-08 3.61332284466e-05
2.4 1.96834399672e-08 4.30758284939e-05
2.4 1.96832133545e-08 5.59350664582e-05
2.4 1.968348529e-08 6.28785189423e-05
2.4 1.96831680323e-08 7.57367339657e-05
2.4 1.9683530613e-08 8.26813799035e-05
2.4 1.96831227102e-08 9.55382310055e-05
2.4 1.9683575936e-08 0.000102484411362
2.4 1.96830773881e-08 0.000115339557562
ERROR in TPDF::Open: Cannot open file:../data/190516/pdf/qcd_Rate2_11.pdf
lowest error 2.5 2.9747536084e-07
2.5 2.9747536084e-07 5.47617223523e-06
2.5 2.97474675879e-07 4.63927912353e-05
2.5 2.97476045803e-07 5.73439659948e-05
2.5 2.97473990919e-07 9.8262924443e-05
2.5 2.97476730768e-07 0.00010921059007
2.5 2.9747330596e-07 0.000150134227368
2.5 2.97477415734e-07 0.000161076044487
2.5 2.97472621004e-07 0.00020200670013
2.5 2.97478100702e-07 0.000212940329272
2.5 2.97471936048e-07 0.000253880342708
2.5 2.97478785672e-07 0.000264803444405
2.5 2.97471251095e-07 0.000305755155128
lowest error 2.5 1.99202140149e-08
2.5 1.99202140149e-08 1.00898261333e-05
2.5 1.99202598829e-08 1.16439237701e-05
2.5 1.99201681469e-08 3.18233706662e-05
2.5 1.9920305751e-08 3.33778790469e-05
2.5 1.99201222791e-08 5.35567098101e-05
2.5 1.99203516193e-08 5.51120396985e-05
2.5 1.99200764114e-08 7.52898436067e-05
2.5 1.99203974877e-08 7.68464057272e-05
2.5 1.99200305438e-08 9.70227720374e-05
2.5 1.99204433561e-08 9.85809771348e-05
2.5 1.99199846762e-08 0.000118755495105
2.5 1.99204892247e-08 0.000120315753904
ERROR in TPDF::Open: Cannot open file:../data/190516/pdf/qcd_Rate2_12.pdf
lowest error 2.6 2.81019851533e-07
2.6 2.81019851533e-07 8.79947716692e-06
2.6 2.81020498606e-07 4.36871008715e-05
2.6 2.81019204462e-07 6.12872530312e-05
2.6 2.8102114568e-07 9.61724812045e-05
2.6 2.81018557392e-07 0.000113776226704
2.6 2.81021792756e-07 0.000148656663812
2.6 2.81017910323e-07 0.000166266398209
2.6 2.81022439833e-07 0.000201139648722
2.6 2.81017263256e-07 0.000218757767577
2.6 2.81023086912e-07 0.000253621435963
2.6 2.81016616191e-07 0.000271250334834
2.6 2.81023733992e-07 0.000306102025559
lowest error 2.6 2.0561367716e-08
2.6 2.0561367716e-08 8.29564541949e-06
2.6 2.05613203718e-08 1.03939150211e-05
2.6 2.05614150604e-08 2.69853577302e-05
2.6 2.05612730276e-08 2.90833235934e-05
2.6 2.05614624048e-08 4.56752219122e-05
2.6 2.05612256836e-08 4.77725802805e-05
2.6 2.05615097494e-08 6.4365237967e-05
2.6 2.05611783397e-08 6.64616851185e-05
2.6 2.05615570941e-08 8.30554058786e-05
2.6 2.05611309959e-08 8.51506380912e-05
2.6 2.05616044389e-08 0.000101745725682
2.6 2.05610836522e-08 0.0001038394392
ERROR in TPDF::Open: Cannot open file:../data/190516/pdf/qcd_Rate2_13.pdf
lowest error 2.7 2.6911505871e-07
2.7 2.6911505871e-07 2.06726279979e-05
2.7 2.69114439051e-07 3.41403553366e-05
2.7 2.69115678371e-07 7.54843050643e-05
2.7 2.69113819392e-07 8.89546449709e-05
2.7 2.69116298034e-07 0.000130294675892
2.7 2.69113199736e-07 0.000143770240889
2.7 2.69116917698e-07 0.000185103740513
2.7 2.6911258008e-07 0.000198587143216
2.7 2.69117537363e-07 0.00023991149891
2.7 2.69111960426e-07 0.000253405351939
2.7 2.6911815703e-07 0.000294717951211
2.7 2.69111340774e-07 0.000308224867084
lowest error 2.7 2.1519392159e-08
2.7 2.1519392159e-08 8.55158746482e-06
2.7 2.15193426088e-08 1.18017514117e-05
2.7 2.15194417093e-08 2.89051064364e-05
2.7 2.15192930588e-08 3.21549101763e-05
2.7 2.15194912597e-08 4.92588055403e-05
2.7 2.15192435088e-08 5.25078888307e-05
2.7 2.15195408102e-08 6.96126847615e-05
2.7 2.1519193959e-08 7.28606873763e-05
2.7 2.15195903608e-08 8.99667441003e-05
2.7 2.15191444093e-08 9.32133058154e-05
2.7 2.15196399116e-08 0.000110320983558
2.7 2.15190948597e-08 0.000113565744149
ERROR in TPDF::Open: Cannot open file:../data/190516/pdf/qcd_Rate2_14.pdf
lowest error 2.8 2.62153101402e-07
2.8 2.62153101402e-07 1.64844009563e-05
2.8 2.62152497773e-07 4.12754950965e-05
2.8 2.62153705032e-07 7.42428465621e-05
2.8 2.62151894145e-07 9.90368417355e-05
2.8 2.62154308664e-07 0.000131999841706
2.8 2.62151290518e-07 0.000156799638945
2.8 2.62154912297e-07 0.000189755386425
2.8 2.62150686893e-07 0.000214563886762
2.8 2.62155515932e-07 0.000247509480755
2.8 2.6215008327e-07 0.000272329585223
2.8 2.62156119568e-07 0.000305262124733
2.8 2.62149479648e-07 0.000330096734364
lowest error 2.8 2.23624817939e-08
2.8 2.23624817939e-08 7.88451070877e-06
2.8 2.23624303024e-08 1.03462321861e-05
2.8 2.23625332854e-08 2.61153981089e-05
2.8 2.23623788111e-08 2.8576830577e-05
2.8 2.23625847771e-08 4.43464300148e-05
2.8 2.23623273198e-08 4.68072844653e-05
2.8 2.23626362689e-08 6.25776064118e-05
2.8 2.23622758287e-08 6.50375938358e-05
2.8 2.23626877609e-08 8.08089273332e-05
2.8 2.23622243378e-08 8.32677587219e-05
2.8 2.23627392529e-08 9.90403927648e-05
2.8 2.23621728469e-08 0.000101497779109
ERROR in TPDF::Open: Cannot open file:../data/190516/pdf/qcd_Rate2_15.pdf
lowest error 2.9 2.46931218801e-07
2.9 2.46931218801e-07 1.00249774668e-05
2.9 2.46931787382e-07 2.45405355419e-05
2.9 2.46930650221e-07 4.45910099485e-05
2.9 2.46932355964e-07 5.91055290853e-05
2.9 2.46930081643e-07 7.91575619101e-05
2.9 2.46932924547e-07 9.36700031411e-05
2.9 2.46929513066e-07 0.00011372463336
2.9 2.46933493132e-07 0.000128233957778
2.9 2.46928944491e-07 0.000148292224276
2.9 2.46934061718e-07 0.000162797392973
2.9 2.46928375916e-07 0.000182860334727
2.9 2.46934630305e-07 0.000197360308735
lowest error 2.9 2.27127123122e-08
2.9 2.27127123122e-08 4.1347749784e-06
2.9 2.27126600143e-08 1.30076525258e-05
2.9 2.27127646102e-08 2.12773302506e-05
2.9 2.27126077165e-08 3.01499522646e-05
2.9 2.27128169083e-08 3.84200132753e-05
2.9 2.27125554188e-08 4.72921242376e-05
2.9 2.27128692066e-08 5.55628240839e-05
2.9 2.27125031213e-08 6.44341684461e-05
2.9 2.27129215049e-08 7.27057626628e-05
2.9 2.27124508239e-08 8.15760848765e-05
2.9 2.27129738034e-08 8.98488290129e-05
2.9 2.27123985266e-08 9.87178735596e-05
ERROR in TPDF::Open: Cannot open file:../data/190516/pdf/qcd_Rate2_16.pdf
lowest error 3.0 2.25793273541e-07
3.0 2.25793273541e-07 3.81118686033e-06
3.0 2.2579379345e-07 3.71466522728e-05
3.0 2.25792753633e-07 4.47697553363e-05
3.0 2.2579431336e-07 7.81037620396e-05
3.0 2.25792233727e-07 8.57290532399e-05
3.0 2.25794833271e-07 0.000119060142453
3.0 2.25791713822e-07 0.000126689080549
3.0 2.25795353183e-07 0.000160015793528
3.0 2.25791193918e-07 0.000167649837276
3.0 2.25795873097e-07 0.000200970715275
3.0 2.25790674015e-07 0.000208611323434
3.0 2.25796393012e-07 0.000241924907671
lowest error 3.0 2.34628627427e-08
3.0 2.34628627427e-08 1.82592658415e-06
3.0 2.34628087175e-08 1.77475300096e-05
3.0 2.3462916768e-08 2.13995497531e-05
3.0 2.34627546924e-08 3.73208200291e-05
3.0 2.34629707934e-08 4.09733394986e-05
3.0 2.34627006675e-08 5.68939434764e-05
3.0 2.34630248189e-08 6.05472958051e-05
3.0 2.34626466427e-08 7.64669003352e-05
3.0 2.34630788446e-08 8.01214187081e-05
3.0 2.3462592618e-08 9.60396906415e-05
3.0 2.34631328704e-08 9.96957081925e-05
3.0 2.34625385935e-08 0.00011561231438
ERROR in TPDF::Open: Cannot open file:../data/190516/pdf/qcd_Rate2_17.pdf
lowest error 3.1 2.16448210697e-07
3.1 2.16448210697e-07 1.30821694322e-05
3.1 2.16447712307e-07 3.51188069168e-05
3.1 2.16448709088e-07 6.12821356505e-05
3.1 2.16447213918e-07 8.33207933733e-05
3.1 2.1644920748e-07 0.00010948109176
3.1 2.16446715531e-07 0.000131523790045
3.1 2.16449705873e-07 0.000157679037784
3.1 2.16446217144e-07 0.00017972779691
3.1 2.16450204268e-07 0.00020587597374
3.1 2.16445718759e-07 0.000227932813989
3.1 2.16450702663e-07 0.00025407189965
3.1 2.16445220375e-07 0.000276138841305
lowest error 3.1 2.36946337413e-08
3.1 2.36946337413e-08 4.07187773099e-06
3.1 2.36945791824e-08 1.38040472377e-05
3.1 2.36946883002e-08 2.19479416343e-05
3.1 2.36945246237e-08 3.16798332722e-05
3.1 2.36947428593e-08 3.98241444741e-05
3.1 2.36944700651e-08 4.95554803579e-05
3.1 2.36947974186e-08 5.77004862512e-05
3.1 2.36944155066e-08 6.74309885276e-05
3.1 2.36948519779e-08 7.557696695e-05
3.1 2.36943609483e-08 8.53063577666e-05
3.1 2.36949065374e-08 9.34535866048e-05
3.1 2.36943063901e-08 0.000103181588076
ERROR in TPDF::Open: Cannot open file:../data/190516/pdf/qcd_Rate2_18.pdf
lowest error 3.2 2.01402566256e-07
3.2 2.01402566256e-07 1.01547352482e-05
3.2 2.01403030003e-07 4.60213506175e-05
3.2 2.0140210251e-07 6.63321931573e-05
3.2 2.01403493751e-07 0.000102196064423
3.2 2.01401638765e-07 0.000122511023244
3.2 2.01403957501e-07 0.000158369406202
3.2 2.01401175021e-07 0.000178691225492
3.2 2.01404421251e-07 0.000214541375986
3.2 2.01400711278e-07 0.000234872799934
3.2 2.01404885002e-07 0.000270711973812
3.2 2.01400247537e-07 0.000291055746604
3.2 2.01405348755e-07 0.000326881199712
lowest error 3.2 2.39427483001e-08
3.2 2.39427483001e-08 5.89271330576e-06
3.2 2.39428034304e-08 1.27827808734e-05
3.2 2.394269317e-08 2.45680558453e-05
3.2 2.39428585608e-08 3.14584266934e-05
3.2 2.394263804e-08 4.32432467452e-05
3.2 2.39429136913e-08 5.01342241566e-05
3.2 2.39425829101e-08 6.19182859909e-05
3.2 2.3942968822e-08 6.88101732464e-05
3.2 2.39425277803e-08 8.05931736174e-05
3.2 2.39430239528e-08 8.74862739981e-05
3.2 2.39424726506e-08 9.92679096088e-05
3.2 2.39430790837e-08 0.000106162526396
ERROR in TPDF::Open: Cannot open file:../data/190516/pdf/qcd_Rate2_19.pdf
lowest error 3.3 1.94267879621e-07
3.3 1.94267879621e-07 1.9007444565e-06
3.3 1.94267432303e-07 3.09717177389e-05
3.3 1.9426832694e-07 3.47727368037e-05
3.3 1.94266984986e-07 6.38446497603e-05
3.3 1.9426877426e-07 6.76442593677e-05
3.3 1.94266537671e-07 9.67180516147e-05
3.3 1.94269221581e-07 0.000100515312126
3.3 1.94266090356e-07 0.000129591923308
3.3 1.94269668902e-07 0.000133385895085
3.3 1.94265643042e-07 0.000162466264848
3.3 1.94270116225e-07 0.000166256008252
3.3 1.9426519573e-07 0.000195341076211
lowest error 3.3 2.41701307633e-08
3.3 2.41701307633e-08 1.92056605242e-06
3.3 2.41701864172e-08 1.62339565177e-05
3.3 2.41700751096e-08 2.00749453252e-05
3.3 2.41702420712e-08 3.43886223866e-05
3.3 2.4170019456e-08 3.82291813015e-05
3.3 2.41702977253e-08 5.2543431555e-05
3.3 2.41699638026e-08 5.63832739662e-05
3.3 2.41703533795e-08 7.06983840089e-05
3.3 2.41699081492e-08 7.4537223353e-05
3.3 2.41704090339e-08 8.88534797805e-05
3.3 2.4169852496e-08 9.26910294465e-05
3.3 2.41704646884e-08 0.000107008718855
ERROR in TPDF::Open: Cannot open file:../data/190516/pdf/qcd_Rate2_20.pdf
lowest error 3.4 1.90745367787e-07
3.4 1.90745367787e-07 9.65430108613e-06
3.4 1.90745806995e-07 1.77907283359e-05
3.4 1.9074492858e-07 3.70996580021e-05
3.4 1.90746246204e-07 4.52354302682e-05
3.4 1.90744489374e-07 6.45453423913e-05
3.4 1.90746685414e-07 7.26798047146e-05
3.4 1.90744050169e-07 9.1991354306e-05
3.4 1.90747124625e-07 0.000100123851679
3.4 1.90743610965e-07 0.000119437693727
3.4 1.90747563837e-07 0.000127567571142
3.4 1.90743171762e-07 0.000146884360656
3.4 1.9074800305e-07 0.000155010963154
lowest error 3.4 2.47840912841e-08
3.4 2.47840912841e-08 1.39270359822e-06
3.4 2.47841483517e-08 1.64876935926e-05
3.4 2.47840342167e-08 1.9272961802e-05
3.4 2.47842054193e-08 3.4368229803e-05
3.4 2.47839771494e-08 3.71530810042e-05
3.4 2.47842624871e-08 5.22489050185e-05
3.4 2.47839200823e-08 5.50330612059e-05
3.4 2.47843195551e-08 7.01297192398e-05
3.4 2.47838630152e-08 7.29129024077e-05
3.4 2.47843766231e-08 8.80106724681e-05
3.4 2.47838059484e-08 9.07926046114e-05
3.4 2.47844336913e-08 0.000105891764705
ERROR in TPDF::Open: Cannot open file:../data/190516/pdf/qcd_Rate2_21.pdf
lowest error 3.5 1.75872525489e-07
3.5 1.75872525489e-07 1.25123413786e-05
3.5 1.75872930451e-07 2.66539331371e-05
3.5 1.75872120528e-07 5.1679282858e-05
3.5 1.75873335414e-07 6.58195406666e-05
3.5 1.75871715568e-07 9.0846891311e-05
3.5 1.75873740377e-07 0.000104984481291
3.5 1.75871310609e-07 0.00013001516675
3.5 1.75874145342e-07 0.000144148754986
3.5 1.7587090565e-07 0.000169184109186
3.5 1.75874550308e-07 0.000183312361763
3.5 1.75870500693e-07 0.000208353718596
3.5 1.75874955274e-07 0.000222475301635
lowest error 3.5 2.47135423461e-08
3.5 2.47135423461e-08 8.13755648643e-06
3.5 2.47135992512e-08 1.07881537921e-05
3.5 2.47134854412e-08 2.70631110171e-05
3.5 2.47136561565e-08 2.97140198025e-05
3.5 2.47134285363e-08 4.59885098354e-05
3.5 2.47137130618e-08 4.86400415465e-05
3.5 2.47133716316e-08 6.49137529254e-05
3.5 2.47137699673e-08 6.7566219025e-05
3.5 2.4713314727e-08 8.3838840288e-05
3.5 2.47138268729e-08 8.64925522395e-05
3.5 2.47132578226e-08 0.000102763771925
3.5 2.47138837787e-08 0.000105419041191
ERROR in TPDF::Open: Cannot open file:../data/190516/pdf/qcd_Rate2_22.pdf
lowest error 3.6 1.58164859539e-07
3.6 1.58164859539e-07 1.20973122191e-05
3.6 1.58164495352e-07 2.01692736406e-05
3.6 1.58165223728e-07 4.43634454155e-05
3.6 1.58164131165e-07 5.24363121683e-05
3.6 1.58165587917e-07 7.66291259566e-05
3.6 1.58163766979e-07 8.47038033709e-05
3.6 1.58165952107e-07 0.000108894353819
3.6 1.58163402794e-07 0.000116971747256
3.6 1.58166316298e-07 0.000141159129067
3.6 1.5816303861e-07 0.000149240143799
3.6 1.5816668049e-07 0.000173423451677
3.6 1.58162674426e-07 0.000181508993065
lowest error 3.6 2.49174732099e-08
3.6 2.49174732099e-08 6.58039841461e-06
3.6 2.49175305846e-08 1.11977405797e-05
3.6 2.49174158354e-08 2.43583999917e-05
3.6 2.49175879594e-08 2.89760169774e-05
3.6 2.4917358461e-08 4.21362641521e-05
3.6 2.49176453343e-08 4.67544308105e-05
3.6 2.49173010867e-08 5.99139908966e-05
3.6 2.49177027094e-08 6.45329820643e-05
3.6 2.49172437125e-08 7.7691580227e-05
3.6 2.49177600846e-08 8.23116707407e-05
3.6 2.49171863385e-08 9.54690321278e-05
3.6 2.49178174599e-08 0.00010009049684
ERROR in TPDF::Open: Cannot open file:../data/190516/pdf/qcd_Rate2_23.pdf
lowest error 3.7 1.57038088391e-07
3.7 1.57038088391e-07 7.2741561925e-06
3.7 1.57037726798e-07 2.32293096483e-05
3.7 1.57038449985e-07 3.77772174622e-05
3.7 1.57037365205e-07 5.37331800392e-05
3.7 1.5703881158e-07 6.827987422e-05
3.7 1.57037003614e-07 8.42374549848e-05
3.7 1.57039173175e-07 9.8782126444e-05
3.7 1.57036642023e-07 0.000114742134491
3.7 1.57039534772e-07 0.00012928397414
3.7 1.57036280433e-07 0.000145247218564
3.7 1.57039896369e-07 0.000159785417313
3.7 1.57035918844e-07 0.000175752707207
lowest error 3.7 2.37842795098e-08
3.7 2.37842795098e-08 2.27477059811e-06
3.7 2.37843342752e-08 1.5572676427e-05
3.7 2.37842247445e-08 2.01220791327e-05
3.7 2.37843890407e-08 3.3420261945e-05
3.7 2.37841699794e-08 3.79692491772e-05
3.7 2.37844438064e-08 5.12679859557e-05
3.7 2.37841152144e-08 5.58162807329e-05
3.7 2.37844985721e-08 6.91158484445e-05
3.7 2.37840604495e-08 7.36631737857e-05
3.7 2.3784553338e-08 8.69638494447e-05
3.7 2.37840056847e-08 9.15099283669e-05
3.7 2.3784608104e-08 0.000104811988941
ERROR in TPDF::Open: Cannot open file:../data/190516/pdf/qcd_Rate2_24.pdf
lowest error 3.8 1.43806328993e-07
3.8 1.43806328993e-07 1.89788107896e-06
3.8 1.4380666012e-07 3.65176906301e-05
3.8 1.43805997868e-07 4.03140944654e-05
3.8 1.43806991248e-07 7.49326207412e-05
3.8 1.43805666742e-07 7.87309495056e-05
3.8 1.43807322376e-07 0.00011334690923
3.8 1.43805335618e-07 0.000117148446211
3.8 1.43807653505e-07 0.000151760556108
3.8 1.43805004494e-07 0.000155566584592
3.8 1.43807984635e-07 0.000190173561385
3.8 1.43804673371e-07 0.000193985364659
3.8 1.43808315765e-07 0.000228585925072
lowest error 3.8 2.29521831097e-08
3.8 2.29521831097e-08 2.61737439899e-06
3.8 2.29521302604e-08 1.35858345347e-05
3.8 2.29522359591e-08 1.88206974832e-05
3.8 2.29520774112e-08 2.97889293188e-05
3.8 2.29522888087e-08 3.50241347178e-05
3.8 2.29520245622e-08 4.59919099542e-05
3.8 2.29523416583e-08 5.12276860904e-05
3.8 2.29519717133e-08 6.21947764277e-05
3.8 2.29523945081e-08 6.74313516296e-05
3.8 2.29519188645e-08 7.83975287684e-05
3.8 2.2952447358e-08 8.36351313223e-05
3.8 2.29518660158e-08 9.46001669631e-05
ERROR in TPDF::Open: Cannot open file:../data/190516/pdf/qcd_Rate2_25.pdf
lowest error 3.9 1.32713468586e-07
3.9 1.32713468586e-07 5.99904426224e-06
3.9 1.32713163003e-07 3.09510095362e-05
3.9 1.32713774171e-07 4.29485044573e-05
3.9 1.3271285742e-07 6.79016569487e-05
3.9 1.32714079756e-07 7.98973710587e-05
3.9 1.32712551837e-07 0.00010485289795
3.9 1.32714385342e-07 0.000116845644075
3.9 1.32712246256e-07 0.000141804732617
3.9 1.32714690928e-07 0.000153793323484
3.9 1.32711940675e-07 0.000178757160925
3.9 1.32714996515e-07 0.00019074040936
3.9 1.32711635095e-07 0.000215710182884
lowest error 3.9 2.25399526821e-08
3.9 2.25399526821e-08 2.06740039976e-06
3.9 2.25400045823e-08 1.44682230392e-05
3.9 2.2539900782e-08 1.86029049578e-05
3.9 2.25400564826e-08 3.10039653444e-05
3.9 2.2539848882e-08 3.51382906363e-05
3.9 2.25401083831e-08 4.75398265469e-05
3.9 2.25397969821e-08 5.16735574365e-05
3.9 2.25401602836e-08 6.40758066317e-05
3.9 2.25397450824e-08 6.82087053581e-05
3.9 2.25402121843e-08 8.06119056014e-05
3.9 2.25396931828e-08 8.47437344031e-05
3.9 2.25402640852e-08 9.71481234551e-05
ERROR in TPDF::Open: Cannot open file:../data/190516/pdf/qcd_Rate2_26.pdf
lowest error 4.0 1.21843397379e-07
4.0 1.21843397379e-07 5.84254139868e-06
4.0 1.21843677934e-07 2.03873665621e-05
4.0 1.21843116825e-07 3.20727484961e-05
4.0 1.2184395849e-07 4.66169753901e-05
4.0 1.21842836271e-07 5.83032547334e-05
4.0 1.21844239046e-07 7.28462850645e-05
4.0 1.21842555718e-07 8.45340601141e-05
4.0 1.21844519603e-07 9.90752956356e-05
4.0 1.21842275165e-07 0.000110765164642
4.0 1.21844800161e-07 0.000125304007085
4.0 1.21841994613e-07 0.000136996568296
4.0 1.21845080719e-07 0.000151532419413
lowest error 4.0 2.20975436272e-08
4.0 2.20975436272e-08 5.88890261488e-06
4.0 2.20974927458e-08 9.91566089903e-06
4.0 2.20975945087e-08 2.16935747166e-05
4.0 2.20974418645e-08 2.57201158109e-05
4.0 2.20976453904e-08 3.7498355435e-05
4.0 2.20973909833e-08 4.15244621221e-05
4.0 2.20976962722e-08 5.33032447585e-05
4.0 2.20973401022e-08 5.73286998331e-05
4.0 2.2097747154e-08 6.91082426854e-05
4.0 2.20972892213e-08 7.31328289452e-05
4.0 2.2097798036e-08 8.49133492178e-05
4.0 2.20972383405e-08 8.89368494583e-05
ERROR in TPDF::Open: Cannot open file:../data/190516/pdf/qcd_Rate2_27.pdf
lowest error 4.1 1.07848224567e-07
4.1 1.07848224567e-07 3.91647932707e-06
4.1 1.07847976238e-07 2.50103489692e-05
4.1 1.07848472897e-07 3.28429438183e-05
4.1 1.07847727909e-07 5.39375410757e-05
4.1 1.07848721228e-07 6.17690445086e-05
4.1 1.07847479581e-07 8.28650969966e-05
4.1 1.07848969559e-07 9.06947814032e-05
4.1 1.07847231253e-07 0.000111793016711
4.1 1.07849217891e-07 0.00011962015448
4.1 1.07846982926e-07 0.000140721300275
4.1 1.07849466223e-07 0.000148545163796
4.1 1.07846734599e-07 0.000169649947667
lowest error 4.1 2.11214631575e-08
4.1 2.11214631575e-08 3.2082637702e-06
4.1 2.11214145236e-08 1.08826722638e-05
4.1 2.11215117916e-08 1.72992861329e-05
4.1 2.11213658898e-08 2.4973521958e-05
4.1 2.11215604257e-08 3.13903948244e-05
4.1 2.11213172562e-08 3.90642853372e-05
4.1 2.112160906e-08 4.54815898459e-05
4.1 2.11212686226e-08 5.3154962389e-05
4.1 2.11216576943e-08 5.9572871197e-05
4.1 2.11212199891e-08 6.72455531148e-05
4.1 2.11217063288e-08 7.36642388661e-05
4.1 2.11211713558e-08 8.13360575145e-05
ERROR in TPDF::Open: Cannot open file:../data/190516/pdf/qcd_Rate2_28.pdf
lowest error 4.2 1.05114105766e-07
4.2 1.05114105766e-07 4.7259606637e-06
4.2 1.05113863732e-07 3.09018729654e-05
4.2 1.05114347801e-07 4.03532424125e-05
4.2 1.05113621699e-07 6.65302584832e-05
4.2 1.05114589836e-07 7.59799722889e-05
4.2 1.05113379666e-07 0.000102159195868
4.2 1.05114831871e-07 0.000111606150301
4.2 1.05113137634e-07 0.00013778868519
4.2 1.05115073908e-07 0.000147231776428
4.2 1.05112895602e-07 0.000173418726428
4.2 1.05115315944e-07 0.000182856850739
4.2 1.05112653571e-07 0.000209049319588
lowest error 4.2 2.16810344745e-08
4.2 2.16810344745e-08 3.48033933451e-06
4.2 2.1681084397e-08 1.08320852865e-05
4.2 2.16809845522e-08 1.77926748921e-05
4.2 2.16811343196e-08 2.5144598971e-05
4.2 2.16809346299e-08 3.21049213881e-05
4.2 2.16811842423e-08 3.94572017193e-05
4.2 2.16808847078e-08 4.64170788095e-05
4.2 2.16812341651e-08 5.3769893519e-05
4.2 2.16808347857e-08 6.07291471826e-05
4.2 2.16812840881e-08 6.80826743968e-05
4.2 2.16807848638e-08 7.50411264945e-05
4.2 2.16813340111e-08 8.23955443403e-05
ERROR in TPDF::Open: Cannot open file:../data/190516/pdf/qcd_Rate2_29.pdf
lowest error 4.3 1.04384977034e-07
4.3 1.04384977034e-07 8.29277329961e-06
4.3 1.04384736679e-07 2.39436556457e-05
4.3 1.04385217389e-07 4.05287504286e-05
4.3 1.04384496324e-07 5.61805364128e-05
4.3 1.04385457746e-07 7.27642757479e-05
4.3 1.0438425597e-07 8.84178690086e-05
4.3 1.04385698102e-07 0.000104999349236
4.3 1.04384015617e-07 0.000120655653439
4.3 1.04385938459e-07 0.000137233970955
4.3 1.04383775264e-07 0.000152893889682
4.3 1.04386178817e-07 0.000169468140884
4.3 1.04383534912e-07 0.000185132577802
lowest error 4.3 2.38649758928e-08
4.3 2.38649758928e-08 3.79706941445e-08
4.3 2.38649209417e-08 1.55023874848e-05
4.3 2.3865030844e-08 1.55784338891e-05
4.3 2.38648659908e-08 3.10426406767e-05
4.3 2.38650857953e-08 3.11190020867e-05
4.3 2.386481104e-08 4.6582788868e-05
4.3 2.38651407468e-08 4.66596752875e-05
4.3 2.38647560893e-08 6.21228320594e-05
4.3 2.38651956984e-08 6.22004534923e-05
4.3 2.38647011387e-08 7.76627702521e-05
4.3 2.38652506501e-08 7.77413367015e-05
4.3 2.38646461883e-08 9.32026034461e-05
ERROR in TPDF::Open: Cannot open file:../data/190516/pdf/qcd_Rate2_30.pdf
lowest error 4.4 9.19280398704e-08
4.4 9.19280398704e-08 6.42844714571e-06
4.4 9.19278281985e-08 1.61007907353e-05
4.4 9.19282515428e-08 2.89574643682e-05
4.4 9.19276165271e-08 3.86302493189e-05
4.4 9.19284632157e-08 5.14862609124e-05
4.4 9.19274048562e-08 6.1159928586e-05
4.4 9.1928674889e-08 7.40148367822e-05
4.4 9.19271931858e-08 8.36898285392e-05
4.4 9.19288865629e-08 9.65431919782e-05
4.4 9.19269815159e-08 0.000106219949181
4.4 9.19290982372e-08 0.000119071326504
4.4 9.19267698464e-08 0.000128750290513
lowest error 4.4 2.27884611863e-08
4.4 2.27884611863e-08 6.70404715741e-06
4.4 2.2788408714e-08 9.18711011755e-06
4.4 2.27885136587e-08 2.25953142285e-05
4.4 2.27883562418e-08 2.50781575839e-05
4.4 2.27885661313e-08 3.84866910959e-05
4.4 2.27883037697e-08 4.09690952705e-05
4.4 2.2788618604e-08 5.43781777602e-05
4.4 2.27882512978e-08 5.68599231636e-05
4.4 2.27886710768e-08 7.02697742225e-05
4.4 2.2788198826e-08 7.27506412641e-05
4.4 2.27887235497e-08 8.61614804695e-05
4.4 2.27881463543e-08 8.86412495729e-05
ERROR in TPDF::Open: Cannot open file:../data/190516/pdf/qcd_Rate2_31.pdf
lowest error 4.5 8.95614260385e-08
4.5 8.95614260385e-08 9.56809803432e-06
4.5 8.95616322616e-08 1.34962915852e-05
4.5 8.9561219816e-08 3.26327189453e-05
4.5 8.95618384851e-08 3.65604499164e-05
4.5 8.95610135939e-08 5.5697571149e-05
4.5 8.95620447091e-08 5.96243769611e-05
4.5 8.95608073722e-08 7.87626546486e-05
4.5 8.95622509335e-08 8.2688072701e-05
4.5 8.95606011511e-08 0.000101827969425
4.5 8.95624571585e-08 0.00010575153718
4.5 8.95603949304e-08 0.000124893515522
4.5 8.95626633839e-08 0.00012881477038
lowest error 4.5 2.42564923945e-08
4.5 2.42564923945e-08 1.73671905035e-06
4.5 2.4256436542e-08 1.40204216783e-05
4.5 2.42565482472e-08 1.74939677313e-05
4.5 2.42563806895e-08 2.97774544427e-05
4.5 2.42566041001e-08 3.32513243646e-05
4.5 2.42563248372e-08 4.55343792702e-05
4.5 2.4256659953e-08 4.90087889511e-05
4.5 2.4256268985e-08 6.12911961482e-05
4.5 2.42567158061e-08 6.47663614912e-05
4.5 2.4256213133e-08 7.70479050778e-05
4.5 2.42567716593e-08 8.05240419863e-05
4.5 2.4256157281e-08 9.28045060591e-05
ERROR in TPDF::Open: Cannot open file:../data/190516/pdf/qcd_Rate2_32.pdf
lowest error 4.6 8.59634822925e-08
4.6 8.59634822925e-08 6.81681211123e-06
4.6 8.59632843545e-08 1.53771528031e-05
4.6 8.5963680231e-08 2.9010562884e-05
4.6 8.5963086417e-08 3.7571331899e-05
4.6 8.59638781699e-08 5.12040994991e-05
4.6 8.59628884799e-08 5.97657251595e-05
4.6 8.59640761093e-08 7.33974219576e-05
4.6 8.59626905433e-08 8.19603325861e-05
4.6 8.59642740491e-08 9.55905302624e-05
4.6 8.59624926071e-08 0.000104155154182
4.6 8.59644719894e-08 0.000117783424415
4.6 8.59622946713e-08 0.000126350189948
lowest error 4.6 2.49449133679e-08
4.6 2.49449133679e-08 2.77543848259e-06
4.6 2.49449708057e-08 1.32566507283e-05
4.6 2.49448559301e-08 1.88074159575e-05
4.6 2.49450282437e-08 2.92888517048e-05
4.6 2.49447984926e-08 3.48392816822e-05
4.6 2.49450856818e-08 4.53211644333e-05
4.6 2.49447410551e-08 5.08710356577e-05
4.6 2.49451431201e-08 6.13535889151e-05
4.6 2.49446836178e-08 6.69026778852e-05
4.6 2.49452005584e-08 7.73861251506e-05
4.6 2.49446261806e-08 8.29342083648e-05
4.6 2.4945257997e-08 9.34187731403e-05
ERROR in TPDF::Open: Cannot open file:../data/190516/pdf/qcd_Rate2_33.pdf
lowest error 4.7 8.333242114e-08
4.7 8.333242114e-08 5.2682131102e-07
4.7 8.33326130202e-08 2.22620700123e-05
4.7 8.33322292602e-08 2.33159384333e-05
4.7 8.33328049009e-08 4.50507355376e-05
4.7 8.33320373809e-08 4.61052813576e-05
4.7 8.3332996782e-08 6.78391752689e-05
4.7 8.3331845502e-08 6.88948500858e-05
4.7 8.33331886635e-08 9.0627389187e-05
4.7 8.33316536236e-08 9.16846445995e-05
4.7 8.33333805455e-08 0.000113415377335
4.7 8.33314617456e-08 0.000114474664942
4.7 8.33335724279e-08 0.000136203139695
lowest error 4.7 2.53667600013e-08
4.7 2.53667600013e-08 1.48591212268e-06
4.7 2.53668184105e-08 1.10486674765e-05
4.7 2.53667015922e-08 1.40204234e-05
4.7 2.53668768198e-08 2.35833153872e-05
4.7 2.53666431833e-08 2.65548663783e-05
4.7 2.53669352293e-08 3.61180316091e-05
4.7 2.53665847745e-08 3.90892410462e-05
4.7 2.53669936389e-08 4.86528161434e-05
4.7 2.53665263659e-08 5.16235474044e-05
4.7 2.53670520486e-08 6.11876689898e-05
4.7 2.53664679574e-08 6.41577854532e-05
4.7 2.53671104585e-08 7.37225901375e-05
ERROR in TPDF::Open: Cannot open file:../data/190516/pdf/qcd_Rate2_34.pdf
lowest error 4.8 7.57849555113e-08
4.8 7.57849555113e-08 3.43466121278e-06
4.8 7.57851300128e-08 1.17256131471e-05
4.8 7.57847810102e-08 1.85950355016e-05
4.8 7.57853045147e-08 2.68857875665e-05
4.8 7.57846065095e-08 3.37555097194e-05
4.8 7.5785479017e-08 4.20458620725e-05
4.8 7.57844320092e-08 4.89160838666e-05
4.8 7.57856535197e-08 5.72058366521e-05
4.8 7.57842575093e-08 6.40767579445e-05
4.8 7.57858280229e-08 7.2365711306e-05
4.8 7.57840830098e-08 7.92375319394e-05
4.8 7.57860025264e-08 8.75254860344e-05
lowest error 4.8 2.64008554948e-08
4.8 2.64008554948e-08 2.13664688609e-07
4.8 2.64009162851e-08 1.10704861647e-05
4.8 2.64007947046e-08 1.14977601702e-05
4.8 2.64009770755e-08 2.23546923794e-05
4.8 2.64007339146e-08 2.27818003005e-05
4.8 2.6401037866e-08 3.36389539561e-05
4.8 2.64006731247e-08 3.40657850697e-05
4.8 2.64010986568e-08 4.49232708952e-05
4.8 2.6400612335e-08 4.53497144788e-05
4.8 2.64011594476e-08 5.62076431971e-05
4.8 2.64005515454e-08 5.66335885268e-05
4.8 2.64012202386e-08 6.74920708614e-05
ERROR in TPDF::Open: Cannot open file:../data/190516/pdf/qcd_Rate2_35.pdf
lowest error 4.9 7.18290297297e-08
4.9 7.18290297297e-08 1.03013389108e-06
4.9 7.18288643374e-08 1.79053764153e-05
4.9 7.18291951223e-08 1.99654883062e-05
4.9 7.18286989455e-08 3.68410426148e-05
4.9 7.18293605153e-08 3.89006868304e-05
4.9 7.1828533554e-08 5.57768647091e-05
4.9 7.18295259087e-08 5.78357294496e-05
4.9 7.18283681629e-08 7.47128426815e-05
4.9 7.18296913025e-08 7.6770616197e-05
4.9 7.18282027721e-08 9.36489765673e-05
4.9 7.18298566967e-08 9.57053470585e-05
4.9 7.18280373818e-08 0.000112585266351
lowest error 4.9 2.76608804722e-08
4.9 2.76608804722e-08 4.45217502865e-06
4.9 2.76609441638e-08 5.10916584107e-06
4.9 2.76608167807e-08 1.4013476151e-05
4.9 2.76610078555e-08 1.46705464581e-05
4.9 2.76607530894e-08 2.35747375261e-05
4.9 2.76610715474e-08 2.42319668149e-05
4.9 2.76606893982e-08 3.31359591543e-05
4.9 2.76611352394e-08 3.37934269279e-05
4.9 2.76606257072e-08 4.26971410268e-05
4.9 2.76611989316e-08 4.33549267886e-05
4.9 2.76605620163e-08 5.22582831612e-05
4.9 2.7661262624e-08 5.29164663976e-05
ERROR in TPDF::Open: Cannot open file:../data/190516/pdf/qcd_Rate2_36.pdf
lowest error 5.0 6.67009470088e-08
5.0 6.67009470088e-08 2.66341168631e-06
5.0 6.67007934243e-08 1.63725859981e-05
5.0 6.67011005936e-08 2.16992518363e-05
5.0 6.67006398403e-08 3.54087412511e-05
5.0 6.67012541787e-08 4.07349344371e-05
5.0 6.67004862565e-08 5.44450540572e-05
5.0 6.67014077642e-08 5.97704594898e-05
5.0 6.67003326732e-08 7.34815244181e-05
5.0 6.670156135e-08 7.88058269956e-05
5.0 6.67001790902e-08 9.25181523348e-05
5.0 6.67017149362e-08 9.78410369563e-05
5.0 6.67000255075e-08 0.000111554937809
lowest error 5.0 2.82176602428e-08
5.0 2.82176602428e-08 2.10812051549e-06
5.0 2.82177252164e-08 7.112464115e-06
5.0 2.82175952693e-08 1.13286681818e-05
5.0 2.82177901902e-08 1.63330857026e-05
5.0 2.82175302959e-08 2.05491788829e-05
5.0 2.82178551641e-08 2.55537442633e-05
5.0 2.82174653227e-08 2.97696526199e-05
5.0 2.82179201382e-08 3.47744397891e-05
5.0 2.82174003497e-08 3.89900893927e-05
5.0 2.82179851124e-08 4.39951722804e-05
5.0 2.82173353768e-08 4.82104891928e-05
5.0 2.82180500868e-08 5.32159417372e-05
ERROR in TPDF::Open: Cannot open file:../data/190516/pdf/qcd_Rate2_37.pdf
ERROR in TPDF::Open: Cannot open file:../data/190516/pdf/qcd_Rate2_38.pdf
ERROR in TPDF::Open: Cannot open file:../data/190516/pdf/qcd_Rate2_39.pdf
ERROR in TPDF::Open: Cannot open file:../data/190516/pdf/qcd_Rate2_40.pdf
ERROR in TPDF::Open: Cannot open file:../data/190516/pdf/qcd_Rate2_41.pdf
