2.00000E-03 1.258925400E-04 5.361037662E+11
2.00000E-03 1.000000000E-04 4.436951981E+11
2.00000E-03 2.511886400E-04 3.772874756E+11
2.00000E-03 3.162277700E-04 2.385454869E+11
2.00000E-03 1.000000000E-03 7.858204235E+05
2.00000E-03 3.162277700E-03 1.377237200E-34
2.00000E-03 1.258925400E-05 1.153648493E+09
2.00000E-03 1.258925400E-06 1.329318736E+05
2.00000E-03 1.258925400E-07 1.408581227E+01
2.00000E-03 1.258925400E-08 1.363926628E-03
2.00000E-03 1.258925400E-09 1.263913067E-07
2.00000E-03 1.584893200E-05 3.089490723E+09
2.00000E-03 1.584893200E-06 3.068241751E+05
2.00000E-03 1.995262300E-04 5.220074047E+11
2.00000E-03 2.511886400E-06 2.214848950E+06
2.00000E-03 1.000000000E-09 5.032574403E-08
2.00000E-03 1.000000000E-08 5.180511361E-04
2.00000E-03 1.000000000E-07 5.204166704E+00
2.00000E-03 1.584893200E-07 3.439992783E+01
2.00000E-03 1.000000000E-05 5.465734238E+08
2.00000E-03 1.000000000E-06 5.526814864E+04
2.00000E-03 1.995262300E-08 8.325542050E-03
2.00000E-03 1.995262300E-07 7.763232233E+01
2.00000E-03 1.995262300E-06 9.140362961E+05
2.00000E-03 1.995262300E-05 6.733542235E+09
2.00000E-03 1.584893200E-09 3.248690814E-07
2.00000E-03 1.995262300E-09 8.371595445E-07
2.00000E-03 1.584893200E-08 3.272603145E-03
2.00000E-03 2.511886400E-05 1.675261974E+10
2.00000E-03 2.511886400E-09 2.193181170E-06
2.00000E-03 2.511886400E-07 2.159399215E+02
2.00000E-03 3.162277700E-05 3.453442624E+10
2.00000E-03 3.162277700E-06 4.912403865E+06
2.00000E-03 3.162277700E-07 5.565591161E+02
2.00000E-03 3.162277700E-08 4.836862347E-02
2.00000E-03 3.162277700E-09 5.050447002E-06
2.00000E-03 3.981071700E-05 6.824074416E+10
2.00000E-03 3.981071700E-06 1.318000908E+07
2.00000E-03 3.981071700E-07 1.420738136E+03
2.00000E-03 3.981071700E-08 1.321160338E-01
2.00000E-03 3.981071700E-09 1.334418951E-05
2.00000E-03 5.011872300E-05 1.281441524E+11
2.00000E-03 2.511886400E-08 1.986183414E-02
2.00000E-03 5.011872300E-06 3.228451224E+07
2.00000E-03 1.584893200E-04 6.039778565E+11
2.00000E-03 5.011872300E-09 3.470207801E-05
2.00000E-03 5.011872300E-07 2.811705231E+03
2.00000E-03 7.943282300E-09 2.051854601E-04
2.00000E-03 7.943282300E-08 2.050289427E+00
2.00000E-03 5.011872300E-08 3.122547304E-01
2.00000E-03 7.943282300E-06 2.024240345E+08
2.00000E-03 7.943282300E-07 1.862484703E+04
2.00000E-03 6.309573400E-09 7.744750717E-05
2.00000E-03 6.309573400E-08 8.418140694E-01
2.00000E-03 6.309573400E-07 8.246939668E+03
2.00000E-03 6.309573400E-06 8.392547952E+07
2.00000E-03 6.309573400E-05 2.245479515E+11
2.00000E-03 7.943282300E-05 3.299221259E+11
5.00000E-03 1.258925400E-09 8.185472248E-07
5.00000E-03 1.258925400E-08 8.242493377E-03
5.00000E-03 1.258925400E-07 7.894336920E+01
5.00000E-03 1.258925400E-06 7.192739683E+05
5.00000E-03 1.995262300E-04 6.556204821E+09
5.00000E-03 1.000000000E-03 2.031375500E-10
5.00000E-03 3.162277700E-04 3.625350792E+07
5.00000E-03 2.511886400E-04 2.247989934E+09
5.00000E-03 1.000000000E-04 6.021958536E+10
5.00000E-03 1.584893200E-05 9.456021736E+09
5.00000E-03 1.258925400E-05 4.838689133E+09
5.00000E-03 1.584893200E-04 1.329467550E+10
5.00000E-03 1.995262300E-09 4.921456659E-06
5.00000E-03 1.584893200E-06 2.065261969E+06
5.00000E-03 1.000000000E-08 3.044908011E-03
5.00000E-03 1.000000000E-07 3.210770980E+01
5.00000E-03 1.000000000E-06 3.312635506E+05
5.00000E-03 1.000000000E-05 2.468108285E+09
5.00000E-03 1.000000000E-09 3.277271902E-07
5.00000E-03 1.995262300E-07 5.077561578E+02
5.00000E-03 1.995262300E-06 5.226708551E+06
5.00000E-03 1.995262300E-05 1.901347821E+10
5.00000E-03 1.584893200E-09 2.135518067E-06
5.00000E-03 1.995262300E-08 5.076921081E-02
5.00000E-03 1.258925400E-04 3.556378936E+10
5.00000E-03 1.584893200E-07 2.013201464E+02
5.00000E-03 2.511886400E-06 1.406661363E+07
5.00000E-03 1.584893200E-08 1.940749333E-02
5.00000E-03 7.943282300E-08 1.304330129E+01
5.00000E-03 2.511886400E-05 3.218616453E+10
5.00000E-03 3.981071700E-08 7.884363031E-01
5.00000E-03 3.981071700E-06 7.748193538E+07
5.00000E-03 3.981071700E-05 6.980457187E+10
5.00000E-03 2.511886400E-09 1.278790852E-05
5.00000E-03 3.162277700E-08 3.185724022E-01
5.00000E-03 3.162277700E-07 3.169556543E+03
5.00000E-03 3.162277700E-06 3.167970165E+07
5.00000E-03 3.162277700E-05 4.878597119E+10
5.00000E-03 3.981071700E-09 7.463227945E-05
5.00000E-03 3.162277700E-09 3.342300741E-05
5.00000E-03 5.011872300E-05 8.095431513E+10
5.00000E-03 6.309573400E-07 5.354691779E+04
5.00000E-03 3.981071700E-07 8.112616874E+03
5.00000E-03 5.011872300E-08 2.200881304E+00
5.00000E-03 5.011872300E-07 2.051239989E+04
5.00000E-03 5.011872300E-06 1.734552705E+08
5.00000E-03 2.511886400E-08 1.398584892E-01
5.00000E-03 7.943282300E-09 1.199539150E-03
5.00000E-03 7.943282300E-07 1.266311315E+05
5.00000E-03 7.943282300E-06 9.968531971E+08
5.00000E-03 2.511886400E-07 1.266802290E+03
5.00000E-03 6.309573400E-09 4.910848235E-04
5.00000E-03 6.309573400E-08 5.352593052E+00
5.00000E-03 6.309573400E-06 4.296451991E+08
5.00000E-03 6.309573400E-05 8.497290178E+10
5.00000E-03 5.011872300E-09 2.169288787E-04
5.00000E-03 7.943282300E-05 7.335528335E+10
1.00000E-02 1.258925400E-09 3.416876072E-06
1.00000E-02 1.258925400E-08 3.254673610E-02
1.00000E-02 1.258925400E-07 3.067526625E+02
1.00000E-02 1.258925400E-06 3.036913694E+06
1.00000E-02 2.511886400E-04 8.374539584E+00
1.00000E-02 3.162277700E-04 3.228348009E-02
1.00000E-02 1.000000000E-04 7.170160935E+08
1.00000E-02 1.995262300E-04 1.702024100E+06
1.00000E-02 1.584893200E-04 3.107969733E+06
1.00000E-02 1.584893200E-05 1.148072640E+10
1.00000E-02 1.258925400E-05 7.922729839E+09
1.00000E-02 1.584893200E-06 8.037188863E+06
1.00000E-02 1.000000000E-05 4.903476822E+09
1.00000E-02 1.584893200E-08 7.803535679E-02
1.00000E-02 1.584893200E-07 8.028916494E+02
1.00000E-02 1.000000000E-08 1.319776898E-02
1.00000E-02 1.000000000E-07 1.520318161E+02
1.00000E-02 1.000000000E-06 1.230898343E+06
1.00000E-02 1.000000000E-09 1.344617154E-06
1.00000E-02 1.995262300E-08 1.841094639E-01
1.00000E-02 1.995262300E-07 2.199067714E+03
1.00000E-02 1.995262300E-06 1.970327884E+07
1.00000E-02 1.995262300E-05 1.674795340E+10
1.00000E-02 1.584893200E-09 8.494440101E-06
1.00000E-02 1.995262300E-09 2.139202643E-05
1.00000E-02 1.258925400E-04 1.836543670E+08
1.00000E-02 2.511886400E-07 4.584765946E+03
1.00000E-02 2.511886400E-08 5.966161188E-01
1.00000E-02 2.511886400E-05 2.034897653E+10
1.00000E-02 2.511886400E-06 4.779909682E+07
1.00000E-02 3.981071700E-07 3.292689700E+04
1.00000E-02 3.981071700E-06 2.452567756E+08
1.00000E-02 3.981071700E-05 1.925461338E+10
1.00000E-02 3.162277700E-07 1.273342736E+04
1.00000E-02 3.162277700E-08 6.000417856E-02
1.00000E-02 3.162277700E-06 1.090761756E+08
1.00000E-02 3.162277700E-05 2.308131539E+10
1.00000E-02 2.511886400E-09 5.199710703E-05
1.00000E-02 3.981071700E-09 3.161125986E-04
1.00000E-02 3.162277700E-09 1.184314301E-04
1.00000E-02 5.011872300E-05 1.509883116E+10
1.00000E-02 6.309573400E-07 1.991407279E+05
1.00000E-02 3.981071700E-08 2.748613848E+00
1.00000E-02 5.011872300E-08 7.902809055E+00
1.00000E-02 5.011872300E-07 7.918253029E+04
1.00000E-02 7.943282300E-09 5.139425460E-03
1.00000E-02 7.943282300E-08 5.150789476E+01
1.00000E-02 7.943282300E-07 5.052210463E+05
1.00000E-02 7.943282300E-06 2.390875045E+09
1.00000E-02 5.011872300E-06 5.988241710E+08
1.00000E-02 6.309573400E-09 2.030158002E-03
1.00000E-02 6.309573400E-08 2.069105780E+01
1.00000E-02 6.309573400E-06 1.169678011E+09
1.00000E-02 6.309573400E-05 1.175315174E+10
1.00000E-02 5.011872300E-09 8.439152437E-04
1.00000E-02 7.943282300E-05 5.752852147E+09
5.00000E-02 1.584893200E-09 1.299914541E-04
5.00000E-02 1.584893200E-08 1.401250070E+00
5.00000E-02 1.584893200E-07 1.304527716E+04
5.00000E-02 1.584893200E-06 7.244251032E+07
5.00000E-02 1.258925400E-09 5.581436580E-05
5.00000E-02 1.258925400E-08 5.520643352E-01
5.00000E-02 1.258925400E-07 5.473983670E+03
5.00000E-02 1.258925400E-06 3.752733271E+07
5.00000E-02 1.995262300E-05 2.722769565E+07
5.00000E-02 1.584893200E-05 1.093300588E+08
5.00000E-02 1.258925400E-05 1.753373482E+08
5.00000E-02 1.000000000E-08 2.045079884E-01
5.00000E-02 1.000000000E-04 1.414365201E-14
5.00000E-02 1.995262300E-09 3.401289135E-04
5.00000E-02 1.000000000E-05 4.403953828E+08
5.00000E-02 1.000000000E-06 1.662158753E+07
5.00000E-02 1.000000000E-07 2.118882780E+03
5.00000E-02 1.000000000E-09 2.166552350E-05
5.00000E-02 2.511886400E-05 9.515198998E+06
5.00000E-02 2.511886400E-06 2.328448826E+08
5.00000E-02 2.511886400E-07 8.318366534E+04
5.00000E-02 1.995262300E-06 1.315437892E+08
5.00000E-02 2.511886400E-09 8.863662360E-04
5.00000E-02 1.995262300E-07 3.612186166E+04
5.00000E-02 2.511886400E-08 9.465413584E+00
5.00000E-02 6.309573400E-06 5.928177423E+08
5.00000E-02 3.162277700E-05 3.224571985E+05
5.00000E-02 1.995262300E-08 3.493448459E+00
5.00000E-02 3.981071700E-08 5.247930642E+01
5.00000E-02 3.981071700E-07 5.310040383E+05
5.00000E-02 3.981071700E-05 2.926622240E+03
5.00000E-02 3.162277700E-09 2.318566904E-03
5.00000E-02 3.162277700E-08 1.966829722E+01
5.00000E-02 3.162277700E-07 1.981601916E+05
5.00000E-02 5.011872300E-06 6.196001950E+08
5.00000E-02 3.981071700E-06 4.931106547E+08
5.00000E-02 5.011872300E-07 1.318954287E+06
5.00000E-02 6.309573400E-09 3.318280689E-02
5.00000E-02 3.981071700E-09 6.064025492E-03
5.00000E-02 6.309573400E-05 2.901207884E-06
5.00000E-02 5.011872300E-05 2.273927355E+02
5.00000E-02 6.309573400E-07 3.067245958E+06
5.00000E-02 6.309573400E-08 3.508248558E+02
5.00000E-02 7.943282300E-05 5.353527197E-11
5.00000E-02 7.943282300E-06 5.126704235E+08
5.00000E-02 7.943282300E-07 7.149644574E+06
5.00000E-02 7.943282300E-08 8.906160540E+02
5.00000E-02 7.943282300E-09 9.047982580E-02
5.00000E-02 3.162277700E-06 3.691275298E+08
5.00000E-02 5.011872300E-08 1.511853649E+02
5.00000E-02 5.011872300E-09 1.364367134E-02
1.00000E-01 1.584893200E-08 1.098599596E+00
1.00000E-01 1.584893200E-07 1.007155217E+04
1.00000E-01 1.584893200E-06 2.333256645E+07
1.00000E-01 1.258925400E-06 1.412388469E+07
1.00000E-01 1.258925400E-09 4.483143248E-05
1.00000E-01 1.258925400E-08 4.454759346E-01
1.00000E-01 1.258925400E-07 1.214522946E+03
1.00000E-01 1.584893200E-09 1.141946294E-04
1.00000E-01 1.584893200E-05 8.195580334E+04
1.00000E-01 1.995262300E-05 1.731952535E+02
1.00000E-01 1.000000000E-06 8.006035971E+06
1.00000E-01 1.995262300E-07 2.524208467E+04
1.00000E-01 1.995262300E-08 2.681915661E+00
1.00000E-01 1.995262300E-09 2.672606621E-04
1.00000E-01 1.000000000E-05 2.223820407E+06
1.00000E-01 1.000000000E-07 1.696299993E+03
1.00000E-01 1.000000000E-08 1.677766003E-01
1.00000E-01 1.000000000E-09 1.753182901E-05
1.00000E-01 2.511886400E-05 5.986204740E+02
1.00000E-01 1.995262300E-06 3.354267076E+07
1.00000E-01 1.258925400E-05 4.847434654E+05
1.00000E-01 2.511886400E-08 7.049284947E+00
1.00000E-01 2.511886400E-07 6.276018968E+04
1.00000E-01 2.511886400E-06 4.264964901E+07
1.00000E-01 2.511886400E-09 6.654196734E-04
1.00000E-01 3.981071700E-08 4.450614263E+01
1.00000E-01 3.981071700E-07 3.608555621E+05
1.00000E-01 3.981071700E-06 4.259817165E+07
1.00000E-01 3.162277700E-06 4.868519536E+07
1.00000E-01 3.162277700E-09 1.690172592E-03
1.00000E-01 3.162277700E-08 1.768948813E+01
1.00000E-01 3.162277700E-07 1.612754634E+05
1.00000E-01 3.981071700E-09 4.194376288E-03
1.00000E-01 3.981071700E-05 1.710877575E-09
1.00000E-01 5.011872300E-05 3.092005843E-24
1.00000E-01 6.309573400E-07 1.928711442E+06
1.00000E-01 7.943282300E-08 7.384375833E+02
1.00000E-01 5.011872300E-08 1.041901450E+02
1.00000E-01 5.011872300E-09 1.050462070E-02
1.00000E-01 6.309573400E-06 2.358889511E+07
1.00000E-01 6.309573400E-08 2.648538589E+02
1.00000E-01 6.309573400E-09 2.710999474E-02
1.00000E-01 7.943282300E-06 8.645514082E+06
1.00000E-01 7.943282300E-07 4.074133443E+06
1.00000E-01 7.943282300E-09 2.146923157E-02
1.00000E-01 3.162277700E-05 1.925983140E-07
1.00000E-01 5.011872300E-06 3.505443810E+07
1.00000E-01 5.011872300E-07 9.051887267E+05
1.50000E-01 1.584893200E-07 6.385301152E+03
1.50000E-01 1.584893200E-06 6.739474080E+06
1.50000E-01 1.258925400E-09 2.627787325E-05
1.50000E-01 2.511886400E-07 4.012508388E+04
1.50000E-01 1.258925400E-07 2.427035504E+03
1.50000E-01 1.258925400E-06 5.139805468E+06
1.50000E-01 1.258925400E-05 7.887332327E+02
1.50000E-01 1.584893200E-08 6.403970646E-01
1.50000E-01 1.258925400E-08 2.605687595E-01
1.50000E-01 1.584893200E-09 6.552800248E-05
1.50000E-01 1.000000000E-07 1.075267603E+03
1.50000E-01 1.995262300E-06 8.077493067E+06
1.50000E-01 1.995262300E-05 1.090337400E-04
1.50000E-01 1.000000000E-09 1.058692750E-05
1.50000E-01 1.000000000E-08 1.061156279E-01
1.50000E-01 1.000000000E-06 3.282803590E+06
1.50000E-01 2.511886400E-05 1.894379690E-08
1.50000E-01 1.995262300E-09 1.628133691E-04
1.50000E-01 1.995262300E-08 1.622322190E+00
1.50000E-01 1.995262300E-07 1.652623820E+04
1.50000E-01 2.511886400E-06 8.218108731E+06
1.50000E-01 1.584893200E-05 2.068408719E-01
1.50000E-01 1.000000000E-05 1.820605607E+04
1.50000E-01 2.511886400E-08 3.937224650E+00
1.50000E-01 5.011872300E-06 1.990106265E+06
1.50000E-01 7.943282300E-09 4.193179739E-02
1.50000E-01 3.981071700E-07 2.121828907E+05
1.50000E-01 3.981071700E-06 4.430289922E+06
1.50000E-01 3.981071700E-05 4.446137667E-36
1.50000E-01 3.162277700E-05 4.040883780E-24
1.50000E-01 3.162277700E-08 1.143814292E+01
1.50000E-01 3.162277700E-06 6.933410670E+06
1.50000E-01 3.981071700E-08 2.660354629E+01
1.50000E-01 3.162277700E-09 1.036604562E-03
1.50000E-01 3.981071700E-09 2.896490096E-03
1.50000E-01 3.162277700E-07 8.982127439E+04
1.50000E-01 5.011872300E-07 4.477192524E+05
1.50000E-01 6.309573400E-07 9.375989662E+05
1.50000E-01 7.943282300E-08 4.135985307E+02
1.50000E-01 7.943282300E-07 1.867806544E+06
1.50000E-01 7.943282300E-06 2.076381548E+05
1.50000E-01 6.309573400E-09 1.654454130E-02
1.50000E-01 2.511886400E-09 4.224235049E-04
1.50000E-01 6.309573400E-06 8.859670241E+05
1.50000E-01 5.011872300E-09 6.467100072E-03
1.50000E-01 5.011872300E-08 6.764237876E+01
1.50000E-01 6.309573400E-08 1.507756742E+02
2.00000E-01 1.584893200E-09 1.013088636E-04
2.00000E-01 1.258925400E-07 3.794041935E+03
2.00000E-01 1.258925400E-08 4.023856783E-01
2.00000E-01 1.258925400E-09 4.270272567E-05
2.00000E-01 1.584893200E-05 4.763992260E-07
2.00000E-01 1.258925400E-05 2.437842016E-02
2.00000E-01 1.584893200E-06 4.085797140E+06
2.00000E-01 1.584893200E-07 8.978541165E+03
2.00000E-01 1.584893200E-08 1.037428479E+00
2.00000E-01 1.258925400E-06 3.326128450E+06
2.00000E-01 1.000000000E-07 1.969119103E+02
2.00000E-01 2.511886400E-05 1.016279727E-30
2.00000E-01 2.511886400E-06 3.138627145E+06
2.00000E-01 1.000000000E-09 1.608443180E-05
2.00000E-01 1.000000000E-08 1.748970559E-01
2.00000E-01 1.995262300E-05 1.187559963E-09
2.00000E-01 1.000000000E-05 9.999874233E+01
2.00000E-01 1.995262300E-09 2.496386230E-04
2.00000E-01 1.995262300E-08 2.803853881E+00
2.00000E-01 1.995262300E-07 2.219917223E+04
2.00000E-01 1.995262300E-06 4.086318125E+06
2.00000E-01 2.511886400E-08 6.310962238E+00
2.00000E-01 6.309573400E-09 2.600587017E-02
2.00000E-01 1.000000000E-06 3.991594650E+05
2.00000E-01 2.511886400E-07 5.176103072E+04
2.00000E-01 3.981071700E-09 4.043276375E-03
2.00000E-01 3.162277700E-07 1.156121875E+05
2.00000E-01 3.162277700E-08 1.582979584E+01
2.00000E-01 3.162277700E-09 1.556249694E-03
2.00000E-01 3.162277700E-05 4.561963667E-37
2.00000E-01 3.981071700E-06 7.366711635E+05
2.00000E-01 3.981071700E-07 2.688183677E+05
2.00000E-01 3.981071700E-08 4.363351320E+01
2.00000E-01 5.011872300E-06 3.410617487E+05
2.00000E-01 3.162277700E-06 2.035631504E+06
2.00000E-01 5.011872300E-08 9.920523587E+01
2.00000E-01 5.011872300E-07 5.280880418E+05
2.00000E-01 2.511886400E-09 6.706400420E-04
2.00000E-01 7.943282300E-08 6.023553378E+02
2.00000E-01 7.943282300E-07 1.756448029E+06
2.00000E-01 7.943282300E-09 6.326543823E-02
2.00000E-01 6.309573400E-08 2.704869480E+02
2.00000E-01 6.309573400E-07 9.389600507E+05
2.00000E-01 6.309573400E-06 3.126086783E+04
2.00000E-01 5.011872300E-09 9.621662767E-03
2.00000E-01 7.943282300E-06 9.674382900E+02
2.50000E-01 1.584893200E-07 2.088401659E+04
2.50000E-01 1.122018454E-05 1.101217786E-09
2.50000E-01 1.000000000E-08 4.156947115E-01
2.50000E-01 1.258925400E-06 1.187017876E+06
2.50000E-01 1.258925400E-08 1.033749562E+00
2.50000E-01 1.258925400E-09 1.024845718E-04
2.50000E-01 1.412537545E-05 8.388578503E-19
2.50000E-01 1.412537545E-05 8.388578503E-19
2.50000E-01 1.584893200E-05 3.833895748E-31
2.50000E-01 1.584893200E-06 9.132973155E+05
2.50000E-01 1.258925400E-05 1.252350439E-16
2.50000E-01 1.995262300E-08 6.166768823E+00
2.50000E-01 1.584893200E-08 2.533819585E+00
2.50000E-01 1.000000000E-06 1.353756254E+06
2.50000E-01 1.995262300E-09 6.437930350E-04
2.50000E-01 1.122018454E-05 1.101217786E-09
2.50000E-01 1.000000000E-05 1.380716463E-05
2.50000E-01 1.995262300E-06 5.141759162E+05
2.50000E-01 1.995262300E-05 5.609771500E-37
2.50000E-01 1.778279410E-05 1.200869300E-36
2.50000E-01 1.778279410E-05 1.200869300E-36
2.50000E-01 1.995262300E-07 4.625841857E+04
2.50000E-01 1.584893200E-09 2.529011352E-04
2.50000E-01 1.000000000E-07 3.764925140E+03
2.50000E-01 1.258925400E-07 8.847499442E+03
2.50000E-01 1.000000000E-09 4.017026940E-05
2.50000E-01 3.981071700E-09 9.848277855E-03
2.50000E-01 2.511886400E-07 1.043290060E+05
2.50000E-01 3.162277700E-06 8.620992885E+04
2.50000E-01 2.511886400E-09 1.670194324E-03
2.50000E-01 3.162277700E-07 2.130741960E+05
2.50000E-01 3.162277700E-08 4.198451795E+01
2.50000E-01 3.162277700E-09 4.086159655E-03
2.50000E-01 3.981071700E-06 1.081995598E+04
2.50000E-01 3.981071700E-07 3.952794487E+05
2.50000E-01 3.981071700E-08 1.015192511E+02
2.50000E-01 5.011872300E-06 1.478945422E+02
2.50000E-01 6.309573400E-07 9.918498895E+05
2.50000E-01 2.511886400E-08 1.671282512E+01
2.50000E-01 5.011872300E-09 2.624082133E-02
2.50000E-01 5.011872300E-08 2.575712632E+02
2.50000E-01 5.011872300E-07 6.548159103E+05
2.50000E-01 7.943282300E-08 1.478413405E+03
2.50000E-01 7.943282300E-07 1.283985136E+06
2.50000E-01 7.943282300E-09 1.635420241E-01
2.50000E-01 6.309573400E-09 6.692147550E-02
2.50000E-01 6.309573400E-08 6.169854428E+02
2.50000E-01 2.511886400E-06 3.098957577E+05
2.50000E-01 6.309573400E-06 3.844255182E+01
2.50000E-01 7.943282300E-06 1.152458005E-02
3.00000E-01 1.258925400E-08 1.177029169E+00
3.00000E-01 1.258925400E-06 4.958271433E+05
3.00000E-01 1.258925400E-09 1.127309168E-04
3.00000E-01 1.584893200E-06 2.810269408E+05
3.00000E-01 1.584893200E-07 2.200770892E+04
3.00000E-01 1.584893200E-08 2.744957730E+00
3.00000E-01 1.584893200E-09 2.740335235E-04
3.00000E-01 1.995262300E-06 1.231308387E+05
3.00000E-01 1.995262300E-08 7.371745093E+00
3.00000E-01 2.511886400E-07 9.248996828E+04
3.00000E-01 2.511886400E-06 4.540720398E+04
3.00000E-01 1.000000000E-09 4.600211845E-05
3.00000E-01 1.000000000E-08 4.585474435E-01
3.00000E-01 1.000000000E-06 6.369762383E+05
3.00000E-01 1.000000000E-05 6.234553862E-15
3.00000E-01 1.995262300E-09 7.041520100E-04
3.00000E-01 1.000000000E-07 4.113438572E+03
3.00000E-01 1.258925400E-07 9.550538472E+03
3.00000E-01 1.995262300E-07 4.555144102E+04
3.00000E-01 2.511886400E-09 1.802207598E-03
3.00000E-01 3.162277700E-08 4.524999182E+01
3.00000E-01 1.258925400E-05 1.989525046E-23
3.00000E-01 2.511886400E-08 1.871115952E+01
3.00000E-01 3.162277700E-09 4.469640675E-03
3.00000E-01 3.981071700E-06 3.048817453E+02
3.00000E-01 3.981071700E-07 3.049697748E+05
3.00000E-01 3.981071700E-08 1.198684457E+02
3.00000E-01 3.981071700E-09 1.147696250E-02
3.00000E-01 5.011872300E-06 4.366966700E+00
3.00000E-01 5.011872300E-08 2.833386398E+02
3.00000E-01 6.309573400E-09 7.015766222E-02
3.00000E-01 5.011872300E-07 4.484017228E+05
3.00000E-01 6.309573400E-07 6.067361160E+05
3.00000E-01 6.309573400E-06 9.195748220E-03
3.00000E-01 5.011872300E-09 2.903652622E-02
3.00000E-01 3.162277700E-07 1.804055627E+05
3.00000E-01 7.943282300E-09 1.806274000E-01
3.00000E-01 3.162277700E-06 7.013038465E+03
3.00000E-01 7.943282300E-07 6.855545740E+05
3.00000E-01 7.943282300E-06 1.521560371E-09
3.00000E-01 6.309573400E-08 6.960277665E+02
3.00000E-01 7.943282300E-08 1.736454665E+03
3.50000E-01 1.584893200E-08 2.305546683E+00
3.50000E-01 1.258925400E-06 1.730956817E+05
3.50000E-01 1.258925400E-07 7.869644935E+03
3.50000E-01 1.258925400E-08 1.030655805E+00
3.50000E-01 1.258925400E-09 1.034889953E-04
3.50000E-01 1.584893200E-06 9.451912050E+04
3.50000E-01 1.584893200E-07 1.703516223E+04
3.50000E-01 1.584893200E-09 2.424420745E-04
3.50000E-01 1.000000000E-08 3.793985198E-01
3.50000E-01 1.995262300E-07 3.717211200E+04
3.50000E-01 1.995262300E-06 2.570772345E+04
3.50000E-01 1.000000000E-06 2.740700968E+05
3.50000E-01 1.000000000E-07 3.288448640E+03
3.50000E-01 2.511886400E-06 5.869802012E+03
3.50000E-01 1.000000000E-05 1.314949048E-27
3.50000E-01 1.995262300E-09 6.187135115E-04
3.50000E-01 2.511886400E-08 1.559197573E+01
3.50000E-01 6.309573400E-06 9.056597663E-05
3.50000E-01 2.511886400E-07 6.797640712E+04
3.50000E-01 1.995262300E-08 6.447576222E+00
3.50000E-01 2.511886400E-09 1.592611177E-03
3.50000E-01 7.943282300E-08 1.383680567E+03
3.50000E-01 3.981071700E-09 1.020207841E-02
3.50000E-01 3.162277700E-07 1.308304667E+05
3.50000E-01 3.162277700E-08 3.922487403E+01
3.50000E-01 3.162277700E-09 3.932830120E-03
3.50000E-01 3.981071700E-06 1.420301570E+01
3.50000E-01 3.981071700E-07 1.902460048E+05
3.50000E-01 3.981071700E-08 9.702588497E+01
3.50000E-01 5.011872300E-06 2.035580708E-01
3.50000E-01 1.000000000E-09 3.809991197E-05
3.50000E-01 5.011872300E-08 2.331642407E+02
3.50000E-01 6.309573400E-07 3.165500602E+05
3.50000E-01 3.162277700E-06 2.566285987E+02
3.50000E-01 7.943282300E-07 3.472503125E+05
3.50000E-01 7.943282300E-06 1.856743239E-11
3.50000E-01 5.011872300E-07 2.837591077E+05
3.50000E-01 6.309573400E-08 5.890100055E+02
3.50000E-01 7.943282300E-09 1.557973700E-01
3.50000E-01 5.011872300E-09 2.501898255E-02
3.50000E-01 6.309573400E-09 6.182656695E-02
4.00000E-01 1.258925400E-07 5.424058172E+03
4.00000E-01 1.258925400E-08 7.647005102E-01
4.00000E-01 1.258925400E-09 7.674900647E-05
4.00000E-01 1.584893200E-07 1.202316363E+04
4.00000E-01 1.584893200E-08 1.934998718E+00
4.00000E-01 1.995262300E-06 2.632117740E+03
4.00000E-01 1.258925400E-06 4.659653352E+04
4.00000E-01 1.995262300E-08 4.817914082E+00
4.00000E-01 1.995262300E-07 2.353875188E+04
4.00000E-01 2.511886400E-06 8.032478445E+02
4.00000E-01 1.000000000E-09 2.974298687E-05
4.00000E-01 1.000000000E-08 2.961565898E-01
4.00000E-01 3.981071700E-06 5.570272427E+00
4.00000E-01 1.000000000E-07 2.467113523E+03
4.00000E-01 1.000000000E-06 7.826790233E+04
4.00000E-01 1.000000000E-05 1.286591460E-27
4.00000E-01 1.995262300E-09 4.694352418E-04
4.00000E-01 2.511886400E-08 1.191238225E+01
4.00000E-01 2.511886400E-07 4.442526012E+04
4.00000E-01 1.584893200E-09 1.879383965E-04
4.00000E-01 2.511886400E-09 1.169504738E-03
4.00000E-01 3.981071700E-09 7.763573390E-03
4.00000E-01 3.162277700E-08 2.866279170E+01
4.00000E-01 3.162277700E-09 2.982203398E-03
4.00000E-01 3.981071700E-07 1.029802027E+05
4.00000E-01 3.981071700E-08 7.207120835E+01
4.00000E-01 5.011872300E-06 8.610167033E-06
4.00000E-01 5.011872300E-07 1.282966807E+05
4.00000E-01 5.011872300E-08 1.291191873E+02
4.00000E-01 5.011872300E-09 1.986386238E-02
4.00000E-01 3.162277700E-07 7.250380107E+04
4.00000E-01 6.309573400E-07 1.373987495E+05
4.00000E-01 6.309573400E-06 7.441784627E-10
4.00000E-01 3.162277700E-06 4.541875197E+01
4.00000E-01 7.943282300E-09 1.159562278E-01
4.00000E-01 7.943282300E-08 3.318178367E+02
4.00000E-01 1.584893200E-06 1.829188523E+04
4.00000E-01 7.943282300E-07 1.293937030E+05
4.00000E-01 7.943282300E-06 1.355629120E-15
4.00000E-01 6.309573400E-09 4.721945598E-02
4.00000E-01 6.309573400E-08 4.416225475E+02
4.50000E-01 2.511886400E-08 7.111329083E+00
4.50000E-01 1.258925400E-06 8.883084333E+03
4.50000E-01 1.258925400E-07 2.972006908E+03
4.50000E-01 1.000000000E-07 1.348968768E+03
4.50000E-01 1.258925400E-09 4.483892367E-05
4.50000E-01 1.584893200E-06 3.779974227E+03
4.50000E-01 1.584893200E-07 6.153421917E+03
4.50000E-01 1.584893200E-08 1.100703093E+00
4.50000E-01 2.511886400E-09 7.026154133E-04
4.50000E-01 2.511886400E-07 2.049500485E+04
4.50000E-01 1.995262300E-07 1.140868643E+04
4.50000E-01 1.995262300E-06 3.369688933E+02
4.50000E-01 1.000000000E-08 1.803225910E-01
4.50000E-01 2.511886400E-06 1.841890141E+01
4.50000E-01 1.000000000E-06 2.190897437E+04
4.50000E-01 1.995262300E-09 2.927431185E-04
4.50000E-01 1.995262300E-08 2.759593923E+00
4.50000E-01 1.584893200E-09 1.120744463E-04
4.50000E-01 1.000000000E-09 1.787049662E-05
4.50000E-01 1.258925400E-08 4.557375317E-01
4.50000E-01 5.011872300E-07 4.700520850E+04
4.50000E-01 6.309573400E-07 4.627633417E+04
4.50000E-01 3.162277700E-07 3.174947540E+04
4.50000E-01 3.162277700E-08 1.735444417E+01
4.50000E-01 3.162277700E-09 1.684955382E-03
4.50000E-01 7.943282300E-09 7.263396417E-02
4.50000E-01 3.981071700E-07 4.238458050E+04
4.50000E-01 3.981071700E-08 4.307043383E+01
4.50000E-01 3.981071700E-09 4.487669567E-03
4.50000E-01 5.011872300E-06 2.427376258E-09
4.50000E-01 3.981071700E-06 1.985728981E-04
4.50000E-01 3.162277700E-06 1.583034883E-01
4.50000E-01 5.011872300E-08 1.042519817E+02
4.50000E-01 7.943282300E-07 3.768287658E+04
4.50000E-01 7.943282300E-06 5.752207534E-26
4.50000E-01 7.943282300E-08 5.905022233E+02
4.50000E-01 6.309573400E-08 2.515397493E+02
4.50000E-01 6.309573400E-06 5.204271483E-14
4.50000E-01 5.011872300E-09 1.126884845E-02
4.50000E-01 6.309573400E-09 2.765502978E-02
5.00000E-01 1.258925400E-07 1.392859908E+03
5.00000E-01 1.258925400E-08 2.163045917E-01
5.00000E-01 1.258925400E-09 2.234444033E-05
5.00000E-01 1.584893200E-07 2.690034533E+03
5.00000E-01 1.584893200E-08 5.300982567E-01
5.00000E-01 1.584893200E-09 5.527742817E-05
5.00000E-01 3.162277700E-06 1.075852102E-03
5.00000E-01 1.995262300E-06 2.349835897E+01
5.00000E-01 2.511886400E-06 7.120334467E-01
5.00000E-01 1.258925400E-06 1.105980902E+03
5.00000E-01 1.000000000E-08 8.726860450E-02
5.00000E-01 2.511886400E-07 7.750751833E+03
5.00000E-01 1.000000000E-06 4.753751417E+03
5.00000E-01 1.995262300E-09 1.358912173E-04
5.00000E-01 1.995262300E-08 1.351739640E+00
5.00000E-01 1.000000000E-07 6.369464433E+02
5.00000E-01 1.995262300E-07 5.046027800E+03
5.00000E-01 1.000000000E-09 8.518248200E-06
5.00000E-01 1.584893200E-06 2.536091817E+02
5.00000E-01 3.981071700E-07 1.469824580E+04
5.00000E-01 2.511886400E-08 3.424943183E+00
5.00000E-01 3.162277700E-08 8.041325667E+00
5.00000E-01 3.162277700E-09 9.294157217E-04
5.00000E-01 3.981071700E-06 6.443833770E-08
5.00000E-01 3.981071700E-08 2.201615150E+01
5.00000E-01 3.981071700E-09 2.196518133E-03
5.00000E-01 5.011872300E-06 1.266958979E-08
5.00000E-01 5.011872300E-07 1.476297090E+04
5.00000E-01 5.011872300E-09 5.618375833E-03
5.00000E-01 2.511886400E-09 3.585380367E-04
5.00000E-01 3.162277700E-07 1.201814363E+04
5.00000E-01 6.309573400E-06 3.926248467E-22
5.00000E-01 5.011872300E-08 5.052749933E+01
5.00000E-01 7.943282300E-09 3.425004017E-02
5.00000E-01 7.943282300E-08 2.678677533E+02
5.00000E-01 6.309573400E-07 1.114170387E+04
5.00000E-01 7.943282300E-06 5.614074432E-38
5.00000E-01 6.309573400E-09 1.349936215E-02
5.00000E-01 6.309573400E-08 1.220883277E+02
5.00000E-01 7.943282300E-07 8.953427017E+03
5.50000E-01 1.995262300E-06 2.739544950E-01
5.50000E-01 1.000000000E-06 7.388946017E+02
5.50000E-01 1.258925400E-06 2.354353233E+02
5.50000E-01 1.258925400E-07 6.915968233E+02
5.50000E-01 1.258925400E-08 1.280518233E-01
5.50000E-01 1.584893200E-06 1.374851167E+01
5.50000E-01 1.584893200E-07 1.333183117E+03
5.50000E-01 1.995262300E-07 2.294005367E+03
5.50000E-01 2.511886400E-07 3.383961867E+03
5.50000E-01 1.584893200E-08 3.079986733E-01
5.50000E-01 1.000000000E-07 3.385029233E+02
5.50000E-01 2.511886400E-06 1.853215283E-03
5.50000E-01 2.511886400E-08 1.985452300E+00
5.50000E-01 3.162277700E-06 7.441537150E-07
5.50000E-01 3.162277700E-07 4.348014033E+03
5.50000E-01 3.162277700E-08 4.718270867E+00
5.50000E-01 1.000000000E-08 5.047677217E-02
5.50000E-01 1.995262300E-08 8.015208967E-01
5.50000E-01 3.162277700E-09 5.178418317E-04
5.50000E-01 3.981071700E-06 4.863675283E-15
5.50000E-01 3.981071700E-07 4.894052367E+03
5.50000E-01 3.981071700E-08 1.165349650E+01
5.50000E-01 6.309573400E-06 1.144707933E-34
5.50000E-01 3.981071700E-09 1.320416000E-03
5.50000E-01 5.011872300E-07 4.480208467E+03
5.50000E-01 5.011872300E-08 2.835610850E+01
5.50000E-01 5.011872300E-09 3.265259367E-03
5.50000E-01 5.011872300E-06 4.198958343E-22
5.50000E-01 6.309573400E-07 3.106021200E+03
5.50000E-01 6.309573400E-08 1.097033783E+01
5.50000E-01 6.309573400E-09 8.285473283E-03
5.50000E-01 7.943282300E-08 1.520109300E+02
5.50000E-01 7.943282300E-09 1.929011717E-02
5.50000E-01 7.943282300E-07 1.652437900E+03
6.00000E-01 1.995262300E-07 8.108941500E+02
6.00000E-01 1.258925400E-06 6.977066000E+00
6.00000E-01 1.258925400E-08 6.393830667E-02
6.00000E-01 1.584893200E-06 8.080615333E-01
6.00000E-01 1.584893200E-08 1.569144200E-01
6.00000E-01 1.995262300E-06 9.481510833E-03
6.00000E-01 1.584893200E-07 5.567266500E+02
6.00000E-01 1.995262300E-08 3.876765633E-01
6.00000E-01 1.000000000E-07 1.053067533E+02
6.00000E-01 1.000000000E-08 2.563944583E-02
6.00000E-01 2.511886400E-06 2.549096137E-06
6.00000E-01 2.511886400E-07 1.139423367E+03
6.00000E-01 2.511886400E-08 9.761096500E-01
6.00000E-01 3.162277700E-07 1.336356100E+03
6.00000E-01 1.000000000E-06 5.762394133E+01
6.00000E-01 3.162277700E-06 1.164264526E-13
6.00000E-01 1.258925400E-07 2.952877633E+02
6.00000E-01 3.162277700E-08 2.326991700E+00
6.00000E-01 3.981071700E-07 1.309433633E+03
6.00000E-01 5.011872300E-08 1.447298467E+01
6.00000E-01 3.981071700E-06 5.942240375E-21
6.00000E-01 3.981071700E-08 5.806149500E+00
6.00000E-01 3.981071700E-09 6.484335833E-04
6.00000E-01 5.011872300E-07 9.988211833E+02
6.00000E-01 5.011872300E-09 1.602458467E-03
6.00000E-01 7.943282300E-09 1.023824567E-02
6.00000E-01 5.011872300E-06 2.258182168E-30
6.00000E-01 6.309573400E-08 3.154138950E+01
6.00000E-01 6.309573400E-09 4.060454650E-03
6.00000E-01 7.943282300E-07 2.976794750E+02
6.00000E-01 7.943282300E-08 2.225825167E+01
6.00000E-01 3.162277700E-09 2.665216583E-04
6.00000E-01 6.309573400E-06 1.744985667E-42
6.00000E-01 6.309573400E-07 6.237894150E+02
6.50000E-01 1.258925400E-07 7.142884833E+01
6.50000E-01 1.258925400E-08 2.133208000E-02
6.50000E-01 1.412537545E-06 7.523741333E-03
6.50000E-01 1.412537545E-06 7.523741333E-03
6.50000E-01 1.584893200E-06 7.351857000E-04
6.50000E-01 1.584893200E-07 1.087180033E+02
6.50000E-01 1.584893200E-08 5.435856500E-02
6.50000E-01 1.778279410E-06 9.740414000E-06
6.50000E-01 1.995262300E-06 1.157414467E-05
6.50000E-01 1.122018454E-06 5.966462333E-01
6.50000E-01 1.995262300E-08 1.304009433E-01
6.50000E-01 1.000000000E-06 2.304884000E+00
6.50000E-01 1.000000000E-08 8.615497167E-03
6.50000E-01 2.238721139E-06 2.115391333E-06
6.50000E-01 2.238721139E-06 2.115391333E-06
6.50000E-01 2.511886400E-06 5.736300167E-10
6.50000E-01 1.778279410E-06 9.740414000E-06
6.50000E-01 2.511886400E-08 3.188113000E-01
6.50000E-01 1.995262300E-07 1.491773117E+02
6.50000E-01 1.122018454E-06 5.966462333E-01
6.50000E-01 1.258925400E-06 1.448473083E-01
6.50000E-01 2.818382931E-06 1.855504333E-13
6.50000E-01 3.162277700E-07 1.803724833E+02
6.50000E-01 3.162277700E-08 7.731758000E-01
6.50000E-01 2.511886400E-07 1.757672667E+02
6.50000E-01 3.548133892E-06 3.257725000E-29
6.50000E-01 3.548133892E-06 3.257725000E-29
6.50000E-01 3.981071700E-06 5.512459667E-29
6.50000E-01 3.981071700E-07 1.332387167E+02
6.50000E-01 3.981071700E-09 2.223980000E-04
6.50000E-01 7.943282300E-08 2.102870667E+01
6.50000E-01 5.011872300E-08 4.512603667E+00
6.50000E-01 3.162277700E-09 8.640175500E-05
6.50000E-01 6.309573400E-07 3.436939167E+01
6.50000E-01 6.309573400E-08 9.750246000E+00
6.50000E-01 6.309573400E-09 1.360161450E-03
6.50000E-01 7.943282300E-07 1.524389567E+01
6.50000E-01 7.943282300E-09 3.791874000E-03
6.50000E-01 3.162277700E-06 4.639709833E-21
6.50000E-01 5.011872300E-07 8.948459000E+01
6.50000E-01 2.818382931E-06 1.855504333E-13
6.50000E-01 3.981071700E-08 1.832995167E+00
6.50000E-01 5.011872300E-09 6.013283167E-04
7.00000E-01 1.258925400E-06 1.847793833E-05
7.00000E-01 1.258925400E-07 4.223368000E+01
7.00000E-01 1.258925400E-08 2.125145000E-02
7.00000E-01 1.584893200E-07 5.211149500E+01
7.00000E-01 1.584893200E-08 5.323936333E-02
7.00000E-01 1.995262300E-06 3.039489833E-16
7.00000E-01 1.000000000E-08 8.897466667E-03
7.00000E-01 1.995262300E-08 1.243807233E-01
7.00000E-01 1.000000000E-06 3.208525833E-02
7.00000E-01 1.000000000E-07 2.692430000E+01
7.00000E-01 2.511886400E-06 7.101325167E-22
7.00000E-01 2.511886400E-07 6.480729667E+01
7.00000E-01 1.995262300E-07 6.450940500E+01
7.00000E-01 1.584893200E-06 8.538794667E-09
7.00000E-01 3.162277700E-07 4.463003667E+01
7.00000E-01 3.162277700E-08 7.412994333E-01
7.00000E-01 2.511886400E-08 3.245598833E-01
7.00000E-01 3.162277700E-06 6.856877000E-40
7.00000E-01 3.162277700E-09 8.417619500E-05
7.00000E-01 3.981071700E-07 2.282934833E+01
7.00000E-01 3.981071700E-08 1.619955467E+00
7.00000E-01 5.011872300E-07 7.537306833E+00
7.00000E-01 5.011872300E-08 3.791531667E+00
7.00000E-01 7.943282300E-07 1.551987417E-01
7.00000E-01 3.981071700E-09 2.272868167E-04
7.00000E-01 6.309573400E-08 8.073621667E+00
7.00000E-01 6.309573400E-09 1.338702567E-03
7.00000E-01 7.943282300E-08 1.449337700E+01
7.00000E-01 7.943282300E-09 3.513533500E-03
7.00000E-01 2.511886400E-07 6.480729667E+01
7.00000E-01 5.011872300E-09 5.415051833E-04
7.00000E-01 6.309573400E-07 2.251338167E+00
7.50000E-01 2.238721139E-06 6.083952500E-40
7.50000E-01 1.258925400E-06 4.026769167E-10
7.50000E-01 1.258925400E-07 1.914560000E+01
7.50000E-01 1.258925400E-08 2.106779167E-02
7.50000E-01 1.412537545E-06 6.095211167E-15
7.50000E-01 1.412537545E-06 6.095211167E-15
7.50000E-01 1.584893200E-07 1.944789333E+01
7.50000E-01 1.778279410E-06 2.139394167E-23
7.50000E-01 1.584893200E-08 4.886850833E-02
7.50000E-01 1.122018454E-06 8.937390000E-08
7.50000E-01 1.995262300E-06 2.246046167E-34
7.50000E-01 1.995262300E-07 1.914683667E+01
7.50000E-01 1.995262300E-08 1.192493917E-01
7.50000E-01 1.000000000E-06 2.990620833E-07
7.50000E-01 1.000000000E-07 1.460967633E+01
7.50000E-01 1.122018454E-06 8.937390000E-08
7.50000E-01 1.778279410E-06 2.139394167E-23
7.50000E-01 1.000000000E-08 8.328587500E-03
7.50000E-01 1.584893200E-06 1.435679317E-15
7.50000E-01 2.238721139E-06 6.083952500E-40
7.50000E-01 2.511886400E-07 1.276067833E+01
7.50000E-01 2.511886400E-08 2.775360333E-01
7.50000E-01 3.162277700E-07 6.235813833E+00
7.50000E-01 3.162277700E-08 6.769475500E-01
7.50000E-01 3.162277700E-09 8.539502500E-05
7.50000E-01 3.981071700E-08 1.427587567E+00
7.50000E-01 5.011872300E-07 6.724011833E-01
7.50000E-01 7.943282300E-09 3.040936833E-03
7.50000E-01 3.981071700E-07 2.322961000E+00
7.50000E-01 6.309573400E-07 6.877514333E-02
7.50000E-01 6.309573400E-08 5.497003833E+00
7.50000E-01 3.981071700E-09 2.019061167E-04
7.50000E-01 6.309573400E-09 1.423602000E-03
7.50000E-01 7.943282300E-07 1.044100133E-03
7.50000E-01 7.943282300E-08 1.006349567E+01
7.50000E-01 2.511886400E-06 9.359807000E-41
7.50000E-01 5.011872300E-08 2.967977000E+00
7.50000E-01 5.011872300E-09 5.224691833E-04
8.00000E-01 1.258925400E-08 8.693630667E-03
8.00000E-01 1.412537545E-06 7.514048167E-11
8.00000E-01 1.584893200E-07 1.095423133E+01
8.00000E-01 1.584893200E-08 2.303070500E-02
8.00000E-01 1.778279410E-06 5.340709833E-22
8.00000E-01 3.162277700E-07 4.273041833E+00
8.00000E-01 1.995262300E-07 9.576689000E+00
8.00000E-01 2.238721139E-06 2.858087500E-36
8.00000E-01 2.511886400E-07 7.437088833E+00
8.00000E-01 2.511886400E-06 5.856325667E-39
8.00000E-01 1.258925400E-07 9.575234167E+00
8.00000E-01 2.511886400E-08 1.283947583E-01
8.00000E-01 1.000000000E-07 7.491528667E+00
8.00000E-01 1.000000000E-06 4.616604833E-05
8.00000E-01 1.995262300E-08 5.352407667E-02
8.00000E-01 1.000000000E-08 4.042793000E-03
8.00000E-01 1.995262300E-06 1.099462917E-23
8.00000E-01 1.258925400E-06 3.693507333E-11
8.00000E-01 1.584893200E-06 3.163921833E-15
8.00000E-01 3.981071700E-07 1.723868833E+00
8.00000E-01 1.122018454E-06 3.548908000E-08
8.00000E-01 3.981071700E-08 6.861783000E-01
8.00000E-01 5.011872300E-07 3.137394833E-01
8.00000E-01 5.011872300E-08 1.387285283E+00
8.00000E-01 5.011872300E-09 2.357256667E-04
8.00000E-01 6.309573400E-07 6.012758000E-02
8.00000E-01 6.309573400E-08 2.647430833E+00
8.00000E-01 7.943282300E-09 1.517320850E-03
8.00000E-01 7.943282300E-07 2.095068167E-03
8.00000E-01 2.818382931E-06 2.670289333E-40
8.00000E-01 3.162277700E-09 3.657836167E-05
8.00000E-01 7.943282300E-08 4.947440167E+00
8.00000E-01 3.162277700E-08 3.060745667E-01
8.00000E-01 6.309573400E-09 5.846516500E-04
8.00000E-01 2.818382931E-06 2.670289333E-40
8.00000E-01 3.981071700E-09 9.092834833E-05
8.00000E-01 1.778279410E-06 5.340709833E-22
8.00000E-01 1.412537545E-06 7.514048167E-11
8.00000E-01 1.122018454E-06 3.548908000E-08
8.00000E-01 2.238721139E-06 2.858087500E-36
8.10000E-01 1.584893200E-06 1.292721733E-12
8.10000E-01 1.122018454E-06 1.118883133E-05
8.10000E-01 1.258925400E-06 7.976953833E-10
8.10000E-01 1.258925400E-07 8.749707000E+00
8.10000E-01 1.258925400E-08 7.236112000E-03
8.10000E-01 1.412537545E-06 6.208426333E-09
8.10000E-01 1.412537545E-06 6.208426333E-09
8.10000E-01 2.238721139E-06 3.286092167E-28
8.10000E-01 1.995262300E-07 1.017175250E+01
8.10000E-01 1.778279410E-06 9.670751000E-17
8.10000E-01 1.778279410E-06 9.670751000E-17
8.10000E-01 1.995262300E-06 5.248786167E-19
8.10000E-01 1.995262300E-08 4.037090333E-02
8.10000E-01 1.000000000E-06 7.408911167E-06
8.10000E-01 1.000000000E-07 6.232576667E+00
8.10000E-01 1.584893200E-07 1.026055850E+01
8.10000E-01 1.584893200E-08 1.613471750E-02
8.10000E-01 1.122018454E-06 1.118883133E-05
8.10000E-01 1.000000000E-08 2.805805667E-03
8.10000E-01 2.511886400E-06 5.783632667E-42
8.10000E-01 3.981071700E-08 5.124075500E-01
8.10000E-01 2.511886400E-07 7.833304000E+00
8.10000E-01 2.511886400E-08 1.052223750E-01
8.10000E-01 3.162277700E-07 4.966604333E+00
8.10000E-01 3.162277700E-08 2.223099333E-01
8.10000E-01 3.162277700E-09 2.759228167E-05
8.10000E-01 3.981071700E-07 1.435431817E+00
8.10000E-01 3.981071700E-09 7.389233167E-05
8.10000E-01 2.238721139E-06 3.286092167E-28
8.10000E-01 5.011872300E-08 1.052514983E+00
8.10000E-01 5.011872300E-09 1.825531167E-04
8.10000E-01 6.309573400E-07 5.692427333E-02
8.10000E-01 6.309573400E-09 4.467997833E-04
8.10000E-01 7.943282300E-07 2.514033667E-03
8.10000E-01 7.943282300E-08 3.735936000E+00
8.10000E-01 7.943282300E-09 1.105585150E-03
8.10000E-01 5.011872300E-07 8.491767000E-01
8.10000E-01 6.309573400E-08 2.191562167E+00
8.20000E-01 1.412537545E-06 6.107129500E-11
8.20000E-01 1.258925400E-08 5.271427833E-03
8.20000E-01 1.122018454E-06 1.096880733E-05
8.20000E-01 1.258925400E-06 7.384171000E-09
8.20000E-01 1.122018454E-06 1.096880733E-05
8.20000E-01 1.584893200E-06 1.553691333E-12
8.20000E-01 1.258925400E-07 7.692871167E+00
8.20000E-01 1.584893200E-07 9.129022333E+00
8.20000E-01 1.000000000E-06 7.417642167E-04
8.20000E-01 1.778279410E-06 5.986708667E-20
8.20000E-01 1.584893200E-08 1.290667200E-02
8.20000E-01 1.000000000E-07 5.325300833E+00
8.20000E-01 1.995262300E-08 3.214017000E-02
8.20000E-01 1.000000000E-08 2.108000333E-03
8.20000E-01 1.995262300E-06 5.591528333E-20
8.20000E-01 1.778279410E-06 5.986708667E-20
8.20000E-01 2.238721139E-06 1.101848983E-29
8.20000E-01 1.412537545E-06 6.107129500E-11
8.20000E-01 1.995262300E-07 9.092499167E+00
8.20000E-01 2.238721139E-06 1.101848983E-29
8.20000E-01 7.943282300E-09 8.741851833E-04
8.20000E-01 2.511886400E-06 1.246340433E-40
8.20000E-01 3.162277700E-09 2.183199167E-05
8.20000E-01 3.162277700E-08 1.902265500E-01
8.20000E-01 2.511886400E-08 7.639202333E-02
8.20000E-01 2.818382931E-06 8.033481167E-39
8.20000E-01 2.818382931E-06 8.033481167E-39
8.20000E-01 3.162277700E-07 4.922784833E+00
8.20000E-01 3.981071700E-08 3.911059500E-01
8.20000E-01 6.309573400E-07 1.016120417E-01
8.20000E-01 3.981071700E-07 2.567043833E+00
8.20000E-01 5.011872300E-08 8.970843833E-01
8.20000E-01 5.011872300E-07 8.252544167E-01
8.20000E-01 2.511886400E-07 7.616379333E+00
8.20000E-01 7.943282300E-08 3.153591500E+00
8.20000E-01 7.943282300E-07 6.917007833E-03
8.20000E-01 3.981071700E-09 5.599544167E-05
8.20000E-01 6.309573400E-08 1.786194000E+00
8.20000E-01 5.011872300E-09 1.421358567E-04
8.20000E-01 6.309573400E-09 3.407494333E-04
8.30000E-01 1.584893200E-06 9.603988000E-14
8.30000E-01 1.122018454E-06 2.821682667E-05
8.30000E-01 1.122018454E-06 2.821682667E-05
8.30000E-01 1.258925400E-07 6.263745667E+00
8.30000E-01 1.258925400E-08 4.191847000E-03
8.30000E-01 1.412537545E-06 6.375546333E-12
8.30000E-01 1.412537545E-06 6.375546333E-12
8.30000E-01 1.584893200E-07 8.286860167E+00
8.30000E-01 2.238721139E-06 4.961745500E-21
8.30000E-01 1.778279410E-06 2.474973833E-12
8.30000E-01 1.778279410E-06 2.474973833E-12
8.30000E-01 1.995262300E-06 8.458525167E-19
8.30000E-01 1.995262300E-07 8.260877167E+00
8.30000E-01 1.995262300E-08 2.492925167E-02
8.30000E-01 1.000000000E-06 3.828343667E-04
8.30000E-01 1.000000000E-07 4.181816667E+00
8.30000E-01 1.000000000E-08 1.570990200E-03
8.30000E-01 1.258925400E-06 1.273760300E-07
8.30000E-01 2.238721139E-06 4.961745500E-21
8.30000E-01 1.584893200E-08 1.059117500E-02
8.30000E-01 2.511886400E-06 4.100475833E-32
8.30000E-01 7.943282300E-09 6.722992000E-04
8.30000E-01 3.981071700E-07 2.131199000E+00
8.30000E-01 2.511886400E-08 6.413901333E-02
8.30000E-01 2.818382931E-06 5.935724500E-35
8.30000E-01 3.162277700E-07 5.770929167E+00
8.30000E-01 3.162277700E-08 1.335638583E-01
8.30000E-01 3.162277700E-09 1.695083167E-05
8.30000E-01 3.981071700E-08 3.245963167E-01
8.30000E-01 2.511886400E-07 6.962596667E+00
8.30000E-01 2.818382931E-06 5.935724500E-35
8.30000E-01 5.011872300E-08 6.609899333E-01
8.30000E-01 5.011872300E-09 1.059212767E-04
8.30000E-01 6.309573400E-07 7.812299833E-02
8.30000E-01 6.309573400E-08 1.466754683E+00
8.30000E-01 6.309573400E-09 2.447261500E-04
8.30000E-01 7.943282300E-07 1.108655050E-02
8.30000E-01 7.943282300E-08 2.571534500E+00
8.30000E-01 3.981071700E-09 4.022420500E-05
8.30000E-01 5.011872300E-07 8.359503500E-01
8.40000E-01 1.258925400E-08 3.293579000E-03
8.40000E-01 1.584893200E-06 2.652566667E-12
8.40000E-01 1.584893200E-07 6.742104833E+00
8.40000E-01 1.584893200E-08 8.010696500E-03
8.40000E-01 1.995262300E-06 1.186394250E-15
8.40000E-01 1.258925400E-06 7.702552167E-07
8.40000E-01 1.000000000E-08 1.254830517E-03
8.40000E-01 1.000000000E-06 3.158260333E-04
8.40000E-01 1.000000000E-07 3.628395167E+00
8.40000E-01 2.511886400E-06 9.384031000E-27
8.40000E-01 1.995262300E-07 7.675479500E+00
8.40000E-01 1.258925400E-07 5.499982333E+00
8.40000E-01 1.995262300E-08 1.906507833E-02
8.40000E-01 3.162277700E-07 5.347621500E+00
8.40000E-01 3.162277700E-08 1.069643700E-01
8.40000E-01 2.511886400E-07 5.976778833E+00
8.40000E-01 2.511886400E-08 4.679422333E-02
8.40000E-01 3.981071700E-08 2.311262167E-01
8.40000E-01 3.981071700E-09 3.261020333E-05
8.40000E-01 5.011872300E-07 7.796651500E-01
8.40000E-01 5.011872300E-08 5.230250667E-01
8.40000E-01 5.011872300E-09 7.817788333E-05
8.40000E-01 7.943282300E-07 7.518008500E-03
8.40000E-01 3.981071700E-07 2.288978167E+00
8.40000E-01 6.309573400E-09 1.863565833E-04
8.40000E-01 7.943282300E-08 2.019802167E+00
8.40000E-01 7.943282300E-09 4.820880500E-04
8.40000E-01 3.162277700E-09 1.256989800E-05
8.40000E-01 6.309573400E-07 2.409446833E-01
8.40000E-01 6.309573400E-08 1.131953133E+00
8.50000E-01 1.258925400E-06 1.166890617E-05
8.50000E-01 1.258925400E-08 2.136444000E-03
8.50000E-01 1.584893200E-07 5.791014000E+00
8.50000E-01 1.584893200E-08 5.689389500E-03
8.50000E-01 1.995262300E-06 2.527976500E-17
8.50000E-01 1.584893200E-06 2.009505667E-08
8.50000E-01 1.000000000E-07 2.775946333E+00
8.50000E-01 1.000000000E-06 1.016965900E-03
8.50000E-01 1.000000000E-08 9.393117833E-04
8.50000E-01 2.511886400E-06 5.175576667E-26
8.50000E-01 2.511886400E-07 6.767968667E+00
8.50000E-01 1.995262300E-07 6.914516500E+00
8.50000E-01 3.162277700E-06 1.850743667E-42
8.50000E-01 1.995262300E-08 1.404218000E-02
8.50000E-01 2.511886400E-08 3.287853500E-02
8.50000E-01 3.981071700E-07 2.481233833E+00
8.50000E-01 3.162277700E-07 4.785727000E+00
8.50000E-01 1.258925400E-07 4.206986500E+00
8.50000E-01 3.162277700E-09 9.271523833E-06
8.50000E-01 3.981071700E-08 1.767645833E-01
8.50000E-01 5.011872300E-07 1.073885417E+00
8.50000E-01 5.011872300E-08 4.208398000E-01
8.50000E-01 6.309573400E-08 8.458508333E-01
8.50000E-01 3.981071700E-09 2.308792333E-05
8.50000E-01 6.309573400E-09 1.449321267E-04
8.50000E-01 7.943282300E-07 1.232796867E-02
8.50000E-01 7.943282300E-08 1.552876083E+00
8.50000E-01 7.943282300E-09 3.727797000E-04
8.50000E-01 3.162277700E-08 7.737811000E-02
8.50000E-01 5.011872300E-09 5.649312667E-05
8.50000E-01 6.309573400E-07 2.893325833E-01
8.60000E-01 1.584893200E-08 4.187186500E-03
8.60000E-01 1.258925400E-06 1.673362500E-05
8.60000E-01 1.258925400E-07 3.459172167E+00
8.60000E-01 1.258925400E-08 1.627338150E-03
8.60000E-01 1.412537545E-06 1.989136167E-07
8.60000E-01 1.412537545E-06 1.989136167E-07
8.60000E-01 1.584893200E-06 6.905755333E-10
8.60000E-01 1.584893200E-07 4.350958333E+00
8.60000E-01 2.511886400E-06 1.889760833E-24
8.60000E-01 1.000000000E-08 7.532762167E-04
8.60000E-01 1.995262300E-06 1.006051650E-15
8.60000E-01 1.995262300E-07 5.261946167E+00
8.60000E-01 1.995262300E-08 1.021976967E-02
8.60000E-01 1.000000000E-06 9.191133333E-04
8.60000E-01 1.000000000E-07 2.097185667E+00
8.60000E-01 2.238721139E-06 2.571176667E-24
8.60000E-01 1.778279410E-06 1.770672667E-14
8.60000E-01 1.122018454E-06 6.082308833E-06
8.60000E-01 1.122018454E-06 6.082308833E-06
8.60000E-01 2.238721139E-06 2.571176667E-24
8.60000E-01 5.011872300E-09 4.779744500E-05
8.60000E-01 2.511886400E-07 4.355377500E+00
8.60000E-01 2.818382931E-06 1.664007483E-37
8.60000E-01 2.818382931E-06 1.664007483E-37
8.60000E-01 3.162277700E-06 1.036858267E-38
8.60000E-01 3.162277700E-07 3.124868333E+00
8.60000E-01 3.162277700E-08 6.203900333E-02
8.60000E-01 3.162277700E-09 7.369905500E-06
8.60000E-01 3.981071700E-07 1.662517517E+00
8.60000E-01 3.981071700E-09 1.881824833E-05
8.60000E-01 7.943282300E-07 2.944692833E-02
8.60000E-01 1.778279410E-06 1.770672667E-14
8.60000E-01 3.981071700E-08 1.358030817E-01
8.60000E-01 6.309573400E-07 1.783129333E-01
8.60000E-01 6.309573400E-08 6.193147167E-01
8.60000E-01 6.309573400E-09 1.068084967E-04
8.60000E-01 7.943282300E-08 1.241770517E+00
8.60000E-01 7.943282300E-09 2.788346000E-04
8.60000E-01 2.511886400E-08 2.588748167E-02
8.60000E-01 5.011872300E-07 4.704237167E-01
8.60000E-01 5.011872300E-08 3.169926333E-01
8.70000E-01 1.584893200E-06 1.194433500E-11
8.70000E-01 1.412537545E-06 9.279989333E-08
8.70000E-01 1.122018454E-06 8.832630500E-05
8.70000E-01 1.258925400E-07 2.636697000E+00
8.70000E-01 1.258925400E-06 9.348636000E-07
8.70000E-01 1.584893200E-07 3.569277667E+00
8.70000E-01 1.258925400E-08 1.079901133E-03
8.70000E-01 1.412537545E-06 9.279989333E-08
8.70000E-01 1.000000000E-06 4.241853333E-03
8.70000E-01 1.584893200E-08 2.759611667E-03
8.70000E-01 1.000000000E-08 4.678243833E-04
8.70000E-01 1.000000000E-07 1.559600383E+00
8.70000E-01 2.238721139E-06 1.228742183E-19
8.70000E-01 1.995262300E-07 4.226948000E+00
8.70000E-01 1.995262300E-06 2.457543833E-15
8.70000E-01 1.778279410E-06 1.251475383E-10
8.70000E-01 1.122018454E-06 8.832630500E-05
8.70000E-01 1.778279410E-06 1.251475383E-10
8.70000E-01 1.995262300E-08 6.815545500E-03
8.70000E-01 2.511886400E-06 4.348442500E-26
8.70000E-01 2.511886400E-07 4.133836833E+00
8.70000E-01 2.238721139E-06 1.228742183E-19
8.70000E-01 3.162277700E-09 4.875363000E-06
8.70000E-01 3.162277700E-08 4.168095333E-02
8.70000E-01 2.818382931E-06 2.669402833E-31
8.70000E-01 3.162277700E-06 1.119756400E-38
8.70000E-01 2.818382931E-06 2.669402833E-31
8.70000E-01 3.162277700E-07 3.393762333E+00
8.70000E-01 3.981071700E-08 9.494201167E-02
8.70000E-01 6.309573400E-07 2.543706333E-01
8.70000E-01 3.981071700E-07 2.189146500E+00
8.70000E-01 5.011872300E-08 2.155120167E-01
8.70000E-01 5.011872300E-07 7.240015000E-01
8.70000E-01 3.981071700E-09 1.187775700E-05
8.70000E-01 2.511886400E-08 1.633896183E-02
8.70000E-01 7.943282300E-08 8.756081333E-01
8.70000E-01 7.943282300E-09 1.900590167E-04
8.70000E-01 6.309573400E-09 6.926704000E-05
8.70000E-01 6.309573400E-08 4.729877333E-01
8.70000E-01 5.011872300E-09 2.887334500E-05
8.70000E-01 7.943282300E-07 3.285984167E-02
8.80000E-01 1.584893200E-08 1.971846500E-03
8.80000E-01 1.122018454E-06 1.557495150E-04
8.80000E-01 1.258925400E-06 9.041606500E-06
8.80000E-01 1.258925400E-07 1.766429000E+00
8.80000E-01 1.258925400E-08 8.438204500E-04
8.80000E-01 1.412537545E-06 2.412450000E-07
8.80000E-01 1.584893200E-06 1.646900667E-07
8.80000E-01 1.584893200E-07 2.737428000E+00
8.80000E-01 2.511886400E-07 2.990467167E+00
8.80000E-01 1.778279410E-06 1.569094950E-11
8.80000E-01 1.995262300E-06 1.596689483E-16
8.80000E-01 1.995262300E-07 3.225531333E+00
8.80000E-01 1.995262300E-08 4.719632000E-03
8.80000E-01 1.000000000E-06 1.417897450E-03
8.80000E-01 1.122018454E-06 1.557495150E-04
8.80000E-01 1.000000000E-07 1.137551517E+00
8.80000E-01 1.000000000E-08 3.226019333E-04
8.80000E-01 2.238721139E-06 1.603034217E-17
8.80000E-01 2.238721139E-06 1.603034217E-17
8.80000E-01 1.778279410E-06 1.569094950E-11
8.80000E-01 2.511886400E-06 1.388228283E-25
8.80000E-01 3.162277700E-09 3.120951667E-06
8.80000E-01 2.511886400E-08 1.194061933E-02
8.80000E-01 3.981071700E-07 1.562275233E+00
8.80000E-01 2.818382931E-06 1.354975700E-29
8.80000E-01 3.162277700E-06 2.647856667E-36
8.80000E-01 3.162277700E-07 2.351560667E+00
8.80000E-01 3.162277700E-08 2.921753333E-02
8.80000E-01 3.548133892E-06 2.745055500E-37
8.80000E-01 3.548133892E-06 2.745055500E-37
8.80000E-01 3.981071700E-08 6.372426667E-02
8.80000E-01 7.943282300E-09 1.235385133E-04
8.80000E-01 1.412537545E-06 2.412450000E-07
8.80000E-01 5.011872300E-08 1.414984200E-01
8.80000E-01 5.011872300E-09 2.139054500E-05
8.80000E-01 6.309573400E-07 2.245230833E-01
8.80000E-01 2.818382931E-06 1.354975700E-29
8.80000E-01 6.309573400E-08 3.292965500E-01
8.80000E-01 6.309573400E-09 5.217927667E-05
8.80000E-01 7.943282300E-07 4.860116833E-02
8.80000E-01 7.943282300E-08 5.924223500E-01
8.80000E-01 3.981071700E-09 8.480315667E-06
8.80000E-01 5.011872300E-07 6.272915000E-01
8.90000E-01 1.778279410E-06 2.610321000E-09
8.90000E-01 1.584893200E-07 1.889753500E+00
8.90000E-01 1.584893200E-06 1.763318667E-07
8.90000E-01 1.258925400E-07 1.301589150E+00
8.90000E-01 1.412537545E-06 1.168616650E-05
8.90000E-01 1.258925400E-08 4.870725500E-04
8.90000E-01 1.584893200E-08 1.195368633E-03
8.90000E-01 1.122018454E-06 1.187479617E-04
8.90000E-01 1.995262300E-06 5.437804333E-13
8.90000E-01 1.000000000E-08 2.007378667E-04
8.90000E-01 1.995262300E-08 3.165450500E-03
8.90000E-01 1.000000000E-06 1.994382333E-03
8.90000E-01 1.000000000E-07 7.923479000E-01
8.90000E-01 2.238721139E-06 1.191318250E-17
8.90000E-01 2.238721139E-06 1.191318250E-17
8.90000E-01 2.511886400E-06 2.012483167E-25
8.90000E-01 1.778279410E-06 2.610321000E-09
8.90000E-01 1.258925400E-06 2.431332833E-06
8.90000E-01 1.995262300E-07 2.158212833E+00
8.90000E-01 1.122018454E-06 1.187479617E-04
8.90000E-01 2.511886400E-07 2.383478167E+00
8.90000E-01 3.981071700E-08 4.235627500E-02
8.90000E-01 1.412537545E-06 1.168616650E-05
8.90000E-01 3.548133892E-06 4.639343000E-43
8.90000E-01 3.548133892E-06 4.639343000E-43
8.90000E-01 3.162277700E-06 3.443420500E-29
8.90000E-01 3.162277700E-08 1.788966333E-02
8.90000E-01 3.162277700E-07 2.004901167E+00
8.90000E-01 3.981071700E-07 1.337799883E+00
8.90000E-01 3.162277700E-09 1.996975000E-06
8.90000E-01 3.981071700E-09 5.237881500E-06
8.90000E-01 5.011872300E-08 1.014210767E-01
8.90000E-01 6.309573400E-08 2.200045000E-01
8.90000E-01 6.309573400E-07 1.236256283E-01
8.90000E-01 6.309573400E-09 3.195952167E-05
8.90000E-01 7.943282300E-07 2.298326833E-02
8.90000E-01 7.943282300E-08 4.089054500E-01
8.90000E-01 7.943282300E-09 8.370565833E-05
8.90000E-01 2.818382931E-06 3.195057167E-26
8.90000E-01 5.011872300E-07 6.240425500E-01
8.90000E-01 2.818382931E-06 3.195057167E-26
8.90000E-01 2.511886400E-08 7.647485667E-03
8.90000E-01 5.011872300E-09 1.401195283E-05
9.00000E-01 1.584893200E-07 1.203081583E+00
9.00000E-01 1.584893200E-08 7.727921833E-04
9.00000E-01 1.412537545E-06 5.087685833E-07
9.00000E-01 3.162277700E-07 1.197779217E+00
9.00000E-01 1.258925400E-07 8.408073833E-01
9.00000E-01 1.258925400E-06 4.814522333E-06
9.00000E-01 1.122018454E-06 4.503583000E-05
9.00000E-01 1.258925400E-08 3.202023000E-04
9.00000E-01 1.778279410E-06 1.004381500E-11
9.00000E-01 1.995262300E-06 3.547673500E-13
9.00000E-01 1.995262300E-07 1.479157517E+00
9.00000E-01 1.995262300E-08 1.922559000E-03
9.00000E-01 1.000000000E-07 4.727649333E-01
9.00000E-01 2.818382931E-06 2.701074833E-27
9.00000E-01 1.000000000E-08 1.262755883E-04
9.00000E-01 2.238721139E-06 1.331307433E-17
9.00000E-01 2.511886400E-06 4.834644500E-17
9.00000E-01 2.511886400E-07 1.464454583E+00
9.00000E-01 2.511886400E-08 4.862679667E-03
9.00000E-01 1.584893200E-06 8.046586167E-09
9.00000E-01 3.162277700E-06 7.988758000E-24
9.00000E-01 7.943282300E-08 2.582271667E-01
9.00000E-01 3.162277700E-08 1.173969333E-02
9.00000E-01 1.000000000E-06 5.162770833E-04
9.00000E-01 5.011872300E-08 6.089694333E-02
9.00000E-01 5.011872300E-09 7.851110667E-06
9.00000E-01 5.011872300E-07 4.354351500E-01
9.00000E-01 3.162277700E-09 1.292529783E-06
9.00000E-01 3.981071700E-08 2.679108000E-02
9.00000E-01 3.548133892E-06 2.410444333E-43
9.00000E-01 3.981071700E-09 3.075551667E-06
9.00000E-01 6.309573400E-07 1.381211950E-01
9.00000E-01 3.981071700E-07 8.236626500E-01
9.00000E-01 6.309573400E-09 1.974220333E-05
9.00000E-01 7.943282300E-07 2.214986333E-02
9.00000E-01 7.943282300E-09 5.207904167E-05
9.00000E-01 6.309573400E-08 1.348864267E-01
9.00000E-01 1.122018454E-06 4.503583000E-05
9.00000E-01 1.412537545E-06 5.087685833E-07
9.00000E-01 1.778279410E-06 1.004381500E-11
9.00000E-01 2.238721139E-06 1.331307433E-17
9.00000E-01 2.818382931E-06 2.701074833E-27
9.00000E-01 3.548133892E-06 2.410444333E-43
9.50000E-01 1.584893200E-06 4.824937833E-10
9.50000E-01 1.412537545E-06 1.001196650E-08
9.50000E-01 1.412537545E-06 1.001196650E-08
9.50000E-01 1.122018454E-06 3.677921000E-06
9.50000E-01 1.258925400E-07 2.217836333E-03
9.50000E-01 1.258925400E-06 1.020192667E-07
9.50000E-01 1.584893200E-07 3.327341167E-03
9.50000E-01 1.258925400E-08 7.800039333E-07
9.50000E-01 1.584893200E-08 1.796344667E-06
9.50000E-01 2.511886400E-07 4.657210833E-03
9.50000E-01 1.778279410E-06 1.819688333E-13
9.50000E-01 1.995262300E-07 4.271060833E-03
9.50000E-01 1.995262300E-08 4.664653833E-06
9.50000E-01 1.000000000E-06 1.020984950E-05
9.50000E-01 1.000000000E-07 1.290209800E-03
9.50000E-01 1.000000000E-08 3.053128333E-07
9.50000E-01 2.238721139E-06 2.871965333E-15
9.50000E-01 2.238721139E-06 2.871965333E-15
9.50000E-01 1.122018454E-06 3.677921000E-06
9.50000E-01 1.778279410E-06 1.819688333E-13
9.50000E-01 2.511886400E-06 2.492808000E-22
9.50000E-01 5.011872300E-08 1.541974550E-04
9.50000E-01 2.511886400E-08 1.172636500E-05
9.50000E-01 3.548133892E-06 9.877219500E-48
9.50000E-01 3.548133892E-06 9.877219500E-48
9.50000E-01 3.162277700E-09 2.904997000E-09
9.50000E-01 2.818382931E-06 8.608415167E-24
9.50000E-01 3.162277700E-07 4.154932000E-03
9.50000E-01 3.162277700E-06 6.829706167E-30
9.50000E-01 3.981071700E-06 2.064157333E-45
9.50000E-01 3.162277700E-08 2.839689500E-05
9.50000E-01 3.981071700E-07 2.929233833E-03
9.50000E-01 7.943282300E-08 6.615571333E-04
9.50000E-01 3.981071700E-09 7.844689667E-09
9.50000E-01 5.011872300E-07 1.360177750E-03
9.50000E-01 5.011872300E-09 1.938348833E-08
9.50000E-01 6.309573400E-07 5.433819833E-04
9.50000E-01 6.309573400E-08 3.086594500E-04
9.50000E-01 6.309573400E-09 5.053925667E-08
9.50000E-01 7.943282300E-07 8.103203833E-05
9.50000E-01 2.818382931E-06 8.608415167E-24
9.50000E-01 3.981071700E-08 6.298085167E-05
9.50000E-01 1.995262300E-06 1.850042667E-13
9.50000E-01 7.943282300E-09 1.248026367E-07
