2.00000E-03 1.258925400E-04 16441803300.0
2.00000E-03 1.000000000E-04 7739404270.0
2.00000E-03 2.511886400E-04 68091504000.0
2.00000E-03 3.162277700E-04 75812851400.0
2.00000E-03 1.000000000E-03 619148465.0
2.00000E-03 3.162277700E-03 1.149081791e-17
2.00000E-03 1.258925400E-05 2939922.96
2.00000E-03 1.258925400E-06 299.580502
2.00000E-03 1.258925400E-07 0.0296311288
2.00000E-03 1.258925400E-08 2.92143696e-06
2.00000E-03 1.258925400E-09 2.92342895e-10
2.00000E-03 1.584893200E-05 7331611.95
2.00000E-03 1.584893200E-06 740.851761
2.00000E-03 1.995262300E-04 49848121700.0
2.00000E-03 2.511886400E-06 4694.93934
2.00000E-03 1.000000000E-09 1.169906088e-10
2.00000E-03 1.000000000E-08 1.186918421e-06
2.00000E-03 1.000000000E-07 0.01187164121
2.00000E-03 1.584893200E-07 0.0758774328
2.00000E-03 1.000000000E-05 1192365.213
2.00000E-03 1.000000000E-06 122.6687163
2.00000E-03 1.995262300E-08 1.90478925e-05
2.00000E-03 1.995262300E-07 0.192934898
2.00000E-03 1.995262300E-06 1938.86355
2.00000E-03 1.995262300E-05 18030587.9
2.00000E-03 1.584893200E-09 7.39919388e-10
2.00000E-03 1.995262300E-09 1.86482361e-09
2.00000E-03 1.584893200E-08 7.57251703e-06
2.00000E-03 2.511886400E-05 45915036.7
2.00000E-03 2.511886400E-09 4.86908123e-09
2.00000E-03 2.511886400E-07 0.487640777
2.00000E-03 3.162277700E-05 112906522.3
2.00000E-03 3.162277700E-06 12180.79304
2.00000E-03 3.162277700E-07 1.231686131
2.00000E-03 3.162277700E-08 0.0001149035524
2.00000E-03 3.162277700E-09 1.220325639e-08
2.00000E-03 3.981071700E-05 294235799.0
2.00000E-03 3.981071700E-06 30677.8329
2.00000E-03 3.981071700E-07 3.22696413
2.00000E-03 3.981071700E-08 0.000317547373
2.00000E-03 3.981071700E-09 2.91123014e-08
2.00000E-03 5.011872300E-05 692645538.0
2.00000E-03 2.511886400E-08 4.60162599e-05
2.00000E-03 5.011872300E-06 75340.122
2.00000E-03 1.584893200E-04 31803162300.0
2.00000E-03 5.011872300E-09 7.47523972e-08
2.00000E-03 5.011872300E-07 7.42336127
2.00000E-03 7.943282300E-09 4.40127207e-07
2.00000E-03 7.943282300E-08 0.00453155105
2.00000E-03 5.011872300E-08 0.000763654372
2.00000E-03 7.943282300E-06 485502.667
2.00000E-03 7.943282300E-07 49.9331144
2.00000E-03 6.309573400E-09 1.85833284e-07
2.00000E-03 6.309573400E-08 0.00188391073
2.00000E-03 6.309573400E-07 19.507761
2.00000E-03 6.309573400E-06 190628.074
2.00000E-03 6.309573400E-05 1655517370.0
2.00000E-03 7.943282300E-05 3698230900.0
5.00000E-03 1.584893200E-06 4376.20911
5.00000E-03 1.584893200E-05 41991935.7
5.00000E-03 1.258925400E-09 1.81664964e-09
5.00000E-03 1.258925400E-07 0.171479191
5.00000E-03 2.511886400E-07 2.89769558
5.00000E-03 1.000000000E-03 8.55974444e-08
5.00000E-03 3.162277700E-04 877288100.0
5.00000E-03 2.511886400E-04 3188404570.0
5.00000E-03 1.995262300E-04 7453806750.0
5.00000E-03 1.584893200E-07 0.460680688
5.00000E-03 1.258925400E-06 1721.91851
5.00000E-03 1.258925400E-08 1.7699292e-05
5.00000E-03 1.000000000E-05 6533752.94
5.00000E-03 2.511886400E-05 250003780.0
5.00000E-03 1.584893200E-08 4.71454997e-05
5.00000E-03 1.000000000E-08 7.22758855e-06
5.00000E-03 1.000000000E-07 0.0719156165
5.00000E-03 1.000000000E-06 735.29638
5.00000E-03 1.000000000E-09 7.29062789e-10
5.00000E-03 1.995262300E-08 0.0001156852125
5.00000E-03 1.995262300E-07 1.111790173
5.00000E-03 1.995262300E-06 11466.55198
5.00000E-03 1.995262300E-05 102823841.9
5.00000E-03 1.995262300E-09 1.143830649e-08
5.00000E-03 1.258925400E-04 11566598420.0
5.00000E-03 1.584893200E-09 4.73314725e-09
5.00000E-03 1.584893200E-04 10147847450.0
5.00000E-03 2.511886400E-08 0.000287388621
5.00000E-03 3.981071700E-08 0.00191838374
5.00000E-03 3.981071700E-09 1.69507793e-07
5.00000E-03 2.511886400E-06 28915.0667
5.00000E-03 3.981071700E-07 18.4326298
5.00000E-03 3.981071700E-06 175567.392
5.00000E-03 3.162277700E-05 554103329.0
5.00000E-03 3.162277700E-09 7.13152427e-08
5.00000E-03 3.162277700E-08 0.000751948756
5.00000E-03 3.162277700E-07 7.42960803
5.00000E-03 5.011872300E-05 2633603440.0
5.00000E-03 3.981071700E-05 1186834584.0
5.00000E-03 5.011872300E-06 451958.949
5.00000E-03 6.309573400E-08 0.01155297858
5.00000E-03 3.162277700E-06 68873.1524
5.00000E-03 5.011872300E-09 4.69637493e-07
5.00000E-03 5.011872300E-07 47.9477479
5.00000E-03 5.011872300E-08 0.00437186737
5.00000E-03 7.943282300E-09 2.88093208e-06
5.00000E-03 7.943282300E-08 0.0274979653
5.00000E-03 7.943282300E-07 281.092877
5.00000E-03 7.943282300E-06 2622940.06
5.00000E-03 2.511886400E-09 2.92843369e-08
5.00000E-03 6.309573400E-09 1.105228436e-06
5.00000E-03 6.309573400E-07 115.869559
5.00000E-03 6.309573400E-06 1113832.278
5.00000E-03 6.309573400E-05 4760252380.0
5.00000E-03 7.943282300E-05 7285343260.0
1.00000E-02 1.584893200E-07 1.77418371
1.00000E-02 1.000000000E-04 1771892980.0
1.00000E-02 2.511886400E-04 544647.844
1.00000E-02 1.258925400E-05 59262567.0
1.00000E-02 1.258925400E-06 6936.02338
1.00000E-02 1.258925400E-07 0.7344805
1.00000E-02 1.258925400E-08 6.87960208e-05
1.00000E-02 1.258925400E-09 7.06271735e-09
1.00000E-02 1.584893200E-06 18148.0975
1.00000E-02 1.258925400E-04 807652274.0
1.00000E-02 1.995262300E-04 17761642.6
1.00000E-02 1.584893200E-04 167636573.0
1.00000E-02 2.511886400E-06 115420.3271
1.00000E-02 1.000000000E-09 2.76210896e-09
1.00000E-02 1.000000000E-08 2.85950015e-05
1.00000E-02 1.000000000E-07 0.271669125
1.00000E-02 2.511886400E-05 631584668.0
1.00000E-02 1.995262300E-08 0.000459152226
1.00000E-02 1.995262300E-07 4.35307912
1.00000E-02 1.995262300E-06 42700.2459
1.00000E-02 1.995262300E-05 307458931.0
1.00000E-02 1.000000000E-05 26957862.1
1.00000E-02 1.584893200E-09 1.77541988e-08
1.00000E-02 2.511886400E-08 0.001151269574
1.00000E-02 1.584893200E-08 0.000191814649
1.00000E-02 5.011872300E-09 1.74790538e-06
1.00000E-02 2.511886400E-07 11.14341917
1.00000E-02 3.162277700E-06 296481.289
1.00000E-02 3.162277700E-09 2.77911192e-07
1.00000E-02 3.981071700E-05 1864335720.0
1.00000E-02 3.981071700E-06 695730.204
1.00000E-02 3.981071700E-07 69.2751098
1.00000E-02 3.981071700E-08 0.00684938852
1.00000E-02 3.981071700E-09 7.29315483e-07
1.00000E-02 5.011872300E-05 2532318100.0
1.00000E-02 5.011872300E-07 188.019559
1.00000E-02 5.011872300E-06 1755727.74
1.00000E-02 3.162277700E-05 1144889135.0
1.00000E-02 3.162277700E-08 0.00267864571
1.00000E-02 6.309573400E-06 4280902.34
1.00000E-02 6.309573400E-05 2867143760.0
1.00000E-02 2.511886400E-09 1.151544745e-07
1.00000E-02 7.943282300E-09 1.127733932e-05
1.00000E-02 7.943282300E-08 0.1153447542
1.00000E-02 7.943282300E-07 1093.332851
1.00000E-02 5.011872300E-08 0.0177782163
1.00000E-02 7.943282300E-05 2618354700.0
1.00000E-02 6.309573400E-09 4.42303641e-06
1.00000E-02 6.309573400E-08 0.0443595334
1.00000E-02 6.309573400E-07 445.937336
1.00000E-02 7.943282300E-06 10552342.97
5.00000E-02 1.584893200E-04 1.57376921e-37
5.00000E-02 1.584893200E-07 48.1956995
5.00000E-02 1.000000000E-04 6.64801787e-10
5.00000E-02 1.258925400E-06 172155.204
5.00000E-02 1.258925400E-08 0.00176509151
5.00000E-02 1.258925400E-09 1.79568974e-07
5.00000E-02 1.584893200E-05 108349970.3
5.00000E-02 1.584893200E-06 434430.022
5.00000E-02 1.584893200E-08 0.00449739433
5.00000E-02 1.000000000E-05 104447395.0
5.00000E-02 1.995262300E-05 64621596.0
5.00000E-02 1.995262300E-06 1062456.239
5.00000E-02 1.995262300E-07 114.0852245
5.00000E-02 1.995262300E-08 0.01127038536
5.00000E-02 1.000000000E-07 7.14069408
5.00000E-02 1.000000000E-08 0.00070900726
5.00000E-02 1.000000000E-09 7.10220927e-08
5.00000E-02 2.511886400E-05 32010261.4
5.00000E-02 1.258925400E-04 3.63736074e-20
5.00000E-02 2.511886400E-07 293.415148
5.00000E-02 2.511886400E-06 2425635.55
5.00000E-02 1.584893200E-09 4.51446151e-07
5.00000E-02 2.511886400E-09 2.77580186e-06
5.00000E-02 3.162277700E-06 5762897.79
5.00000E-02 3.981071700E-08 0.1729494
5.00000E-02 3.162277700E-07 753.899653
5.00000E-02 3.162277700E-08 0.0727442417
5.00000E-02 3.162277700E-09 6.94503758e-06
5.00000E-02 3.981071700E-05 1152822.684
5.00000E-02 3.981071700E-06 12202446.75
5.00000E-02 3.981071700E-07 1747.26942
5.00000E-02 3.981071700E-09 1.81834172e-05
5.00000E-02 6.309573400E-08 1.171006421
5.00000E-02 7.943282300E-08 2.89644836
5.00000E-02 5.011872300E-09 4.58075605e-05
5.00000E-02 6.309573400E-05 53.5826031
5.00000E-02 6.309573400E-07 11266.19598
5.00000E-02 6.309573400E-09 0.0001131999804
5.00000E-02 7.943282300E-05 0.00259245636
5.00000E-02 7.943282300E-06 75838548.5
5.00000E-02 7.943282300E-07 26813.618
5.00000E-02 3.162277700E-05 8520652.4
5.00000E-02 5.011872300E-05 21727.6579
5.00000E-02 5.011872300E-08 0.427597495
1.00000E-01 1.584893200E-07 191.564139
1.00000E-01 1.584893200E-06 1479469.42
1.00000E-01 1.584893200E-05 2170022.92
1.00000E-01 2.511886400E-07 1162.273164
1.00000E-01 1.258925400E-08 0.00726181274
1.00000E-01 1.258925400E-07 71.9739722
1.00000E-01 1.258925400E-06 628898.777
1.00000E-01 1.584893200E-08 0.0182193076
1.00000E-01 1.258925400E-09 7.34221527e-07
1.00000E-01 1.584893200E-09 1.90275956e-06
1.00000E-01 1.000000000E-08 0.00297350352
1.00000E-01 1.995262300E-06 3232688.29
1.00000E-01 1.995262300E-05 160717.596
1.00000E-01 1.000000000E-09 2.86661921e-07
1.00000E-01 1.000000000E-07 28.4950458
1.00000E-01 2.511886400E-05 4504.8679
1.00000E-01 1.000000000E-05 20692064.9
1.00000E-01 1.995262300E-09 4.59590261e-06
1.00000E-01 1.995262300E-08 0.0451363835
1.00000E-01 2.511886400E-06 6103376.76
1.00000E-01 1.000000000E-06 258285.82
1.00000E-01 1.258925400E-05 8560156.41
1.00000E-01 1.995262300E-07 451.856522
1.00000E-01 2.511886400E-08 0.1181096917
1.00000E-01 5.011872300E-08 1.85377101
1.00000E-01 7.943282300E-08 11.79885317
1.00000E-01 3.981071700E-09 7.57651765e-05
1.00000E-01 3.981071700E-08 0.768964794
1.00000E-01 3.162277700E-05 9.41101382
1.00000E-01 3.981071700E-06 19200153.7
1.00000E-01 3.981071700E-05 0.000804809928
1.00000E-01 3.162277700E-07 2863.81511
1.00000E-01 5.011872300E-06 26188149.0
1.00000E-01 3.981071700E-07 7346.57339
1.00000E-01 5.011872300E-07 18484.362
1.00000E-01 5.011872300E-05 1.50223268e-10
1.00000E-01 5.011872300E-09 0.000190031985
1.00000E-01 6.309573400E-07 45401.7876
1.00000E-01 2.511886400E-09 1.142694254e-05
1.00000E-01 7.943282300E-07 110567.5363
1.00000E-01 7.943282300E-06 27414964.2
1.00000E-01 7.943282300E-09 0.001102162906
1.00000E-01 6.309573400E-09 0.000446736979
1.00000E-01 6.309573400E-08 4.71399526
1.00000E-01 6.309573400E-06 29240043.3
1.00000E-01 6.309573400E-05 3.21842976e-21
1.00000E-01 7.943282300E-05 2.28499869e-37
1.50000E-01 1.995262300E-06 4912916.84
1.50000E-01 1.258925400E-08 0.0172648125
1.50000E-01 1.258925400E-09 1.76290946e-06
1.50000E-01 1.584893200E-06 2504925.54
1.50000E-01 1.258925400E-05 221433.953
1.50000E-01 1.584893200E-08 0.0446921709
1.50000E-01 1.584893200E-09 4.24528091e-06
1.50000E-01 1.995262300E-05 15.3033946
1.50000E-01 3.162277700E-05 1.034859046e-08
1.50000E-01 1.000000000E-09 7.41776269e-07
1.50000E-01 1.995262300E-09 1.088139871e-05
1.50000E-01 1.000000000E-05 1577395.17
1.50000E-01 1.000000000E-07 69.3057495
1.50000E-01 1.000000000E-08 0.00679728062
1.50000E-01 2.511886400E-05 0.00546456521
1.50000E-01 2.511886400E-07 2863.18383
1.50000E-01 2.511886400E-08 0.270183641
1.50000E-01 1.995262300E-07 1070.202939
1.50000E-01 1.258925400E-07 174.20832
1.50000E-01 1.995262300E-08 0.1047791225
1.50000E-01 1.258925400E-06 1266127.044
1.50000E-01 3.981071700E-08 1.76503509
1.50000E-01 1.584893200E-07 449.079085
1.50000E-01 3.162277700E-08 0.671434712
1.50000E-01 3.162277700E-09 6.87212734e-05
1.50000E-01 3.981071700E-05 5.26376851e-18
1.50000E-01 3.981071700E-06 13726586.9
1.50000E-01 3.981071700E-07 17184.6129
1.50000E-01 5.011872300E-05 1.33380429e-35
1.50000E-01 3.981071700E-09 0.000163431125
1.50000E-01 5.011872300E-06 13360172.8
1.50000E-01 6.309573400E-09 0.001080524211
1.50000E-01 5.011872300E-08 4.59051307
1.50000E-01 2.511886400E-09 2.6556673e-05
1.50000E-01 6.309573400E-06 10416572.14
1.50000E-01 6.309573400E-08 10.98293638
1.50000E-01 7.943282300E-06 5110432.47
1.50000E-01 7.943282300E-07 235491.581
1.50000E-01 7.943282300E-08 28.8241252
1.50000E-01 7.943282300E-09 0.00285680876
1.50000E-01 3.162277700E-07 7157.13258
1.50000E-01 5.011872300E-07 41107.8317
1.50000E-01 3.162277700E-06 11401557.57
1.50000E-01 5.011872300E-09 0.000441262289
2.00000E-01 1.584893200E-09 7.6168092e-06
2.00000E-01 1.584893200E-08 0.0793597116
2.00000E-01 1.584893200E-07 815.17514
2.00000E-01 1.258925400E-07 329.017039
2.00000E-01 1.258925400E-09 3.17727982e-06
2.00000E-01 1.258925400E-08 0.0329597489
2.00000E-01 1.995262300E-05 0.000236144376
2.00000E-01 1.584893200E-05 1.66399311
2.00000E-01 1.584893200E-06 3394643.85
2.00000E-01 1.000000000E-07 131.853319
2.00000E-01 1.995262300E-09 2.05277748e-05
2.00000E-01 1.000000000E-05 56134.4173
2.00000E-01 1.000000000E-06 857162.54
2.00000E-01 1.000000000E-08 0.0131882361
2.00000E-01 1.000000000E-09 1.33995472e-06
2.00000E-01 2.511886400E-05 3.50290525e-11
2.00000E-01 1.995262300E-06 5291283.66
2.00000E-01 2.511886400E-06 7459194.21
2.00000E-01 1.258925400E-06 1846593.45
2.00000E-01 1.995262300E-08 0.205760997
2.00000E-01 1.258925400E-05 1007.774586
2.00000E-01 2.511886400E-08 0.541937994
2.00000E-01 2.511886400E-09 5.46843505e-05
2.00000E-01 3.981071700E-08 3.4371675
2.00000E-01 3.981071700E-07 32299.1812
2.00000E-01 3.981071700E-06 7756013.98
2.00000E-01 3.162277700E-07 13106.9757
2.00000E-01 3.162277700E-09 0.000137446218
2.00000E-01 3.162277700E-08 1.35607953
2.00000E-01 3.981071700E-05 2.19253333e-38
2.00000E-01 5.011872300E-06 5414184.23
2.00000E-01 6.309573400E-08 21.1273972
2.00000E-01 5.011872300E-08 8.17330085
2.00000E-01 3.981071700E-09 0.000317786482
2.00000E-01 6.309573400E-07 180952.096
2.00000E-01 6.309573400E-09 0.00206101363
2.00000E-01 7.943282300E-06 534445.236
2.00000E-01 7.943282300E-07 401785.475
2.00000E-01 7.943282300E-08 51.6256728
2.00000E-01 7.943282300E-09 0.00512485701
2.00000E-01 3.162277700E-06 8263985.6
2.00000E-01 5.011872300E-07 75901.384
2.00000E-01 6.309573400E-06 2506153.78
2.00000E-01 3.162277700E-05 1.39733581e-22
2.50000E-01 1.584893200E-06 3192287.41
2.50000E-01 1.584893200E-05 8.88173663e-13
2.50000E-01 1.412537545E-05 3.59577582e-09
2.50000E-01 1.258925400E-06 2342031.64
2.50000E-01 1.258925400E-08 0.0992545788
2.50000E-01 1.258925400E-07 997.565491
2.50000E-01 1.584893200E-07 2491.13839
2.50000E-01 1.258925400E-09 9.94568341e-06
2.50000E-01 1.258925400E-05 2.07712791e-05
2.50000E-01 1.995262300E-08 0.643627855
2.50000E-01 1.584893200E-08 0.245900772
2.50000E-01 1.000000000E-07 394.123106
2.50000E-01 1.000000000E-05 0.403401778
2.50000E-01 1.995262300E-09 5.85331916e-05
2.50000E-01 1.000000000E-06 1591174.13
2.50000E-01 1.995262300E-07 5985.51642
2.50000E-01 1.995262300E-05 1.273185186e-24
2.50000E-01 1.778279410E-05 6.84014409e-18
2.50000E-01 1.122018454E-05 0.00557305515
2.50000E-01 1.584893200E-09 2.52483153e-05
2.50000E-01 1.000000000E-09 4.05880605e-06
2.50000E-01 1.995262300E-06 3718289.64
2.50000E-01 7.943282300E-06 246.752766
2.50000E-01 1.000000000E-08 0.0396683469
2.50000E-01 3.981071700E-08 10.24271495
2.50000E-01 3.162277700E-09 0.000378844024
2.50000E-01 2.511886400E-08 1.61076552
2.50000E-01 3.162277700E-07 35808.5091
2.50000E-01 3.162277700E-06 2142342.8
2.50000E-01 3.981071700E-09 0.001020279962
2.50000E-01 3.162277700E-08 3.8454078
2.50000E-01 5.011872300E-06 196740.219
2.50000E-01 7.943282300E-09 0.0159766672
2.50000E-01 3.981071700E-06 839489.963
2.50000E-01 5.011872300E-09 0.00256057997
2.50000E-01 5.011872300E-08 26.0717015
2.50000E-01 2.238721139E-05 2.01350227e-34
2.50000E-01 2.511886400E-06 3018608.45
2.50000E-01 7.943282300E-08 156.82719
2.50000E-01 5.011872300E-07 194312.352
2.50000E-01 6.309573400E-09 0.00632068983
2.50000E-01 6.309573400E-08 64.2154292
2.50000E-01 6.309573400E-07 405353.273
2.50000E-01 6.309573400E-06 14602.7284
2.50000E-01 7.943282300E-07 864702.748
3.00000E-01 1.258925400E-07 1719.15757
3.00000E-01 1.584893200E-08 0.463822554
3.00000E-01 1.258925400E-08 0.172865004
3.00000E-01 1.258925400E-09 1.72177421e-05
3.00000E-01 1.584893200E-05 1.132032226e-24
3.00000E-01 1.584893200E-06 2445687.53
3.00000E-01 1.584893200E-07 4319.66691
3.00000E-01 2.511886400E-07 24808.5227
3.00000E-01 1.000000000E-06 1649610.82
3.00000E-01 1.995262300E-07 10430.15961
3.00000E-01 1.995262300E-08 1.131266955
3.00000E-01 1.995262300E-09 0.0001087249566
3.00000E-01 1.000000000E-05 5.06142546e-06
3.00000E-01 1.000000000E-07 665.488304
3.00000E-01 1.000000000E-08 0.0683294599
3.00000E-01 1.000000000E-09 6.92504956e-06
3.00000E-01 1.258925400E-06 2388953.58
3.00000E-01 1.995262300E-06 2275593.71
3.00000E-01 1.258925400E-05 3.90369382e-13
3.00000E-01 1.584893200E-09 4.50634522e-05
3.00000E-01 7.943282300E-09 0.0277370678
3.00000E-01 3.162277700E-06 762665.072
3.00000E-01 3.981071700E-09 0.00180227034
3.00000E-01 3.162277700E-07 57196.2638
3.00000E-01 3.162277700E-08 6.91935426
3.00000E-01 3.981071700E-06 184134.353
3.00000E-01 3.981071700E-07 141670.165
3.00000E-01 3.981071700E-08 17.348188
3.00000E-01 5.011872300E-06 7257.22361
3.00000E-01 6.309573400E-09 0.01121749135
3.00000E-01 2.511886400E-06 1630161.52
3.00000E-01 5.011872300E-09 0.00466245572
3.00000E-01 6.309573400E-06 210.643875
3.00000E-01 6.309573400E-07 596388.468
3.00000E-01 7.943282300E-06 0.255719802
3.00000E-01 7.943282300E-07 1079756.6
3.00000E-01 7.943282300E-08 281.339214
3.00000E-01 2.511886400E-09 0.000280060274
3.00000E-01 5.011872300E-07 314081.612
3.00000E-01 2.511886400E-08 2.74002937
3.00000E-01 5.011872300E-08 44.8051071
3.50000E-01 1.584893200E-07 7042.3262
3.50000E-01 1.584893200E-06 2041600.34
3.50000E-01 1.258925400E-09 2.86316472e-05
3.50000E-01 1.258925400E-05 2.92571344e-20
3.50000E-01 1.258925400E-07 2818.31069
3.50000E-01 1.258925400E-06 2052130.34
3.50000E-01 1.584893200E-08 0.700110892
3.50000E-01 1.258925400E-08 0.282088599
3.50000E-01 1.584893200E-05 6.91354625e-36
3.50000E-01 1.000000000E-06 1813199.44
3.50000E-01 1.584893200E-09 7.24901619e-05
3.50000E-01 1.000000000E-08 0.1119662661
3.50000E-01 1.000000000E-07 1111.766045
3.50000E-01 2.511886400E-06 707913.661
3.50000E-01 1.995262300E-09 0.000170622907
3.50000E-01 1.995262300E-08 1.7674397
3.50000E-01 1.995262300E-07 16661.7022
3.50000E-01 2.511886400E-08 4.39594675
3.50000E-01 1.995262300E-06 1485749.2
3.50000E-01 1.000000000E-05 7.32953728e-11
3.50000E-01 2.511886400E-07 39024.0383
3.50000E-01 7.943282300E-09 0.0454546495
3.50000E-01 2.511886400E-09 0.000448637267
3.50000E-01 3.981071700E-09 0.00299589745
3.50000E-01 3.981071700E-08 29.7014055
3.50000E-01 3.981071700E-07 198425.942
3.50000E-01 3.162277700E-07 90814.7695
3.50000E-01 3.162277700E-09 0.001139879117
3.50000E-01 5.011872300E-06 489.128796
3.50000E-01 3.981071700E-06 21294.6591
3.50000E-01 5.011872300E-07 413985.585
3.50000E-01 3.162277700E-08 11.1070505
3.50000E-01 5.011872300E-09 0.00713955372
3.50000E-01 6.309573400E-08 171.964793
3.50000E-01 3.162277700E-06 183065.493
3.50000E-01 7.943282300E-08 459.750577
3.50000E-01 7.943282300E-07 1267848.66
3.50000E-01 5.011872300E-08 71.1334377
3.50000E-01 6.309573400E-09 0.018494606
3.50000E-01 6.309573400E-07 770676.27
3.50000E-01 6.309573400E-06 0.744573076
3.50000E-01 7.943282300E-06 5.45157301e-05
4.00000E-01 1.995262300E-06 705990.025
4.00000E-01 1.258925400E-07 4396.5688
4.00000E-01 1.258925400E-08 0.485874233
4.00000E-01 1.258925400E-09 4.67685998e-05
4.00000E-01 1.584893200E-06 1452157.98
4.00000E-01 1.584893200E-07 11166.08389
4.00000E-01 1.584893200E-08 1.199668938
4.00000E-01 1.584893200E-09 0.000117199225
4.00000E-01 3.162277700E-08 19.7890979
4.00000E-01 1.000000000E-07 1825.512
4.00000E-01 2.511886400E-06 249584.439
4.00000E-01 2.511886400E-07 62698.4449
4.00000E-01 1.000000000E-09 2.00480787e-05
4.00000E-01 1.000000000E-08 0.195063206
4.00000E-01 1.258925400E-05 5.66584915e-33
4.00000E-01 1.000000000E-06 1717130.35
4.00000E-01 1.000000000E-05 7.57769051e-19
4.00000E-01 1.995262300E-09 0.000302821337
4.00000E-01 1.995262300E-08 3.00636115
4.00000E-01 2.511886400E-09 0.000770306498
4.00000E-01 1.995262300E-07 25797.4548
4.00000E-01 7.943282300E-07 1406470.78
4.00000E-01 2.511886400E-08 7.4818081
4.00000E-01 5.011872300E-08 121.4442788
4.00000E-01 3.162277700E-09 0.00191562384
4.00000E-01 3.981071700E-06 1170.612768
4.00000E-01 3.981071700E-07 292066.97
4.00000E-01 3.981071700E-08 46.6977628
4.00000E-01 3.981071700E-09 0.00489022534
4.00000E-01 5.011872300E-06 6.66778489
4.00000E-01 5.011872300E-07 574344.108
4.00000E-01 5.011872300E-09 0.01241231641
4.00000E-01 1.995262300E-06 681245.071
4.00000E-01 1.258925400E-06 1782809.6
4.00000E-01 6.309573400E-08 313.483755
4.00000E-01 3.162277700E-06 31744.7611
4.00000E-01 6.309573400E-06 0.00231892375
4.00000E-01 1.584893200E-08 1.199441009
4.00000E-01 7.943282300E-09 0.0733077826
4.00000E-01 6.309573400E-07 930830.992
4.00000E-01 3.162277700E-07 134249.388
4.00000E-01 7.943282300E-06 5.4278107e-09
4.00000E-01 6.309573400E-09 0.0302830242
4.00000E-01 7.943282300E-08 719.431206
4.50000E-01 1.258925400E-07 7401.59732
4.50000E-01 1.258925400E-09 7.98787158e-05
4.50000E-01 1.584893200E-06 919219.366
4.50000E-01 1.584893200E-08 2.0648693
4.50000E-01 1.584893200E-09 0.000200368311
4.50000E-01 1.995262300E-06 350219.168
4.50000E-01 1.995262300E-07 41500.615
4.50000E-01 1.995262300E-09 0.00049799204
4.50000E-01 2.511886400E-07 95929.4544
4.50000E-01 2.511886400E-08 12.5070517
4.50000E-01 2.511886400E-06 55888.9682
4.50000E-01 1.000000000E-09 3.40732678e-05
4.50000E-01 1.258925400E-08 0.810624633
4.50000E-01 1.000000000E-08 0.306461441
4.50000E-01 1.000000000E-07 3217.71216
4.50000E-01 1.000000000E-06 1666761.98
4.50000E-01 1.000000000E-05 1.205334871e-26
4.50000E-01 1.995262300E-08 4.88698574
4.50000E-01 3.162277700E-06 4166.09466
4.50000E-01 1.584893200E-07 18991.9938
4.50000E-01 2.511886400E-09 0.001269040331
4.50000E-01 5.011872300E-08 186.028089
4.50000E-01 1.258925400E-06 1477208.07
4.50000E-01 3.981071700E-06 48.935302
4.50000E-01 3.981071700E-07 423634.809
4.50000E-01 3.981071700E-09 0.00779648051
4.50000E-01 5.011872300E-06 0.0490218196
4.50000E-01 5.011872300E-07 763985.456
4.50000E-01 5.011872300E-09 0.0204824828
4.50000E-01 7.943282300E-06 2.39021367e-15
4.50000E-01 6.309573400E-07 1158169.87
4.50000E-01 3.162277700E-09 0.00325207246
4.50000E-01 6.309573400E-09 0.0529549397
4.50000E-01 6.309573400E-08 502.809632
4.50000E-01 3.162277700E-07 203912.488
4.50000E-01 6.309573400E-06 1.286291149e-06
4.50000E-01 3.981071700E-08 77.6540362
4.50000E-01 7.943282300E-08 1214.316532
4.50000E-01 7.943282300E-07 1501902.87
4.50000E-01 3.162277700E-08 31.5589638
4.50000E-01 7.943282300E-09 0.12758889
5.00000E-01 2.511886400E-09 0.00223838628
5.00000E-01 1.995262300E-07 67126.5699
5.00000E-01 1.258925400E-09 0.000140963654
5.00000E-01 1.584893200E-06 493210.055
5.00000E-01 1.584893200E-07 29911.011
5.00000E-01 1.584893200E-08 3.20592714
5.00000E-01 1.995262300E-06 140789.09
5.00000E-01 1.584893200E-09 0.000379633462
5.00000E-01 1.000000000E-08 0.56803721
5.00000E-01 1.000000000E-05 3.71739576e-38
5.00000E-01 1.000000000E-06 1705520.96
5.00000E-01 1.000000000E-07 5058.71951
5.00000E-01 1.000000000E-09 5.6159558e-05
5.00000E-01 2.511886400E-06 11712.18451
5.00000E-01 2.511886400E-07 151077.706
5.00000E-01 1.995262300E-08 8.43658816
5.00000E-01 1.258925400E-07 12231.29206
5.00000E-01 1.995262300E-09 0.000892032011
5.00000E-01 1.258925400E-06 1153044.763
5.00000E-01 3.981071700E-06 0.762112897
5.00000E-01 1.258925400E-08 1.36875934
5.00000E-01 5.011872300E-06 8.41168198e-05
5.00000E-01 3.162277700E-09 0.00563998994
5.00000E-01 2.511886400E-08 22.4989453
5.00000E-01 3.981071700E-07 571137.957
5.00000E-01 3.981071700E-08 125.3780775
5.00000E-01 3.981071700E-09 0.0144718054
5.00000E-01 3.162277700E-08 52.5160727
5.00000E-01 6.309573400E-09 0.0886160548
5.00000E-01 5.011872300E-09 0.0353272023
5.00000E-01 5.011872300E-07 991132.311
5.00000E-01 6.309573400E-07 1376570.39
5.00000E-01 7.943282300E-06 7.31634072e-22
5.00000E-01 7.943282300E-07 1728245.48
5.00000E-01 7.943282300E-08 2063.28824
5.00000E-01 7.943282300E-09 0.221874731
5.00000E-01 3.162277700E-07 314991.391
5.00000E-01 5.011872300E-08 332.323394
5.00000E-01 3.162277700E-06 335.784709
5.00000E-01 6.309573400E-06 2.44528063e-11
5.50000E-01 1.995262300E-06 42617.9039
5.50000E-01 1.258925400E-08 2.66842264
5.50000E-01 1.584893200E-06 266059.56
5.50000E-01 1.584893200E-07 53366.5405
5.50000E-01 1.584893200E-08 6.37744835
5.50000E-01 3.162277700E-07 505249.68
5.50000E-01 1.258925400E-07 23228.2024
5.50000E-01 1.000000000E-06 1479042.24
5.50000E-01 1.000000000E-07 9624.84809
5.50000E-01 1.000000000E-08 1.028936974
5.50000E-01 2.511886400E-06 1702.72986
5.50000E-01 2.511886400E-07 261384.903
5.50000E-01 2.511886400E-08 40.222572
5.50000E-01 1.995262300E-08 15.7406275
5.50000E-01 1.258925400E-06 752346.426
5.50000E-01 1.995262300E-07 123177.0865
5.50000E-01 7.943282300E-09 0.427831508
5.50000E-01 5.011872300E-07 1389867.18
5.50000E-01 3.981071700E-07 851977.802
5.50000E-01 3.981071700E-08 250.342326
5.50000E-01 3.981071700E-09 0.0268583497
5.50000E-01 5.011872300E-06 4.41107472e-09
5.50000E-01 5.011872300E-08 660.171122
5.50000E-01 3.981071700E-06 0.0017619927
5.50000E-01 3.162277700E-06 14.2759812
5.50000E-01 6.309573400E-07 1782987.05
5.50000E-01 6.309573400E-09 0.170326
5.50000E-01 7.943282300E-06 2.07732343e-31
5.50000E-01 7.943282300E-07 1754742.6
5.50000E-01 7.943282300E-08 4102.97485
5.50000E-01 5.011872300E-09 0.0655679726
5.50000E-01 3.162277700E-08 103.8135657
5.50000E-01 6.309573400E-06 8.64826612e-18
6.00000E-01 1.258925400E-07 46158.9479
6.00000E-01 1.258925400E-08 5.50063293
6.00000E-01 1.584893200E-06 72812.0575
6.00000E-01 1.584893200E-07 105070.2406
6.00000E-01 1.995262300E-06 5027.42539
6.00000E-01 3.162277700E-09 0.0220666979
6.00000E-01 1.000000000E-07 19406.4195
6.00000E-01 1.000000000E-06 1002329.913
6.00000E-01 3.162277700E-06 0.0620765314
6.00000E-01 1.000000000E-08 2.09401478
6.00000E-01 2.511886400E-06 82.5620627
6.00000E-01 2.511886400E-07 478940.722
6.00000E-01 1.995262300E-07 231871.276
6.00000E-01 1.995262300E-08 35.153118
6.00000E-01 2.511886400E-08 87.5247373
6.00000E-01 1.584893200E-08 13.7670052
6.00000E-01 3.162277700E-07 837230.901
6.00000E-01 5.011872300E-07 1721513.17
6.00000E-01 3.981071700E-06 4.14891217e-07
6.00000E-01 3.981071700E-07 1337236.68
6.00000E-01 3.981071700E-09 0.0571461332
6.00000E-01 5.011872300E-06 2.73177437e-14
6.00000E-01 5.011872300E-08 1343.23358
6.00000E-01 5.011872300E-09 0.144456806
6.00000E-01 6.309573400E-08 3407.94194
6.00000E-01 1.258925400E-06 418454.166
6.00000E-01 3.162277700E-08 216.198697
6.00000E-01 6.309573400E-09 0.359018101
6.00000E-01 7.943282300E-07 1645623.33
6.00000E-01 7.943282300E-08 7793.19359
6.00000E-01 7.943282300E-09 0.898622153
6.00000E-01 6.309573400E-06 5.59734955e-27
6.00000E-01 6.309573400E-07 1921004.67
6.50000E-01 1.122018454E-06 237983.98
6.50000E-01 2.818382931E-06 0.000485912349
6.50000E-01 1.258925400E-07 117387.0906
6.50000E-01 1.258925400E-08 15.1316282
6.50000E-01 1.412537545E-06 26010.8602
6.50000E-01 1.584893200E-06 5820.24521
6.50000E-01 1.584893200E-07 253991.777
6.50000E-01 1.584893200E-08 38.4738055
6.50000E-01 1.778279410E-06 838.053606
6.50000E-01 1.995262300E-08 93.2096958
6.50000E-01 1.995262300E-07 519162.631
6.50000E-01 1.000000000E-06 454116.598
6.50000E-01 1.000000000E-07 51449.2758
6.50000E-01 1.000000000E-08 6.13206074
6.50000E-01 2.238721139E-06 3.06674654
6.50000E-01 2.511886400E-08 238.980872
6.50000E-01 2.511886400E-07 939291.249
6.50000E-01 1.995262300E-06 77.0744286
6.50000E-01 1.258925400E-06 101189.3974
6.50000E-01 2.511886400E-06 0.0228799454
6.50000E-01 3.162277700E-06 1.70988441e-07
6.50000E-01 5.011872300E-07 2282508.54
6.50000E-01 3.162277700E-08 590.848505
6.50000E-01 7.943282300E-07 1116189.542
6.50000E-01 3.548133892E-06 3.83211946e-11
6.50000E-01 3.981071700E-06 4.06644901e-15
6.50000E-01 3.981071700E-07 2057780.01
6.50000E-01 3.981071700E-08 1518.06408
6.50000E-01 3.981071700E-09 0.147417842
6.50000E-01 4.466835922E-06 1.46309241e-19
6.50000E-01 5.011872300E-06 1.101479158e-27
6.50000E-01 3.162277700E-09 0.062849735
6.50000E-01 5.011872300E-08 3708.45124
6.50000E-01 5.623413252E-06 2.57487906e-35
6.50000E-01 6.309573400E-07 2071913.87
6.50000E-01 6.309573400E-08 9488.29388
6.50000E-01 6.309573400E-09 0.970650512
6.50000E-01 3.162277700E-07 1517776.13
6.50000E-01 7.943282300E-08 22277.0899
6.50000E-01 7.943282300E-09 2.42325954
6.50000E-01 5.011872300E-09 0.396994312
7.00000E-01 3.162277700E-07 2512678.74
7.00000E-01 1.258925400E-06 2909.14455
7.00000E-01 1.258925400E-07 378497.158
7.00000E-01 1.258925400E-08 62.8470505
7.00000E-01 1.584893200E-07 761903.051
7.00000E-01 1.584893200E-08 158.811666
7.00000E-01 1.000000000E-07 178135.711
7.00000E-01 1.995262300E-07 1346072.52
7.00000E-01 1.995262300E-08 380.893162
7.00000E-01 1.000000000E-06 77754.0894
7.00000E-01 2.511886400E-06 2.39392231e-08
7.00000E-01 2.511886400E-07 2067869.7
7.00000E-01 1.995262300E-06 0.01044265664
7.00000E-01 1.584893200E-06 14.844752
7.00000E-01 2.511886400E-08 949.741013
7.00000E-01 3.162277700E-08 2213.5048
7.00000E-01 5.011872300E-08 14210.677
7.00000E-01 3.162277700E-06 4.25729486e-18
7.00000E-01 3.162277700E-09 0.246022751
7.00000E-01 3.981071700E-06 2.41118722e-32
7.00000E-01 3.981071700E-07 2745545.4
7.00000E-01 3.981071700E-09 0.563003675
7.00000E-01 5.011872300E-07 2569440.25
7.00000E-01 3.981071700E-08 5883.69327
7.00000E-01 5.011872300E-09 1.36830252
7.00000E-01 6.309573400E-07 1373124.22
7.00000E-01 6.309573400E-08 34656.6636
7.00000E-01 7.943282300E-07 504099.687
7.00000E-01 7.943282300E-08 84607.8012
7.00000E-01 7.943282300E-09 9.17727993
7.00000E-01 6.309573400E-09 3.99489623
7.50000E-01 1.584893200E-06 0.00143730834
7.50000E-01 1.258925400E-06 17.2252054
7.50000E-01 1.778279410E-06 5.04522434e-06
7.50000E-01 1.258925400E-07 4200979.77
7.50000E-01 1.258925400E-08 835.026647
7.50000E-01 1.412537545E-06 0.234497003
7.50000E-01 1.584893200E-07 7339171.06
7.50000E-01 2.238721139E-06 2.40235762e-13
7.50000E-01 1.122018454E-06 300.762592
7.50000E-01 1.995262300E-06 5.2701337e-10
7.50000E-01 1.995262300E-07 9766599.57
7.50000E-01 1.995262300E-08 5520.78761
7.50000E-01 1.000000000E-06 3937.38904
7.50000E-01 1.000000000E-07 1963635.31
7.50000E-01 2.511886400E-06 1.48654285e-19
7.50000E-01 1.584893200E-08 2142.7315
7.50000E-01 2.511886400E-08 12304.56695
7.50000E-01 7.943282300E-08 1063987.262
7.50000E-01 1.000000000E-08 342.614233
7.50000E-01 2.511886400E-07 11954365.28
7.50000E-01 3.981071700E-08 76180.7189
7.50000E-01 3.162277700E-07 12490936.25
7.50000E-01 7.943282300E-09 140.915008
7.50000E-01 3.162277700E-08 32307.2503
7.50000E-01 3.162277700E-09 3.37709658
7.50000E-01 3.981071700E-07 8751862.99
7.50000E-01 3.981071700E-09 8.31197718
7.50000E-01 7.943282300E-07 166222.602
7.50000E-01 5.011872300E-08 188687.798
7.50000E-01 5.011872300E-09 21.8429744
7.50000E-01 6.309573400E-07 1317982.9
7.50000E-01 6.309573400E-08 434174.715
7.50000E-01 6.309573400E-09 53.1485838
7.50000E-01 5.011872300E-07 4938945.83
7.50000E-01 2.818382931E-06 1.133634645e-25
7.50000E-01 3.162277700E-06 1.027338923e-35
8.00000E-01 1.258925400E-06 16.8886146
8.00000E-01 1.258925400E-07 2351736.4
8.00000E-01 1.258925400E-08 440.874343
8.00000E-01 1.584893200E-06 0.00427316916
8.00000E-01 1.584893200E-07 3709640.87
8.00000E-01 1.584893200E-08 1141.976888
8.00000E-01 1.122018454E-06 532.680603
8.00000E-01 1.000000000E-06 4233.20534
8.00000E-01 1.995262300E-07 5901824.11
8.00000E-01 1.995262300E-08 2805.47995
8.00000E-01 2.511886400E-07 6965840.44
8.00000E-01 1.000000000E-07 1173433.833
8.00000E-01 1.000000000E-08 185.038061
8.00000E-01 2.238721139E-06 5.57163828e-13
8.00000E-01 1.778279410E-06 2.11039426e-06
8.00000E-01 1.995262300E-06 1.9886204e-09
8.00000E-01 2.511886400E-06 2.29206302e-19
8.00000E-01 1.412537545E-06 0.454183756
8.00000E-01 2.511886400E-08 7201.32894
8.00000E-01 3.162277700E-09 1.76105566
8.00000E-01 3.162277700E-07 7566462.41
8.00000E-01 3.162277700E-08 17710.7541
8.00000E-01 3.981071700E-07 5830107.27
8.00000E-01 3.981071700E-08 45919.5152
8.00000E-01 3.981071700E-09 4.43333163
8.00000E-01 5.011872300E-07 3158103.78
8.00000E-01 6.309573400E-08 233111.684
8.00000E-01 3.162277700E-06 5.12192356e-37
8.00000E-01 6.309573400E-07 990602.067
8.00000E-01 2.818382931E-06 2.99965939e-26
8.00000E-01 6.309573400E-09 29.8425413
8.00000E-01 7.943282300E-07 104458.5386
8.00000E-01 7.943282300E-08 522210.234
8.00000E-01 7.943282300E-09 72.9292226
8.00000E-01 5.011872300E-08 100564.4458
8.00000E-01 5.011872300E-09 11.39024224
8.10000E-01 1.258925400E-06 33.1875258
8.10000E-01 1.258925400E-07 1408246.84
8.10000E-01 1.258925400E-08 270.275213
8.10000E-01 1.584893200E-06 0.01200333446
8.10000E-01 1.584893200E-08 713.417796
8.10000E-01 1.778279410E-06 0.000197360527
8.10000E-01 1.122018454E-06 693.492982
8.10000E-01 1.000000000E-07 694943.743
8.10000E-01 1.995262300E-08 1690.33852
8.10000E-01 1.000000000E-06 6501.55467
8.10000E-01 1.000000000E-08 100.3564536
8.10000E-01 2.238721139E-06 8.86834182e-12
8.10000E-01 2.511886400E-06 1.62129253e-16
8.10000E-01 1.995262300E-06 1.60183985e-07
8.10000E-01 2.511886400E-08 4098.67016
8.10000E-01 1.995262300E-07 3557204.17
8.10000E-01 2.511886400E-07 5141869.2
8.10000E-01 3.981071700E-08 24302.1233
8.10000E-01 2.818382931E-06 3.28588442e-22
8.10000E-01 1.412537545E-06 0.877432465
8.10000E-01 3.162277700E-08 10306.49477
8.10000E-01 3.162277700E-09 1.113845031
8.10000E-01 3.981071700E-07 4884906.0
8.10000E-01 3.981071700E-09 2.70822864
8.10000E-01 5.011872300E-07 2724742.28
8.10000E-01 6.309573400E-08 145603.952
8.10000E-01 3.162277700E-07 5399339.14
8.10000E-01 6.309573400E-07 954169.177
8.10000E-01 6.309573400E-09 16.0075006
8.10000E-01 7.943282300E-07 141741.925
8.10000E-01 7.943282300E-08 327156.076
8.10000E-01 7.943282300E-09 43.1190409
8.10000E-01 3.162277700E-06 9.58376874e-29
8.10000E-01 5.011872300E-08 61347.7956
8.10000E-01 5.011872300E-09 6.65971553
8.20000E-01 1.122018454E-06 1498.03784
8.20000E-01 1.258925400E-06 97.533254
8.20000E-01 1.258925400E-07 930289.074
8.20000E-01 1.258925400E-08 173.779177
8.20000E-01 1.412537545E-06 2.43758684
8.20000E-01 1.584893200E-06 0.094948373
8.20000E-01 1.584893200E-07 1732339.31
8.20000E-01 1.000000000E-06 13286.6318
8.20000E-01 1.778279410E-06 0.000624065312
8.20000E-01 2.238721139E-06 5.68164363e-10
8.20000E-01 1.000000000E-07 466573.666
8.20000E-01 1.584893200E-08 448.42538
8.20000E-01 1.995262300E-08 1109.957537
8.20000E-01 1.995262300E-07 2762930.82
8.20000E-01 2.511886400E-07 3819543.78
8.20000E-01 5.011872300E-09 4.40279892
8.20000E-01 2.511886400E-06 1.55559989e-14
8.20000E-01 1.995262300E-06 7.01284636e-07
8.20000E-01 2.511886400E-08 3018.39993
8.20000E-01 7.943282300E-08 230173.346
8.20000E-01 3.162277700E-06 9.29257862e-29
8.20000E-01 3.162277700E-07 4419872.08
8.20000E-01 3.162277700E-08 6818.50728
8.20000E-01 3.162277700E-09 0.674157809
8.20000E-01 3.548133892E-06 6.00742363e-38
8.20000E-01 3.981071700E-07 3906360.25
8.20000E-01 3.981071700E-08 16755.3724
8.20000E-01 1.000000000E-08 69.3998071
8.20000E-01 5.011872300E-07 2389866.18
8.20000E-01 3.981071700E-09 1.75818539
8.20000E-01 2.818382931E-06 4.68962312e-21
8.20000E-01 7.943282300E-07 183309.568
8.20000E-01 7.943282300E-09 28.737969
8.20000E-01 6.309573400E-08 95679.7777
8.20000E-01 6.309573400E-07 909301.354
8.20000E-01 5.011872300E-08 41284.8436
8.20000E-01 6.309573400E-09 11.22936932
8.30000E-01 1.258925400E-06 125.3230901
8.30000E-01 1.258925400E-08 139.00081
8.30000E-01 1.584893200E-06 0.332509567
8.30000E-01 1.584893200E-07 1349602.54
8.30000E-01 1.584893200E-08 336.384074
8.30000E-01 1.258925400E-07 749418.098
8.30000E-01 1.995262300E-06 6.97731775e-06
8.30000E-01 1.778279410E-06 0.00212155853
8.30000E-01 2.238721139E-06 3.03295798e-09
8.30000E-01 1.000000000E-08 53.1699597
8.30000E-01 3.162277700E-07 3594703.32
8.30000E-01 1.000000000E-06 13972.1673
8.30000E-01 1.995262300E-08 793.78507
8.30000E-01 1.995262300E-07 2097692.09
8.30000E-01 1.000000000E-07 354907.124
8.30000E-01 1.122018454E-06 2977.78858
8.30000E-01 2.511886400E-06 5.76280835e-14
8.30000E-01 1.412537545E-06 12.38201393
8.30000E-01 2.511886400E-08 1924.24388
8.30000E-01 3.162277700E-06 2.41257783e-25
8.30000E-01 3.162277700E-08 4871.91874
8.30000E-01 3.162277700E-09 0.513398574
8.30000E-01 3.981071700E-07 3443070.67
8.30000E-01 3.981071700E-08 12488.25253
8.30000E-01 3.981071700E-09 1.267813534
8.30000E-01 5.011872300E-07 2117395.02
8.30000E-01 5.011872300E-08 30637.2066
8.30000E-01 3.548133892E-06 5.47311427e-35
8.30000E-01 6.309573400E-07 915959.018
8.30000E-01 5.011872300E-09 3.2505005
8.30000E-01 2.818382931E-06 1.95984529e-20
8.30000E-01 7.943282300E-09 19.003322
8.30000E-01 2.511886400E-07 2937271.09
8.30000E-01 7.943282300E-07 186367.389
8.30000E-01 6.309573400E-09 7.78646453
8.30000E-01 6.309573400E-08 69635.3619
8.30000E-01 7.943282300E-08 164704.553
8.40000E-01 1.258925400E-07 567525.348
8.40000E-01 2.511886400E-06 2.67665853e-12
8.40000E-01 1.258925400E-08 94.5499919
8.40000E-01 1.584893200E-06 0.705994679
8.40000E-01 1.584893200E-07 1128905.479
8.40000E-01 1.995262300E-06 4.54654395e-05
8.40000E-01 1.995262300E-07 1720597.45
8.40000E-01 1.995262300E-08 607.02226
8.40000E-01 1.000000000E-08 39.1351987
8.40000E-01 1.584893200E-08 231.427521
8.40000E-01 1.258925400E-06 570.455015
8.40000E-01 1.000000000E-07 274778.27
8.40000E-01 1.000000000E-06 17063.3099
8.40000E-01 2.511886400E-08 1572.53811
8.40000E-01 3.162277700E-06 1.36054373e-22
8.40000E-01 2.511886400E-07 2665987.48
8.40000E-01 3.162277700E-08 3819.11881
8.40000E-01 7.943282300E-09 15.3877867
8.40000E-01 3.162277700E-09 0.382883943
8.40000E-01 3.981071700E-07 3166090.07
8.40000E-01 3.981071700E-08 9430.0531
8.40000E-01 3.162277700E-07 3099156.19
8.40000E-01 6.309573400E-07 1072417.762
8.40000E-01 6.309573400E-08 52572.6994
8.40000E-01 7.943282300E-07 222959.347
8.40000E-01 7.943282300E-08 124006.3279
8.40000E-01 5.011872300E-07 1904062.29
8.40000E-01 5.011872300E-08 22950.4249
8.40000E-01 6.309573400E-09 6.25074242
8.50000E-01 1.258925400E-06 1065.570636
8.50000E-01 1.258925400E-07 458942.055
8.50000E-01 1.258925400E-08 75.517663
8.50000E-01 1.584893200E-07 871569.569
8.50000E-01 1.584893200E-08 186.019613
8.50000E-01 1.995262300E-08 469.13061
8.50000E-01 1.995262300E-07 1445613.78
8.50000E-01 1.000000000E-06 35103.9897
8.50000E-01 1.000000000E-07 202664.241
8.50000E-01 1.000000000E-08 27.6830398
8.50000E-01 2.511886400E-06 6.24090272e-10
8.50000E-01 1.995262300E-06 0.000785158829
8.50000E-01 3.162277700E-08 2785.94836
8.50000E-01 2.511886400E-07 2230154.68
8.50000E-01 1.584893200E-06 4.7537724
8.50000E-01 3.162277700E-06 1.71767713e-20
8.50000E-01 3.981071700E-08 6844.74856
8.50000E-01 3.162277700E-09 0.287975493
8.50000E-01 3.981071700E-06 1.062742486e-34
8.50000E-01 3.981071700E-07 2897621.74
8.50000E-01 3.981071700E-09 0.730285491
8.50000E-01 5.011872300E-07 2105436.19
8.50000E-01 6.309573400E-07 1077594.765
8.50000E-01 2.511886400E-08 1179.616815
8.50000E-01 6.309573400E-08 40681.5331
8.50000E-01 6.309573400E-09 4.5568523
8.50000E-01 7.943282300E-07 278680.298
8.50000E-01 7.943282300E-08 93341.8681
8.50000E-01 7.943282300E-09 11.52958183
8.50000E-01 5.011872300E-08 16407.2961
8.50000E-01 5.011872300E-09 1.84909335
8.60000E-01 1.584893200E-08 164.667555
8.60000E-01 1.000000000E-08 26.1227564
8.60000E-01 1.258925400E-06 475.69574
8.60000E-01 1.258925400E-07 362257.376
8.60000E-01 1.258925400E-08 66.8893537
8.60000E-01 1.584893200E-06 1.9989541
8.60000E-01 1.995262300E-06 9.76890733e-05
8.60000E-01 1.412537545E-06 51.832183
8.60000E-01 1.778279410E-06 0.0151355893
8.60000E-01 1.995262300E-07 1206640.799
8.60000E-01 1.995262300E-08 405.753179
8.60000E-01 1.000000000E-06 22372.4956
8.60000E-01 1.122018454E-06 5513.79777
8.60000E-01 1.584893200E-07 730661.919
8.60000E-01 1.000000000E-07 185725.956
8.60000E-01 2.238721139E-06 6.22927227e-07
8.60000E-01 7.943282300E-09 10.0542689
8.60000E-01 3.162277700E-08 2491.18051
8.60000E-01 3.981071700E-06 1.43666068e-38
8.60000E-01 3.548133892E-06 5.64365958e-29
8.60000E-01 3.162277700E-09 0.26365547
8.60000E-01 2.511886400E-08 970.477937
8.60000E-01 3.162277700E-07 2222539.15
8.60000E-01 3.162277700E-06 1.82411775e-21
8.60000E-01 2.818382931E-06 1.199837353e-15
8.60000E-01 3.981071700E-08 6155.48674
8.60000E-01 3.981071700E-07 2171719.03
8.60000E-01 2.511886400E-07 1816328.8
8.60000E-01 3.981071700E-09 0.635768926
8.60000E-01 2.511886400E-06 7.92331735e-11
8.60000E-01 7.943282300E-07 203468.226
8.60000E-01 6.309573400E-09 3.94663503
8.60000E-01 6.309573400E-08 36330.3694
8.60000E-01 7.943282300E-08 80739.9502
8.60000E-01 5.011872300E-09 1.6392337
8.60000E-01 5.011872300E-08 15606.8523
8.60000E-01 5.011872300E-07 1728593.36
8.60000E-01 6.309573400E-07 796891.589
8.70000E-01 1.778279410E-06 0.228774897
8.70000E-01 1.258925400E-07 303600.726
8.70000E-01 1.412537545E-06 209.156051
8.70000E-01 1.584893200E-06 11.19485003
8.70000E-01 1.584893200E-07 634748.79
8.70000E-01 1.584893200E-08 124.1994663
8.70000E-01 1.258925400E-06 1876.70574
8.70000E-01 1.000000000E-08 19.6570426
8.70000E-01 1.995262300E-08 296.350054
8.70000E-01 1.000000000E-06 48526.8576
8.70000E-01 1.000000000E-07 143436.618
8.70000E-01 2.511886400E-08 761.865403
8.70000E-01 2.238721139E-06 1.46530514e-05
8.70000E-01 2.511886400E-06 1.1784994e-08
8.70000E-01 1.995262300E-06 0.00285737218
8.70000E-01 1.995262300E-07 1069861.195
8.70000E-01 1.122018454E-06 10573.17456
8.70000E-01 1.258925400E-08 47.9223407
8.70000E-01 3.162277700E-08 1970.85135
8.70000E-01 3.981071700E-09 0.514405827
8.70000E-01 2.511886400E-07 1720073.55
8.70000E-01 3.162277700E-09 0.206413688
8.70000E-01 3.548133892E-06 2.85432979e-25
8.70000E-01 3.981071700E-06 9.67307133e-33
8.70000E-01 3.981071700E-08 4797.64701
8.70000E-01 5.011872300E-07 1842654.45
8.70000E-01 6.309573400E-09 3.0128046
8.70000E-01 5.011872300E-09 1.221651756
8.70000E-01 3.162277700E-07 2242915.74
8.70000E-01 6.309573400E-08 28987.3168
8.70000E-01 3.162277700E-06 7.17055768e-19
8.70000E-01 7.943282300E-07 398635.341
8.70000E-01 7.943282300E-08 65907.3441
8.70000E-01 7.943282300E-09 7.55403363
8.70000E-01 5.011872300E-08 11713.77688
8.70000E-01 2.818382931E-06 1.60017494e-12
8.70000E-01 6.309573400E-07 906115.925
8.80000E-01 1.258925400E-07 273108.732
8.80000E-01 1.258925400E-08 43.0125124
8.80000E-01 1.412537545E-06 233.082746
8.80000E-01 1.584893200E-07 529925.578
8.80000E-01 1.778279410E-06 0.277232891
8.80000E-01 1.995262300E-07 910287.846
8.80000E-01 2.818382931E-06 8.64508827e-13
8.80000E-01 1.122018454E-06 13436.2449
8.80000E-01 1.000000000E-07 119577.0316
8.80000E-01 1.000000000E-08 17.3719507
8.80000E-01 2.238721139E-06 6.38572532e-06
8.80000E-01 2.511886400E-06 1.025362767e-08
8.80000E-01 2.511886400E-07 1455403.3
8.80000E-01 1.995262300E-08 253.685965
8.80000E-01 1.258925400E-06 2462.75484
8.80000E-01 1.000000000E-06 48433.1029
8.80000E-01 2.511886400E-08 620.694724
8.80000E-01 1.584893200E-06 16.3422779
8.80000E-01 3.162277700E-06 1.57803217e-16
8.80000E-01 3.162277700E-09 0.165718969
8.80000E-01 3.548133892E-06 1.52003618e-23
8.80000E-01 3.981071700E-07 2116387.39
8.80000E-01 3.981071700E-08 3812.14275
8.80000E-01 3.981071700E-09 0.446503005
8.80000E-01 5.011872300E-07 1734011.24
8.80000E-01 6.309573400E-08 22583.314
8.80000E-01 5.011872300E-09 0.994089005
8.80000E-01 3.981071700E-06 1.95596739e-31
8.80000E-01 6.309573400E-09 2.64826523
8.80000E-01 7.943282300E-07 287288.105
8.80000E-01 7.943282300E-08 56064.3369
8.80000E-01 3.162277700E-08 1673.93122
8.80000E-01 7.943282300E-09 7.00226241
8.80000E-01 3.162277700E-07 2026920.61
8.80000E-01 5.011872300E-08 9710.10742
8.80000E-01 6.309573400E-07 1030975.452
8.90000E-01 1.258925400E-07 239154.162
8.90000E-01 1.258925400E-08 34.8485774
8.90000E-01 1.412537545E-06 399.144356
8.90000E-01 1.584893200E-06 36.5944852
8.90000E-01 1.584893200E-07 467392.796
8.90000E-01 1.584893200E-08 89.7599261
8.90000E-01 1.778279410E-06 1.68489139
8.90000E-01 1.122018454E-06 20853.508
8.90000E-01 1.000000000E-07 114580.7117
8.90000E-01 1.995262300E-08 231.048298
8.90000E-01 1.000000000E-06 59528.0894
8.90000E-01 1.000000000E-08 12.88250327
8.90000E-01 2.238721139E-06 0.000139122724
8.90000E-01 2.511886400E-06 1.26813479e-07
8.90000E-01 2.511886400E-07 1311394.5
8.90000E-01 1.258925400E-06 3990.40187
8.90000E-01 1.995262300E-07 822534.83
8.90000E-01 1.995262300E-06 0.00685863399
8.90000E-01 2.818382931E-06 3.38009295e-11
8.90000E-01 3.162277700E-06 6.74640694e-16
8.90000E-01 2.511886400E-08 568.139403
8.90000E-01 3.162277700E-09 0.141617112
8.90000E-01 3.548133892E-06 9.7855888e-23
8.90000E-01 3.981071700E-06 1.089600005e-28
8.90000E-01 3.981071700E-07 1920597.12
8.90000E-01 3.981071700E-08 3420.04585
8.90000E-01 3.981071700E-09 0.347588371
8.90000E-01 4.466835922E-06 9.64094521e-39
8.90000E-01 6.309573400E-07 1093267.877
8.90000E-01 3.162277700E-08 1351.27902
8.90000E-01 5.011872300E-09 0.872867112
8.90000E-01 6.309573400E-08 20273.4272
8.90000E-01 6.309573400E-09 2.08140946
8.90000E-01 7.943282300E-07 434954.728
8.90000E-01 7.943282300E-08 45826.0491
8.90000E-01 3.162277700E-07 1862275.61
8.90000E-01 5.011872300E-07 1768508.69
8.90000E-01 7.943282300E-09 5.38239572
8.90000E-01 5.011872300E-08 8156.77044
9.00000E-01 1.778279410E-06 2.2044646
9.00000E-01 1.584893200E-08 79.1982425
9.00000E-01 1.258925400E-08 31.706012
9.00000E-01 1.584893200E-06 23.5411124
9.00000E-01 1.412537545E-06 467.563278
9.00000E-01 1.258925400E-06 2772.46866
9.00000E-01 1.584893200E-07 418975.011
9.00000E-01 1.995262300E-07 761353.71
9.00000E-01 2.511886400E-07 1189267.248
9.00000E-01 2.511886400E-06 1.36577298e-07
9.00000E-01 2.238721139E-06 0.000207406407
9.00000E-01 1.000000000E-07 98905.8317
9.00000E-01 1.000000000E-06 65391.3026
9.00000E-01 1.995262300E-08 191.91237
9.00000E-01 1.000000000E-08 12.51340753
9.00000E-01 1.258925400E-07 208373.269
9.00000E-01 1.995262300E-06 0.0236745691
9.00000E-01 2.818382931E-06 3.64399256e-11
9.00000E-01 3.981071700E-08 2945.30574
9.00000E-01 1.122018454E-06 20258.264
9.00000E-01 2.511886400E-08 479.810838
9.00000E-01 3.162277700E-08 1212.539536
9.00000E-01 3.548133892E-06 1.60496206e-21
9.00000E-01 3.162277700E-09 0.1209756158
9.00000E-01 4.466835922E-06 5.30722725e-39
9.00000E-01 3.981071700E-06 2.02450963e-29
9.00000E-01 5.011872300E-07 1472130.4
9.00000E-01 6.309573400E-08 17302.9311
9.00000E-01 3.981071700E-07 1937101.79
9.00000E-01 6.309573400E-07 1036212.996
9.00000E-01 5.011872300E-09 0.769365454
9.00000E-01 5.011872300E-08 7129.45688
9.00000E-01 3.162277700E-07 1642917.64
9.00000E-01 3.162277700E-06 9.45757293e-16
9.00000E-01 7.943282300E-08 40292.0765
9.00000E-01 7.943282300E-07 432872.323
9.00000E-01 6.309573400E-09 1.9599736
9.00000E-01 7.943282300E-09 4.68188435
9.50000E-01 1.258925400E-08 19.001528
9.50000E-01 1.412537545E-06 819.660907
9.50000E-01 1.584893200E-06 33.9604655
9.50000E-01 1.584893200E-07 249790.502
9.50000E-01 1.584893200E-08 46.5756434
9.50000E-01 1.778279410E-06 3.12074451
9.50000E-01 1.258925400E-07 125638.357
9.50000E-01 1.995262300E-08 114.5613521
9.50000E-01 1.000000000E-06 64171.8168
9.50000E-01 1.000000000E-07 60353.5608
9.50000E-01 2.238721139E-06 0.000143440713
9.50000E-01 2.511886400E-06 1.86740281e-06
9.50000E-01 2.511886400E-07 788721.583
9.50000E-01 1.995262300E-06 0.0397200362
9.50000E-01 2.818382931E-06 1.36353945e-10
9.50000E-01 1.995262300E-07 481832.624
9.50000E-01 1.122018454E-06 19186.6831
9.50000E-01 1.000000000E-08 7.87465289
9.50000E-01 6.309573400E-08 10607.02513
9.50000E-01 3.162277700E-09 0.075670517
9.50000E-01 2.511886400E-08 304.081544
9.50000E-01 3.981071700E-06 2.46873107e-28
9.50000E-01 3.981071700E-07 1307293.39
9.50000E-01 3.981071700E-08 1764.67408
9.50000E-01 3.981071700E-09 0.190344557
9.50000E-01 4.466835922E-06 1.75480032e-36
9.50000E-01 5.011872300E-08 4642.43767
9.50000E-01 3.548133892E-06 2.61203462e-20
9.50000E-01 6.309573400E-07 725036.988
9.50000E-01 6.309573400E-09 1.163375226
9.50000E-01 7.943282300E-07 323696.997
9.50000E-01 7.943282300E-08 24646.5843
9.50000E-01 7.943282300E-09 3.02539796
9.50000E-01 3.162277700E-08 712.101845
9.50000E-01 5.011872300E-07 1154348.975
9.50000E-01 3.162277700E-07 1028365.52
9.50000E-01 5.011872300E-09 0.486606393
1.00000E+00 3.162277700E-06 8.9070956e-18
1.00000E+00 1.258925400E-06 1074.418241
1.00000E+00 1.258925400E-07 102736.3896
1.00000E+00 1.258925400E-08 14.9005857
1.00000E+00 1.584893200E-07 206339.12
1.00000E+00 1.584893200E-08 38.4384182
1.00000E+00 1.000000000E-07 49907.2093
1.00000E+00 1.995262300E-07 354359.096
1.00000E+00 1.995262300E-08 93.9685292
1.00000E+00 1.000000000E-06 24072.2963
1.00000E+00 1.000000000E-08 6.29594602
1.00000E+00 2.511886400E-06 1.158822288e-09
1.00000E+00 1.995262300E-06 0.0013143156
1.00000E+00 1.584893200E-06 3.537001
1.00000E+00 2.511886400E-07 549384.316
1.00000E+00 3.162277700E-07 753145.211
1.00000E+00 5.011872300E-08 3764.4984
1.00000E+00 2.511886400E-08 214.92497
1.00000E+00 3.162277700E-08 613.313805
1.00000E+00 3.162277700E-09 0.0611756652
1.00000E+00 3.981071700E-06 5.62449641e-31
1.00000E+00 3.981071700E-09 0.156871026
1.00000E+00 5.011872300E-07 640824.483
1.00000E+00 3.981071700E-08 1498.67926
1.00000E+00 5.011872300E-09 0.385823646
1.00000E+00 6.309573400E-07 448114.654
1.00000E+00 6.309573400E-08 8494.00045
1.00000E+00 7.943282300E-07 122700.9446
1.00000E+00 7.943282300E-08 20838.1979
1.00000E+00 7.943282300E-09 2.40557694
1.00000E+00 6.309573400E-09 0.987414116
1.10000E+00 1.584893200E-07 145862.704
1.10000E+00 1.258925400E-06 380.29329
1.10000E+00 1.258925400E-07 72053.7935
1.10000E+00 1.258925400E-08 12.40948306
1.10000E+00 1.584893200E-06 2.71944582
1.10000E+00 1.584893200E-08 31.5311685
1.10000E+00 2.511886400E-07 430869.27
1.10000E+00 1.995262300E-07 263613.662
1.10000E+00 1.995262300E-06 0.000529401977
1.10000E+00 1.000000000E-06 11810.62012
1.10000E+00 1.000000000E-07 36427.2805
1.10000E+00 1.000000000E-08 4.72612881
1.10000E+00 2.511886400E-06 1.70643811e-10
1.10000E+00 1.995262300E-08 76.1261306
1.10000E+00 3.162277700E-07 610661.961
1.10000E+00 3.162277700E-08 461.593197
1.10000E+00 2.511886400E-08 182.067327
1.10000E+00 3.162277700E-06 4.82832649e-20
1.10000E+00 3.981071700E-09 0.1296698091
1.10000E+00 3.162277700E-09 0.0469060059
1.10000E+00 3.981071700E-06 1.88084884e-35
1.10000E+00 3.981071700E-07 621484.045
1.10000E+00 3.981071700E-08 1170.499395
1.10000E+00 5.011872300E-07 511626.765
1.10000E+00 6.309573400E-07 240466.629
1.10000E+00 5.011872300E-09 0.318994273
1.10000E+00 7.943282300E-09 1.87597046
1.10000E+00 6.309573400E-08 6849.56844
1.10000E+00 6.309573400E-09 0.782444403
1.10000E+00 7.943282300E-07 81654.5002
1.10000E+00 7.943282300E-08 16853.902
1.10000E+00 5.011872300E-08 2844.68249
1.20000E+00 1.258925400E-08 12.81380217
1.20000E+00 1.584893200E-07 146986.307
1.20000E+00 1.584893200E-08 32.6834053
1.20000E+00 1.995262300E-06 4.6484555e-06
1.20000E+00 1.258925400E-07 76005.6713
1.20000E+00 1.995262300E-08 78.2089893
1.20000E+00 1.000000000E-08 5.28554949
1.20000E+00 1.000000000E-07 36516.259
1.20000E+00 3.162277700E-06 2.56431214e-24
1.20000E+00 2.511886400E-06 7.46827796e-13
1.20000E+00 2.511886400E-07 329613.726
1.20000E+00 1.995262300E-07 248226.836
1.20000E+00 1.000000000E-06 2257.46742
1.20000E+00 1.258925400E-06 54.858349
1.20000E+00 1.584893200E-06 0.04714528
1.20000E+00 3.981071700E-07 428026.625
1.20000E+00 3.162277700E-09 0.0506205453
1.20000E+00 2.511886400E-08 210.296827
1.20000E+00 3.981071700E-09 0.1272799424
1.20000E+00 5.011872300E-07 294262.527
1.20000E+00 5.011872300E-08 3006.25936
1.20000E+00 5.011872300E-09 0.312233623
1.20000E+00 6.309573400E-09 0.862134715
1.20000E+00 3.981071700E-08 1207.754002
1.20000E+00 3.162277700E-08 517.235706
1.20000E+00 7.943282300E-07 27547.9061
1.20000E+00 7.943282300E-08 16564.3335
1.20000E+00 7.943282300E-09 2.06966513
1.20000E+00 6.309573400E-07 139626.76
1.20000E+00 3.162277700E-07 436120.555
1.20000E+00 6.309573400E-08 7227.14226
1.30000E+00 1.258925400E-08 9.47798852
1.30000E+00 1.584893200E-06 0.00028800889
1.30000E+00 1.584893200E-07 90751.9184
1.30000E+00 1.584893200E-08 21.3975268
1.30000E+00 2.511886400E-08 145.120508
1.30000E+00 1.995262300E-08 53.0376392
1.30000E+00 1.000000000E-07 23862.7831
1.30000E+00 1.000000000E-06 199.403594
1.30000E+00 1.000000000E-08 3.9858728
1.30000E+00 2.511886400E-06 2.02424261e-19
1.30000E+00 1.995262300E-07 137815.197
1.30000E+00 1.258925400E-07 45232.1584
1.30000E+00 1.258925400E-06 0.809083912
1.30000E+00 2.511886400E-07 187151.146
1.30000E+00 1.995262300E-06 2.04930544e-10
1.30000E+00 3.162277700E-06 4.94073437e-36
1.30000E+00 3.162277700E-09 0.0392018822
1.30000E+00 3.981071700E-07 168424.945
1.30000E+00 3.981071700E-08 828.349678
1.30000E+00 5.011872300E-07 92309.4172
1.30000E+00 5.011872300E-09 0.226421624
1.30000E+00 6.309573400E-09 0.569608962
1.30000E+00 3.981071700E-09 0.0937802242
1.30000E+00 7.943282300E-07 4797.78559
1.30000E+00 3.162277700E-08 350.354017
1.30000E+00 7.943282300E-08 12075.38553
1.30000E+00 7.943282300E-09 1.4163435
1.30000E+00 3.162277700E-07 201353.776
1.30000E+00 6.309573400E-07 30436.9923
1.30000E+00 6.309573400E-08 4867.96895
1.40000E+00 2.511886400E-06 6.40355118e-28
1.40000E+00 1.258925400E-06 0.000834000479
1.40000E+00 1.258925400E-07 16574.9415
1.40000E+00 1.258925400E-08 3.7609962
1.40000E+00 1.412537545E-06 1.77372793e-05
1.40000E+00 1.584893200E-06 5.38885542e-08
1.40000E+00 1.584893200E-07 27032.1688
1.40000E+00 1.995262300E-07 42205.0603
1.40000E+00 1.778279410E-06 1.058210933e-11
1.40000E+00 1.995262300E-06 1.52019816e-16
1.40000E+00 1.995262300E-08 24.1798167
1.40000E+00 1.000000000E-06 2.52648357
1.40000E+00 1.000000000E-07 8800.09897
1.40000E+00 2.238721139E-06 1.36324669e-20
1.40000E+00 1.584893200E-08 9.29859281
1.40000E+00 1.122018454E-06 0.0952090828
1.40000E+00 1.000000000E-08 1.56386555
1.40000E+00 2.511886400E-07 50814.9746
1.40000E+00 5.011872300E-07 10061.95281
1.40000E+00 7.943282300E-08 4125.34291
1.40000E+00 3.162277700E-07 46446.7003
1.40000E+00 3.162277700E-08 152.467796
1.40000E+00 3.162277700E-09 0.0142538474
1.40000E+00 3.981071700E-07 32473.4943
1.40000E+00 3.981071700E-08 366.436252
1.40000E+00 3.981071700E-09 0.0363472239
1.40000E+00 2.818382931E-06 6.52621255e-37
1.40000E+00 5.011872300E-08 890.766578
1.40000E+00 5.011872300E-09 0.0968702423
1.40000E+00 6.309573400E-08 2006.0196
1.40000E+00 6.309573400E-09 0.254807904
1.40000E+00 7.943282300E-07 114.3273378
1.40000E+00 2.511886400E-08 57.4846389
1.40000E+00 7.943282300E-09 0.631837609
1.40000E+00 6.309573400E-07 2828.69106
1.50000E+00 1.000000000E-07 3217.66289
1.50000E+00 1.258925400E-07 5514.27448
1.50000E+00 1.258925400E-08 1.43448929
1.50000E+00 1.584893200E-06 7.08105333e-13
1.50000E+00 1.258925400E-06 9.69132008e-07
1.50000E+00 1.584893200E-07 8143.31882
1.50000E+00 1.000000000E-08 0.632558849
1.50000E+00 1.995262300E-06 2.09128374e-23
1.50000E+00 1.584893200E-08 3.77863278
1.50000E+00 2.511886400E-07 10924.32549
1.50000E+00 1.000000000E-06 0.0141350144
1.50000E+00 1.995262300E-07 10662.93163
1.50000E+00 1.995262300E-08 9.55549933
1.50000E+00 3.162277700E-07 8567.1547
1.50000E+00 5.011872300E-08 319.203248
1.50000E+00 2.511886400E-06 2.08067132e-40
1.50000E+00 2.511886400E-08 22.74831
1.50000E+00 7.943282300E-09 0.249425917
1.50000E+00 3.981071700E-07 4313.88659
1.50000E+00 3.981071700E-08 136.332144
1.50000E+00 3.981071700E-09 0.0155120186
1.50000E+00 3.162277700E-09 0.00625893021
1.50000E+00 6.309573400E-07 120.2537193
1.50000E+00 6.309573400E-08 671.07937
1.50000E+00 5.011872300E-07 1315.09495
1.50000E+00 7.943282300E-08 1600.62149
1.50000E+00 3.162277700E-08 56.3859478
1.50000E+00 6.309573400E-09 0.0982726537
1.50000E+00 5.011872300E-09 0.0384883213
1.50000E+00 7.943282300E-07 3.41065179
1.60000E+00 1.995262300E-08 3.74639213
1.60000E+00 1.000000000E-06 0.000269892493
1.60000E+00 3.981071700E-08 57.219877
1.60000E+00 1.000000000E-07 1093.39295
1.60000E+00 1.000000000E-08 0.253786078
1.60000E+00 1.995262300E-06 1.74677945e-29
1.60000E+00 1.995262300E-07 3116.53095
1.60000E+00 1.258925400E-06 1.88882421e-09
1.60000E+00 1.584893200E-07 2647.89369
1.60000E+00 1.258925400E-08 0.58315374
1.60000E+00 1.258925400E-07 1845.34675
1.60000E+00 2.511886400E-08 9.40738487
1.60000E+00 1.584893200E-08 1.50945197
1.60000E+00 5.011872300E-07 162.555185
1.60000E+00 2.511886400E-07 3035.29122
1.60000E+00 7.943282300E-08 559.395083
1.60000E+00 7.943282300E-07 0.219958856
1.60000E+00 6.309573400E-09 0.0411740043
1.60000E+00 6.309573400E-08 268.43388
1.60000E+00 6.309573400E-07 13.2492997
1.60000E+00 7.943282300E-09 0.1043791918
1.60000E+00 5.011872300E-08 117.5291754
1.60000E+00 5.011872300E-09 0.0161264792
1.60000E+00 3.162277700E-07 2245.71607
1.60000E+00 3.162277700E-08 22.5658056
1.60000E+00 1.584893200E-06 2.0296432e-16
1.60000E+00 3.162277700E-09 0.00256566141
1.60000E+00 3.981071700E-09 0.00633410206
1.70000E+00 1.995262300E-08 1.73881955
1.70000E+00 1.000000000E-08 0.1198895919
1.70000E+00 1.000000000E-07 450.749637
1.70000E+00 1.995262300E-07 1211.964962
1.70000E+00 3.162277700E-07 549.128801
1.70000E+00 1.584893200E-08 0.74718956
1.70000E+00 1.584893200E-07 1048.672716
1.70000E+00 1.000000000E-06 1.6887442e-06
1.70000E+00 1.258925400E-08 0.286815958
1.70000E+00 1.258925400E-07 744.048448
1.70000E+00 2.511886400E-08 4.0184937
1.70000E+00 1.995262300E-06 5.02728525e-35
1.70000E+00 1.584893200E-06 1.59166332e-20
1.70000E+00 6.309573400E-07 0.9309872
1.70000E+00 3.981071700E-08 24.5355149
1.70000E+00 7.943282300E-08 255.03062
1.70000E+00 6.309573400E-09 0.0180412739
1.70000E+00 6.309573400E-08 126.4502356
1.70000E+00 5.011872300E-09 0.00745338217
1.70000E+00 5.011872300E-08 54.6725439
1.70000E+00 2.511886400E-07 1147.162666
1.70000E+00 3.981071700E-09 0.00284601265
1.70000E+00 5.011872300E-07 24.1812545
1.70000E+00 3.162277700E-09 0.001109930705
1.70000E+00 3.162277700E-08 10.89457499
1.70000E+00 7.943282300E-09 0.0481596349
1.70000E+00 3.981071700E-07 180.788582
1.80000E+00 1.584893200E-08 0.346000395
1.80000E+00 1.000000000E-08 0.0548237118
1.80000E+00 1.000000000E-07 223.049528
1.80000E+00 1.000000000E-06 1.67437153e-07
1.80000E+00 1.995262300E-08 0.910236626
1.80000E+00 2.511886400E-08 2.0375108
1.80000E+00 1.995262300E-06 5.04006594e-39
1.80000E+00 3.162277700E-07 227.887907
1.80000E+00 1.584893200E-07 424.930051
1.80000E+00 1.584893200E-06 1.41568089e-23
1.80000E+00 1.258925400E-07 352.970878
1.80000E+00 1.258925400E-06 3.79726035e-13
1.80000E+00 1.995262300E-07 489.839116
1.80000E+00 1.258925400E-08 0.142473773
1.80000E+00 6.309573400E-07 0.455905398
1.80000E+00 3.981071700E-08 11.3204962
1.80000E+00 7.943282300E-09 0.0214106243
1.80000E+00 7.943282300E-08 119.839174
1.80000E+00 7.943282300E-07 0.00156314457
1.80000E+00 6.309573400E-09 0.00881669438
1.80000E+00 6.309573400E-08 57.7670548
1.80000E+00 2.511886400E-07 429.692055
1.80000E+00 5.011872300E-09 0.0035084387
1.80000E+00 5.011872300E-08 28.0751614
1.80000E+00 5.011872300E-07 6.42046886
1.80000E+00 3.981071700E-09 0.00143586391
1.80000E+00 3.981071700E-07 69.9170459
1.80000E+00 3.162277700E-09 0.000564621538
1.80000E+00 3.162277700E-08 5.14524439
1.90000E+00 1.258925400E-06 4.7314943e-14
1.90000E+00 1.258925400E-07 177.470293
1.90000E+00 1.258925400E-08 0.0712131667
1.90000E+00 1.584893200E-06 2.14344663e-24
1.90000E+00 1.584893200E-07 234.657722
1.90000E+00 1.995262300E-08 0.420730726
1.90000E+00 1.995262300E-06 2.6985738e-39
1.90000E+00 1.995262300E-07 248.391611
1.90000E+00 1.000000000E-06 3.75998649e-08
1.90000E+00 1.000000000E-08 0.0277438681
1.90000E+00 1.584893200E-08 0.175926608
1.90000E+00 2.511886400E-08 1.050885706
1.90000E+00 2.511886400E-07 227.631313
1.90000E+00 3.162277700E-07 115.5749413
1.90000E+00 5.011872300E-09 0.00170276626
1.90000E+00 3.162277700E-09 0.000297157718
1.90000E+00 3.981071700E-07 33.8525928
1.90000E+00 3.981071700E-09 0.000707786417
1.90000E+00 5.011872300E-07 4.65101468
1.90000E+00 5.011872300E-08 12.68834892
1.90000E+00 3.162277700E-08 2.54909382
1.90000E+00 6.309573400E-07 0.131894906
1.90000E+00 6.309573400E-08 30.1590744
1.90000E+00 7.943282300E-07 0.000675333685
1.90000E+00 7.943282300E-08 58.8824522
1.90000E+00 7.943282300E-09 0.01125068854
1.90000E+00 6.309573400E-09 0.00460917002
2.00000E+00 1.584893200E-06 1.794793e-28
2.00000E+00 1.584893200E-07 111.839273
2.00000E+00 1.584893200E-08 0.1034974408
2.00000E+00 1.258925400E-06 8.35227081e-17
2.00000E+00 1.995262300E-08 0.240942
2.00000E+00 1.000000000E-08 0.0174392153
2.00000E+00 1.000000000E-07 60.0056847
2.00000E+00 2.511886400E-07 84.2288993
2.00000E+00 1.995262300E-07 118.0338601
2.00000E+00 1.258925400E-08 0.0439593037
2.00000E+00 1.000000000E-06 1.36593275e-09
2.00000E+00 1.258925400E-07 89.0786897
2.00000E+00 2.511886400E-08 0.615309669
2.00000E+00 3.162277700E-07 38.7758826
2.00000E+00 5.011872300E-07 0.665094105
2.00000E+00 5.011872300E-08 7.97502264
2.00000E+00 5.011872300E-09 0.001054025557
2.00000E+00 6.309573400E-07 0.0167797578
2.00000E+00 7.943282300E-07 2.7873989e-05
2.00000E+00 3.981071700E-09 0.000458343587
2.00000E+00 7.943282300E-08 36.6243605
2.00000E+00 7.943282300E-09 0.00607603373
2.00000E+00 3.981071700E-07 8.73084485
2.00000E+00 6.309573400E-08 16.946072
2.00000E+00 3.162277700E-08 1.55087907
2.00000E+00 6.309573400E-09 0.00268421465
2.10000E+00 1.258925400E-08 0.0279313242
2.10000E+00 1.584893200E-07 58.7744989
2.10000E+00 1.584893200E-08 0.0685333337
2.10000E+00 1.584893200E-06 6.56120504e-32
2.10000E+00 1.995262300E-08 0.164534591
2.10000E+00 1.000000000E-08 0.01110278208
2.10000E+00 1.000000000E-07 33.9253278
2.10000E+00 2.511886400E-07 36.2651796
2.10000E+00 1.995262300E-07 56.0074528
2.10000E+00 1.258925400E-07 49.7798808
2.10000E+00 1.000000000E-06 2.2109685e-11
2.10000E+00 2.511886400E-08 0.384215026
2.10000E+00 1.258925400E-06 3.71617129e-20
2.10000E+00 3.162277700E-08 0.94743779
2.10000E+00 3.981071700E-07 2.33176593
2.10000E+00 3.981071700E-08 2.19678355
2.10000E+00 5.011872300E-07 0.131663168
2.10000E+00 5.011872300E-09 0.000751327954
2.10000E+00 6.309573400E-09 0.00167951381
2.10000E+00 5.011872300E-08 5.0868961
2.10000E+00 7.943282300E-07 1.49717646e-06
2.10000E+00 7.943282300E-08 20.4697155
2.10000E+00 3.162277700E-09 0.0001149257122
2.10000E+00 6.309573400E-07 0.00172357978
2.10000E+00 3.162277700E-07 13.2957656
2.10000E+00 6.309573400E-08 10.59648499
2.20000E+00 3.162277700E-07 5.70552086
2.20000E+00 1.258925400E-06 1.79169549e-23
2.20000E+00 1.258925400E-07 27.8700045
2.20000E+00 1.258925400E-08 0.0182819611
2.20000E+00 1.584893200E-06 8.58408629e-37
2.20000E+00 1.584893200E-08 0.0427787581
2.20000E+00 1.000000000E-08 0.0074297964
2.20000E+00 1.995262300E-08 0.1080930903
2.20000E+00 1.000000000E-06 1.209353613e-13
2.20000E+00 1.000000000E-07 19.6645319
2.20000E+00 2.511886400E-07 15.8741557
2.20000E+00 2.511886400E-08 0.260585988
2.20000E+00 1.584893200E-07 31.8760468
2.20000E+00 1.995262300E-07 28.1940854
2.20000E+00 7.943282300E-08 12.61344474
2.20000E+00 6.309573400E-07 0.000265345392
2.20000E+00 5.011872300E-08 3.08949732
2.20000E+00 3.981071700E-07 0.884992446
2.20000E+00 3.981071700E-08 1.46046693
2.20000E+00 3.981071700E-09 0.000182735553
2.20000E+00 7.943282300E-09 0.00288661672
2.20000E+00 5.011872300E-09 0.00046964255
2.20000E+00 5.011872300E-07 0.0314630017
2.20000E+00 6.309573400E-08 6.72357296
2.20000E+00 6.309573400E-09 0.00115193117
2.20000E+00 7.943282300E-07 5.18248523e-08
2.20000E+00 3.162277700E-09 7.25544404e-05
2.20000E+00 3.162277700E-08 0.619710871
2.30000E+00 1.584893200E-07 18.6749446
2.30000E+00 1.258925400E-07 15.2916114
2.30000E+00 1.258925400E-08 0.01163901882
2.30000E+00 1.584893200E-06 4.35810869e-40
2.30000E+00 1.584893200E-08 0.0274593891
2.30000E+00 1.258925400E-06 8.06752661e-26
2.30000E+00 1.995262300E-08 0.0679164525
2.30000E+00 1.000000000E-06 5.26123598e-15
2.30000E+00 1.000000000E-07 11.84580618
2.30000E+00 1.000000000E-08 0.005089695
2.30000E+00 2.511886400E-07 9.32812192
2.30000E+00 3.162277700E-07 2.68690864
2.30000E+00 2.511886400E-08 0.170674062
2.30000E+00 1.995262300E-07 14.4929928
2.30000E+00 3.162277700E-08 0.40733602
2.30000E+00 5.011872300E-07 0.0130770367
2.30000E+00 3.981071700E-07 0.335935821
2.30000E+00 3.981071700E-08 0.880339265
2.30000E+00 3.981071700E-09 0.0001224326155
2.30000E+00 5.011872300E-08 1.98409471
2.30000E+00 3.162277700E-09 4.3814771e-05
2.30000E+00 7.943282300E-09 0.00208001443
2.30000E+00 6.309573400E-08 4.39420163
2.30000E+00 6.309573400E-09 0.000726157471
2.30000E+00 7.943282300E-07 2.34447226e-09
2.30000E+00 7.943282300E-08 7.08131619
2.30000E+00 5.011872300E-09 0.000272228502
2.30000E+00 6.309573400E-07 7.86174415e-06
2.40000E+00 1.258925400E-08 0.00845811954
2.40000E+00 1.584893200E-06 1.202666283e-43
2.40000E+00 1.584893200E-08 0.020511816
2.40000E+00 1.995262300E-07 8.75412954
2.40000E+00 1.584893200E-07 10.59574854
2.40000E+00 1.000000000E-08 0.00312325468
2.40000E+00 1.000000000E-07 7.57432559
2.40000E+00 2.511886400E-07 3.51153465
2.40000E+00 2.511886400E-08 0.1194289733
2.40000E+00 1.995262300E-08 0.048542559
2.40000E+00 3.162277700E-08 0.267936136
2.40000E+00 1.000000000E-06 1.94005227e-16
2.40000E+00 1.258925400E-06 1.49480136e-27
2.40000E+00 3.162277700E-07 0.96544929
2.40000E+00 3.981071700E-09 8.42479066e-05
2.40000E+00 3.981071700E-08 0.620990643
2.40000E+00 1.258925400E-07 10.02578213
2.40000E+00 5.011872300E-07 0.00228498582
2.40000E+00 5.011872300E-08 1.30517985
2.40000E+00 6.309573400E-09 0.000536807297
2.40000E+00 6.309573400E-08 2.48001429
2.40000E+00 5.011872300E-09 0.000209253538
2.40000E+00 7.943282300E-08 4.86892783
2.40000E+00 7.943282300E-09 0.00140979852
2.40000E+00 3.981071700E-07 0.1024658596
2.40000E+00 6.309573400E-07 6.08907208e-06
2.40000E+00 3.162277700E-09 3.08277593e-05
2.40000E+00 7.943282300E-07 3.11504089e-10
2.50000E+00 1.995262300E-07 4.08810987
2.50000E+00 1.258925400E-08 0.00530519782
2.50000E+00 1.584893200E-07 6.56603519
2.50000E+00 1.584893200E-08 0.014855373
2.50000E+00 1.258925400E-06 7.8486369e-30
2.50000E+00 1.258925400E-07 5.95418226
2.50000E+00 1.000000000E-07 4.81348764
2.50000E+00 1.000000000E-08 0.00228680413
2.50000E+00 2.511886400E-07 1.65634989
2.50000E+00 1.995262300E-08 0.0324693512
2.50000E+00 1.000000000E-06 5.51013528e-19
2.50000E+00 3.162277700E-08 0.187436886
2.50000E+00 2.511886400E-08 0.0773819267
2.50000E+00 7.943282300E-08 3.23672284
2.50000E+00 3.162277700E-07 0.421850455
2.50000E+00 3.981071700E-08 0.425706021
2.50000E+00 3.981071700E-09 5.73490762e-05
2.50000E+00 5.011872300E-07 0.000525248568
2.50000E+00 5.011872300E-09 0.000143001989
2.50000E+00 3.981071700E-07 0.0296292217
2.50000E+00 5.011872300E-08 0.935307932
2.50000E+00 6.309573400E-09 0.000378074905
2.50000E+00 7.943282300E-07 2.45468561e-11
2.50000E+00 7.943282300E-09 0.000868613278
2.50000E+00 6.309573400E-07 7.39944127e-07
2.50000E+00 3.162277700E-09 2.24865472e-05
2.50000E+00 6.309573400E-08 1.7887701
2.60000E+00 1.258925400E-07 3.8586418
2.60000E+00 1.258925400E-08 0.00415282608
2.60000E+00 1.584893200E-07 4.09241664
2.60000E+00 1.584893200E-08 0.00978540342
2.60000E+00 3.162277700E-07 0.180690302
2.60000E+00 1.000000000E-07 3.19634952
2.60000E+00 1.000000000E-06 3.55079972e-20
2.60000E+00 1.000000000E-08 0.00155803115
2.60000E+00 2.511886400E-07 0.967392348
2.60000E+00 1.258925400E-06 6.88561731e-34
2.60000E+00 1.995262300E-08 0.0225110782
2.60000E+00 2.511886400E-08 0.0530276253
2.60000E+00 1.995262300E-07 2.23062671
2.60000E+00 3.162277700E-08 0.1231630348
2.60000E+00 3.981071700E-07 0.0131486745
2.60000E+00 3.981071700E-08 0.295052056
2.60000E+00 5.011872300E-07 0.000140712169
2.60000E+00 5.011872300E-08 0.656404008
2.60000E+00 5.011872300E-09 9.76558765e-05
2.60000E+00 7.943282300E-09 0.000611092937
2.60000E+00 6.309573400E-08 1.215854016
2.60000E+00 7.943282300E-07 7.33087134e-13
2.60000E+00 7.943282300E-08 2.01311279
2.60000E+00 3.162277700E-09 1.67290474e-05
2.60000E+00 6.309573400E-07 4.03229736e-08
2.60000E+00 6.309573400E-09 0.00024231532
2.70000E+00 3.162277700E-07 0.1198575404
2.70000E+00 1.258925400E-07 2.56151155
2.70000E+00 1.258925400E-08 0.00260805103
2.70000E+00 1.584893200E-07 2.35990846
2.70000E+00 1.584893200E-08 0.00707430204
2.70000E+00 1.000000000E-06 1.58109055e-22
2.70000E+00 1.995262300E-08 0.0166940904
2.70000E+00 1.000000000E-07 2.12188821
2.70000E+00 1.000000000E-08 0.001215691061
2.70000E+00 2.511886400E-07 0.618494019
2.70000E+00 2.511886400E-08 0.042256084
2.70000E+00 1.258925400E-06 1.36335225e-34
2.70000E+00 1.995262300E-07 1.7249817
2.70000E+00 3.162277700E-08 0.0939291483
2.70000E+00 5.011872300E-09 7.53430522e-05
2.70000E+00 7.943282300E-09 0.000469731184
2.70000E+00 3.981071700E-08 0.211012295
2.70000E+00 3.981071700E-09 2.99003588e-05
2.70000E+00 5.011872300E-07 4.3138368e-05
2.70000E+00 5.011872300E-08 0.426904777
2.70000E+00 3.981071700E-07 0.00375955762
2.70000E+00 6.309573400E-07 2.44336456e-08
2.70000E+00 6.309573400E-09 0.0001774643
2.70000E+00 7.943282300E-07 4.64765392e-14
2.70000E+00 7.943282300E-08 1.48966298
2.70000E+00 3.162277700E-09 1.208304786e-05
2.70000E+00 6.309573400E-08 0.801423363
2.80000E+00 1.258925400E-07 1.72230162
2.80000E+00 1.258925400E-08 0.00200579041
2.80000E+00 1.584893200E-07 1.55827568
2.80000E+00 1.584893200E-08 0.00483458833
2.80000E+00 1.000000000E-06 3.55409678e-23
2.80000E+00 1.995262300E-08 0.01277422198
2.80000E+00 1.000000000E-07 1.43778635
2.80000E+00 1.000000000E-08 0.000789805471
2.80000E+00 1.995262300E-07 1.085406101
2.80000E+00 1.258925400E-06 1.031841577e-36
2.80000E+00 2.511886400E-08 0.029145636
2.80000E+00 3.162277700E-07 0.0584092899
2.80000E+00 3.162277700E-08 0.0652560376
2.80000E+00 3.981071700E-07 0.00221099515
2.80000E+00 3.981071700E-08 0.139038679
2.80000E+00 5.011872300E-07 1.46502356e-05
2.80000E+00 5.011872300E-08 0.319128888
2.80000E+00 6.309573400E-09 0.000123568367
2.80000E+00 5.011872300E-09 5.10389048e-05
2.80000E+00 7.943282300E-07 3.28931889e-14
2.80000E+00 7.943282300E-08 1.035400457
2.80000E+00 7.943282300E-09 0.000311310285
2.80000E+00 3.162277700E-09 8.0041117e-06
2.80000E+00 6.309573400E-08 0.586771341
2.90000E+00 1.584893200E-07 1.062918415
2.90000E+00 1.584893200E-08 0.00337491258
2.90000E+00 1.995262300E-07 0.587068521
2.90000E+00 1.258925400E-06 1.45535078e-41
2.90000E+00 1.000000000E-06 5.15224411e-25
2.90000E+00 1.000000000E-08 0.000577756582
2.90000E+00 2.511886400E-07 0.190533096
2.90000E+00 2.511886400E-08 0.0214281574
2.90000E+00 1.995262300E-08 0.00840753433
2.90000E+00 1.258925400E-08 0.0015658981
2.90000E+00 1.000000000E-07 0.946790169
2.90000E+00 1.258925400E-07 1.122011748
2.90000E+00 3.162277700E-07 0.0225691323
2.90000E+00 3.162277700E-08 0.0510828773
2.90000E+00 3.981071700E-09 1.62943638e-05
2.90000E+00 5.011872300E-07 3.41447509e-06
2.90000E+00 5.011872300E-08 0.221199017
2.90000E+00 5.011872300E-09 3.95350709e-05
2.90000E+00 6.309573400E-08 0.411644727
2.90000E+00 3.981071700E-08 0.1077961781
2.90000E+00 7.943282300E-07 3.83358014e-16
2.90000E+00 7.943282300E-08 0.668880316
2.90000E+00 3.981071700E-07 0.001112602335
2.90000E+00 6.309573400E-07 8.48896061e-10
2.90000E+00 3.162277700E-09 5.89927078e-06
2.90000E+00 6.309573400E-09 9.90957487e-05
3.00000E+00 1.584893200E-07 0.650541255
3.00000E+00 1.584893200E-08 0.00261789047
3.00000E+00 1.258925400E-06 7.03441778e-43
3.00000E+00 1.258925400E-07 0.793964197
3.00000E+00 1.000000000E-07 0.731927326
3.00000E+00 1.000000000E-08 0.000434813743
3.00000E+00 1.995262300E-08 0.00675002627
3.00000E+00 3.162277700E-08 0.0373550216
3.00000E+00 1.995262300E-07 0.365726894
3.00000E+00 6.309573400E-08 0.297813958
3.00000E+00 3.162277700E-07 0.00966319588
3.00000E+00 5.011872300E-07 1.21424394e-06
3.00000E+00 5.011872300E-08 0.164093241
3.00000E+00 5.011872300E-09 2.92560762e-05
3.00000E+00 3.981071700E-08 0.0817189893
3.00000E+00 7.943282300E-07 5.08680731e-17
3.00000E+00 3.981071700E-09 1.30450736e-05
3.00000E+00 7.943282300E-08 0.507399529
3.00000E+00 6.309573400E-09 7.68485367e-05
3.00000E+00 6.309573400E-07 6.82150898e-11
3.00000E+00 3.162277700E-09 4.68700843e-06
3.00000E+00 7.943282300E-09 0.000179744292
3.00000E+00 3.981071700E-07 0.000260638014
3.10000E+00 1.584893200E-07 0.381040192
3.10000E+00 2.511886400E-08 0.01189793696
3.10000E+00 1.995262300E-08 0.00519090546
3.10000E+00 1.000000000E-07 0.519493247
3.10000E+00 1.000000000E-06 2.1270392e-30
3.10000E+00 1.258925400E-08 0.000760782919
3.10000E+00 1.995262300E-07 0.234452569
3.10000E+00 1.584893200E-08 0.00228670793
3.10000E+00 1.258925400E-07 0.499858138
3.10000E+00 1.000000000E-08 0.000340484586
3.10000E+00 6.309573400E-07 1.188882474e-11
3.10000E+00 3.162277700E-07 0.00578123117
3.10000E+00 7.943282300E-08 0.366543476
3.10000E+00 6.309573400E-09 5.33856167e-05
3.10000E+00 5.011872300E-09 2.18841857e-05
3.10000E+00 5.011872300E-08 0.117189072
3.10000E+00 7.943282300E-09 0.00014445418
3.10000E+00 3.981071700E-08 0.0633652474
3.10000E+00 3.162277700E-09 3.46724118e-06
3.10000E+00 3.162277700E-08 0.0264023877
3.10000E+00 3.981071700E-09 8.67806355e-06
3.10000E+00 2.511886400E-07 0.0487510582
3.20000E+00 1.000000000E-06 4.46913961e-32
3.20000E+00 1.000000000E-08 0.00025255542
3.20000E+00 1.258925400E-07 0.36699832
3.20000E+00 1.584893200E-07 0.248638923
3.20000E+00 1.584893200E-08 0.00157187329
3.20000E+00 1.995262300E-07 0.130402987
3.20000E+00 1.995262300E-08 0.0041129491
3.20000E+00 3.162277700E-08 0.0197125812
3.20000E+00 3.981071700E-07 4.42284999e-05
3.20000E+00 5.011872300E-07 3.33514012e-08
3.20000E+00 6.309573400E-08 0.150435168
3.20000E+00 6.309573400E-09 4.0997021e-05
3.20000E+00 7.943282300E-08 0.25760488
3.20000E+00 7.943282300E-09 0.0001108822403
3.20000E+00 3.162277700E-07 0.00286297908
3.30000E+00 1.258925400E-07 0.240587412
3.30000E+00 1.995262300E-07 0.0680148976
3.30000E+00 1.995262300E-08 0.00303753606
3.30000E+00 1.000000000E-08 0.000207659218
3.30000E+00 2.511886400E-07 0.0147098523
3.30000E+00 2.511886400E-08 0.00739377132
3.30000E+00 1.000000000E-06 1.9045325e-33
3.30000E+00 1.000000000E-07 0.248875809
3.30000E+00 3.162277700E-08 0.0147080284
3.30000E+00 1.584893200E-07 0.156077649
3.30000E+00 5.011872300E-08 0.0674241438
3.30000E+00 3.162277700E-07 0.001183461734
3.30000E+00 3.981071700E-08 0.0328107949
3.30000E+00 3.981071700E-09 5.37006392e-06
3.30000E+00 3.981071700E-07 1.55714013e-05
3.30000E+00 7.943282300E-08 0.196066104
3.30000E+00 5.011872300E-07 1.68021607e-08
3.30000E+00 6.309573400E-08 0.1153469122
3.30000E+00 6.309573400E-09 3.37138321e-05
3.30000E+00 7.943282300E-09 8.78469228e-05
3.30000E+00 5.011872300E-09 1.42742795e-05
3.30000E+00 3.162277700E-09 2.06087986e-06
3.30000E+00 6.309573400E-07 2.96730538e-13
3.40000E+00 1.258925400E-08 0.000432104049
3.40000E+00 1.584893200E-08 0.000976562678
3.40000E+00 1.995262300E-08 0.00226728944
3.40000E+00 1.995262300E-07 0.0372388848
3.40000E+00 1.000000000E-07 0.170818141
3.40000E+00 1.000000000E-08 0.000169546936
3.40000E+00 2.511886400E-07 0.00996685638
3.40000E+00 1.258925400E-07 0.175071702
3.40000E+00 1.000000000E-06 2.15631819e-37
3.40000E+00 1.584893200E-07 0.1152269833
3.40000E+00 2.511886400E-08 0.0053287611
3.40000E+00 5.011872300E-07 2.98943827e-09
3.40000E+00 3.162277700E-07 0.000428413401
3.40000E+00 3.162277700E-09 1.62402357e-06
3.40000E+00 3.981071700E-08 0.0259133017
3.40000E+00 3.981071700E-09 4.38041292e-06
3.40000E+00 5.011872300E-09 1.08017884e-05
3.40000E+00 7.943282300E-09 6.60470772e-05
3.40000E+00 5.011872300E-08 0.0515705385
3.40000E+00 6.309573400E-09 2.47307775e-05
3.40000E+00 7.943282300E-07 2.00660382e-23
3.40000E+00 7.943282300E-08 0.138248994
3.40000E+00 3.162277700E-08 0.0135155566
3.40000E+00 6.309573400E-07 9.11368354e-15
3.40000E+00 6.309573400E-08 0.093195908
3.50000E+00 1.584893200E-08 0.000764654813
3.50000E+00 1.258925400E-07 0.1230959054
3.50000E+00 1.258925400E-08 0.000337101297
3.50000E+00 1.584893200E-07 0.0766475177
3.50000E+00 2.511886400E-08 0.0045079554
3.50000E+00 1.995262300E-08 0.00184428439
3.50000E+00 1.000000000E-06 4.10539597e-38
3.50000E+00 1.000000000E-07 0.1385085
3.50000E+00 1.000000000E-08 0.0001227826249
3.50000E+00 2.511886400E-07 0.00370045533
3.50000E+00 1.995262300E-07 0.0294128497
3.50000E+00 5.011872300E-08 0.0387100597
3.50000E+00 3.162277700E-08 0.00992107441
3.50000E+00 3.162277700E-09 1.33181217e-06
3.50000E+00 3.981071700E-07 1.62242678e-06
3.50000E+00 3.981071700E-08 0.020402759
3.50000E+00 3.162277700E-07 0.000215815028
3.50000E+00 3.981071700E-09 3.28888404e-06
3.50000E+00 5.011872300E-09 7.72238454e-06
3.50000E+00 6.309573400E-07 1.054174589e-15
3.50000E+00 6.309573400E-09 2.084849e-05
3.50000E+00 7.943282300E-07 6.81787613e-24
3.50000E+00 7.943282300E-08 0.106428725
3.50000E+00 7.943282300E-09 5.37506372e-05
3.50000E+00 5.011872300E-07 5.77841602e-10
3.60000E+00 1.258925400E-08 0.000263387085
3.60000E+00 1.584893200E-08 0.000676474903
3.60000E+00 1.584893200E-07 0.0419078439
3.60000E+00 1.000000000E-08 0.0001101134632
3.60000E+00 1.000000000E-07 0.0886528708
3.60000E+00 2.511886400E-07 0.00206485474
3.60000E+00 1.258925400E-07 0.0814095568
3.60000E+00 1.000000000E-06 2.10090959e-42
3.60000E+00 1.995262300E-08 0.00139784307
3.60000E+00 5.011872300E-08 0.0301595489
3.60000E+00 3.162277700E-09 1.171280357e-06
3.60000E+00 3.981071700E-07 2.40605391e-07
3.60000E+00 3.981071700E-08 0.0152321013
3.60000E+00 3.981071700E-09 2.70521524e-06
3.60000E+00 2.511886400E-08 0.00342197063
3.60000E+00 6.309573400E-09 1.70800643e-05
3.60000E+00 5.011872300E-07 6.86699052e-11
3.60000E+00 7.943282300E-07 1.94081043e-27
3.60000E+00 7.943282300E-08 0.075217688
3.60000E+00 7.943282300E-09 4.32004885e-05
3.60000E+00 3.162277700E-08 0.00854006322
3.60000E+00 5.011872300E-09 6.82454188e-06
3.60000E+00 3.162277700E-07 6.48056708e-05
3.60000E+00 6.309573400E-08 0.0579515066
3.70000E+00 1.000000000E-08 9.46474945e-05
3.70000E+00 1.000000000E-07 0.0686501699
3.70000E+00 1.000000000E-06 1.39192092e-46
3.70000E+00 1.995262300E-07 0.00833224405
3.70000E+00 2.511886400E-08 0.00269182784
3.70000E+00 1.584893200E-07 0.0266484686
3.70000E+00 1.258925400E-08 0.000221060697
3.70000E+00 1.258925400E-07 0.0471957564
3.70000E+00 1.584893200E-08 0.000527489079
3.70000E+00 2.511886400E-07 0.000815021922
3.70000E+00 6.309573400E-08 0.040087216
3.70000E+00 5.011872300E-08 0.0266630962
3.70000E+00 3.162277700E-07 2.06559717e-05
3.70000E+00 7.943282300E-07 1.58629835e-30
3.70000E+00 6.309573400E-09 1.46758911e-05
3.70000E+00 6.309573400E-07 4.56621815e-19
3.70000E+00 5.011872300E-09 5.89562012e-06
3.70000E+00 7.943282300E-08 0.0554635913
3.70000E+00 5.011872300E-07 1.192525516e-12
3.70000E+00 3.981071700E-09 2.370849e-06
3.70000E+00 3.981071700E-08 0.0133628131
3.70000E+00 3.981071700E-07 6.56723795e-08
3.70000E+00 3.162277700E-08 0.00662760865
3.70000E+00 1.995262300E-08 0.00137309887
3.70000E+00 7.943282300E-09 3.63530414e-05
