1.5 array('d', [-7.300000003143145, -7.799999997934185, -8.0, -6.0, -7.700000003258169, -6.700000003258169, -5.700000003258169, -5.900000004068662, -6.799999997934185, -5.799999997934185, -7.900000004068662, -6.900000004068662, -7.600000005447873, -6.600000005447872, -6.300000003143145, -6.499999994529686, -8.100000002582973, -7.100000002582974, -6.100000002582974, -8.200000003083764, -7.200000003083764, -8.300000003143145, -8.400000000603809, -7.400000000603809, -6.400000000603809, -8.499999994529686, -7.499999994529686, -6.200000003083764])
lowest error 1.5 5.05271729882e-07
1.5 5.05271729882e-07 1.96846886333e-05
1.5 5.05272893314e-07 3.98816860043e-05
1.5 5.05270566452e-07 7.92526059712e-05
1.5 5.0527405675e-07 9.94465179796e-05
1.5 5.05269403025e-07 0.000138822066053
1.5 5.05275220187e-07 0.000159009807333
1.5 5.052682396e-07 0.000198393068863
1.5 5.05276383628e-07 0.00021857155405
1.5 5.05267076179e-07 0.000257965614548
1.5 5.05277547071e-07 0.000278131758279
1.5 5.0526591276e-07 0.000317539703095
1.5 5.05278710517e-07 0.000337690420006
lowest error 1.5 3.31800472389e-08
1.5 3.31800472389e-08 6.00024295005e-06
1.5 3.31799708391e-08 1.25652507954e-05
1.5 3.31801236389e-08 2.4565886573e-05
1.5 3.31798944395e-08 3.11305946981e-05
1.5 3.3180200039e-08 4.31316800578e-05
1.5 3.317981804e-08 4.96957887428e-05
1.5 3.31802764393e-08 6.16976234054e-05
1.5 3.31797416408e-08 6.82608329301e-05
1.5 3.31803528398e-08 8.02637166171e-05
1.5 3.31796652417e-08 8.68257272622e-05
1.5 3.31804292405e-08 9.88299596947e-05
1.5 3.31795888428e-08 0.000105390471739
1.6 array('d', [-5.799999997934185, -6.799999997934185, -5.700000003258169, -7.799999997934185, -7.700000003258169, -8.0, -7.0, -6.600000005447872, -7.600000005447873, -6.700000003258169, -7.900000004068662, -6.0, -6.499999994529686, -5.900000004068662, -6.900000004068662, -8.400000000603809, -6.300000003143145, -7.300000003143145, -6.200000003083764, -6.100000002582974, -8.200000003083764, -7.400000000603809, -8.100000002582973, -6.400000000603809, -7.200000003083764, -8.499999994529686, -7.499999994529686, -7.100000002582974])
lowest error 1.6 4.45880007745e-07
1.6 4.45880007745e-07 5.20128871306e-06
1.6 4.45881034423e-07 3.64396790031e-05
1.6 4.45878981069e-07 4.68430103413e-05
1.6 4.45882061103e-07 7.80798927842e-05
1.6 4.45877954396e-07 8.84854858949e-05
1.6 4.45883087786e-07 0.000119719352717
1.6 4.45876927726e-07 0.000130128715388
1.6 4.45884114471e-07 0.000161358058779
1.6 4.45875901057e-07 0.000171772698834
1.6 4.45885141158e-07 0.000202996010984
1.6 4.45874874391e-07 0.000213417436247
1.6 4.45886167847e-07 0.000244633209344
lowest error 1.6 3.39202465286e-08
1.6 3.39202465286e-08 1.18384204351e-06
1.6 3.39203246329e-08 1.71396325004e-05
1.6 3.39201684244e-08 1.95071705948e-05
1.6 3.39204027374e-08 3.54632530231e-05
1.6 3.39200903204e-08 3.78303531861e-05
1.6 3.39204808421e-08 5.37870195245e-05
1.6 3.39200122166e-08 5.61533898029e-05
1.6 3.3920558947e-08 7.21109320074e-05
1.6 3.3919934113e-08 7.44762804454e-05
1.6 3.39206370521e-08 9.04349904718e-05
1.6 3.39198560095e-08 9.27990251167e-05
1.6 3.39207151573e-08 0.000108759194918
1.7 array('d', [-5.799999997934185, -6.799999997934185, -7.799999997934185, -6.700000003258169, -5.900000004068662, -8.0, -7.0, -6.600000005447872, -7.600000005447873, -7.700000003258169, -7.900000004068662, -6.0, -7.499999994529686, -7.300000003143145, -6.900000004068662, -6.499999994529686, -7.400000000603809, -8.400000000603809, -6.300000003143145, -6.400000000603809, -7.200000003083764, -8.300000003143145, -6.100000002582974, -7.100000002582974, -8.100000002582973, -6.200000003083764, -8.499999994529686, -8.200000003083764])
lowest error 1.7 4.02678090019e-07
1.7 4.02678090019e-07 1.9769186661e-06
1.7 4.0267901722e-07 6.24920334276e-05
1.7 4.02677162819e-07 6.6447677872e-05
1.7 4.02679944424e-07 0.000126959178461
1.7 4.02676235622e-07 0.000130920244242
1.7 4.0268087163e-07 0.000191424516482
1.7 4.02675308426e-07 0.000195394617768
1.7 4.02681798838e-07 0.000255888047542
1.7 4.02674381233e-07 0.000259870798617
1.7 4.02682726048e-07 0.000320349771636
1.7 4.02673454042e-07 0.000324348786779
1.7 4.0268365326e-07 0.000384809688927
lowest error 1.7 3.52262165049e-08
1.7 3.52262165049e-08 8.57537629262e-06
1.7 3.52262976164e-08 8.96731221456e-06
1.7 3.52261353937e-08 2.61179309824e-05
1.7 3.5226378728e-08 2.65101345249e-05
1.7 3.52260542826e-08 4.36603518863e-05
1.7 3.52264598398e-08 4.40530906394e-05
1.7 3.52259731717e-08 6.12026389906e-05
1.7 3.52265409519e-08 6.15961805592e-05
1.7 3.5225892061e-08 7.87447922952e-05
1.7 3.52266220641e-08 7.91394042845e-05
1.7 3.52258109504e-08 9.62868118028e-05
1.7 3.52267031764e-08 9.66827618014e-05
1.8 array('d', [-5.900000004068662, -6.799999997934185, -7.799999997934185, -6.700000003258169, -6.0, -5.799999997934185, -7.600000005447873, -7.499999994529686, -8.0, -7.0, -6.600000005447872, -7.700000003258169, -7.900000004068662, -7.400000000603809, -6.900000004068662, -8.400000000603809, -6.300000003143145, -7.300000003143145, -8.300000003143145, -8.200000003083764, -7.200000003083764, -6.499999994529686, -7.100000002582974, -8.100000002582973, -6.400000000603809, -6.200000003083764, -8.499999994529686, -6.100000002582974])
lowest error 1.8 3.65466016891e-07
1.8 3.65466016891e-07 7.37323223143e-06
1.8 3.65465175375e-07 3.48360775591e-05
1.8 3.65466858408e-07 4.95817674517e-05
1.8 3.65464333862e-07 7.70461620094e-05
1.8 3.65467699928e-07 9.17895280774e-05
1.8 3.6546349235e-07 0.000119257021097
1.8 3.65468541449e-07 0.000133996514124
1.8 3.6546265084e-07 0.000161468654835
1.8 3.65469382973e-07 0.000176202725604
1.8 3.65461809332e-07 0.000203681063238
1.8 3.65470224498e-07 0.000218408162534
1.8 3.65460967826e-07 0.00024589424632
lowest error 1.8 3.6744555663e-08
1.8 3.6744555663e-08 7.04675502439e-06
1.8 3.67444710556e-08 1.06929586572e-05
1.8 3.67446402705e-08 2.47866055307e-05
1.8 3.67443864484e-08 2.8432535498e-05
1.8 3.67447248783e-08 4.25265928645e-05
1.8 3.67443018414e-08 4.61719755309e-05
1.8 3.67448094862e-08 6.02667170257e-05
1.8 3.67442172347e-08 6.39112787417e-05
1.8 3.67448940944e-08 7.80069780157e-05
1.8 3.67441326281e-08 8.16504451309e-05
1.8 3.67449787027e-08 9.57473758199e-05
1.8 3.67440480217e-08 9.93894747001e-05
1.9 array('d', [-6.900000004068662, -7.900000004068662, -5.799999997934185, -7.799999997934185, -6.799999997934185, -7.0, -6.0, -8.0, -6.600000005447872, -7.600000005447873, -7.499999994529686, -7.700000003258169, -6.700000003258169, -5.900000004068662, -8.499999994529686, -6.499999994529686, -6.400000000603809, -8.100000002582973, -7.100000002582974, -7.200000003083764, -6.200000003083764, -6.100000002582974, -7.300000003143145, -6.300000003143145, -8.400000000603809, -7.400000000603809, -8.200000003083764, -8.300000003143145])
lowest error 1.9 3.63287955968e-07
1.9 3.63287955968e-07 4.70376757544e-07
1.9 3.63287119467e-07 4.30446067283e-05
1.9 3.6328879247e-07 4.39845369749e-05
1.9 3.63286282969e-07 8.65604134987e-05
1.9 3.63289628974e-07 8.74978739382e-05
1.9 3.63285446472e-07 0.000130077043569
1.9 3.63290465481e-07 0.000131010387626
1.9 3.63284609977e-07 0.000173594496916
1.9 3.63291301989e-07 0.00017452207813
1.9 3.63283773484e-07 0.000217112773633
1.9 3.63292138499e-07 0.000218032945427
1.9 3.63282936994e-07 0.000260631873697
lowest error 1.9 3.8434125153e-08
1.9 3.8434125153e-08 2.41512843902e-06
1.9 3.84342136509e-08 1.69676871788e-05
1.9 3.84340366553e-08 2.17977807306e-05
1.9 3.84343021491e-08 3.63506661589e-05
1.9 3.84339481577e-08 4.11802696791e-05
1.9 3.84343906474e-08 5.57338084857e-05
1.9 3.84338596604e-08 6.05625952868e-05
1.9 3.8434479146e-08 7.51171141604e-05
1.9 3.84337711632e-08 7.99447575548e-05
1.9 3.84345676448e-08 9.45005831845e-05
1.9 3.84336826663e-08 9.93267564846e-05
1.9 3.84346561437e-08 0.000113884215559
2.0 array('d', [-6.700000003258169, -5.799999997934185, -6.799999997934185, -7.799999997934185, -7.499999994529686, -7.900000004068662, -7.0, -8.0, -6.600000005447872, -7.600000005447873, -7.700000003258169, -6.0, -5.900000004068662, -7.300000003143145, -6.900000004068662, -7.400000000603809, -8.400000000603809, -6.300000003143145, -8.300000003143145, -6.400000000603809, -7.200000003083764, -6.499999994529686, -6.100000002582974, -7.100000002582974, -8.100000002582973, -6.200000003083764, -8.499999994529686, -8.200000003083764])
lowest error 2.0 3.30839990742e-07
2.0 3.30839990742e-07 9.46892842935e-06
2.0 3.3084075253e-07 3.58882550113e-05
2.0 3.30839228955e-07 5.48270063909e-05
2.0 3.3084151432e-07 8.12445440288e-05
2.0 3.30838467171e-07 0.000100185978851
2.0 3.30842276111e-07 0.000126599938601
2.0 3.30837705388e-07 0.000145545845828
2.0 3.30843037905e-07 0.000171954438745
2.0 3.30836943607e-07 0.000190906607338
2.0 3.308437997e-07 0.000217308044478
2.0 3.30836181827e-07 0.000236268263401
2.0 3.30844561497e-07 0.000262660755819
lowest error 2.0 3.97090959801e-08
2.0 3.97090959801e-08 3.88412647823e-07
2.0 3.97090045467e-08 1.81632572365e-05
2.0 3.97091874138e-08 1.89402321702e-05
2.0 3.97089131134e-08 3.6714777484e-05
2.0 3.97092788477e-08 3.74922013311e-05
2.0 3.97088216804e-08 5.52661480797e-05
2.0 3.97093702818e-08 5.60443201332e-05
2.0 3.97087302475e-08 7.38173690578e-05
2.0 3.97094617161e-08 7.459658856e-05
2.0 3.97086388149e-08 9.23684404022e-05
2.0 3.97095531506e-08 9.31490066458e-05
2.0 3.97085473825e-08 0.000110919362116
2.1 array('d', [-5.799999997934185, -7.799999997934185, -8.499999994529686, -7.700000003258169, -8.0, -7.0, -7.900000004068662, -6.600000005447872, -7.600000005447873, -6.700000003258169, -6.0, -6.900000004068662, -6.799999997934185, -7.400000000603809, -5.900000004068662, -8.400000000603809, -7.300000003143145, -8.300000003143145, -8.200000003083764, -7.200000003083764, -6.499999994529686, -6.100000002582974, -7.100000002582974, -8.100000002582973, -6.200000003083764, -7.499999994529686, -6.300000003143145, -6.400000000603809])
lowest error 2.1 2.96984648032e-07
2.1 2.96984648032e-07 9.55288727233e-06
2.1 2.96985331865e-07 1.98688275845e-05
2.1 2.96983964201e-07 3.8974978497e-05
2.1 2.969860157e-07 4.92901660789e-05
2.1 2.96983280371e-07 6.83974460935e-05
2.1 2.96986699537e-07 7.87111282161e-05
2.1 2.96982596542e-07 9.78202900668e-05
2.1 2.96987383375e-07 0.000108131713974
2.1 2.96981912715e-07 0.000127243510396
2.1 2.96988067214e-07 0.00013755192341
2.1 2.9698122889e-07 0.000156667107137
2.1 2.96988751055e-07 0.000166971756502
lowest error 2.1 4.15535373394e-08
2.1 4.15535373394e-08 3.94154470351e-06
2.1 4.15536330201e-08 1.30792413149e-05
2.1 4.1553441659e-08 2.09622047636e-05
2.1 4.1553728701e-08 3.01001532934e-05
2.1 4.15533459788e-08 3.79827388652e-05
2.1 4.15538243821e-08 4.71211912174e-05
2.1 4.15532502988e-08 5.50031470095e-05
2.1 4.15539200634e-08 6.41423551184e-05
2.1 4.1553154619e-08 7.20234291833e-05
2.1 4.1554015745e-08 8.11636449822e-05
2.1 4.15530589394e-08 8.90435854166e-05
2.1 4.15541114267e-08 9.81850608093e-05
2.2 array('d', [-6.900000004068662, -7.900000004068662, -5.799999997934185, -6.799999997934185, -7.799999997934185, -7.0, -7.700000003258169, -6.0, -8.0, -6.600000005447872, -6.700000003258169, -6.499999994529686, -5.900000004068662, -7.499999994529686, -8.499999994529686, -6.400000000603809, -7.400000000603809, -8.400000000603809, -6.300000003143145, -7.300000003143145, -8.200000003083764, -7.600000005447873, -7.200000003083764, -6.100000002582974, -7.100000002582974, -8.100000002582973, -8.300000003143145, -6.200000003083764])
lowest error 2.2 2.57293609734e-07
2.2 2.57293609734e-07 1.65269284498e-05
2.2 2.57293017294e-07 1.7625724928e-05
2.2 2.57294202175e-07 5.0679074699e-05
2.2 2.57292424855e-07 5.17788854104e-05
2.2 2.57294794617e-07 8.48307138273e-05
2.2 2.57291832418e-07 8.59325530671e-05
2.2 2.57295387061e-07 0.000118981845843
2.2 2.57291239983e-07 0.000120086727874
2.2 2.57295979506e-07 0.000153132470753
2.2 2.57290647548e-07 0.00015424140984
2.2 2.57296571953e-07 0.000187282588565
2.2 2.57290055116e-07 0.000188396598971
lowest error 2.2 4.30923322819e-08
2.2 4.30923322819e-08 7.37055495659e-06
2.2 4.30922330582e-08 9.69714630106e-06
2.2 4.30924315057e-08 2.44383828703e-05
2.2 4.30921338348e-08 2.67647209049e-05
2.2 4.30925307298e-08 4.15063374248e-05
2.2 4.30920346116e-08 4.3832168855e-05
2.2 4.30926299542e-08 5.85744186523e-05
2.2 4.30919353886e-08 6.08994901521e-05
2.2 4.30927291787e-08 7.5642626538e-05
2.2 4.30918361659e-08 7.79666847972e-05
2.2 4.30928284035e-08 9.27109610829e-05
2.2 4.30917369434e-08 9.5033752777e-05
2.3 array('d', [-6.900000004068662, -7.900000004068662, -5.799999997934185, -7.799999997934185, -6.799999997934185, -7.0, -6.0, -8.0, -6.600000005447872, -6.700000003258169, -6.499999994529686, -7.700000003258169, -5.900000004068662, -7.499999994529686, -8.100000002582973, -7.600000005447873, -7.400000000603809, -8.400000000603809, -6.300000003143145, -7.300000003143145, -7.200000003083764, -6.400000000603809, -8.200000003083764, -6.100000002582974, -7.100000002582974, -8.499999994529686, -8.300000003143145, -6.200000003083764])
lowest error 2.3 2.39095278482e-07
2.3 2.39095278482e-07 7.87242431066e-06
2.3 2.3909582902e-07 1.83408314114e-05
2.3 2.39094727946e-07 3.40859787888e-05
2.3 2.39096379559e-07 4.455378838e-05
2.3 2.3909417741e-07 6.02998320276e-05
2.3 2.390969301e-07 7.07664465986e-05
2.3 2.39093626876e-07 8.65139840296e-05
2.3 2.39097480641e-07 9.69788060479e-05
2.3 2.39093076344e-07 0.000112728434775
2.3 2.39098031184e-07 0.000123190866777
2.3 2.39092525812e-07 0.000138943184314
2.3 2.39098581729e-07 0.000149402628767
lowest error 2.3 4.57438801338e-08
2.3 4.57438801338e-08 4.26832939571e-06
2.3 4.57437748047e-08 1.17365607708e-05
2.3 4.57439854631e-08 2.02733309496e-05
2.3 4.57436694759e-08 2.77413395793e-05
2.3 4.57440907926e-08 3.6278443877e-05
2.3 4.57435641473e-08 4.37460070164e-05
2.3 4.57441961224e-08 5.22836681789e-05
2.3 4.5743458819e-08 5.9750563083e-05
2.3 4.57443014524e-08 6.82890038561e-05
2.3 4.57433534909e-08 7.57550077797e-05
2.3 4.57444067827e-08 8.42944509092e-05
2.3 4.57432481631e-08 9.17593411072e-05
2.4 array('d', [-5.900000004068662, -7.900000004068662, -6.799999997934185, -7.799999997934185, -6.0, -7.499999994529686, -7.0, -6.600000005447872, -6.700000003258169, -7.600000005447873, -7.700000003258169, -6.499999994529686, -8.0, -8.499999994529686, -6.400000000603809, -7.300000003143145, -7.400000000603809, -8.400000000603809, -6.300000003143145, -8.100000002582973, -6.900000004068662, -7.200000003083764, -6.200000003083764, -7.100000002582974, -8.300000003143145, -6.100000002582974, -8.200000003083764])
lowest error 2.4 2.14373451339e-07
2.4 2.14373451339e-07 1.11061998846e-05
2.4 2.14373944953e-07 1.67868410461e-05
2.4 2.14372957727e-07 3.89995791124e-05
2.4 2.14374438568e-07 4.46795437328e-05
2.4 2.14372464115e-07 6.68932966179e-05
2.4 2.14374932184e-07 7.25719081549e-05
2.4 2.14371970505e-07 9.4787352404e-05
2.4 2.14375425801e-07 0.000100463934317
2.4 2.14371476896e-07 0.000122681746475
2.4 2.14375919419e-07 0.000128355622222
2.4 2.14370983288e-07 0.000150576478835
2.4 2.14376413038e-07 0.000156246971875
lowest error 2.4 4.7487903857e-08
2.4 4.7487903857e-08 1.31771333622e-06
2.4 4.74877945121e-08 1.38173513182e-05
2.4 4.7488013202e-08 1.6452877587e-05
2.4 4.74876851676e-08 2.89523163772e-05
2.4 4.74881225473e-08 3.1588141435e-05
2.4 4.74875758233e-08 4.40871818275e-05
2.4 4.74882318929e-08 4.67235048802e-05
2.4 4.74874664792e-08 5.92219476969e-05
2.4 4.74883412387e-08 6.18589679107e-05
2.4 4.74873571354e-08 7.43566139727e-05
2.4 4.74884505848e-08 7.69945305534e-05
2.4 4.74872477918e-08 8.94911806553e-05
2.5 array('d', [-7.700000003258169, -7.600000005447873, -6.600000005447872, -8.0, -7.0, -6.0, -6.900000004068662, -7.799999997934185, -6.799999997934185, -7.900000004068662, -7.499999994529686, -5.900000004068662, -6.700000003258169, -6.300000003143145, -6.499999994529686, -8.400000000603809, -7.300000003143145, -8.300000003143145, -6.200000003083764, -6.100000002582974, -7.400000000603809, -6.400000000603809, -7.100000002582974, -8.100000002582973, -7.200000003083764, -8.499999994529686, -8.200000003083764])
lowest error 2.5 2.00576939338e-07
2.5 2.00576939338e-07 9.49486158675e-06
2.5 2.00576477493e-07 2.07166676192e-05
2.5 2.00577401184e-07 3.97059939545e-05
2.5 2.00576015649e-07 5.09285936423e-05
2.5 2.00577863031e-07 6.99167294886e-05
2.5 2.00575553806e-07 8.11409165404e-05
2.5 2.00578324879e-07 0.000100127068195
2.5 2.00575091964e-07 0.000111353636293
2.5 2.00578786728e-07 0.000130337010079
2.5 2.00574630124e-07 0.000141566752904
2.5 2.00579248578e-07 0.000160546555118
2.5 2.00574168284e-07 0.00017178026638
lowest error 2.5 4.96357970319e-08
2.5 4.96357970319e-08 4.86937204025e-06
2.5 4.96359113227e-08 1.06494104313e-05
2.5 4.96356827414e-08 2.0388049816e-05
2.5 4.96360256138e-08 2.61682976266e-05
2.5 4.96355684512e-08 3.5906622883e-05
2.5 4.96361399051e-08 4.16872895324e-05
2.5 4.96354541612e-08 5.14250912427e-05
2.5 4.96362541966e-08 5.72063861499e-05
2.5 4.96353398715e-08 6.69434548946e-05
2.5 4.96363684885e-08 7.27255874793e-05
2.5 4.9635225582e-08 8.246171384e-05
2.5 4.96364827805e-08 8.82448935218e-05
2.6 array('d', [-7.900000004068662, -6.799999997934185, -6.700000003258169, -7.700000003258169, -6.900000004068662, -6.600000005447872, -8.0, -7.600000005447873, -6.499999994529686, -6.0, -8.499999994529686, -7.0, -5.900000004068662, -8.200000003083764, -7.799999997934185, -8.400000000603809, -6.300000003143145, -8.300000003143145, -7.499999994529686, -6.100000002582974, -6.200000003083764, -7.100000002582974, -8.100000002582973, -7.400000000603809, -7.200000003083764, -6.400000000603809, -7.300000003143145])
lowest error 2.6 1.77456944724e-07
2.6 1.77456944724e-07 4.69825334193e-07
2.6 1.77457353334e-07 1.95106449472e-05
2.6 1.77456536115e-07 2.04504691905e-05
2.6 1.77457761945e-07 3.94909416372e-05
2.6 1.77456127507e-07 4.04312866236e-05
2.6 1.77458170557e-07 5.94710647728e-05
2.6 1.77455718899e-07 6.04122776342e-05
2.6 1.77458579171e-07 7.94510143387e-05
2.6 1.77455310293e-07 8.03934422251e-05
2.6 1.77458987784e-07 9.94307903346e-05
2.6 1.77454901687e-07 0.000100374780378
2.6 1.77459396399e-07 0.000119410392764
lowest error 2.6 5.41508153261e-08
2.6 5.41508153261e-08 4.33225971808e-06
2.6 5.41506906393e-08 8.61088093806e-06
2.6 5.41509400131e-08 1.72754732111e-05
2.6 5.41505659529e-08 2.15539487574e-05
2.6 5.41510647004e-08 3.02187595422e-05
2.6 5.41504412668e-08 3.44969437287e-05
2.6 5.41511893879e-08 4.31621187111e-05
2.6 5.41503165809e-08 4.74398658756e-05
2.6 5.41513140758e-08 5.61055507182e-05
2.6 5.41501918953e-08 6.03827151875e-05
2.6 5.4151438764e-08 6.90490555528e-05
2.6 5.41500672101e-08 7.33254916638e-05
2.7 array('d', [-6.0, -7.700000003258169, -6.900000004068662, -7.0, -6.700000003258169, -6.100000002582974, -8.499999994529686, -6.600000005447872, -8.0, -7.600000005447873, -5.900000004068662, -6.499999994529686, -6.799999997934185, -8.300000003143145, -7.499999994529686, -6.300000003143145, -7.300000003143145, -8.400000000603809, -6.200000003083764, -8.200000003083764, -7.900000004068662, -8.100000002582973, -7.400000000603809, -7.200000003083764, -6.400000000603809, -7.799999997934185, -7.100000002582974])
lowest error 2.7 1.62878964633e-07
2.7 1.62878964633e-07 7.46183136746e-06
2.7 1.62879339676e-07 1.4380995212e-05
2.7 1.6287858959e-07 2.93048654063e-05
2.7 1.6287971472e-07 3.62236143729e-05
2.7 1.62878214549e-07 5.11481068868e-05
2.7 1.62880089765e-07 5.80660260971e-05
2.7 1.62877839509e-07 7.29915558111e-05
2.7 1.6288046481e-07 7.99082303877e-05
2.7 1.62877464469e-07 9.48352121819e-05
2.7 1.62880839857e-07 0.000101750227246
2.7 1.6287708943e-07 0.000116679076001
2.7 1.62881214904e-07 0.000123592016674
lowest error 2.7 5.77270015493e-08
2.7 5.77270015493e-08 1.88213206265e-06
2.7 5.77268686282e-08 9.3858448702e-06
2.7 5.77271344708e-08 1.31501641989e-05
2.7 5.77267357073e-08 2.06537665903e-05
2.7 5.77272673926e-08 2.4418251539e-05
2.7 5.77266027867e-08 3.19216331177e-05
2.7 5.77274003147e-08 3.56863940829e-05
2.7 5.77264698665e-08 4.31894444417e-05
2.7 5.77275332371e-08 4.69545918311e-05
2.7 5.77263369465e-08 5.44572005641e-05
2.7 5.77276661598e-08 5.82228447739e-05
2.7 5.77262040268e-08 6.57249014839e-05
2.8 array('d', [-6.900000004068662, -7.900000004068662, -5.900000004068662, -7.799999997934185, -6.700000003258169, -7.0, -6.0, -8.0, -6.600000005447872, -7.600000005447873, -7.499999994529686, -6.799999997934185, -7.700000003258169, -6.499999994529686, -8.200000003083764, -8.499999994529686, -8.100000002582973, -7.100000002582974, -6.100000002582974, -7.200000003083764, -6.400000000603809, -8.300000003143145, -7.300000003143145, -6.300000003143145, -8.400000000603809, -7.400000000603809, -6.200000003083764])
lowest error 2.8 1.43012829756e-07
2.8 1.43012829756e-07 3.5777996219e-06
2.8 1.43012500458e-07 8.73075393093e-06
2.8 1.43013159056e-07 1.58862873052e-05
2.8 1.4301217116e-07 2.10393733537e-05
2.8 1.43013488356e-07 2.81947091079e-05
2.8 1.43011841862e-07 3.33480586465e-05
2.8 1.43013817657e-07 4.05030650534e-05
2.8 1.43011512566e-07 4.56568098102e-05
2.8 1.43014146959e-07 5.28113551304e-05
2.8 1.4301118327e-07 5.79656268442e-05
2.8 1.43014476262e-07 6.51195793386e-05
2.8 1.43010853975e-07 7.0274509739e-05
lowest error 2.8 6.41324749217e-08
2.8 6.41324749217e-08 1.70655689358e-06
2.8 6.41323272514e-08 5.4088579664e-06
2.8 6.41326225924e-08 8.82199376662e-06
2.8 6.41321795814e-08 1.25242508071e-05
2.8 6.41327702634e-08 1.59374526518e-05
2.8 6.41320319118e-08 1.96396216423e-05
2.8 6.41329179347e-08 2.30529335501e-05
2.8 6.41318842425e-08 2.67549704644e-05
2.8 6.41330656064e-08 3.01684364614e-05
2.8 6.41317365736e-08 3.38702972744e-05
2.8 6.41332132784e-08 3.72839613858e-05
2.8 6.4131588905e-08 4.09856020718e-05
2.9 array('d', [-6.900000004068662, -7.900000004068662, -8.499999994529686, -7.799999997934185, -7.0, -6.0, -8.0, -7.600000005447873, -6.499999994529686, -7.700000003258169, -6.700000003258169, -6.799999997934185, -6.400000000603809, -6.600000005447872, -8.400000000603809, -6.300000003143145, -7.400000000603809, -7.300000003143145, -8.300000003143145, -7.499999994529686, -7.200000003083764, -8.200000003083764, -6.100000002582974, -7.100000002582974, -8.100000002582973, -6.200000003083764])
lowest error 2.9 1.25002011034e-07
2.9 1.25002011034e-07 1.49732590327e-07
2.9 1.25001723207e-07 3.09036479473e-06
2.9 1.25002298862e-07 3.38982540837e-06
2.9 1.2500143538e-07 6.33046674414e-06
2.9 1.25002586691e-07 6.62991366474e-06
2.9 1.25001147554e-07 9.57057325834e-06
2.9 1.2500287452e-07 9.86999735675e-06
2.9 1.25000859728e-07 1.28106843369e-05
2.9 1.2500316235e-07 1.3110076484e-05
2.9 1.25000571904e-07 1.60507999798e-05
2.9 1.25003450181e-07 1.63501510473e-05
2.9 1.25000284079e-07 1.92909201844e-05
lowest error 2.9 7.26517366448e-08
2.9 7.26517366448e-08 1.41556839761e-06
2.9 7.26519039318e-08 5.29798645132e-06
2.9 7.26515693582e-08 8.12910365644e-06
2.9 7.26520712192e-08 1.20115609028e-05
2.9 7.2651402072e-08 1.48426193185e-05
2.9 7.26522385069e-08 1.8725154951e-05
2.9 7.26512347861e-08 2.15561153847e-05
2.9 7.26524057951e-08 2.54387685956e-05
2.9 7.26510675007e-08 2.82695918545e-05
2.9 7.26525730836e-08 3.2152401837e-05
2.9 7.26509002156e-08 3.49830487285e-05
2.9 7.26527403726e-08 3.88660546746e-05
3.0 array('d', [-6.799999997934185, -6.700000003258169, -6.0, -7.700000003258169, -8.0, -6.499999994529686, -7.600000005447873, -8.499999994529686, -7.0, -6.900000004068662, -6.600000005447872, -7.900000004068662, -7.799999997934185, -6.300000003143145, -7.499999994529686, -7.300000003143145, -8.300000003143145, -6.200000003083764, -6.100000002582974, -8.200000003083764, -8.400000000603809, -7.100000002582974, -8.100000002582973, -7.200000003083764, -6.400000000603809, -7.400000000603809])
3.1 array('d', [-6.799999997934185, -7.799999997934185, -6.700000003258169, -6.200000003083764, -6.0, -8.0, -6.600000005447872, -7.700000003258169, -7.600000005447873, -7.900000004068662, -7.0, -6.900000004068662, -6.300000003143145, -6.499999994529686, -7.300000003143145, -7.499999994529686, -7.400000000603809, -8.400000000603809, -7.200000003083764, -8.100000002582973, -6.100000002582974, -6.400000000603809, -8.300000003143145, -8.499999994529686, -7.100000002582974, -8.200000003083764])
3.2 array('d', [-6.200000003083764, -6.799999997934185, -7.799999997934185, -6.700000003258169, -7.700000003258169, -7.600000005447873, -7.0, -8.0, -6.600000005447872, -7.900000004068662, -6.0, -6.900000004068662, -8.200000003083764, -6.499999994529686, -7.499999994529686, -7.400000000603809, -8.400000000603809, -7.300000003143145, -7.200000003083764, -6.300000003143145, -6.100000002582974, -8.100000002582973, -8.300000003143145, -8.499999994529686, -7.100000002582974, -6.400000000603809])
3.3 array('d', [-8.0, -7.700000003258169, -6.700000003258169, -7.900000004068662, -6.600000005447872, -6.900000004068662, -8.499999994529686, -7.0, -8.100000002582973, -6.799999997934185, -7.600000005447873, -7.799999997934185, -6.499999994529686, -7.499999994529686, -7.400000000603809, -8.400000000603809, -6.300000003143145, -7.300000003143145, -6.200000003083764, -6.0, -8.200000003083764, -6.100000002582974, -7.100000002582974, -8.300000003143145, -6.400000000603809, -7.200000003083764])
3.4 array('d', [-7.400000000603809, -8.400000000603809, -6.0, -8.300000003143145, -6.700000003258169, -7.799999997934185, -6.799999997934185, -7.900000004068662, -7.200000003083764, -6.200000003083764, -8.200000003083764, -6.100000002582974, -7.100000002582974, -7.300000003143145, -6.300000003143145, -6.400000000603809, -6.900000004068662, -8.100000002582973, -8.499999994529686, -7.700000003258169, -7.600000005447873, -6.600000005447872, -8.0, -7.0, -6.499999994529686, -7.499999994529686])
3.5 array('d', [-6.700000003258169, -7.700000003258169, -7.900000004068662, -8.0, -7.499999994529686, -7.600000005447873, -6.499999994529686, -6.799999997934185, -7.0, -6.600000005447872, -6.900000004068662, -7.799999997934185, -6.400000000603809, -8.499999994529686, -8.100000002582973, -7.100000002582974, -6.100000002582974, -8.200000003083764, -7.200000003083764, -8.400000000603809, -8.300000003143145, -7.300000003143145, -6.300000003143145, -7.400000000603809, -6.200000003083764])
3.6 array('d', [-6.799999997934185, -7.799999997934185, -7.700000003258169, -6.700000003258169, -8.0, -7.600000005447873, -6.499999994529686, -7.499999994529686, -7.0, -6.400000000603809, -6.600000005447872, -6.900000004068662, -6.200000003083764, -7.900000004068662, -8.499999994529686, -7.300000003143145, -8.300000003143145, -6.100000002582974, -8.200000003083764, -6.300000003143145, -8.100000002582973, -8.400000000603809, -7.200000003083764, -7.400000000603809, -7.100000002582974])
3.7 array('d', [-6.700000003258169, -7.700000003258169, -7.0, -6.900000004068662, -6.600000005447872, -7.499999994529686, -6.400000000603809, -7.600000005447873, -6.499999994529686, -7.799999997934185, -8.0, -6.799999997934185, -7.300000003143145, -7.900000004068662, -6.300000003143145, -8.300000003143145, -6.200000003083764, -8.400000000603809, -8.200000003083764, -8.499999994529686, -7.100000002582974, -8.100000002582973, -7.200000003083764, -7.400000000603809, -6.100000002582974])
3.8 array('d', [-8.499999994529686, -7.900000004068662, -6.799999997934185, -6.700000003258169, -7.799999997934185, -8.0, -6.600000005447872, -7.600000005447873, -6.499999994529686, -6.900000004068662, -7.0, -7.700000003258169, -7.499999994529686, -8.200000003083764, -8.400000000603809, -6.300000003143145, -7.300000003143145, -8.300000003143145, -6.200000003083764, -7.200000003083764, -6.100000002582974, -7.100000002582974, -8.100000002582973, -7.400000000603809, -6.400000000603809])
3.9 array('d', [-6.799999997934185, -7.799999997934185, -6.700000003258169, -6.400000000603809, -7.900000004068662, -8.0, -6.600000005447872, -7.600000005447873, -7.499999994529686, -7.0, -6.900000004068662, -7.700000003258169, -6.499999994529686, -8.499999994529686, -6.300000003143145, -7.300000003143145, -6.200000003083764, -8.400000000603809, -8.300000003143145, -6.100000002582974, -7.100000002582974, -8.100000002582973, -7.200000003083764, -7.400000000603809, -8.200000003083764])
4.0 array('d', [-6.799999997934185, -7.799999997934185, -6.700000003258169, -7.700000003258169, -6.600000005447872, -8.0, -7.600000005447873, -6.499999994529686, -6.900000004068662, -7.900000004068662, -7.499999994529686, -7.0, -6.400000000603809, -8.400000000603809, -6.300000003143145, -7.300000003143145, -8.300000003143145, -8.200000003083764, -8.499999994529686, -7.100000002582974, -8.100000002582973, -7.400000000603809, -6.200000003083764, -7.200000003083764])
4.1 array('d', [-7.900000004068662, -6.499999994529686, -7.600000005447873, -6.600000005447872, -8.0, -7.0, -6.900000004068662, -6.700000003258169, -7.799999997934185, -6.799999997934185, -7.700000003258169, -8.499999994529686, -8.100000002582973, -6.400000000603809, -8.400000000603809, -6.300000003143145, -7.300000003143145, -8.300000003143145, -6.200000003083764, -7.200000003083764, -8.200000003083764, -7.100000002582974, -7.400000000603809, -7.499999994529686])
4.2 array('d', [-6.799999997934185, -7.799999997934185, -6.700000003258169, -7.0, -8.0, -6.600000005447872, -7.600000005447873, -6.499999994529686, -7.499999994529686, -6.900000004068662, -7.900000004068662, -6.400000000603809, -7.400000000603809, -8.400000000603809, -8.100000002582973, -7.100000002582974, -8.200000003083764, -8.499999994529686, -6.200000003083764, -8.300000003143145, -7.300000003143145, -6.300000003143145, -7.200000003083764])
4.3 array('d', [-7.600000005447873, -7.900000004068662, -8.499999994529686, -6.799999997934185, -7.799999997934185, -6.700000003258169, -7.700000003258169, -7.0, -8.0, -6.600000005447872, -6.499999994529686, -7.499999994529686, -6.900000004068662, -8.100000002582973, -7.100000002582974, -8.200000003083764, -7.200000003083764, -6.200000003083764, -7.400000000603809, -7.300000003143145, -6.300000003143145, -8.400000000603809, -6.400000000603809, -8.300000003143145])
4.4 array('d', [-7.900000004068662, -7.600000005447873, -6.700000003258169, -6.600000005447872, -8.0, -7.0, -7.700000003258169, -6.400000000603809, -7.799999997934185, -6.799999997934185, -6.900000004068662, -7.400000000603809, -6.499999994529686, -7.499999994529686, -6.300000003143145, -7.300000003143145, -8.100000002582973, -6.200000003083764, -8.400000000603809, -7.100000002582974, -8.300000003143145, -8.499999994529686, -7.200000003083764, -8.200000003083764])
4.5 array('d', [-7.700000003258169, -7.600000005447873, -6.600000005447872, -8.0, -7.0, -7.499999994529686, -6.700000003258169, -7.799999997934185, -6.799999997934185, -6.900000004068662, -7.900000004068662, -6.300000003143145, -8.100000002582973, -7.100000002582974, -8.200000003083764, -7.200000003083764, -6.200000003083764, -6.499999994529686, -7.300000003143145, -8.400000000603809, -7.400000000603809, -6.400000000603809, -8.300000003143145])
4.6 array('d', [-6.499999994529686, -7.600000005447873, -6.600000005447872, -8.0, -7.900000004068662, -7.700000003258169, -6.700000003258169, -6.799999997934185, -8.499999994529686, -6.900000004068662, -7.0, -7.799999997934185, -7.400000000603809, -8.100000002582973, -7.100000002582974, -8.200000003083764, -7.200000003083764, -7.499999994529686, -8.300000003143145, -7.300000003143145, -8.400000000603809, -6.400000000603809, -6.200000003083764])
4.7 array('d', [-6.799999997934185, -7.600000005447873, -6.600000005447872, -6.900000004068662, -8.0, -7.499999994529686, -7.700000003258169, -6.700000003258169, -7.799999997934185, -7.0, -7.900000004068662, -6.300000003143145, -6.499999994529686, -7.400000000603809, -8.100000002582973, -7.100000002582974, -8.200000003083764, -8.300000003143145, -7.300000003143145, -8.400000000603809, -8.499999994529686, -7.200000003083764])
4.8 array('d', [-6.900000004068662, -6.499999994529686, -7.600000005447873, -6.600000005447872, -8.0, -7.900000004068662, -7.700000003258169, -6.700000003258169, -7.799999997934185, -6.799999997934185, -7.0, -7.499999994529686, -6.400000000603809, -7.400000000603809, -8.100000002582973, -7.100000002582974, -8.200000003083764, -7.200000003083764, -8.499999994529686, -8.300000003143145, -7.300000003143145, -6.300000003143145, -8.400000000603809, -6.200000003083764])
4.9 array('d', [-7.600000005447873, -7.900000004068662, -8.499999994529686, -6.799999997934185, -7.799999997934185, -6.700000003258169, -7.700000003258169, -7.0, -8.0, -6.600000005447872, -6.499999994529686, -7.499999994529686, -6.900000004068662, -8.100000002582973, -7.100000002582974, -8.200000003083764, -7.200000003083764, -7.400000000603809, -7.300000003143145, -6.300000003143145, -8.400000000603809, -6.400000000603809, -8.300000003143145])
5.0 array('d', [-6.900000004068662, -7.700000003258169, -6.499999994529686, -7.600000005447873, -6.600000005447872, -8.0, -6.799999997934185, -6.700000003258169, -7.799999997934185, -7.900000004068662, -8.499999994529686, -8.400000000603809, -7.0, -6.400000000603809, -8.300000003143145, -7.100000002582974, -8.200000003083764, -7.200000003083764, -8.100000002582973, -7.400000000603809, -7.300000003143145, -6.300000003143145, -7.499999994529686])
5.5 array('d', [-7.499999994529686, -6.799999997934185, -7.799999997934185, -6.700000003258169, -7.700000003258169, -7.0, -8.0, -6.600000005447872, -7.600000005447873, -7.900000004068662, -6.900000004068662, -8.400000000603809, -8.499999994529686, -6.499999994529686, -7.100000002582974, -8.200000003083764, -7.200000003083764, -8.100000002582973, -7.300000003143145, -6.300000003143145, -7.400000000603809, -6.400000000603809, -8.300000003143145])
6.0 array('d', [-6.600000005447872, -7.900000004068662, -8.499999994529686, -6.900000004068662, -7.799999997934185, -7.700000003258169, -7.0, -8.0, -6.499999994529686, -7.499999994529686, -6.799999997934185, -8.100000002582973, -7.100000002582974, -8.200000003083764, -7.200000003083764, -7.400000000603809, -7.300000003143145, -8.400000000603809, -6.400000000603809, -8.300000003143145])
6.5 array('d', [-6.900000004068662, -6.600000005447872, -7.799999997934185, -8.0, -7.700000003258169, -6.700000003258169, -7.0, -6.799999997934185, -7.900000004068662, -7.499999994529686, -7.400000000603809, -7.600000005447873, -6.499999994529686, -7.300000003143145, -7.100000002582974, -7.200000003083764, -8.400000000603809, -8.100000002582973, -6.400000000603809, -8.300000003143145, -8.499999994529686, -8.200000003083764])
7.0 array('d', [-6.700000003258169, -6.600000005447872, -8.0, -7.0, -7.700000003258169, -7.200000003083764, -7.900000004068662, -6.799999997934185, -6.900000004068662, -7.799999997934185, -7.600000005447873, -7.100000002582974, -8.200000003083764, -8.300000003143145, -7.300000003143145, -6.499999994529686, -7.400000000603809, -8.499999994529686, -7.499999994529686, -8.100000002582973, -8.400000000603809])
8.0 array('d', [-8.0, -7.0, -7.499999994529686, -6.900000004068662, -7.900000004068662, -6.799999997934185, -7.799999997934185, -6.700000003258169, -7.700000003258169, -6.600000005447872, -6.499999994529686, -7.600000005447873, -8.499999994529686, -7.400000000603809, -8.400000000603809, -7.300000003143145, -8.300000003143145, -7.200000003083764, -8.200000003083764, -7.100000002582974, -8.100000002582973])
9.0 array('d', [-8.0, -7.0, -7.700000003258169, -6.499999994529686, -7.799999997934185, -6.799999997934185, -6.600000005447872, -6.700000003258169, -7.600000005447873, -8.300000003143145, -7.499999994529686, -7.100000002582974, -7.900000004068662, -8.200000003083764, -7.200000003083764, -8.100000002582973, -8.400000000603809, -7.400000000603809, -8.499999994529686, -7.300000003143145])
