lowest error 0.002 2.1030519459e-06
0.002 2.1030519459e-06 5.02844319712e-05
0.002 2.10306163084e-06 0.00022225003563
0.002 2.10304226101e-06 0.000322851196187
0.002 2.10307131582e-06 0.000494752210463
0.002 2.10303257617e-06 0.000595450260732
0.002 2.10308100084e-06 0.000767222096183
0.002 2.10302289137e-06 0.00086808162966
0.002 2.10309068591e-06 0.00103965969692
0.002 2.10301320661e-06 0.00114074530671
0.002 2.10310037102e-06 0.00131206501631
0.002 2.1030035219e-06 0.00141344129553
0.002 2.10311005618e-06 0.00158443805813
lowest error 0.002 1.54287236397e-13
0.002 1.54287236397e-13 1.08998967585e-05
0.002 1.54287946918e-13 1.12527345344e-05
0.002 1.5428652588e-13 3.30523146879e-05
0.002 1.54288657442e-13 3.34055791735e-05
0.002 1.54285815366e-13 5.52045192554e-05
0.002 1.54289367969e-13 5.55586372002e-05
0.002 1.54285104855e-13 7.7356510463e-05
0.002 1.54290078499e-13 7.77119085971e-05
0.002 1.54284394347e-13 9.95082883133e-05
0.002 1.54290789033e-13 9.98653933655e-05
0.002 1.54283683843e-13 0.000121659852808
0.002 1.5429149957e-13 0.000122019091508
lowest error 0.005 3.37532813907e-07
0.005 3.37532813907e-07 6.94581522285e-05
0.005 3.37534368307e-07 0.000100124118498
0.005 3.37531259515e-07 0.000239052927112
0.005 3.37535922714e-07 0.000269693886131
0.005 3.37529705129e-07 0.000408660207008
0.005 3.37537477128e-07 0.000439251151521
0.005 3.37528150751e-07 0.000578279992751
0.005 3.37539031549e-07 0.000608795915515
0.005 3.3752659638e-07 0.00074791228543
0.005 3.37540585977e-07 0.000778328179186
0.005 3.37525042016e-07 0.000917557085879
0.005 3.37542140412e-07 0.000947847943384
lowest error 0.005 6.47059175476e-14
0.005 6.47059175476e-14 8.00549187518e-06
0.005 6.470621553e-14 1.36503499246e-05
0.005 6.47056195665e-14 2.9661129755e-05
0.005 6.47065135138e-14 3.53063956267e-05
0.005 6.47053215868e-14 5.13165637543e-05
0.005 6.4706811499e-14 5.69626452345e-05
0.005 6.47050236085e-14 7.29717938563e-05
0.005 6.47071094856e-14 7.86190987494e-05
0.005 6.47047256315e-14 9.46268200623e-05
0.005 6.47074074735e-14 0.000100275756173
0.005 6.47044276559e-14 0.000116281642375
0.005 6.47077054628e-14 0.000121932617488
lowest error 0.01 3.11903321757e-07
0.01 3.11903321757e-07 1.0911206608e-05
0.01 3.11904758129e-07 6.9234892393e-05
0.01 3.11901885393e-07 9.10600984696e-05
0.01 3.11906194506e-07 0.000149378198584
0.01 3.11900449035e-07 0.000171211783257
0.01 3.11907630891e-07 0.000229518712141
0.01 3.11899012684e-07 0.000251366261146
0.01 3.11909067282e-07 0.000309656433129
0.01 3.11897576339e-07 0.000331523532188
0.01 3.1191050368e-07 0.000389791361632
0.01 3.11896140001e-07 0.000411683596447
0.01 3.11911940084e-07 0.000469923497728
lowest error 0.01 3.31796652417e-14
0.01 3.31796652417e-14 3.16944555134e-06
0.01 3.317981804e-14 1.74741100842e-05
0.01 3.3179512444e-14 2.38128159213e-05
0.01 3.31799708391e-14 3.81178510236e-05
0.01 3.31793596471e-14 4.44560010089e-05
0.01 3.31801236389e-14 5.87617772507e-05
0.01 3.31792068508e-14 6.50990008157e-05
0.01 3.31802764393e-14 7.94058887661e-05
0.01 3.31790540553e-14 8.57418153437e-05
0.01 3.31804292405e-14 0.000100050185573
0.01 3.31789012605e-14 0.000106384444595
0.01 3.31805820424e-14 0.000120694667672
lowest error 0.05 4.54418496038e-09
0.05 4.54418496038e-09 9.01322592872e-05
0.05 4.54420588717e-09 0.0001384019402
0.05 4.54416403368e-09 0.000318689167913
0.05 4.54422681406e-09 0.000366913432805
0.05 4.54414310708e-09 0.000547268787937
0.05 4.54424774105e-09 0.00059540222078
0.05 4.54412218058e-09 0.000775871121414
0.05 4.54426866813e-09 0.000823868306181
0.05 4.54410125417e-09 0.001004496171
0.05 4.54428959531e-09 0.00105231169167
0.05 4.54408032786e-09 0.00123314393876
0.05 4.54431052259e-09 0.00128073237929
lowest error 0.05 6.51634395808e-15
0.05 6.51634395808e-15 5.98673215357e-06
0.05 6.51631394927e-15 1.47666959269e-05
0.05 6.51637396702e-15 2.67403474794e-05
0.05 6.51628394061e-15 3.55199367448e-05
0.05 6.5164039761e-15 4.74941500896e-05
0.05 6.51625393208e-15 5.62729903022e-05
0.05 6.51643398532e-15 6.82481399679e-05
0.05 6.51622392369e-15 7.70258566001e-05
0.05 6.51646399468e-15 8.90023171145e-05
0.05 6.51619391544e-15 9.77785356406e-05
0.05 6.51649400417e-15 0.000109756681533
0.05 6.51616390733e-15 0.000118531027407
lowest error 0.1 1.05458599606e-09
0.1 1.05458599606e-09 8.53287469837e-05
0.1 1.05458113953e-09 0.000130109420808
0.1 1.05459085262e-09 0.000300746736087
0.1 1.05457628301e-09 0.000345567769175
0.1 1.0545957092e-09 0.000516144548206
0.1 1.05457142652e-09 0.00056104630001
0.1 1.05460056581e-09 0.000731522185604
0.1 1.05456657005e-09 0.000776545015201
0.1 1.05460542243e-09 0.00094687964999
0.1 1.0545617136e-09 0.00099206391645
0.1 1.05461027908e-09 0.00116221694325
0.1 1.05455685718e-09 0.00120760300603
lowest error 0.1 3.28476269667e-15
0.1 3.28476269667e-15 3.70362452795e-06
0.1 3.2847778236e-15 1.77626598719e-05
0.1 3.28474756982e-15 2.516970858e-05
0.1 3.2847929506e-15 3.92291446194e-05
0.1 3.28473244303e-15 4.66355922684e-05
0.1 3.28480807766e-15 6.06958297178e-05
0.1 3.28471731631e-15 6.81012756325e-05
0.1 3.2848232048e-15 8.21627151693e-05
0.1 3.28470218967e-15 8.95667586551e-05
0.1 3.284838332e-15 0.000103629800974
0.1 3.28468706309e-15 0.000111032041339
0.1 3.28485345928e-15 0.000125097087117
lowest error 0.15 4.34540240111e-10
0.15 4.34540240111e-10 4.1168106339e-05
0.15 4.34542241248e-10 0.00014139146424
0.15 4.34538238984e-10 0.00022374216824
0.15 4.34544242393e-10 0.00032393654448
0.15 4.34536237866e-10 0.00040633072262
0.15 4.34546243548e-10 0.000506467135864
0.15 4.34534236757e-10 0.000588933770623
0.15 4.34548244712e-10 0.000688983239371
0.15 4.34532235658e-10 0.000771551313398
0.15 4.34550245885e-10 0.000871484856152
0.15 4.34530234568e-10 0.000954183352105
0.15 4.34552247068e-10 0.00105397198736
lowest error 0.15 2.16833310278e-15
0.15 2.16833310278e-15 2.3364989179e-06
0.15 2.16834308834e-15 1.96474729304e-05
0.15 2.16832311726e-15 2.43202606396e-05
0.15 2.16835307396e-15 4.1631654907e-05
0.15 2.16831313178e-15 4.63038122369e-05
0.15 2.16836305961e-15 6.36160469947e-05
0.15 2.16830314636e-15 6.82871537117e-05
0.15 2.16837304532e-15 8.56006492342e-05
0.15 2.16829316097e-15 9.02702850469e-05
0.15 2.16838303107e-15 0.000107585461608
0.15 2.16828317564e-15 0.000112253206283
0.15 2.16839301686e-15 0.000129570484119
lowest error 0.2 2.37283751492e-10
0.2 2.37283751492e-10 5.48646316623e-05
0.2 2.37284844227e-10 9.24785851026e-05
0.2 2.37282658762e-10 0.000202217287948
0.2 2.37285936966e-10 0.000239812362953
0.2 2.37281566038e-10 0.000349579384358
0.2 2.37287029711e-10 0.000387136702361
0.2 2.37280473318e-10 0.000496950921499
0.2 2.3728812246e-10 0.000534451604194
0.2 2.37279380604e-10 0.000644331899843
0.2 2.37289215215e-10 0.000681757068925
0.2 2.37278287895e-10 0.000791722320256
0.2 2.37290307975e-10 0.000829053097159
lowest error 0.2 1.64214688186e-15
0.2 1.64214688186e-15 4.76903925417e-06
0.2 1.64213931951e-15 1.51540940534e-05
0.2 1.64215444425e-15 2.46923451424e-05
0.2 1.6421317572e-15 3.5077054783e-05
0.2 1.64216200666e-15 4.46158235934e-05
0.2 1.64212419492e-15 5.49998429351e-05
0.2 1.64216956912e-15 6.45394746455e-05
0.2 1.64211663268e-15 7.49224585124e-05
0.2 1.6421771316e-15 8.44632982822e-05
0.2 1.64210907047e-15 9.48449015152e-05
0.2 1.64218469413e-15 0.000104387294505
0.2 1.64210150829e-15 0.000114767171928
lowest error 0.25 8.46696959077e-11
0.25 8.46696959077e-11 2.38577373786e-05
0.25 8.46693059902e-11 0.000123718271763
0.25 8.46700858269e-11 0.000171424278038
0.25 8.46689160745e-11 0.000271303749992
0.25 8.4670475748e-11 0.000318981350825
0.25 8.46685261607e-11 0.000418898697918
0.25 8.46708656708e-11 0.000466528956212
0.25 8.46681362486e-11 0.000566503116017
0.25 8.46712555955e-11 0.000614067095072
0.25 8.46677463383e-11 0.000714117005159
0.25 8.46716455219e-11 0.000761595767881
0.25 8.46673564298e-11 0.000861740365821
lowest error 0.25 1.03047628135e-15
0.25 1.03047628135e-15 9.22239080348e-06
0.25 1.03048102688e-15 1.33104329132e-05
0.25 1.03047153584e-15 3.17549937696e-05
0.25 1.03048577243e-15 3.58434773822e-05
0.25 1.03046679036e-15 5.42873759883e-05
0.25 1.03049051801e-15 5.83767426048e-05
0.25 1.03046204489e-15 7.6819537441e-05
0.25 1.0304952636e-15 8.0910228565e-05
0.25 1.03045729945e-15 9.93514781702e-05
0.25 1.03050000922e-15 0.000103443935303
0.25 1.03045255403e-15 0.000121883198158
0.25 1.03050475486e-15 0.000125977862802
lowest error 0.3 5.16678035922e-11
0.3 5.16678035922e-11 4.9983286794e-05
0.3 5.16680415318e-11 0.000104433247997
0.3 5.16675656537e-11 0.000204410189216
0.3 5.16682794724e-11 0.000258839415856
0.3 5.16673277163e-11 0.000358847459962
0.3 5.16685174142e-11 0.000413235217476
0.3 5.166708978e-11 0.000513295099596
0.3 5.16687553571e-11 0.000567620653553
0.3 5.16668518448e-11 0.000667753109084
0.3 5.1668993301e-11 0.000721995724649
0.3 5.16666139107e-11 0.000822221488987
0.3 5.16692312461e-11 0.00087636043173
lowest error 0.3 8.25855375581e-16
0.3 8.25855375581e-16 4.11479365248e-07
0.3 8.25859178794e-16 2.08947511431e-05
0.3 8.25851572385e-16 2.17175125035e-05
0.3 8.25862982025e-16 4.22011790047e-05
0.3 8.25847769206e-16 4.30233482733e-05
0.3 8.25866785273e-16 6.35078042586e-05
0.3 8.25843966046e-16 6.43289866771e-05
0.3 8.25870588539e-16 8.48146268888e-05
0.3 8.25840162902e-16 8.56344277156e-05
0.3 8.25874391822e-16 0.000106121646895
0.3 8.25836359777e-16 0.000106939671391
0.3 8.25878195123e-16 0.000127428864282
lowest error 0.35 3.45021373717e-11
0.35 3.45021373717e-11 3.28929872659e-05
0.35 3.45022962603e-11 0.000116318419061
0.35 3.45019784838e-11 0.000182114074101
0.35 3.45024551496e-11 0.000265520145506
0.35 3.45018195967e-11 0.000331344842072
0.35 3.45026140396e-11 0.000414712192699
0.35 3.45016607103e-11 0.000480585291808
0.35 3.45027729304e-11 0.000563894561135
0.35 3.45015018247e-11 0.000629835423806
0.35 3.45029318219e-11 0.000713067251706
0.35 3.45013429398e-11 0.000779095238955
0.35 3.45030907141e-11 0.000862230264909
lowest error 0.35 7.11039946095e-16
0.35 7.11039946095e-16 3.55397609697e-06
0.35 7.11036671642e-16 1.7764590754e-05
0.35 7.11043220562e-16 2.48727405503e-05
0.35 7.11033397205e-16 3.90829600048e-05
0.35 7.11046495045e-16 4.61917026078e-05
0.35 7.11030122783e-16 6.04011316385e-05
0.35 7.11049769542e-16 6.75108622703e-05
0.35 7.11026848375e-16 8.17191056943e-05
0.35 7.11053044055e-16 8.8830219541e-05
0.35 7.11023573983e-16 0.000103036882155
0.35 7.11056318583e-16 0.000110149774402
0.35 7.11020299606e-16 0.000124354461024
lowest error 0.4 2.50430949429e-11
0.4 2.50430949429e-11 2.80425438848e-05
0.4 2.50432102709e-11 9.08197198184e-05
0.4 2.50429796154e-11 0.000146910950543
0.4 2.50433255994e-11 0.000209675840884
0.4 2.50428642885e-11 0.000265785500472
0.4 2.50434409284e-11 0.000328525819631
0.4 2.50427489621e-11 0.000384666193886
0.4 2.5043556258e-11 0.000447369656269
0.4 2.50426336363e-11 0.000503553031312
0.4 2.50436715881e-11 0.000566207351328
0.4 2.5042518311e-11 0.000622446012964
0.4 2.50437869187e-11 0.000685038905019
lowest error 0.4 6.05572297893e-16
0.4 6.05572297893e-16 7.10662414605e-06
0.4 6.05575086662e-16 1.38635199094e-05
0.4 6.05569509136e-16 2.80765770082e-05
0.4 6.05577875445e-16 3.48338551595e-05
0.4 6.05566720391e-16 4.90463386789e-05
0.4 6.05580664241e-16 5.58043815877e-05
0.4 6.0556393166e-16 7.00159091598e-05
0.4 6.05583453049e-16 7.67750992328e-05
0.4 6.05561142941e-16 9.09852884341e-05
0.4 6.05586241871e-16 9.77460080782e-05
0.4 6.05558354236e-16 0.000111954476541
0.4 6.05589030705e-16 0.000118717108125
lowest error 0.45 1.77557082347e-11
0.45 1.77557082347e-11 6.42361769239e-05
0.45 1.7755790003e-11 9.46005219475e-05
0.45 1.77556264669e-11 0.000223083845421
0.45 1.77558717716e-11 0.000253426251955
0.45 1.77555446994e-11 0.000381942484298
0.45 1.77559535406e-11 0.000412241013852
0.45 1.77554629322e-11 0.000540812094175
0.45 1.775603531e-11 0.000571044808258
0.45 1.77553811655e-11 0.000699692676087
0.45 1.77561170797e-11 0.000729837636209
0.45 1.77552993991e-11 0.000858584230655
0.45 1.77561988499e-11 0.000888619498324
lowest error 0.45 5.34259188316e-16
0.45 5.34259188316e-16 7.73352970151e-06
0.45 5.34261648677e-16 1.38799893605e-05
0.45 5.34256727968e-16 2.9346845678e-05
0.45 5.34264109048e-16 3.54937115485e-05
0.45 5.3425426763e-16 5.09599585512e-05
0.45 5.34266569431e-16 5.71076368456e-05
0.45 5.34251807304e-16 7.25728683233e-05
0.45 5.34269029825e-16 7.87217652536e-05
0.45 5.34249346989e-16 9.41855749961e-05
0.45 5.3427149023e-16 0.000100336096774
0.45 5.34246886686e-16 0.000115798078572
0.45 5.34273950647e-16 0.000121950631408
High eps empty 0.4 9.19056053622e-16
High eps empty 0.4 8.79026564888e-16
lowest error 0.4 9.00554498546e-16
0.4 9.00554498546e-16 3.90172129361e-06
0.4 9.00550351348e-16 1.06099671395e-05
0.4 9.00558645762e-16 1.84135012691e-05
0.4 9.0054620417e-16 2.51215640077e-05
0.4 9.00562792997e-16 3.29253728197e-05
0.4 9.00542057011e-16 3.96330693162e-05
0.4 9.00566940252e-16 4.74373359327e-05
0.4 9.00537909871e-16 5.41444830655e-05
0.4 9.00571087525e-16 6.19493906133e-05
0.4 9.00533762751e-16 6.86558052561e-05
0.4 9.00575234818e-16 7.64615368518e-05
0.4 9.00529615649e-16 8.31670358936e-05
lowest error 0.5 1.28522747167e-11
0.5 1.28522747167e-11 4.64532578239e-05
0.5 1.28523339037e-11 9.35723249325e-05
0.5 1.28522155299e-11 0.000186487365907
0.5 1.28523930911e-11 0.000233589383131
0.5 1.28521563434e-11 0.000326529999708
0.5 1.28524522786e-11 0.000373597917169
0.5 1.28520971572e-11 0.000466581159748
0.5 1.28525114665e-11 0.000513597927562
0.5 1.28520379712e-11 0.000606640846547
0.5 1.28525706547e-11 0.000653589414831
0.5 1.28519787855e-11 0.000746709060622
0.5 1.28526298431e-11 0.000793572379493
lowest error 0.5 4.72844127855e-16
0.5 4.72844127855e-16 2.76551792666e-06
0.5 4.72841950332e-16 1.97948796279e-05
0.5 4.72846305387e-16 2.53261367749e-05
0.5 4.72839772819e-16 4.23550558906e-05
0.5 4.7284848293e-16 4.78869768994e-05
0.5 4.72837595317e-16 6.49150108636e-05
0.5 4.72850660483e-16 7.0448038342e-05
0.5 4.72835417824e-16 8.74747445496e-05
0.5 4.72852838046e-16 9.30093210854e-05
0.5 4.72833240342e-16 0.00011003425693
0.5 4.72855015619e-16 0.000115570825131
0.5 4.72831062869e-16 0.000132593548048
lowest error 0.55 9.78475599467e-12
0.55 9.78475599467e-12 3.47837154573e-05
0.55 9.78480105524e-12 7.51877252996e-05
0.55 9.7847109343e-12 0.000144760414622
0.55 9.78484611601e-12 0.000185153908095
0.55 9.78466587415e-12 0.000254742372348
0.55 9.784891177e-12 0.000295114833084
0.55 9.7846208142e-12 0.000364729588887
0.55 9.78493623819e-12 0.000405070500517
0.55 9.78457575446e-12 0.000474722064491
0.55 9.78498129959e-12 0.000515020910645
0.55 9.78453069493e-12 0.00058471979941
0.55 9.7850263612e-12 0.00062496606372
lowest error 0.55 4.2397280459e-16
0.55 4.2397280459e-16 5.17195500205e-07
0.55 4.23970852128e-16 2.10609229865e-05
0.55 4.23974757061e-16 2.20955164303e-05
0.55 4.23968899674e-16 4.26388390324e-05
0.55 4.23976709542e-16 4.3674039806e-05
0.55 4.2396694723e-16 6.4216552639e-05
0.55 4.23978662031e-16 6.52527656286e-05
0.55 4.23964994794e-16 8.57940637884e-05
0.55 4.2398061453e-16 8.68316938809e-05
0.55 4.23963042368e-16 0.000107371372522
0.55 4.23982567037e-16 0.000108410824604
0.55 4.2396108995e-16 0.000128948478821
lowest error 0.6 6.74518708813e-12
0.6 6.74518708813e-12 5.02759083432e-05
0.6 6.74521815094e-12 0.00011515930415
0.6 6.74515602547e-12 0.000215723020919
0.6 6.74524921389e-12 0.000280582617425
0.6 6.74512496295e-12 0.000381182034429
0.6 6.74528027698e-12 0.000445994032332
0.6 6.74509390057e-12 0.000546652949576
0.6 6.74531134021e-12 0.000611393549579
0.6 6.74506283834e-12 0.000712135767523
0.6 6.74534240359e-12 0.000776781170323
0.6 6.74503177625e-12 0.000877630488973
0.6 6.74537346711e-12 0.000942156895265
lowest error 0.6 3.62818981628e-16
0.6 3.62818981628e-16 1.06355794602e-05
0.6 3.62817310789e-16 1.09255056726e-05
0.6 3.62820652475e-16 3.21968667154e-05
0.6 3.62815639957e-16 3.2486388684e-05
0.6 3.6282232333e-16 5.37583560956e-05
0.6 3.62813969134e-16 5.40470695571e-05
0.6 3.62823994192e-16 7.5320047602e-05
0.6 3.62812298317e-16 7.56075483328e-05
0.6 3.62825665063e-16 9.68819412184e-05
0.6 3.62810627509e-16 9.71678249924e-05
0.6 3.6282733594e-16 0.000118444036984
0.6 3.62808956708e-16 0.000118727899539
lowest error 0.65 4.07761295142e-12
0.65 4.07761295142e-12 4.69819086808e-05
0.65 4.07759417336e-12 0.000101330932238
0.65 4.07763172956e-12 0.000195285186371
0.65 4.07757539539e-12 0.000249653337266
0.65 4.07765050779e-12 0.000343578901315
0.65 4.0775566175e-12 0.000397985306888
0.65 4.07766928611e-12 0.000491863054135
0.65 4.0775378397e-12 0.000546326841722
0.65 4.07768806452e-12 0.000640137645441
0.65 4.07751906199e-12 0.000694677942382
0.65 4.07770684301e-12 0.000788402675854
0.65 4.07750028436e-12 0.000843038609488
lowest error 0.65 3.02839137066e-16
0.65 3.02839137066e-16 7.65011209225e-06
0.65 3.02837742443e-16 1.27019712535e-05
0.65 3.02840531695e-16 2.80023755468e-05
0.65 3.02836347827e-16 3.30538745272e-05
0.65 3.0284192633e-16 4.83548190942e-05
0.65 3.02834953217e-16 5.34055977135e-05
0.65 3.02843320972e-16 6.87074427357e-05
0.65 3.02833558614e-16 7.37571408131e-05
0.65 3.0284471562e-16 8.90602464736e-05
0.65 3.02832164017e-16 9.4108503828e-05
0.65 3.02846110275e-16 0.000109413230309
0.65 3.02830769427e-16 0.00011445968676
lowest error 0.7 2.06685495331e-12
0.7 2.06685495331e-12 4.25407330273e-05
0.7 2.06684543511e-12 7.88534801526e-05
0.7 2.06686447155e-12 0.000163928539229
0.7 2.06683591696e-12 0.000200254100648
0.7 2.06687398983e-12 0.000285309938792
0.7 2.06682639885e-12 0.000321661128799
0.7 2.06688350816e-12 0.000406684931944
0.7 2.06681688078e-12 0.000443074564834
0.7 2.06689302653e-12 0.000528053519239
0.7 2.06680736276e-12 0.000564494409308
0.7 2.06690254495e-12 0.000649415700909
0.7 2.06679784478e-12 0.000685920662452
lowest error 0.7 2.3488322433e-16
0.7 2.3488322433e-16 1.05159300343e-05
0.7 2.3488430601e-16 1.08054157506e-05
0.7 2.34882142655e-16 3.18370781489e-05
0.7 2.34885387694e-16 3.2126959189e-05
0.7 2.34881060986e-16 5.31580286336e-05
0.7 2.34886469384e-16 5.34487002817e-05
0.7 2.34879979321e-16 7.4478781471e-05
0.7 2.34887551079e-16 7.47706390309e-05
0.7 2.34878897661e-16 9.57993366622e-05
0.7 2.34888632778e-16 9.6092775439e-05
0.7 2.34877816006e-16 0.00011711969421
0.7 2.34889714483e-16 0.000117415109488
lowest error 0.75 1.11328921024e-12
0.75 1.11328921024e-12 5.26087934971e-05
0.75 1.11328408337e-12 6.57013292336e-05
0.75 1.11329433714e-12 0.00017091283052
0.75 1.11327895651e-12 0.000184017537879
0.75 1.11329946406e-12 0.000289210782359
0.75 1.11327382969e-12 0.000302339832753
0.75 1.11330459101e-12 0.000407502649222
0.75 1.11326870288e-12 0.000420668214169
0.75 1.11330971797e-12 0.000525788431421
0.75 1.1132635761e-12 0.000539002682439
0.75 1.11331484497e-12 0.00064406812927
0.75 1.11325844935e-12 0.000657343237877
lowest error 0.75 1.88246105443e-16
0.75 1.88246105443e-16 4.29029150695e-06
0.75 1.88245238539e-16 1.73842254458e-05
0.75 1.8824697235e-16 2.5965012735e-05
0.75 1.8824437164e-16 3.90585381647e-05
0.75 1.88247839261e-16 4.76399382205e-05
0.75 1.88243504744e-16 6.07326466309e-05
0.75 1.88248706177e-16 6.93150679658e-05
0.75 1.88242637853e-16 8.24065508471e-05
0.75 1.88249573096e-16 9.09904019726e-05
0.75 1.88241770966e-16 0.000104080250816
0.75 1.88250440019e-16 0.000112665940243
0.75 1.88240904082e-16 0.000125753746538
lowest error 0.8 1.22515207525e-12
0.8 1.22515207525e-12 1.24555990926e-05
0.8 1.22514643323e-12 8.28943263307e-05
0.8 1.22515771729e-12 0.0001078015717
0.8 1.22514079123e-12 0.000178248204648
0.8 1.22516335937e-12 0.000203143591826
0.8 1.22513514926e-12 0.000273606036025
0.8 1.22516900147e-12 0.000298481659549
0.8 1.22512950732e-12 0.000368967820624
0.8 1.22517464359e-12 0.000393815775032
0.8 1.2251238654e-12 0.000464333558608
0.8 1.22518028574e-12 0.00048914593844
0.8 1.22511822351e-12 0.000559703250143
lowest error 0.8 1.95520365311e-16
0.8 1.95520365311e-16 3.49058513827e-06
0.8 1.95521265717e-16 1.83998773577e-05
0.8 1.95519464908e-16 2.5380839292e-05
0.8 1.95522166128e-16 4.029054818e-05
0.8 1.9551856451e-16 4.72708851049e-05
0.8 1.95523066543e-16 6.2181427368e-05
0.8 1.95517664116e-16 6.91607225787e-05
0.8 1.95523966962e-16 8.40725149045e-05
0.8 1.95516763726e-16 9.10503517155e-05
0.8 1.95524867385e-16 0.000105963810792
0.8 1.9551586334e-16 0.000112939772518
0.8 1.95525767813e-16 0.000127855315033
lowest error 0.81 1.30449374195e-12
0.81 1.30449374195e-12 5.23121907969e-06
0.81 1.30449974938e-12 0.000134584944154
0.81 1.30448773455e-12 0.000145055882184
0.81 1.30450575684e-12 0.000274392608034
0.81 1.30448172718e-12 0.000284889045676
0.81 1.30451176432e-12 0.000414191773075
0.81 1.30447571983e-12 0.00042473070995
0.81 1.30451777184e-12 0.000553982439672
0.81 1.30446971251e-12 0.000564580875769
0.81 1.30452377938e-12 0.000693764608589
0.81 1.30446370522e-12 0.000704439543525
0.81 1.30452978694e-12 0.000833538280217
lowest error 0.81 1.98357214075e-16
0.81 1.98357214075e-16 1.35516757371e-07
0.81 1.98358127546e-16 2.21889976872e-05
0.81 1.98356300608e-16 2.24598144958e-05
0.81 1.98359041021e-16 4.45137288212e-05
0.81 1.98355387146e-16 4.47838955697e-05
0.81 1.983599545e-16 6.68386766454e-05
0.81 1.98354473688e-16 6.7107759961e-05
0.81 1.98360867983e-16 8.91638411624e-05
0.81 1.98353560234e-16 8.94314076723e-05
0.81 1.98361781471e-16 0.000111489222375
0.81 1.98352646784e-16 0.000111754838705
0.81 1.98362694963e-16 0.000133814820264
lowest error 0.82 1.43732175825e-12
0.82 1.43732175825e-12 3.87864499114e-05
0.82 1.43732837738e-12 8.68712792119e-05
0.82 1.43731513916e-12 0.000164451044342
0.82 1.43733499654e-12 0.000212522143293
0.82 1.43730852009e-12 0.000290122504677
0.82 1.43734161572e-12 0.000338166142706
0.82 1.43730190105e-12 0.000415800831179
0.82 1.43734823494e-12 0.000463803277827
0.82 1.43729528205e-12 0.000541486024226
0.82 1.43735485419e-12 0.000589433549029
0.82 1.43728866308e-12 0.00066717808419
0.82 1.43736147347e-12 0.000715056956578
lowest error 0.82 2.10265490199e-16
0.82 2.10265490199e-16 5.04462531126e-06
0.82 2.1026645851e-16 1.67584368396e-05
0.82 2.10264521893e-16 2.6847480779e-05
0.82 2.10267426825e-16 3.85617056753e-05
0.82 2.10263553591e-16 4.86501295662e-05
0.82 2.10268395144e-16 6.03651811968e-05
0.82 2.10262585294e-16 7.04525716557e-05
0.82 2.10269363468e-16 8.21688633876e-05
0.82 2.10261617001e-16 9.22548070879e-05
0.82 2.10270331797e-16 0.000103972752289
0.82 2.10260648713e-16 0.000114056835845
0.82 2.1027130013e-16 0.000125776847882
lowest error 0.83 1.51235588282e-12
0.83 1.51235588282e-12 5.30750352645e-05
0.83 1.51236284749e-12 9.26536110519e-05
0.83 1.51234891818e-12 0.000198812915231
0.83 1.5123698122e-12 0.000238373024173
0.83 1.51234195357e-12 0.000344560029693
0.83 1.51237677693e-12 0.000384083204685
0.83 1.512334989e-12 0.000490316379104
0.83 1.5123837417e-12 0.000529784153172
0.83 1.51232802445e-12 0.000636081964051
0.83 1.5123907065e-12 0.000675475870218
0.83 1.51232105994e-12 0.000781856785118
0.83 1.51239767133e-12 0.00082115835628
lowest error 0.83 2.10097072029e-16
0.83 2.10097072029e-16 8.6911024324e-06
0.83 2.10098039564e-16 1.16357061897e-05
0.83 2.10096104498e-16 2.90177313951e-05
0.83 2.10099007103e-16 3.1962694456e-05
0.83 2.10095136972e-16 4.93441807348e-05
0.83 2.10099974647e-16 5.22898623676e-05
0.83 2.10094169451e-16 6.9670450435e-05
0.83 2.10100942196e-16 7.26172099266e-05
0.83 2.10093201934e-16 8.99965404986e-05
0.83 2.10101909749e-16 9.29447371338e-05
0.83 2.10092234421e-16 0.000110322450926
0.83 2.10102877306e-16 0.000113272443973
lowest error 0.84 1.70851186829e-12
0.84 1.70851186829e-12 8.57351630978e-06
0.84 1.70850400032e-12 0.000145406438019
0.84 1.70851973629e-12 0.00016254316267
0.84 1.70849613238e-12 0.000299396701005
0.84 1.70852760434e-12 0.000316502501614
0.84 1.70848826449e-12 0.000453397273341
0.84 1.70853547242e-12 0.000470451534107
0.84 1.70848039663e-12 0.000607408155715
0.84 1.70854334053e-12 0.000624390260702
0.84 1.7084725288e-12 0.000761429348682
0.84 1.70855120868e-12 0.00077831868209
0.84 1.70846466101e-12 0.000915460853205
lowest error 0.84 2.27838965472e-16
0.84 2.27838965472e-16 9.95647624213e-06
0.84 2.27837916238e-16 1.0631693637e-05
0.84 2.27840014712e-16 3.05448304143e-05
0.84 2.27836867008e-16 3.12196792249e-05
0.84 2.27841063957e-16 5.11333688822e-05
0.84 2.27835817783e-16 5.18074805225e-05
0.84 2.27842113206e-16 7.1722091628e-05
0.84 2.27834768562e-16 7.23950975132e-05
0.84 2.2784316246e-16 9.23109986903e-05
0.84 2.27833719347e-16 9.29825302354e-05
0.84 2.27844211719e-16 0.000112900090053
0.84 2.27832670136e-16 0.000113569778672
lowest error 0.85 1.85314755093e-12
0.85 1.85314755093e-12 2.30632015508e-05
0.85 1.85315608501e-12 0.000101418196623
0.85 1.85313901689e-12 0.000147551337247
0.85 1.85316461912e-12 0.000225892857527
0.85 1.85313048289e-12 0.000272046210831
0.85 1.85317315328e-12 0.000350360781751
0.85 1.85312194892e-12 0.000396547822665
0.85 1.85318168748e-12 0.000474821969544
0.85 1.853113415e-12 0.000521056173117
0.85 1.85319022172e-12 0.000599276421274
0.85 1.85310488112e-12 0.000645571262549
0.85 1.85319875599e-12 0.000723724137304
lowest error 0.85 2.3961389566e-16
0.85 2.3961389566e-16 9.33133032355e-06
0.85 2.39612792199e-16 1.1402827246e-05
0.85 2.39614999125e-16 3.00656748098e-05
0.85 2.39611688744e-16 3.2136797901e-05
0.85 2.39616102595e-16 5.08002062136e-05
0.85 2.39610585294e-16 5.28705816429e-05
0.85 2.39617206071e-16 7.15349245186e-05
0.85 2.39609481849e-16 7.36041784557e-05
0.85 2.39618309551e-16 9.22698297634e-05
0.85 2.39608378409e-16 9.43375883771e-05
0.85 2.39619413037e-16 0.000113004921931
0.85 2.39607274975e-16 0.000115070811391
lowest error 0.86 1.77792730589e-12
0.86 1.77792730589e-12 1.7113670947e-06
0.86 1.77791911825e-12 0.000100262099506
0.86 1.77793549357e-12 0.000103680312768
0.86 1.77791093065e-12 0.000202240087236
0.86 1.77794368128e-12 0.000205644737622
0.86 1.77790274309e-12 0.000304222596294
0.86 1.77795186903e-12 0.00030760464204
0.86 1.77789455556e-12 0.000406209626882
0.86 1.77796005682e-12 0.000409560026131
0.86 1.77788636807e-12 0.000508201179108
0.86 1.77796824465e-12 0.000511510890095
0.86 1.77787818062e-12 0.000610197253356
lowest error 0.86 2.45397424275e-16
0.86 2.45397424275e-16 7.58241782428e-06
0.86 2.45398554374e-16 1.3138049463e-05
0.86 2.4539629418e-16 2.83026984436e-05
0.86 2.45399684479e-16 3.38587034197e-05
0.86 2.45395164091e-16 4.90227923975e-05
0.86 2.45400814589e-16 5.45795440279e-05
0.86 2.45394034007e-16 6.9742699687e-05
0.86 2.45401944704e-16 7.53005713281e-05
0.86 2.45392903929e-16 9.04624202955e-05
0.86 2.45403074824e-16 9.60217853021e-05
0.86 2.45391773855e-16 0.000111181954262
0.86 2.4540420495e-16 0.000116743185952
lowest error 0.87 2.0499156922e-12
0.87 2.0499156922e-12 2.65731940394e-05
0.87 2.04992513243e-12 0.000108095246663
0.87 2.04990625201e-12 0.000161249520151
0.87 2.04993457271e-12 0.000242755802418
0.87 2.04989681187e-12 0.000295933732132
0.87 2.04994401303e-12 0.000377408473685
0.87 2.04988737177e-12 0.000430625830328
0.87 2.04995345339e-12 0.00051205326081
0.87 2.04987793171e-12 0.000565325815437
0.87 2.0499628938e-12 0.000646690164491
0.87 2.04986849169e-12 0.000700033687803
0.87 2.04997233425e-12 0.000781319185073
lowest error 0.87 2.75957371735e-16
0.87 2.75957371735e-16 5.07939887262e-06
0.87 2.75958642569e-16 1.4922651967e-05
0.87 2.75956100907e-16 2.50812757643e-05
0.87 2.75959913408e-16 3.49248767555e-05
0.87 2.75954830086e-16 4.50829787098e-05
0.87 2.75961184254e-16 5.49272754937e-05
0.87 2.7595355927e-16 6.50845077108e-05
0.87 2.75962455105e-16 7.49298481675e-05
0.87 2.75952288459e-16 8.5085862751e-05
0.87 2.75963725962e-16 9.49325948119e-05
0.87 2.75951017655e-16 0.000105087043868
0.87 2.75964996825e-16 0.000114935515412
lowest error 0.88 2.08311861575e-12
0.88 2.08311861575e-12 5.95327116852e-05
0.88 2.08312820889e-12 6.27185478099e-05
0.88 2.08310902266e-12 0.000181790469346
0.88 2.08313780207e-12 0.000184963309485
0.88 2.08309942961e-12 0.000304054725515
0.88 2.0831473953e-12 0.000307201573689
0.88 2.0830898366e-12 0.000426325480431
0.88 2.08315698857e-12 0.000429433340654
0.88 2.08308024364e-12 0.000548602734655
0.88 2.08316658188e-12 0.000551658610946
0.88 2.08307065072e-12 0.000670886488427
0.88 2.08317617524e-12 0.0006738773848
lowest error 0.88 2.94305243641e-16
0.88 2.94305243641e-16 4.61851536127e-07
0.88 2.94303888318e-16 1.99460316996e-05
0.88 2.9430659897e-16 2.08699158515e-05
0.88 2.94302533002e-16 4.03537338372e-05
0.88 2.94307954305e-16 4.12781612491e-05
0.88 2.94301177692e-16 6.07612549159e-05
0.88 2.94309309646e-16 6.16865877308e-05
0.88 2.94299822388e-16 8.11685949191e-05
0.88 2.94310664994e-16 8.20951952978e-05
0.88 2.9429846709e-16 0.000101575753848
0.88 2.94312020348e-16 0.000102503983933
0.88 2.94297111799e-16 0.000121982731704
lowest error 0.89 2.21187204614e-12
0.89 2.21187204614e-12 1.14927321686e-05
0.89 2.21186186011e-12 9.84229193421e-05
0.89 2.21188223221e-12 0.000121403131002
0.89 2.21185167414e-12 0.000208343823684
0.89 2.21189241833e-12 0.000231308277604
0.89 2.21184148821e-12 0.000318269981107
0.89 2.21190260449e-12 0.000341208172129
0.89 2.21183130232e-12 0.000428201391864
0.89 2.2119127907e-12 0.000451102814827
0.89 2.21182111649e-12 0.000538138056204
0.89 2.21192297696e-12 0.000560992205949
0.89 2.2118109307e-12 0.00064807997438
lowest error 0.89 3.0861000387e-16
0.89 3.0861000387e-16 5.07346042689e-06
0.89 3.08611425075e-16 1.66728237878e-05
0.89 3.08608582671e-16 2.68195390341e-05
0.89 3.08612846286e-16 3.84193136118e-05
0.89 3.0860716148e-16 4.85654120159e-05
0.89 3.08614267504e-16 6.01660090478e-05
0.89 3.08605740294e-16 7.03110794138e-05
0.89 3.08615688728e-16 8.19129100966e-05
0.89 3.08604319116e-16 9.20565412099e-05
0.89 3.08617109959e-16 0.000103660016761
0.89 3.08602897944e-16 0.000113801797406
0.89 3.08618531197e-16 0.000125407329024
lowest error 0.9 2.19733361682e-12
0.9 2.19733361682e-12 5.35368493209e-05
0.9 2.19732349775e-12 8.39482253241e-05
0.9 2.19734373594e-12 0.000191013705942
0.9 2.19731337873e-12 0.000221441518484
0.9 2.19735385511e-12 0.000328482345029
0.9 2.19730325975e-12 0.000358943030652
0.9 2.19736397432e-12 0.000465942766952
0.9 2.19729314081e-12 0.000496452762196
0.9 2.19737409358e-12 0.000603394972448
0.9 2.19728302193e-12 0.00063397071385
0.9 2.19738421288e-12 0.000740838961883
0.9 2.19727290309e-12 0.000771496885986
lowest error 0.9 3.2981925017e-16
0.9 3.2981925017e-16 1.34238686389e-06
0.9 3.29820769047e-16 1.90146418704e-05
0.9 3.29817731299e-16 2.16992354214e-05
0.9 3.29822287931e-16 3.93718507823e-05
0.9 3.29816212436e-16 4.20559038048e-05
0.9 3.29823806822e-16 5.9729239855e-05
0.9 3.2981469358e-16 6.2412392015e-05
0.9 3.29825325721e-16 8.00868091271e-05
0.9 3.2981317473e-16 8.27687000355e-05
0.9 3.29826844626e-16 0.000100444558582
0.9 3.29811655888e-16 0.000103124827905
0.9 3.29828363538e-16 0.000120802488221
lowest error 0.95 2.27645987597e-12
0.95 2.27645987597e-12 5.94180524969e-05
0.95 2.27644939251e-12 8.70327288442e-05
0.95 2.27647035948e-12 0.000205859509046
0.95 2.2764389091e-12 0.00023349283557
0.95 2.27648084304e-12 0.000352291641398
0.95 2.27642842573e-12 0.000379962268275
0.95 2.27649132664e-12 0.000498714450017
0.95 2.27641794242e-12 0.000526441027422
0.95 2.2765018103e-12 0.000645127935755
0.95 2.27640745915e-12 0.000672929113866
0.95 2.276512294e-12 0.000791532099077
0.95 2.27639697593e-12 0.000819426528071
lowest error 0.95 4.26257467141e-16
0.95 4.26257467141e-16 8.66466933447e-06
0.95 4.26255504157e-16 1.37875695474e-05
0.95 4.26259430134e-16 3.11171274134e-05
0.95 4.26253541183e-16 3.62395892752e-05
0.95 4.26261393136e-16 5.35698046709e-05
0.95 4.26251578217e-16 5.86913898304e-05
0.95 4.26263356146e-16 7.6022701109e-05
0.95 4.26249615261e-16 8.1142971216e-05
0.95 4.26265319166e-16 9.84758167304e-05
0.95 4.26247652313e-16 0.000103594333433
0.95 4.26267282195e-16 0.000120929151536
0.95 4.26245689375e-16 0.000126045476485
lowest error 1.0 1.85701751528e-12
1.0 1.85701751528e-12 8.89079374078e-06
1.0 1.85702606719e-12 0.000122579824382
1.0 1.85700896342e-12 0.000140368927157
1.0 1.85703461913e-12 0.000254042927524
1.0 1.8570004116e-12 0.000271854576532
1.0 1.85704317111e-12 0.000385498516114
1.0 1.85699185982e-12 0.000403347742176
1.0 1.85705172313e-12 0.000516946590583
1.0 1.85698330807e-12 0.000534848424518
1.0 1.85706027518e-12 0.000648387151357
1.0 1.85697475637e-12 0.000666356623992
1.0 1.85706882728e-12 0.000779820198753
lowest error 1.0 5.1707316572e-16
1.0 5.1707316572e-16 6.50279151815e-06
1.0 5.17070784516e-16 1.25257533798e-05
1.0 5.17075546936e-16 2.55314938453e-05
1.0 5.17068403323e-16 3.155414085e-05
1.0 5.17077928162e-16 4.4560353603e-05
1.0 5.1706602214e-16 5.05823708927e-05
1.0 5.170803094e-16 6.35893707925e-05
1.0 5.17063640968e-16 6.96104434939e-05
1.0 5.17082690648e-16 8.26185453988e-05
1.0 5.17061259808e-16 8.86383586871e-05
1.0 5.17085071907e-16 0.000101647877456
1.0 5.17058878658e-16 0.000107666116458
lowest error 1.1 1.64763117237e-12
1.1 1.64763117237e-12 1.18982625383e-05
1.1 1.64762358477e-12 0.000101735787507
1.1 1.64763876001e-12 0.000125526698616
1.1 1.6476159972e-12 0.000215375451799
1.1 1.64764634768e-12 0.000239149520903
1.1 1.64760840966e-12 0.000329020730613
1.1 1.64765393539e-12 0.000352766729877
1.1 1.64760082216e-12 0.000442671624227
1.1 1.64766152314e-12 0.000466378325715
1.1 1.6475932347e-12 0.000556328132817
1.1 1.64766911092e-12 0.000579984308696
1.1 1.64758564727e-12 0.000669990256864
lowest error 1.1 7.39285179578e-16
1.1 7.39285179578e-16 9.78172170507e-06
1.1 7.3928858412e-16 1.16153562333e-05
1.1 7.39281775052e-16 3.11786005862e-05
1.1 7.39291988678e-16 3.30126332315e-05
1.1 7.39278370542e-16 5.25752804115e-05
1.1 7.39295393251e-16 5.44101092719e-05
1.1 7.39274966047e-16 7.39717611822e-05
1.1 7.3929879784e-16 7.58077843948e-05
1.1 7.39271561568e-16 9.53680428823e-05
1.1 7.39302202445e-16 9.72056585824e-05
1.1 7.39268157104e-16 0.000116764125551
1.1 7.39305607065e-16 0.000118603731837
lowest error 1.2 1.21588919746e-12
1.2 1.21588919746e-12 1.33034249719e-05
1.2 1.21589479685e-12 7.2192105955e-05
1.2 1.2158835981e-12 9.88021340356e-05
1.2 1.21590039627e-12 0.000157684458863
1.2 1.21587799876e-12 0.000184304021355
1.2 1.21590599571e-12 0.000243173633794
1.2 1.21587239945e-12 0.000269809087047
1.2 1.21591159518e-12 0.000328659631018
1.2 1.21586680016e-12 0.000355317331231
1.2 1.21591719467e-12 0.000414142450578
1.2 1.2158612009e-12 0.000440828753948
1.2 1.21592279419e-12 0.000499622092591
lowest error 1.2 9.47999263642e-16
1.2 9.47999263642e-16 6.62347688607e-06
1.2 9.47994897954e-16 1.40759961957e-05
1.2 9.4800362935e-16 2.73231362593e-05
1.2 9.47990532286e-16 3.47752829875e-05
1.2 9.48007995078e-16 4.80229819262e-05
1.2 9.47986166638e-16 5.54743834913e-05
1.2 9.48012360826e-16 6.87230138698e-05
1.2 9.47981801011e-16 7.61732976899e-05
1.2 9.48016726594e-16 8.9423232128e-05
1.2 9.47977435403e-16 9.68720256216e-05
1.2 9.48021092383e-16 0.000110123636685
1.2 9.47973069816e-16 0.000117570567271
lowest error 1.3 8.67449098466e-13
1.3 8.67449098466e-13 2.03787194839e-05
1.3 8.67453093226e-13 5.27740773566e-05
1.3 8.67445103724e-13 9.35338429788e-05
1.3 8.67457088004e-13 0.000125924547551
1.3 8.67441109001e-13 0.000166691293332
1.3 8.67461082801e-13 0.000199072691175
1.3 8.67437114296e-13 0.000239851070552
1.3 8.67465077616e-13 0.000272218508302
1.3 8.6743311961e-13 0.000313013174714
1.3 8.67469072449e-13 0.000345361999004
1.3 8.67429124942e-13 0.000386177605891
1.3 8.67473067301e-13 0.000418503163358
lowest error 1.3 1.2510192718e-15
1.3 1.2510192718e-15 6.71405744423e-06
1.3 1.25102503297e-15 1.30772700468e-05
1.3 1.25101351066e-15 2.65052146151e-05
1.3 1.25103079417e-15 3.28687678408e-05
1.3 1.25100774954e-15 4.6296201504e-05
1.3 1.25103655539e-15 5.26604359399e-05
1.3 1.25100198845e-15 6.60870180935e-05
1.3 1.25104231664e-15 7.24522743454e-05
1.3 1.25099622739e-15 8.58776643851e-05
1.3 1.25104807792e-15 9.22442830587e-05
1.3 1.25099046635e-15 0.000105668140381
1.3 1.25105383922e-15 0.000112036462081
lowest error 1.4 5.43385443344e-13
1.4 5.43385443344e-13 1.28755798796e-05
1.4 5.43382940967e-13 6.09207746507e-05
1.4 5.43387945732e-13 8.66695666888e-05
1.4 5.43380438602e-13 0.000134719496978
1.4 5.43390448132e-13 0.000160461185854
1.4 5.43377936248e-13 0.000208520587178
1.4 5.43392950543e-13 0.000234250437384
1.4 5.43375433906e-13 0.000282324045326
1.4 5.43395452966e-13 0.000308037321487
1.4 5.43372931576e-13 0.000356129871434
1.4 5.433979554e-13 0.000381821838173
1.4 5.43370429257e-13 0.000429938065707
lowest error 1.4 1.48518310439e-15
1.4 1.48518310439e-15 9.87295369592e-06
1.4 1.48518994393e-15 1.02950865388e-05
1.4 1.48517626489e-15 3.00408170837e-05
1.4 1.4851967835e-15 3.04633036219e-05
1.4 1.48516942541e-15 5.02085036254e-05
1.4 1.4852036231e-15 5.0631697555e-05
1.4 1.48516258597e-15 7.0376013324e-05
1.4 1.48521046273e-15 7.08002683214e-05
1.4 1.48515574656e-15 9.0543346162e-05
1.4 1.48521730239e-15 9.09690159596e-05
1.4 1.48514890718e-15 0.000110710502177
1.4 1.48522414208e-15 0.000111137940452
lowest error 1.5 3.69564290109e-13
1.5 3.69564290109e-13 1.95827629335e-05
1.5 3.69562588207e-13 3.54348132618e-05
1.5 3.6956599202e-13 7.4599023042e-05
1.5 3.69560886312e-13 9.04537055266e-05
1.5 3.69567693938e-13 0.000129613967193
1.5 3.69559184425e-13 0.000145473913892
1.5 3.69569395864e-13 0.00018462759537
1.5 3.69557482546e-13 0.00020049543839
1.5 3.69571097798e-13 0.000239639907602
1.5 3.69555780675e-13 0.000255518279051
1.5 3.69572799739e-13 0.000294650903923
1.5 3.69554078812e-13 0.000310542435859
lowest error 1.5 1.82535777494e-15
1.5 1.82535777494e-15 3.11471430381e-06
1.5 1.82536618104e-15 1.64522220443e-05
1.5 1.82534936888e-15 2.26814841895e-05
1.5 1.82537458718e-15 3.60193248548e-05
1.5 1.82534096285e-15 4.2248087615e-05
1.5 1.82538299336e-15 5.55865941303e-05
1.5 1.82533255686e-15 6.18145245639e-05
1.5 1.82539139958e-15 7.51540298549e-05
1.5 1.82532415092e-15 8.13807950726e-05
1.5 1.82539980584e-15 9.47216320637e-05
1.5 1.82531574501e-15 0.000100946899125
1.5 1.82540821214e-15 0.000114289400742
lowest error 1.6 2.71581385759e-13
1.6 2.71581385759e-13 1.2390054672e-05
1.6 2.71580135083e-13 4.52730315073e-05
1.6 2.7158263644e-13 7.0051695213e-05
1.6 2.71578884413e-13 0.000102937563308
1.6 2.71583887127e-13 0.000127711890154
1.6 2.71577633749e-13 0.000160603540871
1.6 2.7158513782e-13 0.00018537063953
1.6 2.71576383091e-13 0.00021827096418
1.6 2.71586388519e-13 0.000243027943376
1.6 2.71575132438e-13 0.000275939833271
1.6 2.71587639223e-13 0.000300683801679
1.6 2.71573881791e-13 0.00033361014818
lowest error 1.6 2.35528789484e-15
1.6 2.35528789484e-15 2.42738370559e-06
1.6 2.35527704837e-15 1.41276355516e-05
1.6 2.35529874137e-15 1.89825221097e-05
1.6 2.35526620194e-15 3.06825356491e-05
1.6 2.35530958795e-15 3.55377796901e-05
1.6 2.35525535556e-15 4.72373165872e-05
1.6 2.35532043457e-15 5.2093156433e-05
1.6 2.35524450924e-15 6.37919783668e-05
1.6 2.35533128125e-15 6.864865234e-05
1.6 2.35523366296e-15 8.03465209889e-05
1.6 2.35534212798e-15 8.52042674109e-05
1.6 2.35522281673e-15 9.69009444396e-05
lowest error 1.7 1.95355660689e-13
1.7 1.95355660689e-13 2.68292484229e-07
1.7 1.95354761045e-13 4.60024324473e-05
1.7 1.95356560337e-13 4.6538086615e-05
1.7 1.95353861405e-13 9.22740882814e-05
1.7 1.95357459989e-13 9.2806949922e-05
1.7 1.95352961769e-13 0.000138546674995
1.7 1.95358359645e-13 0.000139074882424
1.7 1.95352062137e-13 0.000184820192606
1.7 1.95359259306e-13 0.00018534188414
1.7 1.9535116251e-13 0.000231094641135
1.7 1.95360158971e-13 0.000231607955089
1.7 1.95350262887e-13 0.0002773700206
lowest error 1.7 2.93326972635e-15
1.7 2.93326972635e-15 3.42979904921e-06
1.7 2.93328323458e-15 1.58554585021e-05
1.7 2.93325621817e-15 2.27148948966e-05
1.7 2.93329674288e-15 3.51408777579e-05
1.7 2.93324271006e-15 4.19998290417e-05
1.7 2.93331025125e-15 5.44264587208e-05
1.7 2.93322920201e-15 6.12846014856e-05
1.7 2.93332375967e-15 7.37122013739e-05
1.7 2.93321569402e-15 8.05692122126e-05
1.7 2.93333726816e-15 9.29981057536e-05
1.7 2.93320218609e-15 9.98536612586e-05
1.7 2.9333507767e-15 0.000112284171844
lowest error 1.8 1.6619195627e-13
1.8 1.6619195627e-13 1.90256424455e-05
1.8 1.66191190929e-13 3.58943816661e-05
1.8 1.66192721614e-13 7.39443551336e-05
1.8 1.66190425592e-13 9.08157171846e-05
1.8 1.66193486961e-13 0.000128861756527
1.8 1.66189660259e-13 0.000145738364139
1.8 1.66194252312e-13 0.000183777846608
1.8 1.66188894929e-13 0.000200662322563
1.8 1.66195017667e-13 0.000238692625408
1.8 1.66188129602e-13 0.000255587592486
1.8 1.66195783025e-13 0.000293606092959
1.8 1.6618736428e-13 0.000310514173893
lowest error 1.8 3.84333286807e-15
1.8 3.84333286807e-15 6.535778315e-06
1.8 3.84335056731e-15 1.00595009496e-05
1.8 3.8433151689e-15 2.31309378247e-05
1.8 3.84336826663e-15 2.66548999548e-05
1.8 3.84329746982e-15 3.97259776101e-05
1.8 3.84338596604e-15 4.3250418702e-05
1.8 3.84327977083e-15 5.63208976572e-05
1.8 3.84340366553e-15 5.98460571921e-05
1.8 3.84326207191e-15 7.29156979671e-05
1.8 3.84342136509e-15 7.64418154255e-05
1.8 3.84324437307e-15 8.95103785399e-05
1.8 3.84343906474e-15 9.30376934032e-05
lowest error 1.9 1.43591919143e-13
1.9 1.43591919143e-13 1.17639775308e-05
1.9 1.43592580409e-13 1.6477777748e-05
1.9 1.43591257879e-13 4.00060795931e-05
1.9 1.43593241679e-13 4.47191862221e-05
1.9 1.43590596618e-13 6.82485284433e-05
1.9 1.43593902952e-13 7.29602479463e-05
1.9 1.43589935361e-13 9.64913240855e-05
1.9 1.43594564228e-13 0.000101200962899
1.9 1.43589274106e-13 0.000124734466525
1.9 1.43595225507e-13 0.000129441331086
1.9 1.43588612855e-13 0.000152977955739
1.9 1.43595886789e-13 0.00015768135251
lowest error 1.9 5.16668518448e-15
1.9 5.16668518448e-15 1.92069661864e-06
1.9 5.16666139107e-15 1.34675812529e-05
1.9 5.166708978e-15 1.73090774469e-05
1.9 5.16663759777e-15 2.88557561681e-05
1.9 5.16673277163e-15 3.2697561219e-05
1.9 5.16661380458e-15 4.42438281283e-05
1.9 5.16675656537e-15 4.80861479626e-05
1.9 5.1665900115e-15 5.96317971335e-05
1.9 5.16678035922e-15 6.34748376651e-05
1.9 5.16656621853e-15 7.50196631718e-05
1.9 5.16680415318e-15 7.88636303271e-05
1.9 5.16654242567e-15 9.04074262698e-05
lowest error 2.0 1.01363127037e-13
2.0 1.01363127037e-13 1.58406357702e-05
2.0 1.01362660243e-13 1.84509210164e-05
2.0 1.01363593832e-13 5.01316812951e-05
2.0 1.01362193452e-13 5.27429890411e-05
2.0 1.0136406063e-13 8.44222155663e-05
2.0 1.01361726663e-13 8.70355683742e-05
2.0 1.0136452743e-13 0.000118712238591
2.0 1.01361259876e-13 0.000121328658991
2.0 1.01364994232e-13 0.000153001750377
2.0 1.01360793091e-13 0.0001556222609
2.0 1.01365461036e-13 0.000187290750933
2.0 1.01360326309e-13 0.000189916374108
lowest error 2.0 6.38807490608e-15
2.0 6.38807490608e-15 3.99979493304e-06
2.0 6.38810432431e-15 7.35590420087e-06
2.0 6.38804548797e-15 1.53554380007e-05
2.0 6.38813374269e-15 1.8711659401e-05
2.0 6.38801607e-15 2.67110250025e-05
2.0 6.3881631612e-15 3.0067470667e-05
2.0 6.38798665217e-15 3.80665559296e-05
2.0 6.38819257985e-15 4.142333799e-05
2.0 6.38795723447e-15 4.94220308016e-05
2.0 6.38822199863e-15 5.27792613898e-05
2.0 6.38792781691e-15 6.07774496091e-05
2.0 6.38825141755e-15 6.41352408572e-05
lowest error 2.1 6.65548946e-14
2.1 6.65548946e-14 9.80883992296e-06
2.1 6.65552010973e-14 1.32696267237e-05
2.1 6.65545881041e-14 3.2887538163e-05
2.1 6.6555507596e-14 3.63478618199e-05
2.1 6.65542816096e-14 5.59664679791e-05
2.1 6.65558140962e-14 5.94258653477e-05
2.1 6.65539751165e-14 7.90456293736e-05
2.1 6.65561205977e-14 8.25036373082e-05
2.1 6.65536686248e-14 0.000102125022348
2.1 6.65564271007e-14 0.000105581177705
2.1 6.65533621345e-14 0.000125204646905
2.1 6.65567336051e-14 0.000128658486541
lowest error 2.1 9.55793339963e-15
2.1 9.55793339963e-15 3.62728375736e-06
2.1 9.55788938382e-15 7.99265871221e-06
2.1 9.55797741564e-15 1.52472849333e-05
2.1 9.55784536822e-15 1.96125424763e-05
2.1 9.55802143185e-15 2.68673448147e-05
2.1 9.55780135281e-15 3.12323675247e-05
2.1 9.55806544827e-15 3.8487463403e-05
2.1 9.55775733761e-15 4.28521338787e-05
2.1 9.55810946489e-15 5.01076406878e-05
2.1 9.55771332261e-15 5.44718415276e-05
2.1 9.55815348171e-15 6.17278766897e-05
2.1 9.55766930782e-15 6.60914904724e-05
lowest error 2.2 3.69760061186e-14
2.2 3.69760061186e-14 1.41205617865e-07
2.2 3.69758358382e-14 2.68187673358e-06
2.2 3.69761763998e-14 2.96428450053e-06
2.2 3.69756655586e-14 5.50496254936e-06
2.2 3.69763466818e-14 5.78735992107e-06
2.2 3.69754952797e-14 8.32805183038e-06
2.2 3.69765169645e-14 8.61043187683e-06
2.2 3.69753250017e-14 1.11511445766e-05
2.2 3.69766872481e-14 1.14335003669e-05
2.2 3.69751547244e-14 1.39742407881e-05
2.2 3.69768575324e-14 1.42565653922e-05
2.2 3.69749844479e-14 1.67973404643e-05
lowest error 2.2 1.76415199438e-14
2.2 1.76415199438e-14 1.42071170162e-06
2.2 1.76414387018e-14 1.66827693926e-06
2.2 1.76416011862e-14 4.50970448806e-06
2.2 1.76413574601e-14 4.75726143101e-06
2.2 1.76416824289e-14 7.59870142586e-06
2.2 1.76412762189e-14 7.84624177452e-06
2.2 1.76417636721e-14 1.06877025128e-05
2.2 1.7641194978e-14 1.09352179694e-05
2.2 1.76418449156e-14 1.37767077475e-05
2.2 1.76411137375e-14 1.40241900159e-05
2.2 1.76419261595e-14 1.68657171313e-05
2.2 1.76410324973e-14 1.71131579103e-05
