lowest error 0.002 2.10314879725e-06
0.002 2.10314879725e-06 5.56281798056e-05
0.002 2.10313911192e-06 0.000216933771169
0.002 2.10315848264e-06 0.000328157833819
0.002 2.10312942663e-06 0.000489528022801
0.002 2.10316816806e-06 0.000600655194585
0.002 2.10311974138e-06 0.000762154579199
0.002 2.10317785353e-06 0.000873120266138
0.002 2.10311005618e-06 0.00103481344401
0.002 2.10318753904e-06 0.00114555305225
0.002 2.10310037102e-06 0.00130750462099
0.002 2.1031972246e-06 0.00141795355657
0.002 2.10309068591e-06 0.00158022811419
lowest error 0.002 6.67295198637e-15
0.002 6.67295198637e-15 4.20471772733e-06
0.002 6.67292125636e-15 1.72204582642e-05
0.002 6.67298271652e-15 2.56300933015e-05
0.002 6.67289052649e-15 3.86454346737e-05
0.002 6.67301344681e-15 4.70556684609e-05
0.002 6.67285979677e-15 6.00702114846e-05
0.002 6.67304417725e-15 6.84814432077e-05
0.002 6.67282906718e-15 8.14947887369e-05
0.002 6.67307490782e-15 8.99074175238e-05
0.002 6.67279833774e-15 0.000102919166413
0.002 6.67310563854e-15 0.00011133359145
0.002 6.67276760844e-15 0.000124343344515
lowest error 0.005 3.38099088555e-07
0.005 3.38099088555e-07 2.77508201267e-05
0.005 3.38097531555e-07 0.000142067830039
0.005 3.38100645563e-07 0.000197556932649
0.005 3.38095974562e-07 0.000311899018705
0.005 3.38102202577e-07 0.000367350508442
0.005 3.38094417576e-07 0.000481742746946
0.005 3.38103759599e-07 0.000537131548363
0.005 3.38092860597e-07 0.000651599015614
0.005 3.38105316628e-07 0.000706900053491
0.005 3.38091303626e-07 0.000821467825558
0.005 3.38106873664e-07 0.000876656024668
0.005 3.38089746661e-07 0.000991349177862
lowest error 0.005 2.56788754004e-15
0.005 2.56788754004e-15 7.88777388872e-06
0.005 2.5678757145e-15 1.25558173685e-05
0.005 2.56789936562e-15 2.83315468601e-05
0.005 2.56786388903e-15 3.29992268946e-05
0.005 2.56791119126e-15 4.8775501547e-05
0.005 2.5678520636e-15 5.34424547283e-05
0.005 2.56792301696e-15 6.92196379517e-05
0.005 2.56784023824e-15 7.38855008522e-05
0.005 2.56793484271e-15 8.9663956075e-05
0.005 2.56782841292e-15 9.43283652686e-05
0.005 2.56794666851e-15 0.000110108455901
0.005 2.56781658766e-15 0.000114771047979
lowest error 0.01 2.95786262669e-07
0.01 2.95786262669e-07 1.71378832494e-05
0.01 2.95784900526e-07 6.57626570897e-05
0.01 2.95787624818e-07 0.000100035435669
0.01 2.95783538389e-07 0.000148666185532
0.01 2.95788986973e-07 0.000182930000233
0.01 2.95782176259e-07 0.000231572702148
0.01 2.95790349135e-07 0.000265821577022
0.01 2.95780814135e-07 0.000314482207007
0.01 2.95791711303e-07 0.000348710166213
0.01 2.95779452017e-07 0.000397394700288
0.01 2.95793073478e-07 0.000431595767878
0.01 2.95778089905e-07 0.000480310182069
lowest error 0.01 1.55062220928e-15
0.01 1.55062220928e-15 1.33654212586e-06
0.01 1.55062935018e-15 8.59092502741e-05
0.01 1.55061506842e-15 8.85790250811e-05
0.01 1.55063649111e-15 0.000173158352166
0.01 1.55060792759e-15 0.000175818198873
0.01 1.55064363207e-15 0.000260410763676
0.01 1.55060078679e-15 0.000263054063548
0.01 1.55065077306e-15 0.00034766648493
0.01 1.55059364603e-15 0.000350286619233
0.01 1.55065791409e-15 0.000434925516053
0.01 1.5505865053e-15 0.000437515866053
0.01 1.55066505515e-15 0.00052218785717
lowest error 0.05 4.54418496038e-09
0.05 4.54418496038e-09 9.02697408836e-05
0.05 4.54420588717e-09 0.000138264473291
0.05 4.54416403368e-09 0.000318826664198
0.05 4.54422681406e-09 0.000366775980578
0.05 4.54414310708e-09 0.000547406298916
0.05 4.54424774105e-09 0.000595264783239
0.05 4.54412218058e-09 0.000776008647083
0.05 4.54426866813e-09 0.000823730883321
0.05 4.54410125417e-09 0.00100463371137
0.05 4.54428959531e-09 0.00105217428349
0.05 4.54408032786e-09 0.00123328149382
0.05 4.54431052259e-09 0.00128059498579
lowest error 0.05 3.22081663046e-16
0.05 3.22081663046e-16 3.16195598593e-08
0.05 3.22080179809e-16 2.09796354476e-05
0.05 3.22083146291e-16 2.10430665142e-05
0.05 3.22078696578e-16 4.19906985107e-05
0.05 3.22084629542e-16 4.20547054163e-05
0.05 3.22077213355e-16 6.30015696124e-05
0.05 3.220861128e-16 6.30665362689e-05
0.05 3.22075730138e-16 8.40122487906e-05
0.05 3.22087596065e-16 8.40785590728e-05
0.05 3.22074246927e-16 0.00010502273603
0.05 3.22089079336e-16 0.000105090773812
0.05 3.22072763724e-16 0.000126033031332
lowest error 0.1 1.05458599606e-09
0.1 1.05458599606e-09 8.44875262387e-05
0.1 1.05458113953e-09 0.00013095065313
0.1 1.05459085262e-09 0.000299905526921
0.1 1.05457628301e-09 0.00034640901307
0.1 1.0545957092e-09 0.000515303350627
0.1 1.05457142652e-09 0.000561887555466
0.1 1.05460056581e-09 0.000730680999622
0.1 1.05456657005e-09 0.00077738628222
0.1 1.05460542243e-09 0.0009460384756
0.1 1.0545617136e-09 0.000992905195022
0.1 1.05461027908e-09 0.00116137578046
0.1 1.05455685718e-09 0.00120844429615
lowest error 0.1 3.65495471159e-16
0.1 3.65495471159e-16 5.7124599846e-06
0.1 3.65493787994e-16 1.48189107905e-05
0.1 3.65497154332e-16 2.62440140379e-05
0.1 3.65492104837e-16 3.53500982895e-05
0.1 3.65498837512e-16 4.67757513709e-05
0.1 3.65490421687e-16 5.58811025129e-05
0.1 3.655005207e-16 6.73076719675e-05
0.1 3.65488738545e-16 7.64119234447e-05
0.1 3.65502203896e-16 8.78397758655e-05
0.1 3.65487055411e-16 9.69425611235e-05
0.1 3.655038871e-16 0.000108372063048
0.1 3.65485372285e-16 0.000117473015532
lowest error 0.15 4.34540240111e-10
0.15 4.34540240111e-10 6.29171981821e-05
0.15 4.34542241248e-10 0.000119644222405
0.15 4.34538238984e-10 0.000245493110255
0.15 4.34544242393e-10 0.000302191152502
0.15 4.34536237866e-10 0.000428083514954
0.15 4.34546243548e-10 0.000484723593578
0.15 4.34534236757e-10 0.000610688413435
0.15 4.34548244712e-10 0.000667241546625
0.15 4.34532235658e-10 0.000793307806848
0.15 4.34550245885e-10 0.000849745012792
0.15 4.34530234568e-10 0.000975941696349
0.15 4.34552247068e-10 0.00103223399323
lowest error 0.15 4.66487488311e-16
0.15 4.66487488311e-16 3.68328756695e-06
0.15 4.66485340061e-16 1.67692504958e-05
0.15 4.6648963657e-16 2.41360075028e-05
0.15 4.66483191822e-16 3.7221606668e-05
0.15 4.66491784839e-16 4.45889093141e-05
0.15 4.66481043592e-16 5.76737809879e-05
0.15 4.66493933118e-16 6.50419930026e-05
0.15 4.66478895373e-16 7.8125773439e-05
0.15 4.66496081407e-16 8.54952585692e-05
0.15 4.66476747163e-16 9.85775840232e-05
0.15 4.66498229706e-16 0.000105948706016
0.15 4.66474598963e-16 0.000119029212742
lowest error 0.2 2.37283751492e-10
0.2 2.37283751492e-10 6.67774491747e-05
0.2 2.37284844227e-10 8.05674090314e-05
0.2 2.37282658762e-10 0.000214131747062
0.2 2.37285936966e-10 0.00022790282816
0.2 2.37281566038e-10 0.000361495485236
0.2 2.37287029711e-10 0.000375228808687
0.2 2.37280473318e-10 0.000508868664302
0.2 2.3728812246e-10 0.000522545351476
0.2 2.37279380604e-10 0.000656251284732
0.2 2.37289215215e-10 0.000669852457002
0.2 2.37278287895e-10 0.000803643347394
0.2 2.37290307975e-10 0.00081715012587
lowest error 0.2 3.55654247707e-16
0.2 3.55654247707e-16 1.66372796251e-06
0.2 3.55652609862e-16 2.11611339203e-05
0.2 3.55655885559e-16 2.44888163574e-05
0.2 3.55650972025e-16 4.39857692922e-05
0.2 3.55657523418e-16 4.73141312476e-05
0.2 3.55649334195e-16 6.68101781565e-05
0.2 3.55659161286e-16 7.01396726748e-05
0.2 3.55647696374e-16 8.96343605148e-05
0.2 3.5566079916e-16 9.29654406212e-05
0.2 3.55646058559e-16 0.000112458316369
0.2 3.55662437043e-16 0.00011579143509
0.2 3.55644420752e-16 0.000135282045702
lowest error 0.25 8.46700858269e-11
0.25 8.46700858269e-11 1.26568157008e-05
0.25 8.46696959077e-11 0.000134920423613
0.25 8.4670475748e-11 0.000160224586421
0.25 8.46693059902e-11 0.000282507132127
0.25 8.46708656708e-11 0.000307782889024
0.25 8.46689160745e-11 0.00043010331045
0.25 8.46712555955e-11 0.000455331724382
0.25 8.46685261607e-11 0.000577708959189
0.25 8.46716455219e-11 0.000602871092967
0.25 8.46681362486e-11 0.000725324078818
0.25 8.46720354501e-11 0.000750400995391
0.25 8.46677463383e-11 0.000872948670211
lowest error 0.25 2.3259158596e-16
0.25 2.3259158596e-16 4.29341866193e-06
0.25 2.32590514839e-16 1.63394891564e-05
0.25 2.32592657086e-16 2.49265115944e-05
0.25 2.32589443722e-16 3.69722118991e-05
0.25 2.32593728217e-16 4.55597896241e-05
0.25 2.32588372611e-16 5.76047495495e-05
0.25 2.32594799354e-16 6.61932527524e-05
0.25 2.32587301504e-16 7.82371021089e-05
0.25 2.32595870495e-16 8.68269009815e-05
0.25 2.32586230402e-16 9.88692695798e-05
0.25 2.32596941641e-16 0.000107460734313
0.25 2.32585159306e-16 0.000119501251963
lowest error 0.3 5.16680415318e-11
0.3 5.16680415318e-11 1.52312217088e-05
0.3 5.16678035922e-11 0.000139193357574
0.3 5.16682794724e-11 0.000169645433382
0.3 5.16675656537e-11 0.000293628305168
0.3 5.16685174142e-11 0.000324049278138
0.3 5.16673277163e-11 0.000448073621764
0.3 5.16687553571e-11 0.000478442756675
0.3 5.166708978e-11 0.000602529307924
0.3 5.1668993301e-11 0.00063282586955
0.3 5.16668518448e-11 0.000756995364619
0.3 5.16692312461e-11 0.000787198617735
0.3 5.16666139107e-11 0.000911471792405
lowest error 0.3 2.18879959661e-16
0.3 2.18879959661e-16 9.4480769488e-06
0.3 2.18878951684e-16 1.02582477202e-05
0.3 2.18880967642e-16 2.91545704623e-05
0.3 2.18877943711e-16 2.99644035473e-05
0.3 2.18881975629e-16 4.88612328202e-05
0.3 2.18876935743e-16 4.96703905331e-05
0.3 2.1888298362e-16 6.85680640085e-05
0.3 2.1887592778e-16 6.93762086792e-05
0.3 2.18883991616e-16 8.82750640616e-05
0.3 2.18874919821e-16 8.90818579697e-05
0.3 2.18884999616e-16 0.000107982232965
0.3 2.18873911867e-16 0.000108787338441
lowest error 0.35 3.45034085008e-11
0.35 3.45034085008e-11 3.04537847691e-05
0.35 3.45035673952e-11 0.000118773919289
0.35 3.45032496071e-11 0.00017969117146
0.35 3.45037262904e-11 0.000267991941207
0.35 3.45030907141e-11 0.000328938241413
0.35 3.45038851863e-11 0.000417200281883
0.35 3.45029318219e-11 0.000478194995256
0.35 3.45040440829e-11 0.000566398941808
0.35 3.45027729304e-11 0.000627461433619
0.35 3.45042029803e-11 0.000715587921611
0.35 3.45026140396e-11 0.000776737556996
0.35 3.45043618784e-11 0.000864767221923
lowest error 0.35 2.34727514445e-16
0.35 2.34727514445e-16 4.5996184479e-06
0.35 2.34728595408e-16 1.41716613835e-05
0.35 2.34726433487e-16 2.33707450792e-05
0.35 2.34729676375e-16 3.29430944155e-05
0.35 2.34725352535e-16 4.2141718513e-05
0.35 2.34730757348e-16 5.17146806489e-05
0.35 2.34724271587e-16 6.09125387325e-05
0.35 2.34731838325e-16 7.04864200696e-05
0.35 2.34723190644e-16 7.96832057732e-05
0.35 2.34732919308e-16 8.92583127108e-05
0.35 2.34722109706e-16 9.84537196196e-05
0.35 2.34734000295e-16 0.000108030358558
lowest error 0.4 2.50433255994e-11
0.4 2.50433255994e-11 1.22997612984e-05
0.4 2.50434409284e-11 0.000106887483168
0.4 2.50432102709e-11 0.000131493182399
0.4 2.5043556258e-11 0.000226068551213
0.4 2.50430949429e-11 0.000250692780453
0.4 2.50436715881e-11 0.00034524344337
0.4 2.50429796154e-11 0.000369898555783
0.4 2.50437869187e-11 0.000464412159852
0.4 2.50428642885e-11 0.000489110508707
0.4 2.50439022499e-11 0.00058357470098
0.4 2.50427489621e-11 0.000608328639441
0.4 2.50440175816e-11 0.000702731067074
lowest error 0.4 2.49304432444e-16
0.4 2.49304432444e-16 9.86432348649e-06
0.4 2.49303284358e-16 1.13907260579e-05
0.4 2.49305580536e-16 3.11195694565e-05
0.4 2.49302136276e-16 3.26455791781e-05
0.4 2.49306728634e-16 5.23750118537e-05
0.4 2.493009882e-16 5.39002358568e-05
0.4 2.49307876736e-16 7.36306506806e-05
0.4 2.49299840129e-16 7.51546961348e-05
0.4 2.49309024844e-16 9.488648592e-05
0.4 2.49298692064e-16 9.6408959994e-05
0.4 2.49310172957e-16 0.000116142517611
0.4 2.49297544003e-16 0.000117663027436
lowest error 0.45 1.7755790003e-11
0.45 1.7755790003e-11 6.72664724441e-05
0.45 1.77557082347e-11 9.15724712027e-05
0.45 1.77558717716e-11 0.000226094447048
0.45 1.77556264669e-11 0.000250422384653
0.45 1.77559535406e-11 0.00038491145336
0.45 1.77555446994e-11 0.000409283268664
0.45 1.775603531e-11 0.000543717492
0.45 1.77554629322e-11 0.000568155123853
0.45 1.77561170797e-11 0.000702512564008
0.45 1.77553811655e-11 0.000727037951262
0.45 1.77561988499e-11 0.000861296670002
0.45 1.77552993991e-11 0.000885931751502
lowest error 0.45 2.99176860176e-16
0.45 2.99176860176e-16 4.17518745355e-06
0.45 2.99175482419e-16 1.65406655031e-05
0.45 2.9917823794e-16 2.48912269969e-05
0.45 2.99174104668e-16 3.72563318742e-05
0.45 2.9917961571e-16 4.56074531288e-05
0.45 2.99172726924e-16 5.7971811644e-05
0.45 2.99180993486e-16 6.63238658505e-05
0.45 2.99171349186e-16 7.86871048502e-05
0.45 2.99182371268e-16 8.70404651647e-05
0.45 2.99169971454e-16 9.94022114762e-05
0.45 2.99183749057e-16 0.000107757251054
0.45 2.99168593728e-16 0.000120117131524
lowest error 0.5 1.28522747167e-11
0.5 1.28522747167e-11 6.47604028052e-05
0.5 1.28523339037e-11 7.52666741257e-05
0.5 1.28522155299e-11 0.000204796005177
0.5 1.28523930911e-11 0.000215285226387
0.5 1.28521563434e-11 0.000344840133383
0.5 1.28524522786e-11 0.000355295254371
0.5 1.28520971572e-11 0.00048489278794
0.5 1.28525114665e-11 0.000495296758597
0.5 1.28520379712e-11 0.00062495396937
0.5 1.28525706547e-11 0.000635289739584
0.5 1.28519787855e-11 0.000765023678191
0.5 1.28526298431e-11 0.000775274197851
lowest error 0.5 3.53220580551e-16
0.5 3.53220580551e-16 9.36792262518e-06
0.5 3.53218953914e-16 1.25511629885e-05
0.5 3.53222207196e-16 3.12872171491e-05
0.5 3.53217327284e-16 3.44700397328e-05
0.5 3.53223833848e-16 5.32067205654e-05
0.5 3.53215700662e-16 5.63887075895e-05
0.5 3.53225460507e-16 7.51264328769e-05
0.5 3.53214074047e-16 7.83071665622e-05
0.5 3.53227087175e-16 9.70463540853e-05
0.5 3.5321244744e-16 0.000100225416651
0.5 3.53228713849e-16 0.000118966484192
0.5 3.53210820841e-16 0.00012214345786
lowest error 0.55 9.78475599467e-12
0.55 9.78475599467e-12 3.6592475309e-05
0.55 9.78480105524e-12 7.3379237354e-05
0.55 9.7847109343e-12 0.000146569446402
0.55 9.78484611601e-12 0.000183345692034
0.55 9.78466587415e-12 0.000256551676078
0.55 9.784891177e-12 0.000293306888886
0.55 9.7846208142e-12 0.00036653916459
0.55 9.78493623819e-12 0.000403262828159
0.55 9.78457575446e-12 0.000476531912187
0.55 9.78498129959e-12 0.000513213510107
0.55 9.78453069493e-12 0.000586529919122
0.55 9.7850263612e-12 0.000623158934979
lowest error 0.55 3.59120337052e-16
0.55 3.59120337052e-16 1.01766248939e-05
0.55 3.59121990866e-16 1.0942347711e-05
0.55 3.59118683245e-16 3.12954035824e-05
0.55 3.59123644687e-16 3.20615142346e-05
0.55 3.59117029446e-16 5.24139883371e-05
0.55 3.59125298517e-16 5.31808746795e-05
0.55 3.59115375655e-16 7.35323791967e-05
0.55 3.59126952354e-16 7.43004290462e-05
0.55 3.59113721872e-16 9.46505761452e-05
0.55 3.59128606198e-16 9.54201773178e-05
0.55 3.59112068096e-16 0.000115768579183
0.55 3.5913026005e-16 0.000116540119534
lowest error 0.6 6.74518708813e-12
0.6 6.74518708813e-12 5.10441291279e-05
0.6 6.74521815094e-12 0.000114391147607
0.6 6.74515602547e-12 0.000216491305948
0.6 6.74524921389e-12 0.000279814525116
0.6 6.74512496295e-12 0.000381950383706
0.6 6.74528027698e-12 0.000445226004249
0.6 6.74509390057e-12 0.000547421363111
0.6 6.74531134021e-12 0.000610625585723
0.6 6.74506283834e-12 0.000712904245318
0.6 6.74534240359e-12 0.000776013270685
0.6 6.74503177625e-12 0.000878399031031
0.6 6.74537346711e-12 0.000941389059842
lowest error 0.6 3.40033730413e-16
0.6 3.40033730413e-16 3.25043870752e-06
0.6 3.4003529633e-16 1.82165154414e-05
0.6 3.40032164503e-16 2.47171925158e-05
0.6 3.40036862254e-16 3.9683669971e-05
0.6 3.40030598601e-16 4.61837459671e-05
0.6 3.40038428185e-16 6.11510248629e-05
0.6 3.40029032706e-16 6.76500990631e-05
0.6 3.40039994123e-16 8.26185801204e-05
0.6 3.40027466818e-16 8.91162518051e-05
0.6 3.40041560069e-16 0.000104086335744
0.6 3.40025900937e-16 0.000110582204195
0.6 3.40043126022e-16 0.000125554291737
lowest error 0.65 4.07761295142e-12
0.65 4.07761295142e-12 3.56124065801e-05
0.65 4.07759417336e-12 0.000112700572737
0.65 4.07763172956e-12 0.000183915822699
0.65 4.07757539539e-12 0.000261023116135
0.65 4.07765050779e-12 0.000332209676102
0.65 4.0775566175e-12 0.000409355224097
0.65 4.07766928611e-12 0.000480493967408
0.65 4.0775378397e-12 0.000557696897241
0.65 4.07768806452e-12 0.000628768697231
0.65 4.07751906199e-12 0.000706048136182
0.65 4.07770684301e-12 0.000777033866189
0.65 4.07750028436e-12 0.000854408941539
lowest error 0.65 2.97655560491e-16
0.65 2.97655560491e-16 6.18334228353e-06
0.65 2.97654189739e-16 1.41613360087e-05
0.65 2.97656931248e-16 2.65282005549e-05
0.65 2.97652818994e-16 3.45058343609e-05
0.65 2.97658302012e-16 4.68732387877e-05
0.65 2.97651448256e-16 5.48501527557e-05
0.65 2.97659672783e-16 6.72184569837e-05
0.65 2.97650077523e-16 7.51942911954e-05
0.65 2.97661043559e-16 8.75638551445e-05
0.65 2.97648706797e-16 9.55382496812e-05
0.65 2.97662414342e-16 0.000107909433272
0.65 2.97647336077e-16 0.000115882028215
lowest error 0.7 2.06685495331e-12
0.7 2.06685495331e-12 4.21217319291e-05
0.7 2.06684543511e-12 7.92725113854e-05
0.7 2.06686447155e-12 0.000163509568263
0.7 2.06683591696e-12 0.000200673162018
0.7 2.06687398983e-12 0.000284890997956
0.7 2.06682639885e-12 0.000322080220307
0.7 2.06688350816e-12 0.000406266021237
0.7 2.06681688078e-12 0.000443493686483
0.7 2.06689302653e-12 0.000527634638658
0.7 2.06680736276e-12 0.0005649135611
0.7 2.06690254495e-12 0.000648996850453
0.7 2.06679784478e-12 0.000686339844389
lowest error 0.7 2.32556241559e-16
0.7 2.32556241559e-16 6.40651427863e-06
0.7 2.325551706e-16 1.49108341105e-05
0.7 2.32557312523e-16 2.7724060228e-05
0.7 2.32554099647e-16 3.62279849222e-05
0.7 2.32558383491e-16 4.90418037771e-05
0.7 2.32553028698e-16 5.75449381581e-05
0.7 2.32559454464e-16 7.03597449094e-05
0.7 2.32551957754e-16 7.88616938201e-05
0.7 2.32560525443e-16 9.16778836264e-05
0.7 2.32550886815e-16 0.00010017825191
0.7 2.32561596426e-16 0.00011299621993
0.7 2.32549815881e-16 0.000121494612412
lowest error 0.75 1.11328921024e-12
0.75 1.11328921024e-12 5.2396144667e-05
0.75 1.11328408337e-12 6.59139837462e-05
0.75 1.11329433714e-12 0.000170700187373
0.75 1.11327895651e-12 0.000184230198074
0.75 1.11329946406e-12 0.000288998144894
0.75 1.11327382969e-12 0.000302552498631
0.75 1.11330459101e-12 0.000407290017439
0.75 1.11326870288e-12 0.00042088088573
0.75 1.11330971797e-12 0.000525575805321
0.75 1.1132635761e-12 0.000539215359683
0.75 1.11331484497e-12 0.000643855508853
0.75 1.11325844935e-12 0.000657555920804
lowest error 0.75 1.87100091548e-16
0.75 1.87100091548e-16 5.39511255537e-06
0.75 1.87099229922e-16 1.62509904156e-05
0.75 1.87100953178e-16 2.70414192474e-05
0.75 1.870983683e-16 3.78968896686e-05
0.75 1.87101814811e-16 4.86879296617e-05
0.75 1.87097506682e-16 5.95425851855e-05
0.75 1.87102676449e-16 7.03346438002e-05
0.75 1.87096645069e-16 8.11880770071e-05
0.75 1.87103538091e-16 9.1981561646e-05
0.75 1.87095783459e-16 0.000102833365116
0.75 1.87104399736e-16 0.000113628683239
0.75 1.87094921853e-16 0.000124478449513
lowest error 0.8 1.22515207525e-12
0.8 1.22515207525e-12 1.15397345755e-05
0.8 1.22514643323e-12 8.38103763514e-05
0.8 1.22515771729e-12 0.000106885892673
0.8 1.22514079123e-12 0.000179164440187
0.8 1.22516335937e-12 0.000202228098274
0.8 1.22513514926e-12 0.000274522457094
0.8 1.22516900147e-12 0.000297566351459
0.8 1.22512950732e-12 0.000369884427237
0.8 1.22517464359e-12 0.000392900652392
0.8 1.2251238654e-12 0.000465250350781
0.8 1.22518028574e-12 0.000488231001234
0.8 1.22511822351e-12 0.000560620227889
lowest error 0.8 1.94965604219e-16
0.8 1.94965604219e-16 4.99577382129e-06
0.8 1.94964706371e-16 1.68975937789e-05
0.8 1.9496650207e-16 2.68893498228e-05
0.8 1.94963808527e-16 3.87907529795e-05
0.8 1.94967399926e-16 4.87831342082e-05
0.8 1.94962910688e-16 6.06837037833e-05
0.8 1.94968297786e-16 7.06771270185e-05
0.8 1.94962012852e-16 8.25764461911e-05
0.8 1.94969195651e-16 9.25713282358e-05
0.8 1.94961115021e-16 0.000104468980187
0.8 1.94970093519e-16 0.000114465737862
0.8 1.94960217194e-16 0.00012636130581
lowest error 0.81 1.30449374195e-12
0.81 1.30449374195e-12 1.11498267179e-05
0.81 1.30449974938e-12 0.000128666836039
0.81 1.30448773455e-12 0.000150974989384
0.81 1.30450575684e-12 0.000268474999403
0.81 1.30448172718e-12 0.000290808652478
0.81 1.30451176432e-12 0.000408274663889
0.81 1.30447571983e-12 0.00043065081639
0.81 1.30451777184e-12 0.000548065829892
0.81 1.30446971251e-12 0.000570501481888
0.81 1.30452377938e-12 0.000687848498176
0.81 1.30446370522e-12 0.000710360649361
0.81 1.30452978694e-12 0.000827622669134
lowest error 0.81 1.97919233338e-16
0.81 1.97919233338e-16 8.46730392912e-07
0.81 1.97918321888e-16 2.14596312702e-05
0.81 1.97920144792e-16 2.31533083945e-05
0.81 1.97917410443e-16 4.37657765975e-05
0.81 1.9792105625e-16 4.54601027364e-05
0.81 1.97916499001e-16 6.60717055903e-05
0.81 1.97921967712e-16 6.77671134017e-05
0.81 1.97915587564e-16 8.83774182308e-05
0.81 1.97922879178e-16 9.00743404313e-05
0.81 1.97914676131e-16 0.000110682914561
0.81 1.97923790649e-16 0.000112381783808
0.81 1.97913764703e-16 0.000132988194564
lowest error 0.82 1.43732175825e-12
0.82 1.43732175825e-12 3.97666133733e-05
0.82 1.43732837738e-12 8.58912143693e-05
0.82 1.43731513916e-12 0.000165431306431
0.82 1.43733499654e-12 0.000211542177062
0.82 1.43730852009e-12 0.0002911028654
0.82 1.43734161572e-12 0.000337186275078
0.82 1.43730190105e-12 0.000416781290546
0.82 1.43734823494e-12 0.000462823508794
0.82 1.43729528205e-12 0.000542466582242
0.82 1.43735485419e-12 0.000588453878584
0.82 1.43728866308e-12 0.000668158740865
0.82 1.43736147347e-12 0.000714077384712
lowest error 0.82 2.09861126619e-16
0.82 2.09861126619e-16 1.81526615561e-06
0.82 2.09860160175e-16 1.9982847868e-05
0.82 2.09862093067e-16 2.36135867713e-05
0.82 2.09859193735e-16 4.17807553013e-05
0.82 2.0986305952e-16 4.54121139812e-05
0.82 2.098582273e-16 6.35784561465e-05
0.82 2.09864025977e-16 6.72108477673e-05
0.82 2.0985726087e-16 8.53759504054e-05
0.82 2.09864992439e-16 8.90097881712e-05
0.82 2.09856294443e-16 0.000107173238061
0.82 2.09865958905e-16 0.000110808935175
0.82 2.09855328022e-16 0.000128970319153
lowest error 0.83 1.51235588282e-12
0.83 1.51235588282e-12 5.37281319244e-05
0.83 1.51236284749e-12 9.2000596184e-05
0.83 1.51234891818e-12 0.000199466093691
0.83 1.5123698122e-12 0.000237720091089
0.83 1.51234195357e-12 0.000345213289959
0.83 1.51237677693e-12 0.000383430353377
0.83 1.512334989e-12 0.000490969721186
0.83 1.5123837417e-12 0.000529131383632
0.83 1.51232802445e-12 0.000636735387955
0.83 1.5123907065e-12 0.000674823182439
0.83 1.51232105994e-12 0.000782510290853
0.83 1.51239767133e-12 0.000820505750255
lowest error 0.83 2.09746151028e-16
0.83 2.09746151028e-16 6.04085750178e-06
0.83 2.09747116947e-16 1.42891359873e-05
0.83 2.09745185113e-16 2.63706713102e-05
0.83 2.0974808287e-16 3.4619309194e-05
0.83 2.09744219203e-16 4.67003054223e-05
0.83 2.09749048798e-16 5.49496621023e-05
0.83 2.09743253298e-16 6.70297598391e-05
0.83 2.0975001473e-16 7.52801947139e-05
0.83 2.09742287396e-16 8.73590345623e-05
0.83 2.09750980667e-16 9.56109070298e-05
0.83 2.097413215e-16 0.000107688129594
0.83 2.09751946608e-16 0.000115941799052
lowest error 0.84 1.70851186829e-12
0.84 1.70851186829e-12 8.35711265079e-06
0.84 1.70850400032e-12 0.000145622858741
0.84 1.70851973629e-12 0.000162326776072
0.84 1.70849613238e-12 0.000299613138794
0.84 1.70852760434e-12 0.000316286132078
0.84 1.70848826449e-12 0.000453613728196
0.84 1.70853547242e-12 0.000470235181632
0.84 1.70848039663e-12 0.00060762462764
0.84 1.70854334053e-12 0.000624173925287
0.84 1.7084725288e-12 0.000761645837676
0.84 1.70855120868e-12 0.00077810236373
0.84 1.70846466101e-12 0.000915677359268
lowest error 0.84 2.27501361463e-16
0.84 2.27501361463e-16 6.91707216438e-06
0.84 2.27500313783e-16 1.36706505693e-05
0.84 2.27502409148e-16 2.75049791658e-05
0.84 2.27499266108e-16 3.42581890189e-05
0.84 2.27503456838e-16 4.80930704723e-05
0.84 2.27498218437e-16 5.4845543187e-05
0.84 2.27504504532e-16 6.86813460677e-05
0.84 2.27497170772e-16 7.54327130741e-05
0.84 2.27505552231e-16 8.92698059536e-05
0.84 2.27496123111e-16 9.60196986819e-05
0.84 2.27506599936e-16 0.000109858450132
0.84 2.27495075455e-16 0.000116606499994
lowest error 0.85 1.85314755093e-12
0.85 1.85314755093e-12 2.45335390048e-05
0.85 1.85315608501e-12 9.994795015e-05
0.85 1.85313901689e-12 0.000149021765688
0.85 1.85316461912e-12 0.00022442270203
0.85 1.85313048289e-12 0.000273516730261
0.85 1.85317315328e-12 0.000348890717223
0.85 1.85312194892e-12 0.000398018433094
0.85 1.85318168748e-12 0.00047335199598
0.85 1.853113415e-12 0.000522526874549
0.85 1.85319022172e-12 0.000597806538668
0.85 1.85310488112e-12 0.000647042054991
0.85 1.85319875599e-12 0.000722254345652
lowest error 0.85 2.39340393104e-16
0.85 2.39340393104e-16 8.17158318567e-06
0.85 2.39339290903e-16 1.25664467214e-05
0.85 2.3934149531e-16 2.89098000787e-05
0.85 2.39338188708e-16 3.33042896448e-05
0.85 2.39342597521e-16 4.96482039605e-05
0.85 2.39337086517e-16 5.40419455843e-05
0.85 2.39343699737e-16 7.03867948313e-05
0.85 2.39335984332e-16 7.47794145251e-05
0.85 2.39344801958e-16 9.11255726752e-05
0.85 2.39334882151e-16 9.55166965042e-05
0.85 2.39345904184e-16 0.00011186453753
0.85 2.39333779976e-16 0.000116253791506
lowest error 0.86 1.77792730589e-12
0.86 1.77792730589e-12 1.36187677136e-06
0.86 1.77793549357e-12 0.000100607303759
0.86 1.77791911825e-12 0.000103335578245
0.86 1.77794368128e-12 0.000202571963456
0.86 1.77791093065e-12 0.000205313800862
0.86 1.77795186903e-12 0.000304532102703
0.86 1.77790274309e-12 0.000307296544821
0.86 1.77796005682e-12 0.000406487721607
0.86 1.77789455556e-12 0.000409283810327
0.86 1.77796824465e-12 0.000508438820371
0.86 1.77788636807e-12 0.000511275597485
0.86 1.77797643252e-12 0.000610385399192
lowest error 0.86 2.45180541567e-16
0.86 2.45180541567e-16 1.973452739e-06
0.86 2.45179412471e-16 1.87486404957e-05
0.86 2.45181670667e-16 2.26957326732e-05
0.86 2.45178283381e-16 3.9470547033e-05
0.86 2.45182799773e-16 4.34181993083e-05
0.86 2.45177154296e-16 6.01922668557e-05
0.86 2.45183928884e-16 6.41408526461e-05
0.86 2.45176025216e-16 8.0913800002e-05
0.86 2.45185058001e-16 8.48636926705e-05
0.86 2.45174896141e-16 0.000101635146456
0.86 2.45186187122e-16 0.000105586719419
0.86 2.45173767072e-16 0.000122356306219
lowest error 0.87 2.0499156922e-12
0.87 2.0499156922e-12 2.66314109219e-05
0.87 2.04992513243e-12 0.000108037034507
0.87 2.04990625201e-12 0.000161307741762
0.87 2.04993457271e-12 0.000242697594989
0.87 2.04989681187e-12 0.000295991958472
0.87 2.04994401303e-12 0.000377350270985
0.87 2.04988737177e-12 0.000430684061396
0.87 2.04995345339e-12 0.000511995062836
0.87 2.04987793171e-12 0.000565384051235
0.87 2.0499628938e-12 0.000646631971244
0.87 2.04986849169e-12 0.00070009192833
0.87 2.04997233425e-12 0.000781260996551
lowest error 0.87 2.75746494459e-16
0.87 2.75746494459e-16 8.48189178848e-06
0.87 2.75747764322e-16 1.15212834757e-05
0.87 2.75745224603e-16 2.84848930852e-05
0.87 2.7574903419e-16 3.15246327087e-05
0.87 2.75743954752e-16 4.84877204165e-05
0.87 2.75750304064e-16 5.15281559124e-05
0.87 2.75742684907e-16 6.84903737653e-05
0.87 2.75751573944e-16 7.15318530879e-05
0.87 2.75741415068e-16 8.84928531693e-05
0.87 2.7575284383e-16 9.15357242195e-05
0.87 2.75740145235e-16 0.000108495158611
0.87 2.75754113722e-16 0.000111539769343
lowest error 0.88 2.08311861575e-12
0.88 2.08311861575e-12 5.99191841069e-05
0.88 2.08312820889e-12 6.23320702924e-05
0.88 2.08310902266e-12 0.000182176936668
0.88 2.08313780207e-12 0.000184576826873
0.88 2.08309942961e-12 0.000304441187737
0.88 2.0831473953e-12 0.000306815085982
0.88 2.0830898366e-12 0.000426711937551
0.88 2.08315698857e-12 0.000429046847856
0.88 2.08308024364e-12 0.000548989186673
0.88 2.08316658188e-12 0.000551272113058
0.88 2.08307065072e-12 0.000671272935339
0.88 2.08317617524e-12 0.000673490881823
lowest error 0.88 2.94127749514e-16
0.88 2.94127749514e-16 9.70351072516e-06
0.88 2.94126395009e-16 1.07037368688e-05
0.88 2.94129104026e-16 3.01109393881e-05
0.88 2.9412504051e-16 3.11108033961e-05
0.88 2.94130458544e-16 5.05185491213e-05
0.88 2.94123686017e-16 5.1517688858e-05
0.88 2.94131813068e-16 7.09263399079e-05
0.88 2.94122331531e-16 7.19243932563e-05
0.88 2.94133167598e-16 9.13343117861e-05
0.88 2.94120977051e-16 9.23309165746e-05
0.88 2.94134522134e-16 0.000111742464739
0.88 2.94119622577e-16 0.00011273725885
lowest error 0.89 2.21187204614e-12
0.89 2.21187204614e-12 8.98202529021e-06
0.89 2.21186186011e-12 0.000100933813219
0.89 2.21188223221e-12 0.00011889261111
0.89 2.21185167414e-12 0.000210854904571
0.89 2.21189241833e-12 0.000228797944686
0.89 2.21184148821e-12 0.000320781249017
0.89 2.21190260449e-12 0.000338698026173
0.89 2.21183130232e-12 0.000430712846808
0.89 2.2119127907e-12 0.00044859285582
0.89 2.21182111649e-12 0.000540649698195
0.89 2.21192297696e-12 0.000558482433879
0.89 2.2118109307e-12 0.00065059180343
lowest error 0.89 3.08489225375e-16
0.89 3.08489225375e-16 6.64405982453e-06
0.89 3.08490646024e-16 1.51027337267e-05
0.89 3.08487804733e-16 2.83906477585e-05
0.89 3.08492066679e-16 3.6849732878e-05
0.89 3.08486384097e-16 5.01370300774e-05
0.89 3.08493487341e-16 5.85969376701e-05
0.89 3.08484963468e-16 7.18832067825e-05
0.89 3.08494908009e-16 8.03443480852e-05
0.89 3.08483542846e-16 9.36291778761e-05
0.89 3.08496328684e-16 0.000102091964126
0.89 3.0848212223e-16 0.00011537494336
0.89 3.08497749365e-16 0.000123839785793
High eps empty 0.8 1.24168089802e-12
High eps empty 0.8 1.23675592602e-12
lowest error 0.8 1.23900197884e-12
0.8 1.23900197884e-12 1.08919889774e-05
0.8 1.23900768467e-12 0.000151648071528
0.8 1.23899627304e-12 0.000173443536737
0.8 1.23901339053e-12 0.000314176645448
0.8 1.23899056727e-12 0.000336006572846
0.8 1.23901909641e-12 0.000476693733595
0.8 1.23898486152e-12 0.000498581097979
0.8 1.23902480231e-12 0.000639199336778
0.8 1.23897915579e-12 0.000661167112944
0.8 1.23903050825e-12 0.000801693455813
0.8 1.2389734501e-12 0.000823764618554
0.8 1.23903621421e-12 0.000964176091366
lowest error 0.9 2.19733361682e-12
0.9 2.19733361682e-12 5.34332694428e-05
0.9 2.19732349775e-12 8.40518133955e-05
0.9 2.19734373594e-12 0.000190910134257
0.9 2.19731337873e-12 0.00022154511475
0.9 2.19735385511e-12 0.000328378781537
0.9 2.19730325975e-12 0.000359046635113
0.9 2.19736397432e-12 0.000465839211652
0.9 2.19729314081e-12 0.000496556374851
0.9 2.19737409358e-12 0.000603291425338
0.9 2.19728302193e-12 0.000634074334702
0.9 2.19738421288e-12 0.000740735422964
0.9 2.19727290309e-12 0.000771600515035
lowest error 0.9 3.29720538149e-16
0.9 3.29720538149e-16 6.55022165397e-08
0.9 3.29722056572e-16 2.02918854444e-05
0.9 3.29719019733e-16 2.04227096949e-05
0.9 3.29723575001e-16 4.06494532892e-05
0.9 3.29717501324e-16 4.0779736993e-05
0.9 3.29725093438e-16 6.10072013201e-05
0.9 3.29715982923e-16 6.1136584093e-05
0.9 3.29726611882e-16 8.13651295197e-05
0.9 3.29714464528e-16 8.1493251034e-05
0.9 3.29728130332e-16 0.000101723237926
0.9 3.2971294614e-16 0.000101849737799
0.9 3.2972964879e-16 0.000122081526523
lowest error 0.95 2.27645987597e-12
0.95 2.27645987597e-12 5.94162457888e-05
0.95 2.27644939251e-12 8.70345356607e-05
0.95 2.27647035948e-12 0.000205857702447
0.95 2.2764389091e-12 0.000233494642495
0.95 2.27648084304e-12 0.000352289834907
0.95 2.27642842573e-12 0.000379964075308
0.95 2.27649132664e-12 0.000498712643634
0.95 2.27641794242e-12 0.000526442834564
0.95 2.2765018103e-12 0.00064512612948
0.95 2.27640745915e-12 0.000672930921116
0.95 2.276512294e-12 0.00079153029291
0.95 2.27639697593e-12 0.000819428335429
lowest error 0.95 4.26255504157e-16
0.95 4.26255504157e-16 8.43803181816e-06
0.95 4.26257467141e-16 1.40142564278e-05
0.95 4.26253541183e-16 3.08901009092e-05
0.95 4.26259430134e-16 3.64667638704e-05
0.95 4.26251578217e-16 5.33419508271e-05
0.95 4.26261393136e-16 5.89194904919e-05
0.95 4.26249615261e-16 7.57935815745e-05
0.95 4.26263356146e-16 8.13724362949e-05
0.95 4.26247652313e-16 9.82449931533e-05
0.95 4.26265319166e-16 0.000103825601281
0.95 4.26245689375e-16 0.000120696185566
0.95 4.26267282195e-16 0.000126278985453
lowest error 0.9 2.22202018609e-12
0.9 2.22202018609e-12 4.07947668224e-06
0.9 2.2220304189e-12 0.000119129593227
0.9 2.22200995333e-12 0.00012729514714
0.9 2.22204065175e-12 0.000242332062943
0.9 2.22199972062e-12 0.0002505174185
0.9 2.22205088465e-12 0.000365527932816
0.9 2.22198948796e-12 0.000373746291006
0.9 2.22206111759e-12 0.000488717203093
0.9 2.22197925534e-12 0.00049698176523
0.9 2.22207135059e-12 0.000611899874343
0.9 2.22196902277e-12 0.000620223841417
0.9 2.22208158363e-12 0.000735075946815
Low eps empty 0.9 2.2283530522e-12
Low eps empty 0.9 2.21670550595e-12
lowest error 1.5 3.70170665728e-13
1.5 3.70170665728e-13 5.65925077067e-06
1.5 3.70168961033e-13 4.93998948206e-05
1.5 3.70172370431e-13 6.07170782945e-05
1.5 3.70167256346e-13 0.000104460358464
1.5 3.70174075142e-13 0.000115773587879
1.5 3.70165551667e-13 0.000159522140188
1.5 3.7017577986e-13 0.000170828779507
1.5 3.70163846995e-13 0.000214585240027
1.5 3.70177484587e-13 0.000225882653211
1.5 3.70162142332e-13 0.000269649658012
1.5 3.70179189321e-13 0.000280935209021
1.5 3.70160437676e-13 0.000324715394124
lowest error 1.5 1.67905916639e-15
1.5 1.67905916639e-15 2.66208924371e-06
1.5 1.67905143406e-15 1.67096702923e-05
1.5 1.67906689876e-15 2.20340119399e-05
1.5 1.67904370176e-15 3.608126667e-05
1.5 1.67907463117e-15 4.14060977967e-05
1.5 1.67903596949e-15 5.54526998902e-05
1.5 1.67908236361e-15 6.07783468167e-05
1.5 1.67902823726e-15 7.48239699377e-05
1.5 1.67909009609e-15 8.01507589836e-05
1.5 1.67902050507e-15 9.41950768478e-05
1.5 1.6790978286e-15 9.95233343333e-05
1.5 1.67901277291e-15 0.000113566020605
lowest error 1.6 2.72514741429e-13
1.6 2.72514741429e-13 2.27312477121e-05
1.6 2.72515996409e-13 3.49134149844e-05
1.6 2.72513486455e-13 8.03773551734e-05
1.6 2.72517251394e-13 9.2556632953e-05
1.6 2.72512231487e-13 0.000138024907434
1.6 2.72518506385e-13 0.00015019840623
1.6 2.72510976525e-13 0.00019567390448
1.6 2.72519761382e-13 0.000207838734799
1.6 2.72509721568e-13 0.000253324346451
1.6 2.72521016385e-13 0.000265477618802
1.6 2.72508466617e-13 0.00031097623333
1.6 2.72522271393e-13 0.00032311505822
lowest error 1.6 2.05734914294e-15
1.6 2.05734914294e-15 3.13580041666e-06
1.6 2.0573586174e-15 1.3524225988e-05
1.6 2.05733966852e-15 1.97957061308e-05
1.6 2.05736809191e-15 3.01843730699e-05
1.6 2.05733019414e-15 3.64554911849e-05
1.6 2.05737756646e-15 4.68446408299e-05
1.6 2.0573207198e-15 5.31151555645e-05
1.6 2.05738704106e-15 6.35050292681e-05
1.6 2.05731124551e-15 6.97746992708e-05
1.6 2.0573965157e-15 8.01655383857e-05
1.6 2.05730177127e-15 8.64341223044e-05
1.6 2.05740599038e-15 9.68261681691e-05
lowest error 1.7 1.96500653933e-13
1.7 1.96500653933e-13 8.66144380129e-06
1.7 1.96501558854e-13 3.80351520777e-05
1.7 1.96499749017e-13 5.53589877699e-05
1.7 1.9650246378e-13 8.47307998426e-05
1.7 1.96498844104e-13 0.000102057479848
1.7 1.96503368709e-13 0.000131425499598
1.7 1.96497939195e-13 0.000148756920057
1.7 1.96504273643e-13 0.000178119251321
1.7 1.96497034291e-13 0.000195457308412
1.7 1.9650517858e-13 0.00022481205503
1.7 1.96496129391e-13 0.000242158644894
1.7 1.96506083522e-13 0.000271503910744
lowest error 1.7 2.50613233526e-15
1.7 2.50613233526e-15 4.61769131244e-06
1.7 2.50614387645e-15 1.37600781027e-05
1.7 2.50612079412e-15 2.29953138837e-05
1.7 2.5061554177e-15 3.21379943626e-05
1.7 2.50610925303e-15 4.13727896129e-05
1.7 2.50616695899e-15 5.05160574686e-05
1.7 2.506097712e-15 5.9750118484e-05
1.7 2.50617850035e-15 6.88942674216e-05
1.7 2.50608617102e-15 7.81273005317e-05
1.7 2.50619004175e-15 8.72726242069e-05
1.7 2.50607463009e-15 9.65043357404e-05
1.7 2.50620158321e-15 0.000105651127857
lowest error 1.8 1.67160630286e-13
1.8 1.67160630286e-13 1.59073772159e-05
1.8 1.67159860485e-13 3.91585764268e-05
1.8 1.67161400091e-13 7.09720125074e-05
1.8 1.67159090687e-13 9.42258484518e-05
1.8 1.67162169899e-13 0.00012603532948
1.8 1.67158320893e-13 0.000149294438843
1.8 1.67162939711e-13 0.000181097328163
1.8 1.67157551102e-13 0.000204364347729
1.8 1.67163709527e-13 0.000236158008542
1.8 1.67156781315e-13 0.000259435575091
1.8 1.67164479346e-13 0.000291217370745
1.8 1.67156011531e-13 0.000314508120963
lowest error 1.8 3.06474256409e-15
1.8 3.06474256409e-15 2.9846074594e-06
1.8 3.06472845047e-15 1.33288738229e-05
1.8 3.06475667779e-15 1.92982044362e-05
1.8 3.0647143369e-15 2.96422393968e-05
1.8 3.06477079155e-15 3.56119171383e-05
1.8 3.0647002234e-15 4.59554892633e-05
1.8 3.06478490537e-15 5.19257455509e-05
1.8 3.06468610997e-15 6.22686234228e-05
1.8 3.06479901926e-15 6.8239689675e-05
1.8 3.0646719966e-15 7.85816418767e-05
1.8 3.06481313321e-15 8.45537495118e-05
1.8 3.0646578833e-15 9.48945446106e-05
lowest error 1.9 1.46713473733e-13
1.9 1.46713473733e-13 6.73167053522e-06
1.9 1.46714149375e-13 2.25404303622e-05
1.9 1.46712798094e-13 3.60041439822e-05
1.9 1.4671482502e-13 5.18121586892e-05
1.9 1.46712122458e-13 6.52769899845e-05
1.9 1.46715500669e-13 8.10835145013e-05
1.9 1.46711446825e-13 9.45502085452e-05
1.9 1.4671617632e-13 0.000110354497779
1.9 1.46710771196e-13 0.00012382379967
1.9 1.46716851974e-13 0.000139625108525
1.9 1.46710095569e-13 0.000153097763337
1.9 1.46717527632e-13 0.000168895346745
lowest error 1.9 3.79117646787e-15
1.9 3.79117646787e-15 7.24478040093e-06
1.9 3.79119392693e-15 1.15374047147e-05
1.9 3.7911590089e-15 2.60268121224e-05
1.9 3.79121138606e-15 3.0319743209e-05
1.9 3.79114155001e-15 4.48086904834e-05
1.9 3.79122884527e-15 4.91022350837e-05
1.9 3.7911240912e-15 6.35904154698e-05
1.9 3.79124630457e-15 6.78848803397e-05
1.9 3.79110663246e-15 8.23719870815e-05
1.9 3.79126376394e-15 8.66676789784e-05
1.9 3.79108917381e-15 0.000101153405321
1.9 3.7912812234e-15 0.000105450630985
lowest error 2.0 1.04925246942e-13
2.0 1.04925246942e-13 3.20924309349e-08
2.0 1.04925730142e-13 3.52443828588e-05
2.0 1.04924763745e-13 3.53091087852e-05
2.0 1.04926213344e-13 7.0520317093e-05
2.0 1.0492428055e-13 7.05866662134e-05
2.0 1.04926696548e-13 0.000105795710278
2.0 1.04923797356e-13 0.000105864764722
2.0 1.04927179755e-13 0.000141070562393
2.0 1.04923314166e-13 0.000141143404289
2.0 1.04927662963e-13 0.000176344873507
2.0 1.04922830977e-13 0.000176422584985
2.0 1.04928146174e-13 0.000211618643598
lowest error 2.0 4.66197564116e-15
2.0 4.66197564116e-15 4.75614658768e-10
2.0 4.6619971104e-15 1.5736243848e-05
2.0 4.66195417202e-15 1.57370874199e-05
2.0 4.66201857974e-15 3.14730709956e-05
2.0 4.66193270297e-15 3.14735915561e-05
2.0 4.66191123403e-15 4.7209988022e-05
2.0 4.66204004918e-15 4.72100058153e-05
2.0 4.66188976518e-15 6.29462768202e-05
2.0 4.66206151871e-15 6.29470483089e-05
2.0 4.66186829644e-15 7.86824579504e-05
2.0 4.66208298835e-15 7.8684198475e-05
2.0 4.66184682779e-15 9.44185313996e-05
lowest error 2.1 7.21622390446e-14
2.1 7.21622390446e-14 2.32571741909e-06
2.1 7.21625713648e-14 2.17257446553e-05
2.1 7.2161906726e-14 2.63774310061e-05
2.1 7.21629036865e-14 4.57769552202e-05
2.1 7.21615744089e-14 5.04293960866e-05
2.1 7.21632360097e-14 6.98279142783e-05
2.1 7.21612420933e-14 7.44816127058e-05
2.1 7.21635683344e-14 9.38786218319e-05
2.1 7.21609097793e-14 9.85340808453e-05
2.1 7.21639006607e-14 0.000117929077883
2.1 7.21605774668e-14 0.000122586800508
2.1 7.21642329885e-14 0.000141979282415
lowest error 2.1 5.55159786406e-15
2.1 5.55159786406e-15 4.59303321021e-06
2.1 5.55162343017e-15 8.76307349484e-06
2.1 5.55157229807e-15 1.7949062356e-05
2.1 5.5516489964e-15 2.21192577583e-05
2.1 5.55154673219e-15 3.13050139318e-05
2.1 5.55167456275e-15 3.54755195815e-05
2.1 5.55152116643e-15 4.46608879621e-05
2.1 5.55170012921e-15 4.88318589649e-05
2.1 5.55149560079e-15 5.80166844348e-05
2.1 5.5517256958e-15 6.21882758969e-05
2.1 5.55147003527e-15 7.13724033505e-05
2.1 5.5517512625e-15 7.55447704015e-05
lowest error 2.2 4.79702520075e-14
2.2 4.79702520075e-14 2.93395138229e-06
2.2 4.79700310969e-14 1.28424927643e-05
2.2 4.79704729192e-14 1.87102873141e-05
2.2 4.79698101872e-14 2.86190451271e-05
2.2 4.79706938319e-14 3.44865150175e-05
2.2 4.79695892786e-14 4.43957057068e-05
2.2 4.79709147456e-14 5.02626345211e-05
2.2 4.7969368371e-14 6.01724745031e-05
2.2 4.79711356604e-14 6.60386458118e-05
2.2 4.79691474644e-14 7.59493515181e-05
2.2 4.79713565761e-14 8.18145488908e-05
2.2 4.79689265588e-14 9.17263367377e-05
lowest error 2.2 7.27582089956e-15
2.2 7.27582089956e-15 3.16755566931e-06
2.2 7.27585440604e-15 6.00838099984e-06
2.2 7.27578739325e-15 1.23434557309e-05
2.2 7.27588791266e-15 1.51843542766e-05
2.2 7.27575388709e-15 2.15193191768e-05
2.2 7.27592141944e-15 2.43603641619e-05
2.2 7.27572038108e-15 3.06951460236e-05
2.2 7.27595492637e-15 3.35364106543e-05
2.2 7.27568687523e-15 3.98709362632e-05
2.2 7.27598843346e-15 4.27124937477e-05
2.2 7.27565336953e-15 4.90466898952e-05
2.2 7.2760219407e-15 5.18886134575e-05
lowest error 2.3 3.05186978843e-14
2.3 3.05186978843e-14 2.93701618759e-06
2.3 3.05185573409e-14 5.74828409006e-06
2.3 3.05188384285e-14 1.16222836755e-05
2.3 3.0518416798e-14 1.44336171735e-05
2.3 3.05189789732e-14 2.0307518366e-05
2.3 3.05182762559e-14 2.31189830542e-05
2.3 3.05191195186e-14 2.89927202592e-05
2.3 3.05181357143e-14 3.18043817327e-05
2.3 3.05192600647e-14 3.76778893556e-05
2.3 3.05179951734e-14 4.04898132094e-05
2.3 3.05194006114e-14 4.63630256546e-05
2.3 3.05178546332e-14 4.91752774843e-05
lowest error 2.3 1.10572721777e-14
2.3 1.10572721777e-14 6.42220058023e-07
2.3 1.10572212572e-14 3.10974093543e-06
2.3 1.10573230985e-14 4.39418717546e-06
2.3 1.1057170337e-14 6.86169581199e-06
2.3 1.10573740194e-14 8.14616041378e-06
2.3 1.10571194169e-14 1.06136445677e-05
2.3 1.10574249407e-14 1.18981397721e-05
2.3 1.10570684971e-14 1.43655872034e-05
2.3 1.10574758621e-14 1.56501252513e-05
2.3 1.10570175776e-14 1.81175237182e-05
2.3 1.10575267838e-14 1.94021168509e-05
2.3 1.10569666582e-14 2.18694541125e-05
