2.00000E-03 1.258925400E-04 5.487513072E+11
2.00000E-03 1.584893200E-04 6.284418275E+11
2.00000E-03 1.995262300E-04 5.603521137E+11
2.00000E-03 1.000000000E-04 4.496485860E+11
2.00000E-03 2.511886400E-04 4.296655556E+11
2.00000E-03 3.162277700E-04 2.968630649E+11
2.00000E-03 1.000000000E-03 4.770538704E+08
2.00000E-03 3.162277700E-03 8.839090700E-18
2.00000E-03 1.258925400E-05 1.155909972E+09
2.00000E-03 1.258925400E-06 1.331623202E+05
2.00000E-03 1.258925400E-07 1.410860544E+01
2.00000E-03 1.258925400E-08 1.366173887E-03
2.00000E-03 1.258925400E-09 1.266161859E-07
2.00000E-03 1.584893200E-05 3.095130424E+09
2.00000E-03 1.584893200E-06 3.073940611E+05
2.00000E-03 1.584893200E-07 3.445829508E+01
2.00000E-03 1.584893200E-08 3.278428158E-03
2.00000E-03 1.584893200E-09 3.254382502E-07
2.00000E-03 1.995262300E-05 6.747411918E+09
2.00000E-03 1.995262300E-06 9.155277296E+05
2.00000E-03 1.995262300E-07 7.778073379E+01
2.00000E-03 1.995262300E-08 8.340194275E-03
2.00000E-03 1.995262300E-09 8.385940242E-07
2.00000E-03 1.000000000E-05 5.474906278E+08
2.00000E-03 1.000000000E-06 5.536250919E+04
2.00000E-03 1.000000000E-07 5.213298735E+00
2.00000E-03 1.000000000E-08 5.189641502E-04
2.00000E-03 1.000000000E-09 5.041573681E-08
2.00000E-03 2.511886400E-05 1.678793900E+10
2.00000E-03 2.511886400E-06 2.218460442E+06
2.00000E-03 2.511886400E-07 2.163150297E+02
2.00000E-03 2.511886400E-08 1.989723126E-02
2.00000E-03 2.511886400E-09 2.196926617E-06
2.00000E-03 3.162277700E-05 3.462127741E+10
2.00000E-03 3.162277700E-06 4.921773706E+06
2.00000E-03 3.162277700E-07 5.575065670E+02
2.00000E-03 3.162277700E-08 4.845701081E-02
2.00000E-03 3.162277700E-09 5.059834123E-06
2.00000E-03 3.981071700E-05 6.846707939E+10
2.00000E-03 3.981071700E-06 1.320360741E+07
2.00000E-03 3.981071700E-07 1.423220417E+03
2.00000E-03 3.981071700E-08 1.323603010E-01
2.00000E-03 3.981071700E-09 1.336658359E-05
2.00000E-03 5.011872300E-05 1.286769567E+11
2.00000E-03 5.011872300E-06 3.234246618E+07
2.00000E-03 5.011872300E-07 2.817415509E+03
2.00000E-03 5.011872300E-08 3.128421568E-01
2.00000E-03 5.011872300E-09 3.475957986E-05
2.00000E-03 6.309573400E-05 2.258214264E+11
2.00000E-03 6.309573400E-06 8.407211650E+07
2.00000E-03 6.309573400E-07 8.261945638E+03
2.00000E-03 6.309573400E-08 8.432632315E-01
2.00000E-03 6.309573400E-09 7.759045585E-05
2.00000E-03 7.943282300E-05 3.327669189E+11
2.00000E-03 7.943282300E-06 2.027974981E+08
2.00000E-03 7.943282300E-07 1.866325712E+04
2.00000E-03 7.943282300E-08 2.053775235E+00
2.00000E-03 7.943282300E-09 2.055240195E-04
5.00000E-03 1.258925400E-04 4.446117276E+10
5.00000E-03 1.584893200E-04 2.110071200E+10
5.00000E-03 1.995262300E-04 1.228990232E+10
5.00000E-03 2.511886400E-04 4.700608834E+09
5.00000E-03 3.162277700E-04 7.110905079E+08
5.00000E-03 1.000000000E-03 6.604732555E-08
5.00000E-03 1.258925400E-06 7.205985210E+05
5.00000E-03 1.258925400E-07 7.907527627E+01
5.00000E-03 1.258925400E-08 8.256108217E-03
5.00000E-03 1.258925400E-09 8.199446476E-07
5.00000E-03 1.584893200E-05 9.488323225E+09
5.00000E-03 1.584893200E-06 2.068628284E+06
5.00000E-03 1.584893200E-07 2.016745162E+02
5.00000E-03 1.584893200E-08 1.944375910E-02
5.00000E-03 1.584893200E-09 2.139158950E-06
5.00000E-03 1.995262300E-05 1.909257347E+10
5.00000E-03 1.995262300E-06 5.235528976E+06
5.00000E-03 1.995262300E-07 5.086113810E+02
5.00000E-03 1.995262300E-08 5.085819943E-02
5.00000E-03 1.995262300E-09 4.930255356E-06
5.00000E-03 1.000000000E-05 2.473134249E+09
5.00000E-03 1.000000000E-06 3.318291632E+05
5.00000E-03 1.000000000E-07 3.216302950E+01
5.00000E-03 1.000000000E-08 3.050467695E-03
5.00000E-03 1.000000000E-09 3.282880078E-07
5.00000E-03 2.511886400E-05 3.237847513E+10
5.00000E-03 2.511886400E-06 1.408885598E+07
5.00000E-03 2.511886400E-07 1.269031287E+03
5.00000E-03 2.511886400E-08 1.400795574E-01
5.00000E-03 2.511886400E-09 1.281043493E-05
5.00000E-03 3.162277700E-05 4.921220452E+10
5.00000E-03 3.162277700E-06 3.173268100E+07
5.00000E-03 3.162277700E-07 3.175271626E+03
5.00000E-03 3.162277700E-08 3.191508243E-01
5.00000E-03 3.162277700E-09 3.347786529E-05
5.00000E-03 3.981071700E-05 7.071752155E+10
5.00000E-03 3.981071700E-06 7.761698722E+07
5.00000E-03 3.981071700E-07 8.126795820E+03
5.00000E-03 3.981071700E-08 7.899119829E-01
5.00000E-03 3.981071700E-09 7.476267006E-05
5.00000E-03 5.011872300E-05 8.298016393E+10
5.00000E-03 5.011872300E-06 1.738029312E+08
5.00000E-03 5.011872300E-07 2.054928277E+04
5.00000E-03 5.011872300E-08 2.204244279E+00
5.00000E-03 5.011872300E-09 2.172901383E-04
5.00000E-03 6.309573400E-05 8.863463438E+10
5.00000E-03 6.309573400E-06 4.305019931E+08
5.00000E-03 6.309573400E-07 5.363604822E+04
5.00000E-03 6.309573400E-08 5.361479959E+00
5.00000E-03 6.309573400E-09 4.919349992E-04
5.00000E-03 7.943282300E-05 7.895939355E+10
5.00000E-03 7.943282300E-06 9.988708433E+08
5.00000E-03 7.943282300E-07 1.268473568E+05
5.00000E-03 7.943282300E-08 1.306445358E+01
5.00000E-03 7.943282300E-09 1.201755252E-03
1.00000E-02 1.258925400E-04 8.049253470E+08
1.00000E-02 1.584893200E-04 1.320591797E+08
1.00000E-02 1.995262300E-04 1.536482610E+07
1.00000E-02 1.000000000E-04 2.080010693E+09
1.00000E-02 2.511886400E-04 4.189682545E+05
1.00000E-02 1.258925400E-05 7.968316429E+09
1.00000E-02 1.258925400E-06 3.042249097E+06
1.00000E-02 1.258925400E-07 3.073176475E+02
1.00000E-02 1.258925400E-08 3.259965612E-02
1.00000E-02 1.258925400E-09 3.422308931E-06
1.00000E-02 1.584893200E-06 8.051148938E+06
1.00000E-02 1.584893200E-07 8.042564061E+02
1.00000E-02 1.584893200E-08 7.818290652E-02
1.00000E-02 1.584893200E-09 8.508097177E-06
1.00000E-02 1.995262300E-05 1.698446027E+10
1.00000E-02 1.995262300E-06 1.973612518E+07
1.00000E-02 1.995262300E-07 2.202416236E+03
1.00000E-02 1.995262300E-08 1.844626579E-01
1.00000E-02 1.000000000E-05 4.924213639E+09
1.00000E-02 1.000000000E-07 1.522407923E+02
1.00000E-02 1.000000000E-08 1.321976514E-02
1.00000E-02 1.000000000E-09 1.346741853E-06
1.00000E-02 2.511886400E-05 2.083481089E+10
1.00000E-02 2.511886400E-06 4.788788169E+07
1.00000E-02 2.511886400E-07 4.593337807E+03
1.00000E-02 2.511886400E-08 5.975017108E-01
1.00000E-02 2.511886400E-09 5.208568739E-05
1.00000E-02 3.162277700E-05 2.396199934E+10
1.00000E-02 3.162277700E-06 1.093042382E+08
1.00000E-02 3.162277700E-08 6.206467526E-02
1.00000E-02 3.162277700E-09 1.186452079E-04
1.00000E-02 3.981071700E-05 2.068871778E+10
1.00000E-02 3.981071700E-06 2.457919527E+08
1.00000E-02 3.981071700E-07 3.298018555E+04
1.00000E-02 3.981071700E-08 2.753882609E+00
1.00000E-02 3.981071700E-09 3.166736105E-04
1.00000E-02 5.011872300E-05 1.704676816E+10
1.00000E-02 5.011872300E-06 6.001747308E+08
1.00000E-02 5.011872300E-07 7.932716072E+04
1.00000E-02 5.011872300E-08 7.916484606E+00
1.00000E-02 5.011872300E-09 8.452597863E-04
1.00000E-02 6.309573400E-05 1.395864694E+10
1.00000E-02 6.309573400E-06 1.172971012E+09
1.00000E-02 6.309573400E-07 1.994837566E+05
1.00000E-02 6.309573400E-08 2.072518052E+01
1.00000E-02 6.309573400E-09 2.033560337E-03
1.00000E-02 7.943282300E-05 7.766971147E+09
1.00000E-02 7.943282300E-06 2.398992232E+09
1.00000E-02 7.943282300E-07 5.060620715E+05
1.00000E-02 7.943282300E-08 5.159662150E+01
1.00000E-02 7.943282300E-09 5.148100336E-03
5.00000E-02 1.000000000E-04 5.114001337E-10
5.00000E-02 1.258925400E-06 3.765975979E+07
5.00000E-02 1.258925400E-08 5.534220979E-01
5.00000E-02 1.258925400E-09 5.595249578E-05
5.00000E-02 1.584893200E-05 1.926761898E+08
5.00000E-02 1.584893200E-06 7.277668726E+07
5.00000E-02 1.584893200E-07 1.308235077E+04
5.00000E-02 1.584893200E-08 1.404709604E+00
5.00000E-02 1.584893200E-09 1.303387204E-04
5.00000E-02 1.995262300E-05 7.693661565E+07
5.00000E-02 1.995262300E-06 1.323610632E+08
5.00000E-02 1.995262300E-07 3.620961952E+04
5.00000E-02 1.995262300E-08 3.502117986E+00
5.00000E-02 1.000000000E-05 5.207395328E+08
5.00000E-02 1.000000000E-07 2.124375622E+03
5.00000E-02 1.000000000E-08 2.050533786E-01
5.00000E-02 1.000000000E-09 2.172015588E-05
5.00000E-02 2.511886400E-05 3.413847700E+07
5.00000E-02 2.511886400E-06 2.347107561E+08
5.00000E-02 2.511886400E-07 8.340936930E+04
5.00000E-02 2.511886400E-09 8.885014682E-04
5.00000E-02 3.162277700E-05 6.876805198E+06
5.00000E-02 3.162277700E-06 3.735605281E+08
5.00000E-02 3.162277700E-07 1.987401145E+05
5.00000E-02 3.162277700E-08 1.972425433E+01
5.00000E-02 3.162277700E-09 2.323909240E-03
5.00000E-02 3.981071700E-05 8.897133022E+05
5.00000E-02 3.981071700E-06 5.024971522E+08
5.00000E-02 3.981071700E-07 5.323480917E+05
5.00000E-02 3.981071700E-08 5.261234442E+01
5.00000E-02 3.981071700E-09 6.078012736E-03
5.00000E-02 5.011872300E-05 1.694097574E+04
5.00000E-02 5.011872300E-08 1.515142860E+02
5.00000E-02 5.011872300E-09 1.367890793E-02
5.00000E-02 6.309573400E-05 4.121738990E+01
5.00000E-02 6.309573400E-07 3.075912263E+06
5.00000E-02 6.309573400E-08 3.517256300E+02
5.00000E-02 6.309573400E-09 3.326988379E-02
5.00000E-02 7.943282300E-05 1.994197254E-03
5.00000E-02 7.943282300E-06 5.710077685E+08
5.00000E-02 7.943282300E-07 7.170270434E+06
5.00000E-02 7.943282300E-08 8.928440912E+02
1.00000E-01 1.258925400E-05 7.069479165E+06
1.00000E-01 1.258925400E-06 1.460765298E+07
1.00000E-01 1.258925400E-07 1.269887540E+03
1.00000E-01 1.258925400E-08 4.510619444E-01
1.00000E-01 1.258925400E-09 4.539621827E-05
1.00000E-01 1.584893200E-05 1.751204203E+06
1.00000E-01 1.584893200E-06 2.447061985E+07
1.00000E-01 1.584893200E-07 1.021890920E+04
1.00000E-01 1.584893200E-08 1.112614448E+00
1.00000E-01 1.584893200E-09 1.156582906E-04
1.00000E-01 1.995262300E-05 1.238021153E+05
1.00000E-01 1.995262300E-06 3.602935406E+07
1.00000E-01 1.995262300E-07 2.558966660E+04
1.00000E-01 1.995262300E-08 2.716635956E+00
1.00000E-01 1.995262300E-09 2.707959718E-04
1.00000E-01 1.000000000E-05 1.814079341E+07
1.00000E-01 1.000000000E-06 8.204717371E+06
1.00000E-01 1.000000000E-07 1.718219259E+03
1.00000E-01 1.000000000E-08 1.700639107E-01
1.00000E-01 1.000000000E-09 1.775233818E-05
1.00000E-01 2.511886400E-05 4.063903474E+03
1.00000E-01 2.511886400E-06 4.734455421E+07
1.00000E-01 2.511886400E-07 6.365424596E+04
1.00000E-01 2.511886400E-08 7.140138556E+00
1.00000E-01 2.511886400E-09 6.742096292E-04
1.00000E-01 3.162277700E-05 7.239241593E+00
1.00000E-01 3.162277700E-07 1.634783981E+05
1.00000E-01 3.981071700E-05 6.190862709E-04
1.00000E-01 3.981071700E-06 5.736752065E+07
1.00000E-01 3.981071700E-07 3.665067724E+05
1.00000E-01 3.981071700E-08 4.509765401E+01
1.00000E-01 3.981071700E-09 4.252657193E-03
1.00000E-01 5.011872300E-05 1.155563600E-10
1.00000E-01 5.011872300E-06 5.519916810E+07
1.00000E-01 5.011872300E-07 9.194074667E+05
1.00000E-01 5.011872300E-08 1.056161227E+02
1.00000E-01 5.011872300E-09 1.065079915E-02
1.00000E-01 6.309573400E-06 4.608123611E+07
1.00000E-01 6.309573400E-07 1.963635894E+06
1.00000E-01 6.309573400E-08 2.684800091E+02
1.00000E-01 6.309573400E-09 2.745363857E-02
1.00000E-01 7.943282300E-06 2.973394808E+07
1.00000E-01 7.943282300E-07 4.159185394E+06
1.00000E-01 7.943282300E-08 7.475136242E+02
1.00000E-01 7.943282300E-09 2.231704919E-02
1.50000E-01 1.258925400E-05 1.711225432E+05
1.50000E-01 1.258925400E-06 6.113749348E+06
1.50000E-01 1.258925400E-07 2.561041903E+03
1.50000E-01 1.258925400E-08 2.738493845E-01
1.50000E-01 1.258925400E-09 2.763395745E-05
1.50000E-01 1.584893200E-06 8.666339880E+06
1.50000E-01 1.584893200E-07 6.730746602E+03
1.50000E-01 1.584893200E-08 6.747756576E-01
1.50000E-01 1.584893200E-09 6.879360318E-05
1.50000E-01 1.995262300E-05 1.177195103E+01
1.50000E-01 1.995262300E-06 1.185665987E+07
1.50000E-01 1.995262300E-07 1.734947123E+04
1.50000E-01 1.995262300E-08 1.702921515E+00
1.50000E-01 1.995262300E-09 1.711836758E-04
1.50000E-01 1.000000000E-05 1.231586956E+06
1.50000E-01 1.000000000E-07 1.128579718E+03
1.50000E-01 1.000000000E-08 1.113443053E-01
1.50000E-01 1.000000000E-09 1.115752463E-05
1.50000E-01 2.511886400E-05 4.203530644E-03
1.50000E-01 2.511886400E-07 4.232753298E+04
1.50000E-01 2.511886400E-08 4.145058220E+00
1.50000E-01 2.511886400E-09 4.428517149E-04
1.50000E-01 3.162277700E-05 7.960454200E-09
1.50000E-01 3.162277700E-06 1.570383957E+07
1.50000E-01 3.162277700E-07 9.532676099E+04
1.50000E-01 3.162277700E-08 1.195463116E+01
1.50000E-01 3.162277700E-09 1.089467080E-03
1.50000E-01 3.981071700E-05 4.049052700E-18
1.50000E-01 3.981071700E-06 1.498920292E+07
1.50000E-01 3.981071700E-07 2.254018237E+05
1.50000E-01 3.981071700E-08 2.796126559E+01
1.50000E-01 3.981071700E-09 3.022206346E-03
1.50000E-01 5.011872300E-06 1.226716226E+07
1.50000E-01 5.011872300E-07 4.793406614E+05
1.50000E-01 5.011872300E-08 7.117354266E+01
1.50000E-01 5.011872300E-09 6.806532602E-03
1.50000E-01 6.309573400E-06 8.898714824E+06
1.50000E-01 6.309573400E-08 1.592240868E+02
1.50000E-01 6.309573400E-09 1.737571377E-02
1.50000E-01 7.943282300E-06 4.138740055E+06
1.50000E-01 7.943282300E-07 2.048953914E+06
1.50000E-01 7.943282300E-08 4.357709347E+02
1.50000E-01 7.943282300E-09 4.412934259E-02
2.00000E-01 1.258925400E-05 7.752355984E+02
2.00000E-01 1.258925400E-06 4.746584950E+06
2.00000E-01 1.258925400E-07 4.047131965E+03
2.00000E-01 1.258925400E-08 4.277393313E-01
2.00000E-01 1.258925400E-09 4.514678707E-05
2.00000E-01 1.584893200E-05 1.279995176E+00
2.00000E-01 1.584893200E-06 6.697061640E+06
2.00000E-01 1.584893200E-07 9.605598965E+03
2.00000E-01 1.584893200E-08 1.098474411E+00
2.00000E-01 1.584893200E-09 1.071679475E-04
2.00000E-01 1.995262300E-05 1.816507076E-04
2.00000E-01 1.995262300E-06 8.156536325E+06
2.00000E-01 1.995262300E-08 2.962131571E+00
2.00000E-01 1.995262300E-09 2.654292190E-04
2.00000E-01 1.000000000E-05 4.328031974E+04
2.00000E-01 1.000000000E-06 1.058515265E+06
2.00000E-01 1.000000000E-07 2.983375403E+02
2.00000E-01 1.000000000E-08 1.850418529E-01
2.00000E-01 1.000000000E-09 1.711516620E-05
2.00000E-01 2.511886400E-05 2.694542500E-11
2.00000E-01 2.511886400E-06 8.876468845E+06
2.00000E-01 2.511886400E-08 6.727837618E+00
2.00000E-01 2.511886400E-09 7.127049270E-04
2.00000E-01 3.162277700E-05 1.074873700E-22
2.00000E-01 3.162277700E-06 8.392543504E+06
2.00000E-01 3.162277700E-07 1.256944765E+05
2.00000E-01 3.162277700E-08 1.687293394E+01
2.00000E-01 3.162277700E-09 1.661977554E-03
2.00000E-01 3.981071700E-06 6.702835764E+06
2.00000E-01 3.981071700E-07 2.936638917E+05
2.00000E-01 3.981071700E-08 4.627748820E+01
2.00000E-01 3.981071700E-09 4.287727515E-03
2.00000E-01 5.011872300E-06 4.505818849E+06
2.00000E-01 5.011872300E-07 5.864737218E+05
2.00000E-01 5.011872300E-08 1.054923904E+02
2.00000E-01 6.309573400E-06 1.959071468E+06
2.00000E-01 6.309573400E-07 1.078153971E+06
2.00000E-01 6.309573400E-08 2.867387920E+02
2.00000E-01 6.309573400E-09 2.759126527E-02
2.00000E-01 7.943282300E-06 4.120791583E+05
2.00000E-01 7.943282300E-07 2.065513779E+06
2.00000E-01 7.943282300E-08 6.420673938E+02
2.00000E-01 7.943282300E-09 6.720763593E-02
2.50000E-01 1.122018454E-05 4.286966601E-03
2.50000E-01 1.122018454E-05 4.286966601E-03
2.50000E-01 1.258925400E-05 1.597790700E-05
2.50000E-01 1.258925400E-06 2.988580676E+06
2.50000E-01 1.258925400E-07 9.614857512E+03
2.50000E-01 1.258925400E-08 1.110099238E+00
2.50000E-01 1.258925400E-09 1.101350975E-04
2.50000E-01 1.412537545E-05 2.765981401E-09
2.50000E-01 1.412537545E-05 2.765981401E-09
2.50000E-01 1.584893200E-05 6.832105100E-13
2.50000E-01 1.584893200E-06 3.368903016E+06
2.50000E-01 1.584893200E-07 2.280027689E+04
2.50000E-01 1.584893200E-08 2.722974025E+00
2.50000E-01 1.584893200E-09 2.723229162E-04
2.50000E-01 1.778279410E-05 5.261649300E-18
2.50000E-01 1.778279410E-05 5.261649300E-18
2.50000E-01 1.995262300E-05 9.793732200E-25
2.50000E-01 1.995262300E-06 3.374398716E+06
2.50000E-01 1.995262300E-07 5.086266197E+04
2.50000E-01 1.995262300E-08 6.661867173E+00
2.50000E-01 1.995262300E-09 6.888185670E-04
2.50000E-01 1.000000000E-05 3.103228672E-01
2.50000E-01 1.000000000E-06 2.577736354E+06
2.50000E-01 1.000000000E-07 4.068096760E+03
2.50000E-01 1.000000000E-08 4.462088245E-01
2.50000E-01 1.000000000E-09 4.329242790E-05
2.50000E-01 2.511886400E-06 2.631902258E+06
2.50000E-01 2.511886400E-08 1.795187552E+01
2.50000E-01 3.162277700E-06 1.734165929E+06
2.50000E-01 3.162277700E-07 2.406192030E+05
2.50000E-01 3.162277700E-08 4.494252395E+01
2.50000E-01 3.162277700E-09 4.377578135E-03
2.50000E-01 3.981071700E-06 6.565814660E+05
2.50000E-01 3.981071700E-08 1.093982626E+02
2.50000E-01 3.981071700E-09 1.063310859E-02
2.50000E-01 5.011872300E-06 1.514865245E+05
2.50000E-01 5.011872300E-07 8.042869503E+05
2.50000E-01 5.011872300E-08 2.776264182E+02
2.50000E-01 5.011872300E-09 2.821049823E-02
2.50000E-01 6.309573400E-06 1.127131055E+04
2.50000E-01 6.309573400E-07 1.303660100E+06
2.50000E-01 6.309573400E-08 6.663819268E+02
2.50000E-01 6.309573400E-09 7.178354460E-02
2.50000E-01 7.943282300E-06 1.898213446E+02
2.50000E-01 7.943282300E-07 1.949141096E+06
2.50000E-01 7.943282300E-08 1.599049705E+03
2.50000E-01 7.943282300E-09 1.758317681E-01
3.00000E-01 1.258925400E-05 3.002841400E-13
3.00000E-01 1.258925400E-06 2.333483743E+06
3.00000E-01 1.258925400E-07 1.087296737E+04
3.00000E-01 1.258925400E-08 1.310002249E+00
3.00000E-01 1.258925400E-09 1.259753338E-04
3.00000E-01 1.584893200E-06 2.162325041E+06
3.00000E-01 1.584893200E-07 2.533052962E+04
3.00000E-01 1.584893200E-08 3.101744310E+00
3.00000E-01 1.584893200E-09 3.086977175E-04
3.00000E-01 1.995262300E-06 1.873587539E+06
3.00000E-01 1.995262300E-07 5.357464072E+04
3.00000E-01 1.995262300E-08 8.241950443E+00
3.00000E-01 1.995262300E-09 7.877865920E-04
3.00000E-01 1.000000000E-05 3.893404206E-06
3.00000E-01 1.000000000E-06 1.905907638E+06
3.00000E-01 1.000000000E-07 4.625352652E+03
3.00000E-01 1.000000000E-08 5.111085665E-01
3.00000E-01 1.000000000E-09 5.132907965E-05
3.00000E-01 2.511886400E-06 1.299377604E+06
3.00000E-01 2.511886400E-07 1.115734473E+05
3.00000E-01 2.511886400E-08 2.081887442E+01
3.00000E-01 2.511886400E-09 2.017638578E-03
3.00000E-01 3.162277700E-06 5.936784785E+05
3.00000E-01 3.162277700E-07 2.244026887E+05
3.00000E-01 3.162277700E-08 5.057257202E+01
3.00000E-01 3.981071700E-06 1.419466917E+05
3.00000E-01 3.981071700E-07 4.139468248E+05
3.00000E-01 3.981071700E-08 1.332132057E+02
3.00000E-01 3.981071700E-09 1.286332430E-02
3.00000E-01 5.011872300E-06 5.586846667E+03
3.00000E-01 5.011872300E-07 6.900029628E+05
3.00000E-01 5.011872300E-08 3.178041068E+02
3.00000E-01 5.011872300E-09 3.262303062E-02
3.00000E-01 6.309573400E-06 1.620429457E+02
3.00000E-01 6.309573400E-07 1.065496476E+06
3.00000E-01 6.309573400E-09 7.878650172E-02
3.00000E-01 7.943282300E-06 1.967075415E-01
3.00000E-01 7.943282300E-07 1.516136574E+06
3.00000E-01 7.943282300E-08 1.952869445E+03
3.00000E-01 7.943282300E-09 2.019636060E-01
3.50000E-01 1.258925400E-06 1.751657482E+06
3.50000E-01 1.258925400E-07 1.003757624E+04
3.50000E-01 1.258925400E-08 1.247647034E+00
3.50000E-01 1.258925400E-09 1.255133393E-04
3.50000E-01 1.584893200E-06 1.664980921E+06
3.50000E-01 1.584893200E-07 2.245233623E+04
3.50000E-01 1.584893200E-08 2.844093523E+00
3.50000E-01 1.584893200E-09 2.982037375E-04
3.50000E-01 1.995262300E-06 1.168591723E+06
3.50000E-01 1.995262300E-07 4.998880600E+04
3.50000E-01 1.995262300E-08 7.807145222E+00
3.50000E-01 1.995262300E-09 7.499619015E-04
3.50000E-01 1.000000000E-05 5.638105600E-11
3.50000E-01 1.000000000E-06 1.668838897E+06
3.50000E-01 1.000000000E-07 4.143653290E+03
3.50000E-01 1.000000000E-08 4.655264168E-01
3.50000E-01 2.511886400E-06 5.504187720E+05
3.50000E-01 2.511886400E-07 9.799489812E+04
3.50000E-01 2.511886400E-08 1.897347323E+01
3.50000E-01 2.511886400E-09 1.937716767E-03
3.50000E-01 3.162277700E-06 1.410762386E+05
3.50000E-01 3.162277700E-07 2.006879817E+05
3.50000E-01 3.162277700E-08 4.776875903E+01
3.50000E-01 3.162277700E-09 4.809660210E-03
3.50000E-01 3.981071700E-06 1.639471002E+04
3.50000E-01 3.981071700E-07 3.428813448E+05
3.50000E-01 3.981071700E-08 1.198731200E+02
3.50000E-01 3.981071700E-09 1.250661491E-02
3.50000E-01 5.011872300E-06 3.764564781E+02
3.50000E-01 5.011872300E-07 6.022095577E+05
3.50000E-01 5.011872300E-08 2.878822697E+02
3.50000E-01 5.011872300E-09 3.051094695E-02
3.50000E-01 6.309573400E-06 5.728390860E-01
3.50000E-01 6.309573400E-07 9.093779602E+05
3.50000E-01 6.309573400E-08 7.212906155E+02
3.50000E-01 6.309573400E-09 7.605318695E-02
3.50000E-01 7.943282300E-06 4.193519557E-05
3.50000E-01 7.943282300E-07 1.322518512E+06
3.50000E-01 7.943282300E-08 1.737334857E+03
3.50000E-01 7.943282300E-09 1.907624850E-01
4.00000E-01 1.258925400E-06 1.417988534E+06
4.00000E-01 1.258925400E-07 8.806034172E+03
4.00000E-01 1.258925400E-08 1.138449920E+00
4.00000E-01 1.258925400E-09 1.127248525E-04
4.00000E-01 1.584893200E-06 1.135336485E+06
4.00000E-01 1.584893200E-07 2.061245893E+04
4.00000E-01 1.584893200E-08 2.857820978E+00
4.00000E-01 1.584893200E-09 2.780916465E-04
4.00000E-01 1.995262300E-06 5.457013677E+05
4.00000E-01 1.995262300E-07 4.338294788E+04
4.00000E-01 1.995262300E-08 7.130499582E+00
4.00000E-01 1.995262300E-09 7.023747318E-04
4.00000E-01 1.000000000E-05 5.828992713E-19
4.00000E-01 1.000000000E-06 1.399137402E+06
4.00000E-01 1.000000000E-07 3.871353523E+03
4.00000E-01 1.000000000E-08 4.462052098E-01
4.00000E-01 1.000000000E-09 4.516458587E-05
4.00000E-01 2.511886400E-06 1.927912778E+05
4.00000E-01 2.511886400E-07 9.265483312E+04
4.00000E-01 2.511886400E-08 1.766761925E+01
4.00000E-01 2.511886400E-09 1.762048198E-03
4.00000E-01 3.162277700E-06 2.446446575E+04
4.00000E-01 3.162277700E-07 1.757725611E+05
4.00000E-01 3.162277700E-08 4.388517470E+01
4.00000E-01 3.162277700E-09 4.455760198E-03
4.00000E-01 3.981071700E-06 9.060416324E+02
4.00000E-01 3.981071700E-07 3.276471027E+05
4.00000E-01 3.981071700E-08 1.079925643E+02
4.00000E-01 3.981071700E-09 1.152528519E-02
4.00000E-01 5.011872300E-06 5.129073910E+00
4.00000E-01 5.011872300E-07 5.700998407E+05
4.00000E-01 5.011872300E-08 2.225378633E+02
4.00000E-01 5.011872300E-09 2.941179808E-02
4.00000E-01 6.309573400E-06 1.783788244E-03
4.00000E-01 6.309573400E-07 8.534225895E+05
4.00000E-01 6.309573400E-08 6.827638975E+02
4.00000E-01 6.309573400E-09 7.051408998E-02
4.00000E-01 7.943282300E-06 4.175240356E-09
4.00000E-01 7.943282300E-07 1.211294303E+06
4.00000E-01 7.943282300E-08 8.852264567E+02
4.00000E-01 7.943282300E-09 1.723468298E-01
4.50000E-01 1.258925400E-06 1.145196984E+06
4.50000E-01 1.258925400E-07 8.665543308E+03
4.50000E-01 1.258925400E-08 1.079294942E+00
4.50000E-01 1.258925400E-09 1.062840897E-04
4.50000E-01 1.584893200E-06 7.108717942E+05
4.50000E-01 1.584893200E-07 2.076264792E+04
4.50000E-01 1.584893200E-08 2.689064093E+00
4.50000E-01 1.584893200E-09 2.662039163E-04
4.50000E-01 1.995262300E-06 2.697363289E+05
4.50000E-01 1.995262300E-07 4.333223643E+04
4.50000E-01 1.995262300E-08 6.518813723E+00
4.50000E-01 1.995262300E-09 6.758139185E-04
4.50000E-01 1.000000000E-06 1.304033574E+06
4.50000E-01 1.000000000E-07 3.824131968E+03
4.50000E-01 1.000000000E-08 4.160621610E-01
4.50000E-01 1.000000000E-09 4.408070262E-05
4.50000E-01 2.511886400E-06 4.300993290E+04
4.50000E-01 2.511886400E-07 9.428689285E+04
4.50000E-01 2.511886400E-08 1.673213808E+01
4.50000E-01 2.511886400E-09 1.678800283E-03
4.50000E-01 3.162277700E-06 3.204846503E+03
4.50000E-01 3.162277700E-07 1.886052354E+05
4.50000E-01 3.162277700E-08 4.163057017E+01
4.50000E-01 3.162277700E-09 4.186549582E-03
4.50000E-01 3.981071700E-06 3.764273857E+01
4.50000E-01 3.981071700E-07 3.682575105E+05
4.50000E-01 3.981071700E-08 1.028043078E+02
4.50000E-01 3.981071700E-09 1.048496227E-02
4.50000E-01 5.011872300E-06 3.770909443E-02
4.50000E-01 5.011872300E-07 6.346863285E+05
4.50000E-01 5.011872300E-08 2.473505117E+02
4.50000E-01 5.011872300E-09 2.702460445E-02
4.50000E-01 6.309573400E-06 9.894547820E-07
4.50000E-01 6.309573400E-07 9.371762342E+05
4.50000E-01 6.309573400E-08 6.383163893E+02
4.50000E-01 6.309573400E-09 6.838959878E-02
4.50000E-01 7.943282300E-06 1.838625900E-15
4.50000E-01 7.943282300E-07 1.192992777E+06
4.50000E-01 7.943282300E-08 1.524591863E+03
4.50000E-01 7.943282300E-09 1.707792642E-01
5.00000E-01 1.258925400E-06 8.880634909E+05
5.00000E-01 1.258925400E-07 1.080154611E+04
5.00000E-01 1.258925400E-08 1.269196392E+00
5.00000E-01 1.258925400E-09 1.307780203E-04
5.00000E-01 1.584893200E-06 3.796459592E+05
5.00000E-01 1.584893200E-07 2.569850453E+04
5.00000E-01 1.584893200E-08 2.996196057E+00
5.00000E-01 1.584893200E-09 3.473031682E-04
5.00000E-01 1.995262300E-06 1.083227984E+05
5.00000E-01 1.995262300E-07 5.668185080E+04
5.00000E-01 1.995262300E-08 7.841422840E+00
5.00000E-01 1.995262300E-09 8.220696873E-04
5.00000E-01 1.000000000E-06 1.316692951E+06
5.00000E-01 1.000000000E-07 4.528269143E+03
5.00000E-01 1.000000000E-08 5.242203045E-01
5.00000E-01 1.000000000E-09 5.171790820E-05
5.00000E-01 2.511886400E-06 9.010084733E+03
5.00000E-01 2.511886400E-07 1.239643718E+05
5.00000E-01 2.511886400E-08 2.073182418E+01
5.00000E-01 2.511886400E-09 2.080373637E-03
5.00000E-01 3.162277700E-06 2.582970059E+02
5.00000E-01 3.162277700E-07 2.543192136E+05
5.00000E-01 3.162277700E-08 4.843830467E+01
5.00000E-01 3.162277700E-09 5.267869522E-03
5.00000E-01 3.981071700E-06 5.862407544E-01
5.00000E-01 3.981071700E-07 4.540351358E+05
5.00000E-01 3.981071700E-08 1.184608265E+02
5.00000E-01 3.981071700E-09 1.332867613E-02
5.00000E-01 5.011872300E-06 6.471791559E-05
5.00000E-01 5.011872300E-07 7.771724409E+05
5.00000E-01 5.011872300E-08 3.061608793E+02
5.00000E-01 5.011872300E-09 3.279314683E-02
5.00000E-01 6.309573400E-06 1.880985100E-11
5.00000E-01 6.309573400E-07 1.070042004E+06
5.00000E-01 6.309573400E-09 8.166555815E-02
5.00000E-01 7.943282300E-06 5.627954400E-22
5.00000E-01 7.943282300E-07 1.338373027E+06
5.00000E-01 7.943282300E-08 1.855012553E+03
5.00000E-01 7.943282300E-09 2.049229102E-01
5.50000E-01 1.258925400E-06 5.789634553E+05
5.50000E-01 1.258925400E-07 1.855944482E+04
5.50000E-01 1.258925400E-08 2.180684623E+00
5.50000E-01 1.584893200E-06 2.046749485E+05
5.50000E-01 1.584893200E-07 4.238436812E+04
5.50000E-01 1.584893200E-08 5.213728173E+00
5.50000E-01 1.995262300E-06 3.278327695E+04
5.50000E-01 1.995262300E-07 9.704561037E+04
5.50000E-01 1.995262300E-08 1.290969590E+01
5.50000E-01 1.000000000E-06 1.138463695E+06
5.50000E-01 1.000000000E-07 7.742232223E+03
5.50000E-01 1.000000000E-08 8.419667522E-01
5.50000E-01 2.511886400E-06 1.309794053E+03
5.50000E-01 2.511886400E-07 2.044492719E+05
5.50000E-01 2.511886400E-08 3.292589230E+01
5.50000E-01 3.162277700E-06 1.098152474E+01
5.50000E-01 3.162277700E-07 3.930016140E+05
5.50000E-01 3.162277700E-08 8.457485987E+01
5.50000E-01 3.981071700E-06 1.355379000E-03
5.50000E-01 3.981071700E-07 6.602615924E+05
5.50000E-01 3.981071700E-08 2.042245165E+02
5.50000E-01 3.981071700E-09 2.198068500E-02
5.50000E-01 5.011872300E-06 3.393134400E-09
5.50000E-01 5.011872300E-07 1.073608808E+06
5.50000E-01 5.011872300E-08 5.361800485E+02
5.50000E-01 5.011872300E-09 5.370216137E-02
5.50000E-01 6.309573400E-06 6.652512400E-18
5.50000E-01 6.309573400E-07 1.374634521E+06
5.50000E-01 6.309573400E-09 1.393054733E-01
5.50000E-01 7.943282300E-07 1.351454438E+06
5.50000E-01 7.943282300E-08 3.308145430E+03
5.50000E-01 7.943282300E-09 3.483912772E-01
6.00000E-01 1.258925400E-06 3.218947971E+05
6.00000E-01 1.258925400E-07 3.580217076E+04
6.00000E-01 1.258925400E-08 4.295194407E+00
6.00000E-01 1.584893200E-06 5.601008306E+04
6.00000E-01 1.584893200E-07 8.137998865E+04
6.00000E-01 1.584893200E-08 1.074691842E+01
6.00000E-01 1.995262300E-06 3.867259782E+03
6.00000E-01 1.995262300E-07 1.791734141E+05
6.00000E-01 1.995262300E-08 2.742853656E+01
6.00000E-01 1.000000000E-06 7.710806339E+05
6.00000E-01 1.000000000E-07 1.503332175E+04
6.00000E-01 1.000000000E-08 1.636420046E+00
6.00000E-01 2.511886400E-06 6.350928155E+01
6.00000E-01 2.511886400E-07 3.695553634E+05
6.00000E-01 2.511886400E-08 6.830283065E+01
6.00000E-01 3.162277700E-06 4.775117800E-02
6.00000E-01 3.162277700E-07 6.453601261E+05
6.00000E-01 3.162277700E-08 1.686336817E+02
6.00000E-01 3.162277700E-09 1.724090466E-02
6.00000E-01 3.981071700E-06 3.191470900E-07
6.00000E-01 3.981071700E-07 1.029953034E+06
6.00000E-01 3.981071700E-09 4.460699758E-02
6.00000E-01 5.011872300E-06 2.101364900E-14
6.00000E-01 5.011872300E-07 1.325239721E+06
6.00000E-01 5.011872300E-08 1.047729585E+03
6.00000E-01 5.011872300E-09 1.127230785E-01
6.00000E-01 6.309573400E-06 4.305653500E-27
6.00000E-01 6.309573400E-07 1.478319689E+06
6.00000E-01 6.309573400E-08 2.653035189E+03
6.00000E-01 6.309573400E-09 2.802282247E-01
6.00000E-01 7.943282300E-07 1.266161779E+06
6.00000E-01 7.943282300E-08 6.017022552E+03
6.00000E-01 7.943282300E-09 7.014860557E-01
6.50000E-01 1.122018454E-06 1.830651966E+05
6.50000E-01 1.122018454E-06 1.830651966E+05
6.50000E-01 1.258925400E-06 7.783814285E+04
6.50000E-01 1.258925400E-07 9.036919085E+04
6.50000E-01 1.258925400E-08 1.166104608E+01
6.50000E-01 1.412537545E-06 2.000836152E+04
6.50000E-01 1.412537545E-06 2.000836152E+04
6.50000E-01 1.584893200E-06 4.477112435E+03
6.50000E-01 1.584893200E-07 1.954870080E+05
6.50000E-01 1.584893200E-08 2.964959356E+01
6.50000E-01 1.778279410E-06 6.446566297E+02
6.50000E-01 1.778279410E-06 6.446566297E+02
6.50000E-01 1.995262300E-06 5.928803357E+01
6.50000E-01 1.995262300E-07 3.995050473E+05
6.50000E-01 1.995262300E-08 7.183016694E+01
6.50000E-01 1.000000000E-06 3.493227649E+05
6.50000E-01 1.000000000E-08 4.725585297E+00
6.50000E-01 2.238721139E-06 2.359037915E+00
6.50000E-01 2.238721139E-06 2.359037915E+00
6.50000E-01 2.511886400E-06 1.759995857E-02
6.50000E-01 2.511886400E-07 7.227074973E+05
6.50000E-01 2.511886400E-08 1.841502513E+02
6.50000E-01 2.818382931E-06 3.737787302E-04
6.50000E-01 2.818382931E-06 3.737787302E-04
6.50000E-01 3.162277700E-06 1.315295700E-07
6.50000E-01 3.162277700E-07 1.167700472E+06
6.50000E-01 3.162277700E-08 4.552720258E+02
6.50000E-01 3.162277700E-09 4.843235175E-02
6.50000E-01 3.548133892E-06 2.947784200E-11
6.50000E-01 3.548133892E-06 2.947784200E-11
6.50000E-01 3.981071700E-06 3.128037700E-15
6.50000E-01 3.981071700E-07 1.583040939E+06
6.50000E-01 3.981071700E-08 1.169574595E+03
6.50000E-01 3.981071700E-09 1.136207380E-01
6.50000E-01 5.011872300E-07 1.755865285E+06
6.50000E-01 5.011872300E-08 2.857167404E+03
6.50000E-01 5.011872300E-09 3.059815683E-01
6.50000E-01 6.309573400E-07 1.593814269E+06
6.50000E-01 6.309573400E-08 7.308437846E+03
6.50000E-01 6.309573400E-09 7.480144014E-01
6.50000E-01 7.943282300E-07 8.586225839E+05
6.50000E-01 7.943282300E-08 1.715725171E+04
6.50000E-01 7.943282300E-09 1.867837674E+00
7.00000E-01 1.258925400E-06 2.237803518E+03
7.00000E-01 1.258925400E-07 2.911938937E+05
7.00000E-01 1.258925400E-08 4.836513645E+01
7.00000E-01 1.584893200E-06 1.141904001E+01
7.00000E-01 1.584893200E-07 5.861313815E+05
7.00000E-01 1.584893200E-08 1.222160594E+02
7.00000E-01 1.995262300E-06 8.032812800E-03
7.00000E-01 1.995262300E-07 1.035504909E+06
7.00000E-01 1.995262300E-08 2.931191207E+02
7.00000E-01 1.000000000E-06 5.981087009E+04
7.00000E-01 1.000000000E-07 1.370543943E+05
7.00000E-01 2.511886400E-06 1.841478700E-08
7.00000E-01 2.511886400E-07 1.590733807E+06
7.00000E-01 2.511886400E-08 7.308945699E+02
7.00000E-01 3.162277700E-06 3.274842200E-18
7.00000E-01 3.162277700E-07 1.932874430E+06
7.00000E-01 3.162277700E-08 1.703437299E+03
7.00000E-01 3.162277700E-09 1.893324462E-01
7.00000E-01 3.981071700E-07 2.111980829E+06
7.00000E-01 3.981071700E-08 4.527537855E+03
7.00000E-01 3.981071700E-09 4.333070368E-01
7.00000E-01 5.011872300E-07 1.976500037E+06
7.00000E-01 5.011872300E-08 1.093508153E+04
7.00000E-01 5.011872300E-09 1.053081905E+00
7.00000E-01 6.309573400E-07 1.056251651E+06
7.00000E-01 6.309573400E-08 2.666704562E+04
7.00000E-01 6.309573400E-09 3.074335803E+00
7.00000E-01 7.943282300E-07 3.877691452E+05
7.00000E-01 7.943282300E-08 6.509741738E+04
7.00000E-01 7.943282300E-09 7.062959634E+00
7.50000E-01 1.122018454E-06 2.313558401E+02
7.50000E-01 1.122018454E-06 2.313558401E+02
7.50000E-01 1.258925400E-06 1.325015800E+01
7.50000E-01 1.258925400E-07 3.231542046E+06
7.50000E-01 1.258925400E-08 6.423492578E+02
7.50000E-01 1.412537545E-06 1.803823100E-01
7.50000E-01 1.412537545E-06 1.803823100E-01
7.50000E-01 1.584893200E-06 1.105621800E-03
7.50000E-01 1.584893200E-07 5.645535648E+06
7.50000E-01 1.584893200E-08 1.648303869E+03
7.50000E-01 1.778279410E-06 3.880941800E-06
7.50000E-01 1.778279410E-06 3.880941800E-06
7.50000E-01 1.995262300E-06 4.053949000E-10
7.50000E-01 1.995262300E-07 7.512788047E+06
7.50000E-01 1.995262300E-08 4.246878949E+03
7.50000E-01 1.000000000E-06 3.028760800E+03
7.50000E-01 1.000000000E-07 1.510503310E+06
7.50000E-01 1.000000000E-08 2.635577386E+02
7.50000E-01 2.238721139E-06 1.847967400E-13
7.50000E-01 2.238721139E-06 1.847967400E-13
7.50000E-01 2.511886400E-06 1.143494500E-19
7.50000E-01 2.511886400E-07 9.195678361E+06
7.50000E-01 2.511886400E-08 9.465329036E+03
7.50000E-01 3.162277700E-07 9.608418736E+06
7.50000E-01 3.162277700E-08 2.485240795E+04
7.50000E-01 3.162277700E-09 2.597851995E+00
7.50000E-01 3.981071700E-07 6.732204623E+06
7.50000E-01 3.981071700E-08 5.860198059E+04
7.50000E-01 3.981071700E-09 6.394030506E+00
7.50000E-01 5.011872300E-07 3.799189772E+06
7.50000E-01 5.011872300E-08 1.451474280E+05
7.50000E-01 5.011872300E-09 1.680281047E+01
7.50000E-01 6.309573400E-07 1.013833069E+06
7.50000E-01 6.309573400E-08 3.339860470E+05
7.50000E-01 6.309573400E-09 4.088494960E+01
7.50000E-01 7.943282300E-07 1.278635410E+05
7.50000E-01 7.943282300E-08 8.184618035E+05
7.50000E-01 7.943282300E-09 1.083992009E+02
7.00000E-01 2.511886400E-07 1.590733807E+06
8.00000E-01 1.122018454E-06 4.097543100E+02
8.00000E-01 1.258925400E-06 1.299124200E+01
8.00000E-01 1.258925400E-07 1.809037575E+06
8.00000E-01 1.258925400E-08 3.391428036E+02
8.00000E-01 1.412537545E-06 3.493721201E-01
8.00000E-01 1.584893200E-06 3.287053200E-03
8.00000E-01 1.584893200E-07 2.853580854E+06
8.00000E-01 1.584893200E-08 8.784667907E+02
8.00000E-01 1.778279410E-06 1.623380200E-06
8.00000E-01 1.995262300E-06 1.529708000E-09
8.00000E-01 1.995262300E-07 4.539874277E+06
8.00000E-01 1.995262300E-08 2.158115024E+03
8.00000E-01 1.000000000E-06 3.256311846E+03
8.00000E-01 1.000000000E-07 9.026489015E+05
8.00000E-01 1.000000000E-08 1.423410128E+02
8.00000E-01 2.238721139E-06 4.285875600E-13
8.00000E-01 2.511886400E-06 1.763125400E-19
8.00000E-01 2.511886400E-07 5.358346237E+06
8.00000E-01 2.511886400E-08 5.539612195E+03
8.00000E-01 2.818382931E-06 2.307430300E-26
8.00000E-01 3.162277700E-07 5.820359973E+06
8.00000E-01 3.162277700E-08 1.362396307E+04
8.00000E-01 3.162277700E-09 1.354694778E+00
8.00000E-01 3.981071700E-07 4.484699624E+06
8.00000E-01 3.981071700E-08 3.532339018E+04
8.00000E-01 3.981071700E-09 3.410346028E+00
8.00000E-01 5.011872300E-07 2.429310914E+06
8.00000E-01 5.011872300E-08 7.735865329E+04
8.00000E-01 5.011872300E-09 8.761960526E+00
8.00000E-01 6.309573400E-07 7.620016501E+05
8.00000E-01 6.309573400E-08 1.793193274E+05
8.00000E-01 6.309573400E-09 2.295638565E+01
8.00000E-01 7.943282300E-07 8.035272410E+04
8.00000E-01 7.943282300E-08 4.017051274E+05
8.00000E-01 7.943282300E-09 5.610091932E+01
8.10000E-01 1.122018454E-06 5.334561512E+02
8.10000E-01 1.122018454E-06 5.334561512E+02
8.10000E-01 1.258925400E-06 2.552886600E+01
8.10000E-01 1.258925400E-07 1.083275550E+06
8.10000E-01 1.258925400E-08 2.079112461E+02
8.10000E-01 1.412537545E-06 6.749480562E-01
8.10000E-01 1.412537545E-06 6.749480562E-01
8.10000E-01 1.584893200E-06 9.233334201E-03
8.10000E-01 1.584893200E-08 5.487990547E+02
8.10000E-01 1.778279410E-06 1.518157900E-04
8.10000E-01 1.778279410E-06 1.518157900E-04
8.10000E-01 1.995262300E-06 1.232184500E-07
8.10000E-01 1.995262300E-07 2.736321072E+06
8.10000E-01 1.995262300E-08 1.300300771E+03
8.10000E-01 1.000000000E-06 5.001195907E+03
8.10000E-01 1.000000000E-07 5.345783426E+05
8.10000E-01 1.000000000E-08 7.720007781E+01
8.10000E-01 2.238721139E-06 6.821801400E-12
8.10000E-01 2.238721139E-06 6.821801400E-12
8.10000E-01 2.511886400E-06 1.247148100E-16
8.10000E-01 2.511886400E-07 3.955291833E+06
8.10000E-01 2.511886400E-08 3.152928422E+03
8.10000E-01 3.162277700E-07 4.153342767E+06
8.10000E-01 3.162277700E-08 7.928295210E+03
8.10000E-01 3.162277700E-09 8.568314623E-01
8.10000E-01 3.981071700E-07 3.757621435E+06
8.10000E-01 3.981071700E-08 1.869445341E+04
8.10000E-01 3.981071700E-09 2.083326692E+00
8.10000E-01 5.011872300E-07 2.095956449E+06
8.10000E-01 5.011872300E-08 4.719166451E+04
8.10000E-01 5.011872300E-09 5.123040653E+00
8.10000E-01 6.309573400E-07 7.339763469E+05
8.10000E-01 6.309573400E-08 1.120052316E+05
8.10000E-01 6.309573400E-09 1.231390880E+01
8.10000E-01 7.943282300E-07 1.090322525E+05
8.10000E-01 7.943282300E-08 2.516622559E+05
8.10000E-01 7.943282300E-09 3.316959859E+01
8.20000E-01 1.122018454E-06 1.152336811E+03
8.20000E-01 1.122018454E-06 1.152336811E+03
8.20000E-01 1.258925400E-06 7.502558001E+01
8.20000E-01 1.258925400E-07 7.156146729E+05
8.20000E-01 1.258925400E-08 1.336815614E+02
8.20000E-01 1.412537545E-06 1.875066800E+00
8.20000E-01 1.412537545E-06 1.875066800E+00
8.20000E-01 1.584893200E-06 7.303721000E-02
8.20000E-01 1.584893200E-07 1.332577829E+06
8.20000E-01 1.584893200E-08 3.449555067E+02
8.20000E-01 1.778279410E-06 4.800502400E-04
8.20000E-01 1.778279410E-06 4.800502400E-04
8.20000E-01 1.995262300E-06 5.394497200E-07
8.20000E-01 1.995262300E-07 2.125340492E+06
8.20000E-01 1.995262300E-08 8.538456302E+02
8.20000E-01 1.000000000E-06 1.022048674E+04
8.20000E-01 1.000000000E-07 3.589081453E+05
8.20000E-01 1.000000000E-08 5.338657500E+01
8.20000E-01 2.238721139E-06 4.370495100E-10
8.20000E-01 2.238721139E-06 4.370495100E-10
8.20000E-01 2.511886400E-06 1.196615300E-14
8.20000E-01 2.511886400E-07 2.938118216E+06
8.20000E-01 2.511886400E-08 2.321922492E+03
8.20000E-01 2.818382931E-06 3.607402400E-21
8.20000E-01 2.818382931E-06 3.607402400E-21
8.20000E-01 3.162277700E-07 3.399906523E+06
8.20000E-01 3.162277700E-08 5.245195827E+03
8.20000E-01 3.162277700E-09 5.186047620E-01
8.20000E-01 3.981071700E-07 3.004895067E+06
8.20000E-01 3.981071700E-08 1.288913911E+04
8.20000E-01 3.981071700E-09 1.352506295E+00
8.20000E-01 5.011872300E-07 1.838359425E+06
8.20000E-01 5.011872300E-08 3.175846908E+04
8.20000E-01 5.011872300E-09 3.386910536E+00
8.20000E-01 6.309573400E-07 6.994626816E+05
8.20000E-01 6.309573400E-08 7.360161519E+04
8.20000E-01 6.309573400E-09 8.638317149E+00
8.20000E-01 7.943282300E-07 1.410073669E+05
8.20000E-01 7.943282300E-08 1.770595736E+05
8.20000E-01 7.943282300E-09 2.210700419E+01
8.30000E-01 1.122018454E-06 2.290606628E+03
8.30000E-01 1.122018454E-06 2.290606628E+03
8.30000E-01 1.258925400E-06 9.640237713E+01
8.30000E-01 1.258925400E-07 5.764817237E+05
8.30000E-01 1.258925400E-08 1.069278918E+02
8.30000E-01 1.412537545E-06 9.524626100E+00
8.30000E-01 1.412537545E-06 9.524626100E+00
8.30000E-01 1.584893200E-06 2.557765900E-01
8.30000E-01 1.584893200E-07 1.038164087E+06
8.30000E-01 1.584893200E-08 2.587675712E+02
8.30000E-01 1.778279410E-06 1.631968102E-03
8.30000E-01 1.778279410E-06 1.631968102E-03
8.30000E-01 1.995262300E-06 5.367167500E-06
8.30000E-01 1.995262300E-07 1.613617561E+06
8.30000E-01 1.995262300E-08 6.106288293E+02
8.30000E-01 1.000000000E-06 1.074782138E+04
8.30000E-01 1.000000000E-07 2.730096618E+05
8.30000E-01 1.000000000E-08 4.090153999E+01
8.30000E-01 2.238721139E-06 2.333044600E-09
8.30000E-01 2.238721139E-06 2.333044600E-09
8.30000E-01 2.511886400E-06 4.432929500E-14
8.30000E-01 2.511886400E-07 2.259446263E+06
8.30000E-01 2.511886400E-08 1.480251739E+03
8.30000E-01 2.818382931E-06 1.507573300E-20
8.30000E-01 2.818382931E-06 1.507573300E-20
8.30000E-01 3.162277700E-07 2.765162171E+06
8.30000E-01 3.162277700E-08 3.747763364E+03
8.30000E-01 3.162277700E-09 3.949389308E-01
8.30000E-01 3.981071700E-07 2.648518031E+06
8.30000E-01 3.981071700E-08 9.606672696E+03
8.30000E-01 3.981071700E-09 9.752814042E-01
8.30000E-01 5.011872300E-07 1.628766236E+06
8.30000E-01 5.011872300E-08 2.356774299E+04
8.30000E-01 5.011872300E-09 2.500490921E+00
8.30000E-01 6.309573400E-07 7.045839381E+05
8.30000E-01 6.309573400E-08 5.356712975E+04
8.30000E-01 6.309573400E-09 5.989832826E+00
8.30000E-01 7.943282300E-07 1.433595411E+05
8.30000E-01 7.943282300E-08 1.266983815E+05
8.30000E-01 7.943282300E-09 1.461861230E+01
8.40000E-01 1.258925400E-06 4.388115508E+02
8.40000E-01 1.258925400E-07 4.365634600E+05
8.40000E-01 1.258925400E-08 7.273405658E+01
8.40000E-01 1.584893200E-06 5.430728300E-01
8.40000E-01 1.584893200E-07 8.683955721E+05
8.40000E-01 1.584893200E-08 1.780291807E+02
8.40000E-01 1.995262300E-06 3.497341500E-05
8.40000E-01 1.995262300E-07 1.323544175E+06
8.40000E-01 1.995262300E-08 4.669592651E+02
8.40000E-01 1.000000000E-06 1.312562332E+04
8.40000E-01 1.000000000E-07 2.113715284E+05
8.40000E-01 1.000000000E-08 3.010525383E+01
8.40000E-01 2.511886400E-06 2.058968100E-12
8.40000E-01 2.511886400E-07 2.050765577E+06
8.40000E-01 2.511886400E-08 1.209691494E+03
8.40000E-01 3.162277700E-07 2.383971648E+06
8.40000E-01 3.162277700E-08 2.937890664E+03
8.40000E-01 3.162277700E-09 2.945386799E-01
8.40000E-01 3.981071700E-07 2.435456189E+06
8.40000E-01 3.981071700E-08 7.254118126E+03
8.40000E-01 5.011872300E-07 1.464664080E+06
8.40000E-01 5.011872300E-08 1.765469603E+04
8.40000E-01 6.309573400E-07 8.249369809E+05
8.40000E-01 6.309573400E-08 4.044166995E+04
8.40000E-01 6.309573400E-09 4.808449757E+00
8.40000E-01 7.943282300E-07 1.715071975E+05
8.40000E-01 7.943282300E-08 9.539150280E+04
8.40000E-01 7.943282300E-09 1.183724109E+01
8.50000E-01 1.258925400E-06 8.196697317E+02
8.50000E-01 1.258925400E-07 3.530365570E+05
8.50000E-01 1.258925400E-08 5.809264644E+01
8.50000E-01 1.584893200E-06 3.656748020E+00
8.50000E-01 1.584893200E-07 6.704439210E+05
8.50000E-01 1.584893200E-08 1.430976994E+02
8.50000E-01 1.995262300E-06 6.039683300E-04
8.50000E-01 1.995262300E-07 1.112017515E+06
8.50000E-01 1.995262300E-08 3.608837422E+02
8.50000E-01 1.000000000E-06 2.700307002E+04
8.50000E-01 1.000000000E-07 1.558983459E+05
8.50000E-01 1.000000000E-08 2.129558531E+01
8.50000E-01 2.511886400E-06 4.800694400E-10
8.50000E-01 2.511886400E-07 1.715510368E+06
8.50000E-01 2.511886400E-08 9.074304285E+02
8.50000E-01 3.162277700E-06 1.321290100E-20
8.50000E-01 3.162277700E-08 2.143114578E+03
8.50000E-01 3.162277700E-09 2.215288815E-01
8.50000E-01 3.981071700E-07 2.228942281E+06
8.50000E-01 3.981071700E-08 5.265367965E+03
8.50000E-01 3.981071700E-09 5.617811579E-01
8.50000E-01 5.011872300E-07 1.619567374E+06
8.50000E-01 5.011872300E-08 1.262141784E+04
8.50000E-01 5.011872300E-09 1.422435993E+00
8.50000E-01 6.309573400E-07 8.289193393E+05
8.50000E-01 6.309573400E-08 3.129433285E+04
8.50000E-01 6.309573400E-09 3.505415932E+00
8.50000E-01 7.943282300E-07 2.143694723E+05
8.50000E-01 7.943282300E-08 7.180298988E+04
8.50000E-01 7.943282300E-09 8.869281880E+00
8.60000E-01 1.122018454E-06 4.241382906E+03
8.60000E-01 1.122018454E-06 4.241382906E+03
8.60000E-01 1.258925400E-06 3.659198167E+02
8.60000E-01 1.258925400E-07 2.786629792E+05
8.60000E-01 1.258925400E-08 5.145497634E+01
8.60000E-01 1.412537545E-06 3.987091020E+01
8.60000E-01 1.412537545E-06 3.987091020E+01
8.60000E-01 1.584893200E-06 1.537657001E+00
8.60000E-01 1.584893200E-07 5.620519810E+05
8.60000E-01 1.584893200E-08 1.266715372E+02
8.60000E-01 1.778279410E-06 1.164276100E-02
8.60000E-01 1.778279410E-06 1.164276100E-02
8.60000E-01 1.995262300E-06 7.514544100E-05
8.60000E-01 1.995262300E-07 9.281904919E+05
8.60000E-01 1.995262300E-08 3.121280498E+02
8.60000E-01 1.000000000E-06 1.720961292E+04
8.60000E-01 1.000000000E-07 1.428682172E+05
8.60000E-01 1.000000000E-08 2.009518128E+01
8.60000E-01 2.238721139E-06 4.791747900E-07
8.60000E-01 2.238721139E-06 4.791747900E-07
8.60000E-01 2.511886400E-06 6.094859500E-11
8.60000E-01 2.511886400E-07 1.397180355E+06
8.60000E-01 2.511886400E-08 7.465473775E+02
8.60000E-01 2.818382931E-06 9.229518100E-16
8.60000E-01 2.818382931E-06 9.229518100E-16
8.60000E-01 3.162277700E-06 1.403167500E-21
8.60000E-01 3.162277700E-07 1.709648625E+06
8.60000E-01 3.162277700E-08 1.916354739E+03
8.60000E-01 3.162277700E-09 2.028192699E-01
8.60000E-01 3.981071700E-07 1.670554763E+06
8.60000E-01 3.981071700E-08 4.735125603E+03
8.60000E-01 3.981071700E-09 4.890718382E-01
8.60000E-01 5.011872300E-07 1.329687670E+06
8.60000E-01 5.011872300E-08 1.200558799E+04
8.60000E-01 5.011872300E-09 1.260996797E+00
8.60000E-01 6.309573400E-07 6.129937083E+05
8.60000E-01 6.309573400E-08 2.794705731E+04
8.60000E-01 6.309573400E-09 3.035979908E+00
8.60000E-01 7.943282300E-07 1.565140494E+05
8.60000E-01 7.943282300E-08 6.210889577E+04
8.60000E-01 7.943282300E-09 7.734331835E+00
8.70000E-01 1.122018454E-06 8.133211288E+03
8.70000E-01 1.122018454E-06 8.133211288E+03
8.70000E-01 1.258925400E-06 1.443619801E+03
8.70000E-01 1.258925400E-07 2.335416567E+05
8.70000E-01 1.258925400E-08 3.686441890E+01
8.70000E-01 1.412537545E-06 1.608892701E+02
8.70000E-01 1.412537545E-06 1.608892701E+02
8.70000E-01 1.584893200E-06 8.611423100E+00
8.70000E-01 1.584893200E-07 4.882718693E+05
8.70000E-01 1.584893200E-08 9.554081061E+01
8.70000E-01 1.778279410E-06 1.759806901E-01
8.70000E-01 1.778279410E-06 1.759806901E-01
8.70000E-01 1.995262300E-06 2.197978600E-03
8.70000E-01 1.995262300E-07 8.229743769E+05
8.70000E-01 1.995262300E-08 2.279683955E+02
8.70000E-01 1.000000000E-06 3.732835624E+04
8.70000E-01 1.000000000E-07 1.103374196E+05
8.70000E-01 1.000000000E-08 1.512126982E+01
8.70000E-01 2.238721139E-06 1.127157800E-05
8.70000E-01 2.238721139E-06 1.127157800E-05
8.70000E-01 2.511886400E-06 9.065380000E-09
8.70000E-01 2.511886400E-07 1.323137634E+06
8.70000E-01 2.511886400E-08 5.860666490E+02
8.70000E-01 2.818382931E-06 1.230903800E-12
8.70000E-01 2.818382931E-06 1.230903800E-12
8.70000E-01 3.162277700E-06 5.515813600E-19
8.70000E-01 3.162277700E-07 1.725323194E+06
8.70000E-01 3.162277700E-08 1.516081181E+03
8.70000E-01 3.162277700E-09 1.587846354E-01
8.70000E-01 3.981071700E-08 3.690592642E+03
8.70000E-01 3.981071700E-09 3.957086678E-01
8.70000E-01 5.011872300E-07 1.417427224E+06
8.70000E-01 5.011872300E-08 9.010813112E+03
8.70000E-01 5.011872300E-09 9.397609933E-01
8.70000E-01 6.309573400E-07 6.970125044E+05
8.70000E-01 6.309573400E-08 2.229840899E+04
8.70000E-01 6.309573400E-09 2.317611267E+00
8.70000E-01 7.943282300E-07 3.066426029E+05
8.70000E-01 7.943282300E-08 5.069883261E+04
8.70000E-01 7.943282300E-09 5.810985159E+00
8.80000E-01 1.122018454E-06 1.033557316E+04
8.80000E-01 1.122018454E-06 1.033557316E+04
8.80000E-01 1.258925400E-06 1.894426809E+03
8.80000E-01 1.258925400E-07 2.100854064E+05
8.80000E-01 1.258925400E-08 3.308739182E+01
8.80000E-01 1.412537545E-06 1.792944202E+02
8.80000E-01 1.412537545E-06 1.792944202E+02
8.80000E-01 1.584893200E-06 1.257098316E+01
8.80000E-01 1.584893200E-07 4.076377974E+05
8.80000E-01 1.778279410E-06 2.132560700E-01
8.80000E-01 1.778279410E-06 2.132560700E-01
8.80000E-01 1.995262300E-07 7.002246455E+05
8.80000E-01 1.995262300E-08 1.951477696E+02
8.80000E-01 1.000000000E-06 3.725623442E+04
8.80000E-01 1.000000000E-07 9.198346955E+04
8.80000E-01 1.000000000E-08 1.336336160E+01
8.80000E-01 2.238721139E-06 4.912096400E-06
8.80000E-01 2.238721139E-06 4.912096400E-06
8.80000E-01 2.511886400E-06 7.887405900E-09
8.80000E-01 2.511886400E-07 1.119543990E+06
8.80000E-01 2.511886400E-08 4.774694206E+02
8.80000E-01 2.818382931E-06 6.650067900E-13
8.80000E-01 2.818382931E-06 6.650067900E-13
8.80000E-01 3.162277700E-06 1.213870900E-16
8.80000E-01 3.162277700E-07 1.559172052E+06
8.80000E-01 3.162277700E-08 1.287668618E+03
8.80000E-01 3.162277700E-09 1.274792510E-01
8.80000E-01 3.548133892E-06 1.169258600E-23
8.80000E-01 3.548133892E-06 1.169258600E-23
8.80000E-01 3.981071700E-07 1.627991862E+06
8.80000E-01 3.981071700E-08 2.932481224E+03
8.80000E-01 3.981071700E-09 3.434723303E-01
8.80000E-01 5.011872300E-07 1.333855427E+06
8.80000E-01 5.011872300E-08 7.469454898E+03
8.80000E-01 5.011872300E-09 7.647052405E-01
8.80000E-01 6.309573400E-07 7.930582645E+05
8.80000E-01 6.309573400E-08 1.737210930E+04
8.80000E-01 6.309573400E-09 2.037179279E+00
8.80000E-01 7.943282300E-07 2.209908986E+05
8.80000E-01 7.943282300E-08 4.312700542E+04
8.80000E-01 7.943282300E-09 5.386479239E+00
8.90000E-01 1.122018454E-06 1.604116012E+04
8.90000E-01 1.122018454E-06 1.604116012E+04
8.90000E-01 1.258925400E-06 3.069539902E+03
8.90000E-01 1.258925400E-07 1.839660416E+05
8.90000E-01 1.258925400E-08 2.680708507E+01
8.90000E-01 1.412537545E-06 3.070341317E+02
8.90000E-01 1.412537545E-06 3.070341317E+02
8.90000E-01 1.584893200E-06 2.814960418E+01
8.90000E-01 1.584893200E-07 3.595348098E+05
8.90000E-01 1.584893200E-08 6.904729237E+01
8.90000E-01 1.778279410E-06 1.296070303E+00
8.90000E-01 1.778279410E-06 1.296070303E+00
8.90000E-01 1.995262300E-06 5.275872301E-03
8.90000E-01 1.995262300E-07 6.327212582E+05
8.90000E-01 1.995262300E-08 1.777326255E+02
8.90000E-01 1.000000000E-06 4.579083999E+04
8.90000E-01 1.000000000E-07 8.813980135E+04
8.90000E-01 1.000000000E-08 9.909818638E+00
8.90000E-01 2.238721139E-06 1.070174800E-04
8.90000E-01 2.238721139E-06 1.070174800E-04
8.90000E-01 2.511886400E-06 9.754883000E-08
8.90000E-01 2.511886400E-07 1.008767383E+06
8.90000E-01 2.511886400E-08 4.370379575E+02
8.90000E-01 2.818382931E-06 2.600071500E-11
8.90000E-01 2.818382931E-06 2.600071500E-11
8.90000E-01 3.162277700E-06 5.189543800E-16
8.90000E-01 3.162277700E-07 1.432521705E+06
8.90000E-01 3.162277700E-08 1.039463290E+03
8.90000E-01 3.162277700E-09 1.089382370E-01
8.90000E-01 3.548133892E-06 7.527376000E-23
8.90000E-01 3.548133892E-06 7.527376000E-23
8.90000E-01 3.981071700E-07 1.477383738E+06
8.90000E-01 3.981071700E-08 2.630846856E+03
8.90000E-01 3.981071700E-09 2.673809079E-01
8.90000E-01 5.011872300E-07 1.360391924E+06
8.90000E-01 5.011872300E-08 6.274540221E+03
8.90000E-01 5.011872300E-09 6.714502520E-01
8.90000E-01 6.309573400E-07 8.409754136E+05
8.90000E-01 6.309573400E-08 1.559516400E+04
8.90000E-01 6.309573400E-09 1.601116160E+00
8.90000E-01 7.943282300E-07 3.345805830E+05
8.90000E-01 7.943282300E-08 3.525121591E+04
8.90000E-01 7.943282300E-09 4.140388106E+00
8.00000E-01 1.122018454E-06 4.097543100E+02
8.00000E-01 1.412537545E-06 3.493721201E-01
8.00000E-01 1.778279410E-06 1.623380200E-06
8.00000E-01 2.238721139E-06 4.285875600E-13
8.00000E-01 2.818382931E-06 2.307430300E-26
9.00000E-01 1.122018454E-06 1.558328005E+04
9.00000E-01 1.258925400E-06 2.132668205E+03
9.00000E-01 1.258925400E-07 1.602879708E+05
9.00000E-01 1.258925400E-08 2.438956020E+01
9.00000E-01 1.412537545E-06 3.596640605E+02
9.00000E-01 1.584893200E-06 1.810854801E+01
9.00000E-01 1.584893200E-07 3.222896731E+05
9.00000E-01 1.584893200E-08 6.092249779E+01
9.00000E-01 1.778279410E-06 1.695742000E+00
9.00000E-01 1.995262300E-06 1.821120700E-02
9.00000E-01 1.995262300E-07 5.856581792E+05
9.00000E-01 1.995262300E-08 1.476268226E+02
9.00000E-01 1.000000000E-06 5.030100252E+04
9.00000E-01 1.000000000E-07 7.608188176E+04
9.00000E-01 1.000000000E-08 9.625824376E+00
9.00000E-01 2.238721139E-06 1.595433900E-04
9.00000E-01 2.511886400E-06 1.050594600E-07
9.00000E-01 2.511886400E-07 9.148224245E+05
9.00000E-01 2.511886400E-08 3.690901227E+02
9.00000E-01 2.818382931E-06 2.803071200E-11
9.00000E-01 3.162277700E-06 7.275056180E-16
9.00000E-01 3.162277700E-07 1.263783998E+06
9.00000E-01 3.162277700E-08 9.327344597E+02
9.00000E-01 3.162277700E-09 9.305945853E-02
9.00000E-01 3.548133892E-06 1.234586200E-21
9.00000E-01 3.981071700E-07 1.490079124E+06
9.00000E-01 3.981071700E-08 2.265646591E+03
9.00000E-01 5.011872300E-07 1.132408435E+06
9.00000E-01 5.011872300E-08 5.484258497E+03
9.00000E-01 5.011872300E-09 5.918274311E-01
9.00000E-01 6.309573400E-07 7.970870581E+05
9.00000E-01 6.309573400E-08 1.331008189E+04
9.00000E-01 6.309573400E-09 1.507691742E+00
9.00000E-01 7.943282300E-07 3.329787321E+05
9.00000E-01 7.943282300E-08 3.099416323E+04
9.00000E-01 7.943282300E-09 3.601501579E+00
9.50000E-01 1.122018454E-06 1.475898700E+04
9.50000E-01 1.122018454E-06 1.475898700E+04
9.50000E-01 1.258925400E-07 9.664489222E+04
9.50000E-01 1.258925400E-08 1.461656078E+01
9.50000E-01 1.412537545E-06 6.305083900E+02
9.50000E-01 1.412537545E-06 6.305083900E+02
9.50000E-01 1.584893200E-06 2.612343500E+01
9.50000E-01 1.584893200E-07 1.921465433E+05
9.50000E-01 1.584893200E-08 3.582741980E+01
9.50000E-01 1.778279410E-06 2.400572700E+00
9.50000E-01 1.778279410E-06 2.400572700E+00
9.50000E-01 1.995262300E-06 3.055387400E-02
9.50000E-01 1.995262300E-07 3.706404843E+05
9.50000E-01 1.995262300E-08 8.812412166E+01
9.50000E-01 1.000000000E-06 4.936293601E+04
9.50000E-01 1.000000000E-07 4.642581729E+04
9.50000E-01 1.000000000E-08 6.057425605E+00
9.50000E-01 2.238721139E-06 1.103390100E-04
9.50000E-01 2.238721139E-06 1.103390100E-04
9.50000E-01 2.511886400E-06 1.436463700E-06
9.50000E-01 2.511886400E-07 6.067089147E+05
9.50000E-01 2.511886400E-08 2.339088917E+02
9.50000E-01 2.818382931E-06 1.048876500E-10
9.50000E-01 2.818382931E-06 1.048876500E-10
9.50000E-01 3.162277700E-07 7.910504042E+05
9.50000E-01 3.162277700E-08 5.477706784E+02
9.50000E-01 3.162277700E-09 5.820809290E-02
9.50000E-01 3.548133892E-06 2.009257400E-20
9.50000E-01 3.548133892E-06 2.009257400E-20
9.50000E-01 3.981071700E-06 1.899023900E-28
9.50000E-01 3.981071700E-07 1.005610303E+06
9.50000E-01 3.981071700E-08 1.357441663E+03
9.50000E-01 3.981071700E-09 1.464188978E-01
9.50000E-01 5.011872300E-07 8.879607514E+05
9.50000E-01 5.011872300E-08 3.571106054E+03
9.50000E-01 5.011872300E-09 3.743126294E-01
9.50000E-01 6.309573400E-07 5.577207605E+05
9.50000E-01 6.309573400E-08 8.159250409E+03
9.50000E-01 6.309573400E-09 8.949040705E-01
9.50000E-01 7.943282300E-07 2.489976901E+05
9.50000E-01 7.943282300E-08 1.895891166E+04
9.50000E-01 7.943282300E-09 2.327229325E+00
9.00000E-01 1.122018454E-06 1.558328005E+04
9.00000E-01 1.412537545E-06 3.596640605E+02
9.00000E-01 1.778279410E-06 1.695742000E+00
9.00000E-01 2.238721139E-06 1.595433900E-04
9.00000E-01 2.818382931E-06 2.803071200E-11
9.00000E-01 3.548133892E-06 1.234586200E-21
1.50000E+00 1.258925400E-06 7.454864747E-07
1.50000E+00 1.258925400E-07 4.248547751E+03
1.50000E+00 1.258925400E-08 1.107176117E+00
1.50000E+00 1.584893200E-06 5.447001512E-13
1.50000E+00 1.584893200E-07 6.272948555E+03
1.50000E+00 1.584893200E-08 2.915889701E+00
1.50000E+00 1.995262300E-06 1.608679800E-23
1.50000E+00 1.995262300E-07 8.211344444E+03
1.50000E+00 1.995262300E-08 7.372531740E+00
1.50000E+00 1.000000000E-06 1.087327127E-02
1.50000E+00 1.000000000E-08 4.879929100E-01
1.50000E+00 2.511886400E-07 8.410444849E+03
1.50000E+00 2.511886400E-08 1.755248346E+01
1.50000E+00 3.162277700E-07 6.594311475E+03
1.50000E+00 3.162277700E-08 4.350668583E+01
1.50000E+00 3.162277700E-09 4.829502363E-03
1.50000E+00 3.981071700E-07 3.319537165E+03
1.50000E+00 3.981071700E-08 1.051687454E+02
1.50000E+00 3.981071700E-09 1.196888657E-02
1.50000E+00 5.011872300E-07 1.011783804E+03
1.50000E+00 5.011872300E-08 2.461974496E+02
1.50000E+00 5.011872300E-09 2.970012082E-02
1.50000E+00 6.309573400E-07 9.251578916E+01
1.50000E+00 6.309573400E-08 5.176308352E+02
1.50000E+00 6.309573400E-09 7.582885897E-02
1.50000E+00 7.943282300E-07 2.623748009E+00
1.50000E+00 7.943282300E-08 1.233943604E+03
1.50000E+00 7.943282300E-09 1.924696118E-01
1.60000E+00 1.258925400E-06 1.452956812E-09
1.60000E+00 1.258925400E-07 1.425283983E+03
1.60000E+00 1.258925400E-08 4.521316034E-01
1.60000E+00 1.584893200E-06 1.561264002E-16
1.60000E+00 1.584893200E-07 2.043479975E+03
1.60000E+00 1.584893200E-08 1.170363414E+00
1.60000E+00 1.995262300E-06 1.343676505E-29
1.60000E+00 1.995262300E-07 2.403471749E+03
1.60000E+00 1.995262300E-08 2.903660946E+00
1.60000E+00 1.000000000E-06 2.076111175E-04
1.60000E+00 1.000000000E-07 8.451044054E+02
1.60000E+00 1.000000000E-08 1.966001829E-01
1.60000E+00 2.511886400E-07 2.339083631E+03
1.60000E+00 2.511886400E-08 7.292678774E+00
1.60000E+00 3.162277700E-07 1.729313895E+03
1.60000E+00 3.162277700E-08 1.748793844E+01
1.60000E+00 3.162277700E-09 1.988992343E-03
1.60000E+00 3.981071700E-08 4.430281987E+01
1.60000E+00 3.981071700E-09 4.911068356E-03
1.60000E+00 5.011872300E-07 1.251083353E+02
1.60000E+00 5.011872300E-08 9.101197240E+01
1.60000E+00 6.309573400E-07 1.019736597E+01
1.60000E+00 6.309573400E-08 2.077299008E+02
1.60000E+00 6.309573400E-09 3.191458480E-02
1.60000E+00 7.943282300E-07 1.692058797E-01
1.60000E+00 7.943282300E-08 4.326474752E+02
1.60000E+00 7.943282300E-09 8.090790584E-02
1.70000E+00 1.258925400E-07 5.766176772E+02
1.70000E+00 1.258925400E-08 2.242845115E-01
1.70000E+00 1.584893200E-06 1.224356590E-20
1.70000E+00 1.584893200E-07 8.116128755E+02
1.70000E+00 1.584893200E-08 5.838180819E-01
1.70000E+00 1.995262300E-07 9.364578137E+02
1.70000E+00 1.995262300E-08 1.359140287E+00
1.70000E+00 1.000000000E-06 1.299052437E-06
1.70000E+00 1.000000000E-07 3.499645294E+02
1.70000E+00 1.000000000E-08 9.377024710E-02
1.70000E+00 2.511886400E-07 8.848068765E+02
1.70000E+00 2.511886400E-08 3.146771662E+00
1.70000E+00 3.162277700E-07 4.232841552E+02
1.70000E+00 3.162277700E-08 8.501856310E+00
1.70000E+00 3.162277700E-09 8.688073390E-04
1.70000E+00 3.981071700E-07 1.392676061E+02
1.70000E+00 3.981071700E-08 1.913379824E+01
1.70000E+00 3.981071700E-09 2.226255076E-03
1.70000E+00 5.011872300E-07 1.861305779E+01
1.70000E+00 5.011872300E-08 4.263078175E+01
1.70000E+00 5.011872300E-09 5.824784080E-03
1.70000E+00 6.309573400E-07 7.167081878E-01
1.70000E+00 6.309573400E-08 9.841814840E+01
1.70000E+00 6.309573400E-09 1.412651646E-02
1.70000E+00 7.943282300E-08 1.982132750E+02
1.70000E+00 7.943282300E-09 3.765756530E-02
1.80000E+00 1.258925400E-06 2.920972072E-13
1.80000E+00 1.258925400E-07 2.754003022E+02
1.80000E+00 1.258925400E-08 1.127507680E-01
1.80000E+00 1.584893200E-06 1.088985300E-23
1.80000E+00 1.584893200E-07 3.306740299E+02
1.80000E+00 1.584893200E-08 2.743327276E-01
1.80000E+00 1.995262300E-07 3.799804330E+02
1.80000E+00 1.995262300E-08 7.206875570E-01
1.80000E+00 1.000000000E-06 1.288485085E-07
1.80000E+00 1.000000000E-07 1.744867367E+02
1.80000E+00 1.000000000E-08 4.354336710E-02
1.80000E+00 2.511886400E-07 3.323722788E+02
1.80000E+00 2.511886400E-08 1.618439653E+00
1.80000E+00 3.162277700E-07 1.758762739E+02
1.80000E+00 3.162277700E-08 4.068179570E+00
1.80000E+00 3.162277700E-09 4.476310820E-04
1.80000E+00 3.981071700E-07 5.387456481E+01
1.80000E+00 3.981071700E-08 8.946602740E+00
1.80000E+00 3.981071700E-09 1.141221834E-03
1.80000E+00 5.011872300E-07 4.945529792E+00
1.80000E+00 5.011872300E-08 2.210809802E+01
1.80000E+00 5.011872300E-09 2.785404908E-03
1.80000E+00 6.309573400E-07 3.508062363E-01
1.80000E+00 6.309573400E-08 4.544689650E+01
1.80000E+00 6.309573400E-09 7.001167150E-03
1.80000E+00 7.943282300E-07 1.202653074E-03
1.80000E+00 7.943282300E-08 9.404931760E+01
1.80000E+00 7.943282300E-09 1.703528344E-02
1.90000E+00 1.258925400E-06 3.639625140E-14
1.90000E+00 1.258925400E-07 1.398607515E+02
1.90000E+00 1.258925400E-08 5.753985720E-02
1.90000E+00 1.584893200E-06 1.649428573E-24
1.90000E+00 1.584893200E-07 1.842159082E+02
1.90000E+00 1.584893200E-08 1.421239707E-01
1.90000E+00 1.995262300E-07 1.938831839E+02
1.90000E+00 1.995262300E-08 3.410293390E-01
1.90000E+00 1.000000000E-06 2.892299562E-08
1.90000E+00 1.000000000E-08 2.248638050E-02
1.90000E+00 2.511886400E-07 1.767112411E+02
1.90000E+00 2.511886400E-08 8.493060170E-01
1.90000E+00 3.162277700E-07 8.950281703E+01
1.90000E+00 3.162277700E-08 2.054667372E+00
1.90000E+00 3.162277700E-09 2.399868930E-04
1.90000E+00 3.981071700E-07 2.613077521E+01
1.90000E+00 3.981071700E-09 5.752970300E-04
1.90000E+00 5.011872300E-07 3.585133761E+00
1.90000E+00 5.011872300E-08 1.020613549E+01
1.90000E+00 5.011872300E-09 1.380504796E-03
1.90000E+00 6.309573400E-07 1.015211064E-01
1.90000E+00 6.309573400E-08 2.413262136E+01
1.90000E+00 6.309573400E-09 3.734518410E-03
1.90000E+00 7.943282300E-07 5.202215118E-04
1.90000E+00 7.943282300E-08 4.689187110E+01
1.90000E+00 7.943282300E-09 9.101078500E-03
2.00000E+00 1.258925400E-06 6.424824189E-17
2.00000E+00 1.258925400E-07 7.113840490E+01
2.00000E+00 1.258925400E-08 3.670827650E-02
2.00000E+00 1.584893200E-06 1.380610004E-28
2.00000E+00 1.584893200E-07 8.865359070E+01
2.00000E+00 1.584893200E-08 8.636803440E-02
2.00000E+00 1.995262300E-07 9.265530410E+01
2.00000E+00 1.995262300E-08 2.027659490E-01
2.00000E+00 1.000000000E-06 1.051112727E-09
2.00000E+00 1.000000000E-07 4.820592580E+01
2.00000E+00 1.000000000E-08 1.458928500E-02
2.00000E+00 2.511886400E-07 6.564131179E+01
2.00000E+00 2.511886400E-08 5.137139890E-01
2.00000E+00 3.162277700E-07 3.012397364E+01
2.00000E+00 3.162277700E-08 1.283641238E+00
2.00000E+00 3.981071700E-07 6.757280394E+00
2.00000E+00 3.981071700E-09 3.812828810E-04
2.00000E+00 5.011872300E-07 5.127496233E-01
2.00000E+00 5.011872300E-08 6.579380320E+00
2.00000E+00 5.011872300E-09 8.858522420E-04
2.00000E+00 6.309573400E-07 1.292486073E-02
2.00000E+00 6.309573400E-08 1.380432638E+01
2.00000E+00 6.309573400E-09 2.248842780E-03
2.00000E+00 7.943282300E-07 2.144656420E-05
2.00000E+00 7.943282300E-08 2.950863940E+01
2.00000E+00 7.943282300E-09 5.107597190E-03
2.10000E+00 1.258925400E-06 2.860177952E-20
2.10000E+00 1.258925400E-07 4.043476830E+01
2.10000E+00 1.258925400E-08 2.421342960E-02
2.10000E+00 1.584893200E-06 5.047104741E-32
2.10000E+00 1.584893200E-07 4.701519660E+01
2.10000E+00 1.584893200E-08 5.956445660E-02
2.10000E+00 1.995262300E-07 4.432047770E+01
2.10000E+00 1.995262300E-08 1.428297640E-01
2.10000E+00 1.000000000E-06 1.701144664E-11
2.10000E+00 1.000000000E-07 2.786264760E+01
2.10000E+00 1.000000000E-08 9.717622100E-03
2.10000E+00 2.511886400E-07 2.843249253E+01
2.10000E+00 2.511886400E-08 3.337330430E-01
2.10000E+00 3.162277700E-07 1.037671387E+01
2.10000E+00 3.162277700E-08 8.135473700E-01
2.10000E+00 3.162277700E-09 9.978063800E-05
2.10000E+00 3.981071700E-07 1.811415728E+00
2.10000E+00 3.981071700E-08 1.874099060E+00
2.10000E+00 5.011872300E-07 1.015840979E-01
2.10000E+00 5.011872300E-08 4.299218340E+00
2.10000E+00 5.011872300E-09 6.479825700E-04
2.10000E+00 6.309573400E-07 1.327227120E-03
2.10000E+00 6.309573400E-08 8.908446090E+00
2.10000E+00 6.309573400E-09 1.474262250E-03
2.10000E+00 7.943282300E-07 1.151992064E-06
2.10000E+00 7.943282300E-08 1.699040010E+01
2.20000E+00 1.258925400E-06 1.378227520E-23
2.20000E+00 1.258925400E-07 2.303818480E+01
2.20000E+00 1.258925400E-08 1.656533150E-02
2.20000E+00 1.584893200E-06 6.603144114E-37
2.20000E+00 1.584893200E-07 2.594700430E+01
2.20000E+00 1.584893200E-08 3.968735530E-02
2.20000E+00 1.995262300E-07 2.246881909E+01
2.20000E+00 1.995262300E-08 9.893595000E-02
2.20000E+00 1.000000000E-06 9.303016199E-14
2.20000E+00 1.000000000E-07 1.658322710E+01
2.20000E+00 1.000000000E-08 6.773669400E-03
2.20000E+00 2.511886400E-07 1.247026839E+01
2.20000E+00 2.511886400E-08 2.355662430E-01
2.20000E+00 3.162277700E-07 4.447618244E+00
2.20000E+00 3.162277700E-08 5.566898000E-01
2.20000E+00 3.162277700E-09 6.637885000E-05
2.20000E+00 3.981071700E-07 6.853957637E-01
2.20000E+00 3.981071700E-08 1.295552080E+00
2.20000E+00 3.981071700E-09 1.678608950E-04
2.20000E+00 5.011872300E-07 2.431566567E-02
2.20000E+00 5.011872300E-08 2.738029480E+00
2.20000E+00 5.011872300E-09 4.306204050E-04
2.20000E+00 6.309573400E-07 2.045175212E-04
2.20000E+00 6.309573400E-08 5.824077720E+00
2.20000E+00 6.309573400E-09 1.055467620E-03
2.20000E+00 7.943282300E-07 3.987226263E-08
2.20000E+00 7.943282300E-08 1.072664660E+01
2.20000E+00 7.943282300E-09 2.646191190E-03
2.30000E+00 1.258925400E-06 6.205850970E-26
2.30000E+00 1.258925400E-07 1.302712170E+01
2.30000E+00 1.258925400E-08 1.143527370E-02
2.30000E+00 1.584893200E-06 3.352446726E-40
2.30000E+00 1.584893200E-07 1.541666780E+01
2.30000E+00 1.584893200E-08 2.716311990E-02
2.30000E+00 1.995262300E-07 1.171996340E+01
2.30000E+00 1.995262300E-08 6.659201200E-02
2.30000E+00 1.000000000E-06 4.047272078E-15
2.30000E+00 1.000000000E-07 1.028709160E+01
2.30000E+00 1.000000000E-08 4.965141400E-03
2.30000E+00 2.511886400E-07 7.358310470E+00
2.30000E+00 2.511886400E-08 1.664944160E-01
2.30000E+00 3.162277700E-07 2.102501586E+00
2.30000E+00 3.162277700E-08 3.894019260E-01
2.30000E+00 3.162277700E-09 4.459927200E-05
2.30000E+00 3.981071700E-07 2.607327144E-01
2.30000E+00 3.981071700E-08 8.305701100E-01
2.30000E+00 3.981071700E-09 1.198153420E-04
2.30000E+00 5.011872300E-07 1.009207817E-02
2.30000E+00 5.011872300E-08 1.833833980E+00
2.30000E+00 5.011872300E-09 2.743380020E-04
2.30000E+00 6.309573400E-07 6.115036611E-06
2.30000E+00 6.309573400E-08 3.942449070E+00
2.30000E+00 6.309573400E-09 7.256280200E-04
2.30000E+00 7.943282300E-07 1.803647830E-09
2.30000E+00 7.943282300E-08 6.396420360E+00
2.30000E+00 7.943282300E-09 2.004728960E-03
2.40000E+00 1.258925400E-06 1.149847200E-27
2.40000E+00 1.258925400E-07 8.689813420E+00
2.40000E+00 1.258925400E-08 8.830839500E-03
2.40000E+00 1.584893200E-07 8.895487030E+00
2.40000E+00 1.584893200E-08 2.147396640E-02
2.40000E+00 1.995262300E-07 7.091817930E+00
2.40000E+00 1.995262300E-08 5.064209900E-02
2.40000E+00 1.000000000E-06 1.492359759E-16
2.40000E+00 1.000000000E-07 6.785645240E+00
2.40000E+00 1.000000000E-08 3.361763720E-03
2.40000E+00 2.511886400E-07 2.807604730E+00
2.40000E+00 2.511886400E-08 1.226218850E-01
2.40000E+00 3.162277700E-07 7.574165110E-01
2.40000E+00 3.162277700E-08 2.766796010E-01
2.40000E+00 3.162277700E-09 3.381954900E-05
2.40000E+00 3.981071700E-07 7.997211560E-02
2.40000E+00 3.981071700E-08 6.258305600E-01
2.40000E+00 3.981071700E-09 8.977482400E-05
2.40000E+00 5.011872300E-07 1.763705734E-03
2.40000E+00 5.011872300E-08 1.290056240E+00
2.40000E+00 5.011872300E-09 2.216127040E-04
2.40000E+00 6.309573400E-07 4.686832381E-06
2.40000E+00 6.309573400E-08 2.379587970E+00
2.40000E+00 6.309573400E-09 5.673743700E-04
2.40000E+00 7.943282300E-07 2.400290266E-10
2.40000E+00 7.943282300E-08 4.475857250E+00
2.40000E+00 7.943282300E-09 1.440543190E-03
2.50000E+00 1.258925400E-06 6.037413002E-30
2.50000E+00 1.258925400E-07 5.352755820E+00
2.50000E+00 1.258925400E-08 6.263856300E-03
2.50000E+00 1.584893200E-07 5.595558010E+00
2.50000E+00 1.584893200E-08 1.682697200E-02
2.50000E+00 1.995262300E-07 3.410158460E+00
2.50000E+00 1.995262300E-08 3.760745000E-02
2.50000E+00 1.000000000E-06 4.238566761E-19
2.50000E+00 1.000000000E-07 4.519093370E+00
2.50000E+00 1.000000000E-08 2.624892260E-03
2.50000E+00 2.511886400E-07 1.345488127E+00
2.50000E+00 2.511886400E-08 8.810029200E-02
2.50000E+00 3.162277700E-07 3.304173388E-01
2.50000E+00 3.162277700E-08 2.081543180E-01
2.50000E+00 3.162277700E-09 2.623579990E-05
2.50000E+00 3.981071700E-07 2.313241759E-02
2.50000E+00 3.981071700E-08 4.624482900E-01
2.50000E+00 3.981071700E-09 6.781472300E-05
2.50000E+00 5.011872300E-07 4.046231443E-04
2.50000E+00 5.011872300E-08 9.845050900E-01
2.50000E+00 5.011872300E-09 1.690139270E-04
2.50000E+00 6.309573400E-07 5.708944116E-07
2.50000E+00 6.309573400E-08 1.816110570E+00
2.50000E+00 6.309573400E-09 4.384925800E-04
2.50000E+00 7.943282300E-07 1.888307493E-11
2.50000E+00 7.943282300E-08 3.150713060E+00
2.50000E+00 7.943282300E-09 1.002132420E-03
2.60000E+00 1.258925400E-06 5.296628702E-34
2.60000E+00 1.258925400E-07 3.595895240E+00
2.60000E+00 1.258925400E-08 5.211496500E-03
2.60000E+00 1.584893200E-07 3.562621710E+00
2.60000E+00 1.584893200E-08 1.239467890E-02
2.60000E+00 1.995262300E-07 1.889790280E+00
2.60000E+00 1.995262300E-08 2.890256200E-02
2.60000E+00 1.000000000E-06 2.731442217E-20
2.60000E+00 1.000000000E-07 3.110433820E+00
2.60000E+00 1.000000000E-08 2.029414230E-03
2.60000E+00 2.511886400E-07 7.898207690E-01
2.60000E+00 2.511886400E-08 6.624502100E-02
2.60000E+00 3.162277700E-07 1.436061748E-01
2.60000E+00 3.162277700E-08 1.507474120E-01
2.60000E+00 3.162277700E-09 2.184769710E-05
2.60000E+00 3.981071700E-07 1.029977334E-02
2.60000E+00 3.981071700E-08 3.525495100E-01
2.60000E+00 5.011872300E-07 1.089317620E-04
2.60000E+00 5.011872300E-08 7.289485700E-01
2.60000E+00 5.011872300E-09 1.289520960E-04
2.60000E+00 6.309573400E-07 3.104518143E-08
2.60000E+00 6.309573400E-08 1.328540540E+00
2.60000E+00 6.309573400E-09 3.299637700E-04
2.60000E+00 7.943282300E-07 5.639203822E-13
2.60000E+00 7.943282300E-08 2.122375300E+00
2.60000E+00 7.943282300E-09 8.113447200E-04
2.70000E+00 1.258925400E-06 1.048732503E-34
2.70000E+00 1.258925400E-07 2.490497680E+00
2.70000E+00 1.258925400E-08 3.857096800E-03
2.70000E+00 1.584893200E-07 2.133581900E+00
2.70000E+00 1.584893200E-08 9.788592500E-03
2.70000E+00 1.995262300E-07 1.450034390E+00
2.70000E+00 1.995262300E-08 2.325963400E-02
2.70000E+00 1.000000000E-06 1.216390398E-22
2.70000E+00 1.000000000E-07 2.180579690E+00
2.70000E+00 1.000000000E-08 1.723322110E-03
2.70000E+00 2.511886400E-07 5.021996750E-01
2.70000E+00 2.511886400E-08 5.737133200E-02
2.70000E+00 3.162277700E-07 9.427240460E-02
2.70000E+00 3.162277700E-08 1.243149370E-01
2.70000E+00 3.162277700E-09 1.791768720E-05
2.70000E+00 3.981071700E-07 2.937782737E-03
2.70000E+00 3.981071700E-08 2.704713600E-01
2.70000E+00 3.981071700E-09 4.271760600E-05
2.70000E+00 5.011872300E-07 3.334702986E-05
2.70000E+00 5.011872300E-08 5.388926000E-01
2.70000E+00 5.011872300E-09 1.071096360E-04
2.70000E+00 6.309573400E-07 1.898083571E-08
2.70000E+00 6.309573400E-08 9.600591600E-01
2.70000E+00 6.309573400E-09 2.620337000E-04
2.70000E+00 7.943282300E-07 3.596784354E-14
2.70000E+00 7.943282300E-08 1.633244030E+00
2.70000E+00 7.943282300E-09 6.689447000E-04
2.80000E+00 1.258925400E-06 7.937281290E-37
2.80000E+00 1.258925400E-07 1.726626680E+00
2.80000E+00 1.258925400E-08 3.251671300E-03
2.80000E+00 1.584893200E-07 1.433947160E+00
2.80000E+00 1.584893200E-08 7.713019400E-03
2.80000E+00 1.995262300E-07 9.318297770E-01
2.80000E+00 1.995262300E-08 1.981233230E-02
2.80000E+00 1.000000000E-06 2.733920698E-23
2.80000E+00 1.000000000E-07 1.567679020E+00
2.80000E+00 1.000000000E-08 1.303176060E-03
2.80000E+00 2.511886400E-08 4.469679900E-02
2.80000E+00 3.162277700E-07 4.607585790E-02
2.80000E+00 3.162277700E-08 9.805062900E-02
2.80000E+00 3.162277700E-09 1.350295260E-05
2.80000E+00 3.981071700E-07 1.747494874E-03
2.80000E+00 3.981071700E-08 2.044954580E-01
2.80000E+00 5.011872300E-07 1.144130471E-05
2.80000E+00 5.011872300E-08 4.238001200E-01
2.80000E+00 5.011872300E-09 8.492255200E-05
2.80000E+00 6.309573400E-08 7.436292700E-01
2.80000E+00 6.309573400E-09 2.059195800E-04
2.80000E+00 7.943282300E-07 2.534193997E-14
2.80000E+00 7.943282300E-08 1.194693130E+00
2.80000E+00 7.943282300E-09 5.293264500E-04
2.90000E+00 1.258925400E-07 1.175576360E+00
2.90000E+00 1.258925400E-08 2.804819100E-03
2.90000E+00 1.584893200E-07 1.003324380E+00
2.90000E+00 1.584893200E-08 6.213867600E-03
2.90000E+00 1.995262300E-07 5.120772890E-01
2.90000E+00 1.995262300E-08 1.514453910E-02
2.90000E+00 1.000000000E-06 3.963274731E-25
2.90000E+00 1.000000000E-07 1.088063840E+00
2.90000E+00 1.000000000E-08 1.111223850E-03
2.90000E+00 2.511886400E-07 1.574454250E-01
2.90000E+00 2.511886400E-08 3.783448100E-02
2.90000E+00 3.162277700E-07 1.798883277E-02
2.90000E+00 3.162277700E-08 8.233447600E-02
2.90000E+00 3.162277700E-09 1.196486180E-05
2.90000E+00 3.981071700E-07 8.711920450E-04
2.90000E+00 3.981071700E-08 1.718669350E-01
2.90000E+00 3.981071700E-09 3.035122600E-05
2.90000E+00 5.011872300E-07 2.659401852E-06
2.90000E+00 5.011872300E-08 3.249852600E-01
2.90000E+00 5.011872300E-09 7.480609500E-05
2.90000E+00 6.309573400E-07 6.539672298E-10
2.90000E+00 6.309573400E-08 5.791214900E-01
2.90000E+00 6.309573400E-09 1.784023090E-04
2.90000E+00 7.943282300E-07 2.948929330E-16
2.90000E+00 7.943282300E-08 8.659625100E-01
3.00000E+00 1.258925400E-07 8.495318100E-01
3.00000E+00 1.584893200E-07 6.400637300E-01
3.00000E+00 1.584893200E-08 5.372678600E-03
3.00000E+00 1.995262300E-07 3.224007390E-01
3.00000E+00 1.995262300E-08 1.329841590E-02
3.00000E+00 1.000000000E-07 8.585044200E-01
3.00000E+00 1.000000000E-08 9.315813000E-04
3.00000E+00 3.162277700E-07 7.750322690E-03
3.00000E+00 3.162277700E-08 6.661136300E-02
3.00000E+00 3.162277700E-09 1.038226280E-05
3.00000E+00 3.981071700E-07 2.030928151E-04
3.00000E+00 3.981071700E-08 1.391360940E-01
3.00000E+00 3.981071700E-09 2.504218700E-05
3.00000E+00 5.011872300E-07 9.357075044E-07
3.00000E+00 5.011872300E-08 2.697017000E-01
3.00000E+00 5.011872300E-09 6.174085400E-05
3.00000E+00 6.309573400E-07 5.249060721E-11
3.00000E+00 6.309573400E-08 4.505439800E-01
3.00000E+00 6.309573400E-09 1.560163290E-04
3.00000E+00 7.943282300E-07 3.913201874E-17
3.00000E+00 7.943282300E-08 6.722130100E-01
3.00000E+00 7.943282300E-09 3.712287000E-04
3.10000E+00 1.258925400E-07 5.832911000E-01
3.10000E+00 1.258925400E-08 2.108415930E-03
3.10000E+00 1.584893200E-07 4.019784200E-01
3.10000E+00 1.584893200E-08 5.459723900E-03
3.10000E+00 1.995262300E-07 2.138273700E-01
3.10000E+00 1.995262300E-08 1.218594830E-02
3.10000E+00 1.000000000E-06 1.657234080E-30
3.10000E+00 1.000000000E-07 6.782348600E-01
3.10000E+00 1.000000000E-08 8.743404500E-04
3.10000E+00 2.511886400E-07 4.147992210E-02
3.10000E+00 2.511886400E-08 2.758858220E-02
3.10000E+00 3.162277700E-07 4.770836000E-03
3.10000E+00 3.162277700E-08 5.915938800E-02
3.10000E+00 3.162277700E-09 9.824415100E-06
3.10000E+00 3.981071700E-08 1.300801590E-01
3.10000E+00 3.981071700E-09 2.364353550E-05
3.10000E+00 5.011872300E-08 2.327653000E-01
3.10000E+00 5.011872300E-09 5.895985700E-05
3.10000E+00 6.309573400E-07 9.172650990E-12
3.10000E+00 6.309573400E-09 1.488187790E-04
3.10000E+00 7.943282300E-08 5.556003000E-01
3.10000E+00 7.943282300E-09 3.745286100E-04
3.20000E+00 1.258925400E-07 4.636204300E-01
3.20000E+00 1.584893200E-07 2.634282270E-01
3.20000E+00 1.584893200E-08 4.806609400E-03
3.20000E+00 1.995262300E-07 1.223634190E-01
3.20000E+00 1.995262300E-08 1.112153300E-02
3.20000E+00 1.000000000E-06 3.437799944E-32
3.20000E+00 1.000000000E-08 8.389467800E-04
3.20000E+00 3.162277700E-07 2.259694619E-03
3.20000E+00 3.162277700E-08 5.382920500E-02
3.20000E+00 3.981071700E-07 3.532023930E-05
3.20000E+00 5.011872300E-07 2.615367696E-08
3.20000E+00 6.309573400E-08 3.083786200E-01
3.20000E+00 6.309573400E-09 1.344639500E-04
3.20000E+00 7.943282300E-08 4.413090900E-01
3.20000E+00 7.943282300E-09 3.436993810E-04
3.30000E+00 1.258925400E-07 3.140360400E-01
3.30000E+00 1.584893200E-07 1.807658190E-01
3.30000E+00 1.995262300E-07 6.770900700E-02
3.30000E+00 1.995262300E-08 1.047684000E-02
3.30000E+00 1.000000000E-06 1.465036188E-33
3.30000E+00 1.000000000E-07 3.880715800E-01
3.30000E+00 1.000000000E-08 7.708824800E-04
3.30000E+00 2.511886400E-07 1.278189760E-02
3.30000E+00 2.511886400E-08 2.329565440E-02
3.30000E+00 3.162277700E-07 9.575682110E-04
3.30000E+00 3.162277700E-08 4.765381400E-02
3.30000E+00 3.162277700E-09 8.161756300E-06
3.30000E+00 3.981071700E-07 1.215297603E-05
3.30000E+00 3.981071700E-08 9.647207700E-02
3.30000E+00 3.981071700E-09 2.085144840E-05
3.30000E+00 5.011872300E-07 1.293567646E-08
3.30000E+00 5.011872300E-08 1.699777960E-01
3.30000E+00 5.011872300E-09 4.998820000E-05
3.30000E+00 6.309573400E-07 2.282850223E-13
3.30000E+00 6.309573400E-08 2.634243140E-01
3.30000E+00 6.309573400E-09 1.266056670E-04
3.30000E+00 7.943282300E-08 3.651835100E-01
3.30000E+00 7.943282300E-09 3.051367360E-04
3.40000E+00 1.258925400E-07 2.438221000E-01
3.40000E+00 1.258925400E-08 1.796173330E-03
3.40000E+00 1.584893200E-07 1.357415750E-01
3.40000E+00 1.584893200E-08 4.038672960E-03
3.40000E+00 1.995262300E-07 3.682487710E-02
3.40000E+00 1.995262300E-08 9.494978400E-03
3.40000E+00 1.000000000E-06 1.658706654E-37
3.40000E+00 1.000000000E-07 2.909656300E-01
3.40000E+00 1.000000000E-08 7.064428000E-04
3.40000E+00 2.511886400E-07 8.546241450E-03
3.40000E+00 2.511886400E-08 2.141261900E-02
3.40000E+00 3.162277700E-07 3.520267540E-04
3.40000E+00 3.162277700E-08 4.624718700E-02
3.40000E+00 3.162277700E-09 7.477164000E-06
3.40000E+00 3.981071700E-08 8.375356200E-02
3.40000E+00 3.981071700E-09 1.971433340E-05
3.40000E+00 5.011872300E-07 2.310908347E-09
3.40000E+00 5.011872300E-08 1.492146550E-01
3.40000E+00 5.011872300E-09 4.656670000E-05
3.40000E+00 6.309573400E-07 7.012806684E-15
3.40000E+00 6.309573400E-08 2.321228700E-01
3.40000E+00 6.309573400E-09 1.135816460E-04
3.40000E+00 7.943282300E-07 1.553050314E-23
3.40000E+00 7.943282300E-08 2.925690900E-01
3.40000E+00 7.943282300E-09 3.037997540E-04
3.50000E+00 1.258925400E-07 1.739225290E-01
3.50000E+00 1.258925400E-08 1.575098390E-03
3.50000E+00 1.584893200E-07 9.108989200E-02
3.50000E+00 1.584893200E-08 3.784776410E-03
3.50000E+00 1.995262300E-07 3.010392120E-02
3.50000E+00 1.995262300E-08 8.804935700E-03
3.50000E+00 1.000000000E-07 2.388740700E-01
3.50000E+00 1.000000000E-08 6.571720730E-04
3.50000E+00 2.511886400E-07 3.374812290E-03
3.50000E+00 2.511886400E-08 1.932879300E-02
3.50000E+00 3.162277700E-07 1.759878899E-04
3.50000E+00 3.162277700E-08 4.093542870E-02
3.50000E+00 3.162277700E-09 7.347367700E-06
3.50000E+00 3.981071700E-07 1.277498970E-06
3.50000E+00 3.981071700E-08 7.741733600E-02
3.50000E+00 3.981071700E-09 1.758069080E-05
3.50000E+00 5.011872300E-07 4.453126491E-10
3.50000E+00 5.011872300E-08 1.292309030E-01
3.50000E+00 5.011872300E-09 4.456260980E-05
3.50000E+00 6.309573400E-07 8.134271692E-16
3.50000E+00 6.309573400E-09 1.172725900E-04
3.50000E+00 7.943282300E-07 5.248058662E-24
3.50000E+00 7.943282300E-08 2.472435300E-01
3.50000E+00 7.943282300E-09 2.714902640E-04
3.60000E+00 1.258925400E-07 1.175193300E-01
3.60000E+00 1.258925400E-08 1.571206750E-03
3.60000E+00 1.584893200E-07 5.279689800E-02
3.60000E+00 1.584893200E-08 3.719994510E-03
3.60000E+00 1.995262300E-08 8.883823600E-03
3.60000E+00 1.000000000E-07 1.778387060E-01
3.60000E+00 1.000000000E-08 6.815698440E-04
3.60000E+00 2.511886400E-07 1.759463480E-03
3.60000E+00 2.511886400E-08 1.812495210E-02
3.60000E+00 3.162277700E-07 5.866952180E-05
3.60000E+00 3.162277700E-08 3.749257640E-02
3.60000E+00 3.162277700E-09 7.190310590E-06
3.60000E+00 3.981071700E-07 1.870187926E-07
3.60000E+00 3.981071700E-08 6.987778200E-02
3.60000E+00 3.981071700E-09 1.785170080E-05
3.60000E+00 5.011872300E-07 5.308757541E-11
3.60000E+00 5.011872300E-08 1.139220550E-01
3.60000E+00 5.011872300E-09 4.302305560E-05
3.60000E+00 6.309573400E-08 1.707535820E-01
3.60000E+00 6.309573400E-09 1.091374170E-04
3.60000E+00 7.943282300E-07 1.493047613E-27
3.60000E+00 7.943282300E-08 1.942261100E-01
3.60000E+00 7.943282300E-09 2.678992050E-04
3.70000E+00 1.258925400E-07 7.863249900E-02
3.70000E+00 1.258925400E-08 1.529381690E-03
3.70000E+00 1.584893200E-07 3.272014200E-02
3.70000E+00 1.584893200E-08 3.671826330E-03
3.70000E+00 1.995262300E-07 8.446843000E-03
3.70000E+00 1.995262300E-08 8.278844200E-03
3.70000E+00 1.000000000E-07 1.396356840E-01
3.70000E+00 1.000000000E-08 6.653800350E-04
3.70000E+00 2.511886400E-07 6.825051920E-04
3.70000E+00 2.511886400E-08 1.722845580E-02
3.70000E+00 3.162277700E-07 1.646122705E-05
3.70000E+00 3.162277700E-08 3.454169850E-02
3.70000E+00 3.981071700E-07 5.079848632E-08
3.70000E+00 3.981071700E-08 6.491300200E-02
3.70000E+00 3.981071700E-09 1.716408900E-05
3.70000E+00 5.011872300E-07 9.219056425E-13
3.70000E+00 5.011872300E-08 1.042050550E-01
3.70000E+00 5.011872300E-09 4.243842440E-05
3.70000E+00 6.309573400E-07 3.512611759E-19
3.70000E+00 6.309573400E-08 1.315525900E-01
3.70000E+00 6.309573400E-09 1.049765200E-04
3.70000E+00 7.943282300E-07 1.221256428E-30
3.70000E+00 7.943282300E-08 1.464745610E-01
3.70000E+00 7.943282300E-09 2.710708080E-04
