2.00000E-03 1.258925400E-04 4.068199500E+09
2.00000E-03 1.584893200E-04 4.871170300E+09
2.00000E-03 1.995262300E-04 4.432244500E+09
2.00000E-03 1.000000000E-04 2.870807900E+09
2.00000E-03 2.511886400E-04 4.153154900E+09
2.00000E-03 3.162277700E-04 2.635538700E+09
2.00000E-03 1.000000000E-03 2.817535500E+04
2.00000E-03 1.258925400E-05 3.803729400E+06
2.00000E-03 1.258925400E-06 3.538227300E+02
2.00000E-03 1.258925400E-07 3.634407100E-02
2.00000E-03 1.258925400E-08 3.560197900E-06
2.00000E-03 1.258925400E-09 3.876960300E-10
2.00000E-03 1.584893200E-05 8.434897400E+06
2.00000E-03 1.584893200E-06 9.513741500E+02
2.00000E-03 1.584893200E-07 9.555509500E-02
2.00000E-03 1.584893200E-08 9.416730600E-06
2.00000E-03 1.584893200E-09 9.162546000E-10
2.00000E-03 1.995262300E-05 2.186154000E+07
2.00000E-03 1.995262300E-06 2.411255700E+03
2.00000E-03 1.995262300E-07 2.224382200E-01
2.00000E-03 1.995262300E-08 2.195725400E-05
2.00000E-03 1.995262300E-09 2.170601500E-09
2.00000E-03 1.000000000E-05 1.388571600E+06
2.00000E-03 1.000000000E-06 1.533364000E+02
2.00000E-03 1.000000000E-07 1.535427200E-02
2.00000E-03 1.000000000E-08 1.486879700E-06
2.00000E-03 1.000000000E-09 1.416092800E-10
2.00000E-03 2.511886400E-05 5.286502200E+07
2.00000E-03 2.511886400E-06 5.642443900E+03
2.00000E-03 2.511886400E-07 5.793021900E-01
2.00000E-03 2.511886400E-08 5.505502600E-05
2.00000E-03 2.511886400E-09 5.749104100E-09
2.00000E-03 3.162277700E-05 1.137144000E+08
2.00000E-03 3.162277700E-06 1.511729200E+04
2.00000E-03 3.162277700E-07 1.502583100E+00
2.00000E-03 3.162277700E-08 1.503014500E-04
2.00000E-03 3.162277700E-09 1.530734700E-08
2.00000E-03 3.981071700E-05 2.640513400E+08
2.00000E-03 3.981071700E-06 3.625551600E+04
2.00000E-03 3.981071700E-07 3.693647700E+00
2.00000E-03 3.981071700E-08 3.536327900E-04
2.00000E-03 3.981071700E-09 3.596336300E-08
2.00000E-03 5.011872300E-05 5.641366100E+08
2.00000E-03 5.011872300E-06 9.485937800E+04
2.00000E-03 5.011872300E-07 8.925867200E+00
2.00000E-03 5.011872300E-08 9.496751300E-04
2.00000E-03 5.011872300E-09 9.066845400E-08
2.00000E-03 6.309573400E-05 1.001418100E+09
2.00000E-03 6.309573400E-06 2.165678200E+05
2.00000E-03 6.309573400E-07 2.325904100E+01
2.00000E-03 6.309573400E-08 2.484529100E-03
2.00000E-03 6.309573400E-09 2.379116200E-07
2.00000E-03 7.943282300E-05 1.878395400E+09
2.00000E-03 7.943282300E-06 5.684303000E+05
2.00000E-03 7.943282300E-07 5.901273400E+01
2.00000E-03 7.943282300E-08 6.042446800E-03
2.00000E-03 7.943282300E-09 6.184875000E-07
5.00000E-03 1.258925400E-04 4.154831600E+08
5.00000E-03 1.584893200E-04 1.938505100E+08
5.00000E-03 1.995262300E-04 6.392145500E+07
5.00000E-03 1.000000000E-04 4.948046400E+08
5.00000E-03 2.511886400E-04 1.941742800E+07
5.00000E-03 3.162277700E-04 1.639023500E+06
5.00000E-03 1.000000000E-03 8.968536600E-29
5.00000E-03 1.258925400E-05 1.721914200E+07
5.00000E-03 1.258925400E-06 2.076291800E+03
5.00000E-03 1.258925400E-07 2.187389500E-01
5.00000E-03 1.258925400E-08 2.158196900E-05
5.00000E-03 1.258925400E-09 2.162480200E-09
5.00000E-03 1.584893200E-05 3.899287200E+07
5.00000E-03 1.584893200E-06 5.108536200E+03
5.00000E-03 1.584893200E-07 5.290562300E-01
5.00000E-03 1.584893200E-08 5.735744100E-05
5.00000E-03 1.584893200E-09 5.612252300E-09
5.00000E-03 1.995262300E-05 8.112803200E+07
5.00000E-03 1.995262300E-06 1.439503400E+04
5.00000E-03 1.995262300E-07 1.430491600E+00
5.00000E-03 1.995262300E-08 1.323676800E-04
5.00000E-03 1.995262300E-09 1.446283600E-08
5.00000E-03 1.000000000E-05 7.501442100E+06
5.00000E-03 1.000000000E-06 9.053512600E+02
5.00000E-03 1.000000000E-07 8.908961200E-02
5.00000E-03 1.000000000E-08 8.958684800E-06
5.00000E-03 1.000000000E-09 8.821973000E-10
5.00000E-03 2.511886400E-05 1.624517600E+08
5.00000E-03 2.511886400E-06 3.119220700E+04
5.00000E-03 2.511886400E-07 3.291651200E+00
5.00000E-03 2.511886400E-08 3.603927500E-04
5.00000E-03 2.511886400E-09 3.430098100E-08
5.00000E-03 3.162277700E-05 2.801609100E+08
5.00000E-03 3.162277700E-06 8.937564100E+04
5.00000E-03 3.162277700E-07 8.603675400E+00
5.00000E-03 3.162277700E-08 8.888730600E-04
5.00000E-03 3.162277700E-09 9.850180200E-08
5.00000E-03 3.981071700E-05 4.495657700E+08
5.00000E-03 3.981071700E-06 2.050289000E+05
5.00000E-03 3.981071700E-07 2.291769500E+01
5.00000E-03 3.981071700E-08 2.165489600E-03
5.00000E-03 3.981071700E-09 2.203931900E-07
5.00000E-03 5.011872300E-05 5.795554300E+08
5.00000E-03 5.011872300E-06 5.195105600E+05
5.00000E-03 5.011872300E-07 5.568948500E+01
5.00000E-03 5.011872300E-08 5.823331500E-03
5.00000E-03 5.011872300E-09 5.852284900E-07
5.00000E-03 6.309573400E-05 7.286657900E+08
5.00000E-03 6.309573400E-06 1.304928700E+06
5.00000E-03 6.309573400E-07 1.541236900E+02
5.00000E-03 6.309573400E-08 1.331515700E-02
5.00000E-03 6.309573400E-09 1.372166700E-06
5.00000E-03 7.943282300E-05 7.178898700E+08
5.00000E-03 7.943282300E-06 3.264044900E+06
5.00000E-03 7.943282300E-08 3.382303800E-02
5.00000E-03 7.943282300E-09 3.494547100E-06
1.00000E-02 1.258925400E-04 4.213045100E+06
1.00000E-02 1.584893200E-04 1.736487200E+05
1.00000E-02 1.995262300E-04 6.738771500E+03
1.00000E-02 1.000000000E-04 1.497176800E+07
1.00000E-02 2.511886400E-04 4.769344600E+00
1.00000E-02 3.162277700E-04 3.084652600E-08
1.00000E-02 1.258925400E-05 3.880703900E+07
1.00000E-02 1.258925400E-06 7.681363600E+03
1.00000E-02 1.258925400E-07 9.043854700E-01
1.00000E-02 1.258925400E-08 8.670359900E-05
1.00000E-02 1.258925400E-09 8.772575900E-09
1.00000E-02 1.584893200E-05 6.706114300E+07
1.00000E-02 1.584893200E-06 2.223713600E+04
1.00000E-02 1.584893200E-07 2.239277300E+00
1.00000E-02 1.584893200E-08 2.191670600E-04
1.00000E-02 1.584893200E-09 2.130762600E-08
1.00000E-02 1.995262300E-05 1.149161100E+08
1.00000E-02 1.995262300E-06 5.613451700E+04
1.00000E-02 1.995262300E-07 5.462638600E+00
1.00000E-02 1.995262300E-08 5.851417000E-04
1.00000E-02 1.995262300E-09 5.666420500E-08
1.00000E-02 1.000000000E-05 1.884453800E+07
1.00000E-02 1.000000000E-06 3.508970600E+03
1.00000E-02 1.000000000E-07 3.267437200E-01
1.00000E-02 1.000000000E-08 3.576977800E-05
1.00000E-02 1.000000000E-09 3.651542300E-09
1.00000E-02 2.511886400E-05 1.557975700E+08
1.00000E-02 2.511886400E-06 1.375259900E+05
1.00000E-02 2.511886400E-07 1.433818800E+01
1.00000E-02 2.511886400E-08 1.392826800E-03
1.00000E-02 2.511886400E-09 1.437132100E-07
1.00000E-02 3.162277700E-05 1.643288700E+08
1.00000E-02 3.162277700E-06 3.192654200E+05
1.00000E-02 3.162277700E-07 3.526932200E+01
1.00000E-02 3.162277700E-08 3.424131700E-03
1.00000E-02 3.162277700E-09 3.446439500E-07
1.00000E-02 3.981071700E-05 1.769247800E+08
1.00000E-02 3.981071700E-06 7.988015700E+05
1.00000E-02 3.981071700E-07 9.251421200E+01
1.00000E-02 3.981071700E-08 8.448418900E-03
1.00000E-02 3.981071700E-09 8.883512000E-07
1.00000E-02 5.011872300E-05 1.426887000E+08
1.00000E-02 5.011872300E-06 1.813376800E+06
1.00000E-02 5.011872300E-07 2.263519100E+02
1.00000E-02 5.011872300E-08 2.186094000E-02
1.00000E-02 5.011872300E-09 2.289903200E-06
1.00000E-02 6.309573400E-05 9.092571000E+07
1.00000E-02 6.309573400E-07 5.336909400E+02
1.00000E-02 6.309573400E-08 5.703951700E-02
1.00000E-02 6.309573400E-09 5.558415500E-06
1.00000E-02 7.943282300E-05 4.467497000E+07
1.00000E-02 7.943282300E-06 8.954463000E+06
1.00000E-02 7.943282300E-07 1.513081700E+03
1.00000E-02 7.943282300E-08 1.354437800E-01
1.00000E-02 7.943282300E-09 1.397895300E-05
5.00000E-02 1.000000000E-04 2.972762900E-24
5.00000E-02 1.258925400E-05 3.519025300E+06
5.00000E-02 1.258925400E-06 1.767228000E+05
5.00000E-02 1.258925400E-07 2.273319800E+01
5.00000E-02 1.258925400E-08 2.240747500E-03
5.00000E-02 1.258925400E-09 1.846406200E-07
5.00000E-02 1.584893200E-05 1.679779400E+06
5.00000E-02 1.584893200E-06 3.735081800E+05
5.00000E-02 1.584893200E-07 5.102237900E+01
5.00000E-02 1.584893200E-08 5.076475700E-03
5.00000E-02 1.584893200E-09 5.415178400E-07
5.00000E-02 1.995262300E-05 4.672904600E+05
5.00000E-02 1.995262300E-06 7.603337500E+05
5.00000E-02 1.995262300E-07 1.356466700E+02
5.00000E-02 1.995262300E-08 1.329732000E-02
5.00000E-02 1.995262300E-09 1.388621200E-06
5.00000E-02 1.000000000E-05 5.391186600E+06
5.00000E-02 1.000000000E-07 8.506662400E+00
5.00000E-02 1.000000000E-08 8.166472900E-04
5.00000E-02 1.000000000E-09 9.024750200E-08
5.00000E-02 2.511886400E-05 1.439288200E+05
5.00000E-02 2.511886400E-06 1.539803300E+06
5.00000E-02 2.511886400E-07 3.455779200E+02
5.00000E-02 2.511886400E-08 3.375799400E-02
5.00000E-02 2.511886400E-09 3.179936300E-06
5.00000E-02 3.162277700E-05 2.434742400E+03
5.00000E-02 3.162277700E-06 2.789640300E+06
5.00000E-02 3.162277700E-07 7.993546500E+02
5.00000E-02 3.162277700E-08 8.786668500E-02
5.00000E-02 3.162277700E-09 7.953320200E-06
5.00000E-02 3.981071700E-05 1.052707900E+02
5.00000E-02 3.981071700E-06 4.100014400E+06
5.00000E-02 3.981071700E-07 2.040776600E+03
5.00000E-02 3.981071700E-08 2.193464200E-01
5.00000E-02 3.981071700E-09 2.127411000E-05
5.00000E-02 5.011872300E-05 4.433771600E-01
5.00000E-02 5.011872300E-06 6.092143000E+06
5.00000E-02 5.011872300E-07 4.975478400E+03
5.00000E-02 5.011872300E-08 5.571677600E-01
5.00000E-02 5.011872300E-09 5.544361500E-05
5.00000E-02 6.309573400E-05 1.735227700E-06
5.00000E-02 6.309573400E-06 7.815951000E+06
5.00000E-02 6.309573400E-07 1.272026000E+04
5.00000E-02 6.309573400E-08 1.468661600E+00
5.00000E-02 6.309573400E-09 1.326036000E-04
5.00000E-02 7.943282300E-05 4.018540500E-24
5.00000E-02 7.943282300E-06 6.969156100E+06
5.00000E-02 7.943282300E-07 3.274830100E+04
5.00000E-02 7.943282300E-08 3.505935100E+00
5.00000E-02 7.943282300E-09 3.250849400E-04
1.00000E-01 1.258925400E-05 1.688107200E+04
1.00000E-01 1.258925400E-06 3.840235600E+05
1.00000E-01 1.258925400E-07 8.426848100E+01
1.00000E-01 1.258925400E-08 8.589332800E-03
1.00000E-01 1.258925400E-09 8.788067000E-07
1.00000E-01 1.584893200E-05 5.773214800E+02
1.00000E-01 1.584893200E-06 6.714815000E+05
1.00000E-01 1.584893200E-07 2.074286300E+02
1.00000E-01 1.584893200E-08 2.197358900E-02
1.00000E-01 1.584893200E-09 2.075606500E-06
1.00000E-01 1.995262300E-05 4.209081200E+01
1.00000E-01 1.995262300E-06 1.046598500E+06
1.00000E-01 1.995262300E-07 4.999184500E+02
1.00000E-01 1.995262300E-08 5.377366200E-02
1.00000E-01 1.995262300E-09 5.343177400E-06
1.00000E-01 1.000000000E-05 1.446895300E+05
1.00000E-01 1.000000000E-06 1.991023700E+05
1.00000E-01 1.000000000E-07 3.387869000E+01
1.00000E-01 1.000000000E-08 3.305093800E-03
1.00000E-01 1.000000000E-09 3.337037500E-07
1.00000E-01 2.511886400E-05 5.982082200E-03
1.00000E-01 2.511886400E-06 1.423178200E+06
1.00000E-01 2.511886400E-07 1.346998900E+03
1.00000E-01 2.511886400E-08 1.261688600E-01
1.00000E-01 2.511886400E-09 1.437235000E-05
1.00000E-01 3.162277700E-05 1.923526900E-08
1.00000E-01 3.162277700E-06 1.674237900E+06
1.00000E-01 3.162277700E-07 3.127765700E+03
1.00000E-01 3.162277700E-08 3.469823400E-01
1.00000E-01 3.162277700E-09 3.299991000E-05
1.00000E-01 3.981071700E-05 1.361414400E-16
1.00000E-01 3.981071700E-06 1.713511100E+06
1.00000E-01 3.981071700E-07 7.749151500E+03
1.00000E-01 3.981071700E-08 8.494068100E-01
1.00000E-01 3.981071700E-09 8.198122700E-05
1.00000E-01 5.011872300E-05 7.965264700E-38
1.00000E-01 5.011872300E-06 1.323453300E+06
1.00000E-01 5.011872300E-07 1.872760900E+04
1.00000E-01 5.011872300E-08 1.949956900E+00
1.00000E-01 5.011872300E-09 1.895538300E-04
1.00000E-01 6.309573400E-06 1.042864700E+06
1.00000E-01 6.309573400E-07 3.933031600E+04
1.00000E-01 6.309573400E-08 5.289780500E+00
1.00000E-01 6.309573400E-09 5.661766400E-04
1.00000E-01 7.943282300E-06 4.032951100E+05
1.00000E-01 7.943282300E-07 9.113348200E+04
1.00000E-01 7.943282300E-08 1.328683000E+01
1.00000E-01 7.943282300E-09 1.392561300E-03
1.50000E-01 1.258925400E-05 9.105942600E+00
1.50000E-01 1.258925400E-06 4.047012000E+05
1.50000E-01 1.258925400E-07 1.757798800E+02
1.50000E-01 1.258925400E-08 1.792509100E-02
1.50000E-01 1.258925400E-09 1.736235400E-06
1.50000E-01 1.584893200E-05 1.416587400E-02
1.50000E-01 1.584893200E-06 5.662222100E+05
1.50000E-01 1.584893200E-07 4.464693900E+02
1.50000E-01 1.584893200E-08 4.484848700E-02
1.50000E-01 1.584893200E-09 4.641807000E-06
1.50000E-01 1.995262300E-05 1.785796100E-07
1.50000E-01 1.995262300E-06 6.938841900E+05
1.50000E-01 1.995262300E-07 1.038536100E+03
1.50000E-01 1.995262300E-08 1.140810100E-01
1.50000E-01 1.995262300E-09 1.159542200E-05
1.50000E-01 1.000000000E-05 3.617986300E+02
1.50000E-01 1.000000000E-06 2.371784400E+05
1.50000E-01 1.000000000E-07 7.420848400E+01
1.50000E-01 1.000000000E-08 7.290585200E-03
1.50000E-01 1.000000000E-09 7.002414000E-07
1.50000E-01 2.511886400E-05 1.136539100E-08
1.50000E-01 2.511886400E-06 6.943949700E+05
1.50000E-01 2.511886400E-07 2.703452700E+03
1.50000E-01 2.511886400E-08 2.854032200E-01
1.50000E-01 2.511886400E-09 2.632629600E-05
1.50000E-01 3.162277700E-05 2.419137800E-24
1.50000E-01 3.162277700E-06 5.777252300E+05
1.50000E-01 3.162277700E-07 6.197068000E+03
1.50000E-01 3.162277700E-08 7.951004800E-01
1.50000E-01 3.162277700E-09 6.962663100E-05
1.50000E-01 3.981071700E-06 4.107367700E+05
1.50000E-01 3.981071700E-07 1.514063900E+04
1.50000E-01 3.981071700E-08 1.757377500E+00
1.50000E-01 3.981071700E-09 1.810081600E-04
1.50000E-01 5.011872300E-06 2.019393500E+05
1.50000E-01 5.011872300E-07 3.225638200E+04
1.50000E-01 5.011872300E-08 4.442843800E+00
1.50000E-01 5.011872300E-09 4.583251500E-04
1.50000E-01 6.309573400E-06 6.585922200E+04
1.50000E-01 6.309573400E-07 6.712681000E+04
1.50000E-01 6.309573400E-08 1.248938400E+01
1.50000E-01 6.309573400E-09 1.141937900E-03
1.50000E-01 7.943282300E-06 1.123028900E+04
1.50000E-01 7.943282300E-07 1.295165700E+05
1.50000E-01 7.943282300E-08 2.849544100E+01
1.50000E-01 7.943282300E-09 2.860626200E-03
2.00000E-01 1.258925400E-05 1.419480500E-02
2.00000E-01 1.258925400E-06 3.089488300E+05
2.00000E-01 1.258925400E-07 3.095954900E+02
2.00000E-01 1.258925400E-08 2.963465700E-02
2.00000E-01 1.258925400E-09 3.121750100E-06
2.00000E-01 1.584893200E-05 4.686495600E-09
2.00000E-01 1.584893200E-06 3.604110000E+05
2.00000E-01 1.584893200E-07 6.506843700E+02
2.00000E-01 1.584893200E-08 7.321806600E-02
2.00000E-01 1.584893200E-09 7.677947800E-06
2.00000E-01 1.995262300E-05 1.085287700E-12
2.00000E-01 1.995262300E-06 3.732188400E+05
2.00000E-01 1.995262300E-07 1.684532500E+03
2.00000E-01 1.995262300E-08 1.973468100E-01
2.00000E-01 1.995262300E-09 1.773856400E-05
2.00000E-01 1.000000000E-05 1.179283900E+01
2.00000E-01 1.000000000E-06 2.274499100E+05
2.00000E-01 1.000000000E-07 1.126637700E+02
2.00000E-01 1.000000000E-08 1.063073000E-02
2.00000E-01 1.000000000E-09 1.176212300E-06
2.00000E-01 2.511886400E-05 1.401380000E-33
2.00000E-01 2.511886400E-06 2.585916000E+05
2.00000E-01 2.511886400E-07 4.185291300E+03
2.00000E-01 2.511886400E-08 4.670652700E-01
2.00000E-01 2.511886400E-09 4.875845600E-05
2.00000E-01 3.162277700E-06 1.979491800E+05
2.00000E-01 3.162277700E-07 9.115827800E+03
2.00000E-01 3.162277700E-08 1.225118000E+00
2.00000E-01 3.162277700E-09 1.155201400E-04
2.00000E-01 3.981071700E-06 6.561326400E+04
2.00000E-01 3.981071700E-07 2.000477800E+04
2.00000E-01 3.981071700E-08 2.995780800E+00
2.00000E-01 3.981071700E-09 2.824897300E-04
2.00000E-01 5.011872300E-06 3.104509800E+04
2.00000E-01 5.011872300E-07 4.182874900E+04
2.00000E-01 5.011872300E-08 7.306539800E+00
2.00000E-01 5.011872300E-09 7.802591800E-04
2.00000E-01 6.309573400E-06 3.030014400E+03
2.00000E-01 6.309573400E-07 7.737956300E+04
2.00000E-01 6.309573400E-08 1.888090700E+01
2.00000E-01 6.309573400E-09 1.910507200E-03
2.00000E-01 7.943282300E-06 7.850620500E+01
2.00000E-01 7.943282300E-07 1.479551500E+05
2.00000E-01 7.943282300E-08 4.377769500E+01
2.00000E-01 7.943282300E-09 4.704985200E-03
2.50000E-01 1.122018454E-05 6.648886800E-19
2.50000E-01 1.122018454E-05 1.707257800E-14
2.50000E-01 1.258925400E-05 1.809191900E-20
2.50000E-01 1.258925400E-06 1.353710300E+05
2.50000E-01 1.258925400E-07 7.583843100E+02
2.50000E-01 1.258925400E-08 8.840490500E-02
2.50000E-01 1.258925400E-09 8.284449100E-06
2.50000E-01 1.412537545E-05 2.800109800E-24
2.50000E-01 1.412537545E-05 3.532990200E-20
2.50000E-01 1.584893200E-05 1.452990300E-35
2.50000E-01 1.584893200E-06 9.106813800E+04
2.50000E-01 1.584893200E-07 1.848837700E+03
2.50000E-01 1.584893200E-08 2.149376800E-01
2.50000E-01 1.584893200E-09 2.230060200E-05
2.50000E-01 1.778279410E-05 2.304374100E-37
2.50000E-01 1.778279410E-05 3.230225000E-34
2.50000E-01 1.995262300E-06 5.182880100E+04
2.50000E-01 1.995262300E-07 4.149896100E+03
2.50000E-01 1.995262300E-08 5.256300500E-01
2.50000E-01 1.995262300E-09 5.266909800E-05
2.50000E-01 1.000000000E-05 7.759955600E-06
2.50000E-01 1.000000000E-06 1.370691700E+05
2.50000E-01 1.000000000E-07 3.116645100E+02
2.50000E-01 1.000000000E-08 3.408388700E-02
2.50000E-01 1.000000000E-09 3.686683700E-06
2.50000E-01 2.511886400E-06 2.549520600E+04
2.50000E-01 2.511886400E-07 8.573451600E+03
2.50000E-01 2.511886400E-08 1.419536800E+00
2.50000E-01 2.511886400E-09 1.308568500E-04
2.50000E-01 3.162277700E-06 7.264232700E+03
2.50000E-01 3.162277700E-07 1.794433500E+04
2.50000E-01 3.162277700E-08 3.529904400E+00
2.50000E-01 3.162277700E-09 3.482857200E-04
2.50000E-01 3.981071700E-06 2.414964900E+03
2.50000E-01 3.981071700E-07 3.468339400E+04
2.50000E-01 3.981071700E-08 7.991972700E+00
2.50000E-01 3.981071700E-09 8.500545900E-04
2.50000E-01 5.011872300E-07 5.856193200E+04
2.50000E-01 5.011872300E-08 2.110237500E+01
2.50000E-01 5.011872300E-09 2.103979400E-03
2.50000E-01 6.309573400E-06 2.395488300E-01
2.50000E-01 6.309573400E-07 9.150876500E+04
2.50000E-01 6.309573400E-08 5.475942800E+01
2.50000E-01 6.309573400E-09 5.489720900E-03
2.50000E-01 7.943282300E-06 6.287760000E-03
2.50000E-01 7.943282300E-07 1.117213900E+05
2.50000E-01 7.943282300E-08 1.295949900E+02
2.50000E-01 7.943282300E-09 1.296741200E-02
3.00000E-01 1.258925400E-05 1.726875700E-29
3.00000E-01 1.258925400E-06 5.198033500E+04
3.00000E-01 1.258925400E-07 9.995196800E+02
3.00000E-01 1.258925400E-08 1.181062500E-01
3.00000E-01 1.258925400E-09 1.092139400E-05
3.00000E-01 1.584893200E-06 2.838761200E+04
3.00000E-01 1.584893200E-07 2.140607000E+03
3.00000E-01 1.584893200E-08 2.737837400E-01
3.00000E-01 1.584893200E-09 2.775370200E-05
3.00000E-01 1.995262300E-06 1.332954700E+04
3.00000E-01 1.995262300E-07 4.626658400E+03
3.00000E-01 1.995262300E-08 7.746526100E-01
3.00000E-01 1.995262300E-09 7.155112400E-05
3.00000E-01 1.000000000E-05 5.576077100E-22
3.00000E-01 1.000000000E-06 7.072148800E+04
3.00000E-01 1.000000000E-07 4.066624300E+02
3.00000E-01 1.000000000E-08 4.759452600E-02
3.00000E-01 1.000000000E-09 4.567664500E-06
3.00000E-01 2.511886400E-06 3.470830300E+03
3.00000E-01 2.511886400E-07 9.805268600E+03
3.00000E-01 2.511886400E-08 1.870364100E+00
3.00000E-01 2.511886400E-09 1.653744000E-04
3.00000E-01 3.162277700E-06 8.513875700E+02
3.00000E-01 3.162277700E-07 1.862523000E+04
3.00000E-01 3.162277700E-08 4.384759700E+00
3.00000E-01 3.162277700E-09 4.285831500E-04
3.00000E-01 3.981071700E-06 7.916469900E+01
3.00000E-01 3.981071700E-07 3.238859400E+04
3.00000E-01 3.981071700E-08 1.094077600E+01
3.00000E-01 3.981071700E-09 1.087474500E-03
3.00000E-01 5.011872300E-06 7.429599800E-01
3.00000E-01 5.011872300E-07 4.787766300E+04
3.00000E-01 5.011872300E-08 2.925557700E+01
3.00000E-01 5.011872300E-09 2.912491100E-03
3.00000E-01 6.309573400E-06 3.988361000E-04
3.00000E-01 6.309573400E-07 6.230429400E+04
3.00000E-01 6.309573400E-08 6.848711800E+01
3.00000E-01 6.309573400E-09 7.038499500E-03
3.00000E-01 7.943282300E-06 5.587919300E-10
3.00000E-01 7.943282300E-07 7.533008300E+04
3.00000E-01 7.943282300E-08 1.609663500E+02
3.00000E-01 7.943282300E-09 1.762649000E-02
3.50000E-01 1.258925400E-06 2.517248500E+04
3.50000E-01 1.258925400E-07 1.029851000E+03
3.50000E-01 1.258925400E-08 1.319095000E-01
3.50000E-01 1.258925400E-09 1.287598900E-05
3.50000E-01 1.584893200E-06 1.049191800E+04
3.50000E-01 1.584893200E-07 2.217259200E+03
3.50000E-01 1.584893200E-08 3.188874800E-01
3.50000E-01 1.584893200E-09 3.164940400E-05
3.50000E-01 1.995262300E-06 4.371817300E+03
3.50000E-01 1.995262300E-07 4.776408800E+03
3.50000E-01 1.995262300E-08 7.892892000E-01
3.50000E-01 1.995262300E-09 8.030648700E-05
3.50000E-01 1.000000000E-05 6.935929900E-28
3.50000E-01 1.000000000E-06 3.385764800E+04
3.50000E-01 1.000000000E-07 4.088177100E+02
3.50000E-01 1.000000000E-08 5.153207000E-02
3.50000E-01 1.000000000E-09 5.061861300E-06
3.50000E-01 2.511886400E-06 8.152445800E+02
3.50000E-01 2.511886400E-07 9.128172900E+03
3.50000E-01 2.511886400E-08 2.056239000E+00
3.50000E-01 2.511886400E-09 1.996476200E-04
3.50000E-01 3.162277700E-06 7.114108400E+01
3.50000E-01 3.162277700E-07 1.698152000E+04
3.50000E-01 3.162277700E-08 4.647955500E+00
3.50000E-01 3.162277700E-09 5.025746300E-04
3.50000E-01 3.981071700E-06 1.117728500E+00
3.50000E-01 3.981071700E-07 2.548181900E+04
3.50000E-01 3.981071700E-08 1.231208800E+01
3.50000E-01 3.981071700E-09 1.227145400E-03
3.50000E-01 5.011872300E-06 6.493249000E-05
3.50000E-01 5.011872300E-07 3.716153800E+04
3.50000E-01 5.011872300E-08 2.877258200E+01
3.50000E-01 5.011872300E-09 3.286643300E-03
3.50000E-01 6.309573400E-06 3.860749000E-08
3.50000E-01 6.309573400E-07 4.402125100E+04
3.50000E-01 6.309573400E-08 7.171898400E+01
3.50000E-01 6.309573400E-09 7.983586200E-03
3.50000E-01 7.943282300E-06 2.251966800E-14
3.50000E-01 7.943282300E-07 4.380776000E+04
3.50000E-01 7.943282300E-08 1.978160300E+02
3.50000E-01 7.943282300E-09 2.057642300E-02
4.00000E-01 1.258925400E-06 6.809455900E+03
4.00000E-01 1.258925400E-07 9.817254800E+02
4.00000E-01 1.258925400E-08 1.437268100E-01
4.00000E-01 1.258925400E-09 1.433066600E-05
4.00000E-01 1.584893200E-06 3.179348400E+03
4.00000E-01 1.584893200E-07 2.168921700E+03
4.00000E-01 1.584893200E-08 3.393558000E-01
4.00000E-01 1.584893200E-09 3.437309100E-05
4.00000E-01 1.995262300E-06 5.420265500E+02
4.00000E-01 1.995262300E-07 4.149624000E+03
4.00000E-01 1.995262300E-08 8.290543800E-01
4.00000E-01 1.995262300E-09 8.319968400E-05
4.00000E-01 1.000000000E-05 6.198811700E-28
4.00000E-01 1.000000000E-06 1.529666900E+04
4.00000E-01 1.000000000E-07 4.459943500E+02
4.00000E-01 1.000000000E-08 5.505034400E-02
4.00000E-01 1.000000000E-09 5.523010300E-06
4.00000E-01 2.511886400E-06 8.044154600E+01
4.00000E-01 2.511886400E-07 7.898470400E+03
4.00000E-01 2.511886400E-08 2.277302600E+00
4.00000E-01 2.511886400E-09 2.328826300E-04
4.00000E-01 3.162277700E-06 3.301893300E+00
4.00000E-01 3.162277700E-07 1.278002000E+04
4.00000E-01 3.162277700E-08 5.221108200E+00
4.00000E-01 3.162277700E-09 5.256323200E-04
4.00000E-01 3.981071700E-06 2.910655300E-03
4.00000E-01 3.981071700E-07 1.795488800E+04
4.00000E-01 3.981071700E-08 1.256503500E+01
4.00000E-01 3.981071700E-09 1.243985800E-03
4.00000E-01 5.011872300E-06 4.366416000E-06
4.00000E-01 5.011872300E-07 2.298342700E+04
4.00000E-01 5.011872300E-09 3.339411700E-03
4.00000E-01 6.309573400E-06 4.463746700E-10
4.00000E-01 6.309573400E-07 2.385045700E+04
4.00000E-01 6.309573400E-08 7.703698300E+01
4.00000E-01 6.309573400E-09 7.729525800E-03
4.00000E-01 7.943282300E-06 1.170312700E-23
4.00000E-01 7.943282300E-07 2.132002600E+04
4.00000E-01 7.943282300E-08 1.858436100E+02
4.00000E-01 7.943282300E-09 2.132737700E-02
4.50000E-01 1.258925400E-06 1.935122600E+03
4.50000E-01 1.258925400E-07 8.580841200E+02
4.50000E-01 1.258925400E-08 1.327609800E-01
4.50000E-01 1.258925400E-09 1.282441700E-05
4.50000E-01 1.584893200E-06 9.104618600E+02
4.50000E-01 1.584893200E-07 1.680031400E+03
4.50000E-01 1.584893200E-08 3.158973400E-01
4.50000E-01 1.584893200E-09 3.195679100E-05
4.50000E-01 1.995262300E-06 6.671890800E+01
4.50000E-01 1.995262300E-07 3.089213400E+03
4.50000E-01 1.995262300E-08 7.844258100E-01
4.50000E-01 1.995262300E-09 7.994965100E-05
4.50000E-01 1.000000000E-06 5.247614000E+03
4.50000E-01 1.000000000E-07 3.752703700E+02
4.50000E-01 1.000000000E-08 4.899141200E-02
4.50000E-01 1.000000000E-09 4.924355900E-06
4.50000E-01 2.511886400E-06 2.616784100E+00
4.50000E-01 2.511886400E-07 5.656341000E+03
4.50000E-01 2.511886400E-08 2.015004900E+00
4.50000E-01 2.511886400E-09 1.922550700E-04
4.50000E-01 3.162277700E-06 5.071870200E-02
4.50000E-01 3.162277700E-07 8.189513900E+03
4.50000E-01 3.162277700E-08 4.888537400E+00
4.50000E-01 3.162277700E-09 4.427746200E-04
4.50000E-01 3.981071700E-06 6.628116800E-05
4.50000E-01 3.981071700E-07 1.078985600E+04
4.50000E-01 3.981071700E-08 1.231531100E+01
4.50000E-01 3.981071700E-09 1.282907900E-03
4.50000E-01 5.011872300E-06 1.789687400E-11
4.50000E-01 5.011872300E-07 1.310448100E+04
4.50000E-01 5.011872300E-08 2.819945900E+01
4.50000E-01 5.011872300E-09 2.942503800E-03
4.50000E-01 6.309573400E-06 8.317666900E-15
4.50000E-01 6.309573400E-07 1.189901300E+04
4.50000E-01 6.309573400E-08 7.038536500E+01
4.50000E-01 6.309573400E-09 7.755088800E-03
4.50000E-01 7.943282300E-06 3.447900100E-26
4.50000E-01 7.943282300E-07 9.662349000E+03
4.50000E-01 7.943282300E-08 1.644904700E+02
4.50000E-01 7.943282300E-09 2.042000000E-02
5.00000E-01 1.258925400E-06 4.124756300E+02
5.00000E-01 1.258925400E-07 6.212796500E+02
5.00000E-01 1.258925400E-08 9.650724700E-02
5.00000E-01 1.258925400E-09 1.009570500E-05
5.00000E-01 1.584893200E-06 7.097404500E+01
5.00000E-01 1.584893200E-07 1.181244600E+03
5.00000E-01 1.584893200E-08 2.334519900E-01
5.00000E-01 1.584893200E-09 2.480177700E-05
5.00000E-01 1.995262300E-06 8.527392400E+00
5.00000E-01 1.995262300E-07 2.238371900E+03
5.00000E-01 1.995262300E-08 5.977530300E-01
5.00000E-01 1.995262300E-09 5.999004000E-05
5.00000E-01 1.000000000E-06 1.919416300E+03
5.00000E-01 1.000000000E-07 2.797801700E+02
5.00000E-01 1.000000000E-08 3.881703500E-02
5.00000E-01 1.000000000E-09 3.801215200E-06
5.00000E-01 2.511886400E-06 5.005113500E-02
5.00000E-01 2.511886400E-07 3.343850600E+03
5.00000E-01 2.511886400E-08 1.551253100E+00
5.00000E-01 2.511886400E-09 1.618349900E-04
5.00000E-01 3.162277700E-06 2.000850400E-04
5.00000E-01 3.162277700E-07 5.327111000E+03
5.00000E-01 3.162277700E-08 3.540968100E+00
5.00000E-01 3.162277700E-09 4.260237100E-04
5.00000E-01 3.981071700E-06 3.085970900E-08
5.00000E-01 3.981071700E-07 6.373581800E+03
5.00000E-01 3.981071700E-08 1.003767400E+01
5.00000E-01 3.981071700E-09 9.694793600E-04
5.00000E-01 5.011872300E-06 1.312128500E-15
5.00000E-01 5.011872300E-07 6.257027000E+03
5.00000E-01 5.011872300E-08 2.253395600E+01
5.00000E-01 5.011872300E-09 2.507209500E-03
5.00000E-01 6.309573400E-06 1.856733700E-22
5.00000E-01 6.309573400E-07 4.802675800E+03
5.00000E-01 6.309573400E-08 5.411100800E+01
5.00000E-01 6.309573400E-09 6.002705600E-03
5.00000E-01 7.943282300E-07 3.867440800E+03
5.00000E-01 7.943282300E-08 1.182807100E+02
5.00000E-01 7.943282300E-09 1.523584000E-02
5.50000E-01 1.258925400E-06 1.204463300E+02
5.50000E-01 1.258925400E-07 3.500292700E+02
5.50000E-01 1.258925400E-08 6.462919500E-02
5.50000E-01 1.584893200E-06 7.008649900E+00
5.50000E-01 1.584893200E-07 6.762303300E+02
5.50000E-01 1.584893200E-08 1.560160500E-01
5.50000E-01 1.995262300E-06 1.463491300E-01
5.50000E-01 1.995262300E-07 1.150006500E+03
5.50000E-01 1.995262300E-08 4.041548400E-01
5.50000E-01 1.000000000E-06 3.678780200E+02
5.50000E-01 1.000000000E-07 1.701265600E+02
5.50000E-01 1.000000000E-08 2.544182600E-02
5.50000E-01 2.511886400E-06 8.352906600E-04
5.50000E-01 2.511886400E-07 1.722147400E+03
5.50000E-01 2.511886400E-08 9.962473300E-01
5.50000E-01 3.162277700E-06 6.785244900E-08
5.50000E-01 3.162277700E-07 2.182513400E+03
5.50000E-01 3.162277700E-08 2.353585300E+00
5.50000E-01 3.162277700E-09 2.635243400E-04
5.50000E-01 3.981071700E-06 6.515655700E-16
5.50000E-01 3.981071700E-07 2.450013500E+03
5.50000E-01 3.981071700E-08 5.843581300E+00
5.50000E-01 3.981071700E-09 6.611184900E-04
5.50000E-01 5.011872300E-06 3.612520600E-24
5.50000E-01 5.011872300E-07 2.250011200E+03
5.50000E-01 5.011872300E-08 1.431713400E+01
5.50000E-01 5.011872300E-09 1.657229900E-03
5.50000E-01 6.309573400E-07 1.566380500E+03
5.50000E-01 6.309573400E-09 4.194160700E-03
5.50000E-01 7.943282300E-07 8.239056600E+02
5.50000E-01 7.943282300E-08 7.642386600E+01
5.50000E-01 7.943282300E-09 9.688036700E-03
6.00000E-01 1.258925400E-06 2.167902900E+00
6.00000E-01 1.258925400E-07 1.216100000E+02
6.00000E-01 1.258925400E-08 2.592126500E-02
6.00000E-01 1.584893200E-06 1.567917700E-01
6.00000E-01 1.584893200E-07 2.270291100E+02
6.00000E-01 1.584893200E-08 6.463613400E-02
6.00000E-01 1.995262300E-06 3.460958500E-03
6.00000E-01 1.995262300E-07 3.277193400E+02
6.00000E-01 1.995262300E-08 1.531820200E-01
6.00000E-01 1.000000000E-06 2.552855100E+01
6.00000E-01 1.000000000E-07 6.318405200E+01
6.00000E-01 1.000000000E-08 1.024668500E-02
6.00000E-01 2.511886400E-06 1.500753400E-06
6.00000E-01 2.511886400E-07 4.737650700E+02
6.00000E-01 2.511886400E-08 3.881626600E-01
6.00000E-01 3.162277700E-06 7.707755800E-16
6.00000E-01 3.162277700E-07 5.677781700E+02
6.00000E-01 3.162277700E-08 9.344226200E-01
6.00000E-01 3.162277700E-09 1.065154000E-04
6.00000E-01 3.981071700E-06 6.956512500E-23
6.00000E-01 3.981071700E-07 5.745024000E+02
6.00000E-01 3.981071700E-08 2.421818100E+00
6.00000E-01 3.981071700E-09 2.678476800E-04
6.00000E-01 5.011872300E-06 1.354909300E-30
6.00000E-01 5.011872300E-07 3.979044700E+02
6.00000E-01 5.011872300E-08 5.800890400E+00
6.00000E-01 5.011872300E-09 6.664664600E-04
6.00000E-01 6.309573400E-07 2.768781900E+02
6.00000E-01 6.309573400E-08 1.323079200E+01
6.00000E-01 6.309573400E-09 1.650367000E-03
6.00000E-01 7.943282300E-07 1.195306000E+02
6.00000E-01 7.943282300E-09 4.063300500E-03
