0.4 0.00012589254 0.052711572 0.0011336539 0 0.53378938
0.4 0.00015848932 0.051923872 0.00095644389 0 0.53378938
0.4 0.00019952623 0.050262359 0.00095554678 0 0.53378938
0.4 0.0001 0.050106977 0.00098213344 0 0.53378938
0.4 0.00025118864 0.05315306 0.0010595875 0 0.53378938
0.4 0.00031622777 0.048991155 0.00095508644 0 0.53378938
0.4 1.2589254e-05 0.052751659 0.0010517382 0 0.53378938
0.4 1.2589254e-06 0.048660961 0.00090741793 0.39434649 0.87945057
0.4 1.2589254e-07 0.055157692 0.0011903007 4.2127891 0.55664658
0.4 1.2589254e-08 0.051886141 0.0010791149 0.068760178 0.60217028
0.4 1.2589254e-09 0.053096124 0.0010953492 0.00070431033 0.61493885
0.4 1.5848932e-05 0.05375603 0.001181136 0 0.56327605
0.4 1.5848932e-06 0.051503629 0.0010090715 0.058569062 0.837608
0.4 1.5848932e-07 0.050852135 0.001044381 6.0439313 0.65194334
0.4 1.5848932e-08 0.048585231 0.00092853517 0.12027868 0.58108921
0.4 1.5848932e-09 0.050604908 0.00092714543 0.0013702971 0.4998621
0.4 1.9952623e-05 0.056221579 0.0012356969 0 0.55713856
0.4 1.9952623e-06 0.050831092 0.00098185243 0.0025427496 0.99994705
0.4 1.9952623e-07 0.052239835 0.0010966605 7.180712 0.66852447
0.4 1.9952623e-08 0.051568425 0.0010423361 0.17717297 0.53979162
0.4 1.9952623e-09 0.053338846 0.0011055172 0.0017744692 0.48098423
0.4 1e-05 0.053201766 0.0010882153 0 1
0.4 1e-06 0.051262643 0.0010411482 0.65124565 0.90812171
0.4 1e-07 0.049078484 0.00093758913 3.5172865 0.58909243
0.4 1e-08 0.054065265 0.0010968444 0.042898633 0.61327327
0.4 1e-09 0.051501554 0.001024337 0.00047022902 0.47413362
0.4 2.5118864e-05 0.05203308 0.0010565751 0 0.547026
0.4 2.5118864e-06 0.053345326 0.0011515699 0.0032250561 0.99999992
0.4 2.5118864e-07 0.047980146 0.00099151916 7.9589204 0.70230209
0.4 2.5118864e-08 0.049855192 0.00093907492 0.32487687 0.50917033
0.4 2.5118864e-09 0.050017247 0.00096241274 0.0029681122 0.53615822
0.4 3.1622777e-05 0.050566455 0.0010515844 0 0.5555687
0.4 3.1622777e-06 0.056021051 0.0011236105 1.0058299e-07 0.49908018
0.4 3.1622777e-07 0.053376606 0.001107472 7.867964 0.70480125
0.4 3.1622777e-08 0.05369499 0.0011406055 0.40795722 0.61080357
0.4 3.1622777e-09 0.052856748 0.0010383476 0.0046105946 0.50200728
0.4 3.9810717e-05 0.053741873 0.0011090065 0 0.55106231
0.4 3.9810717e-06 0.051200663 0.0010236402 5.3999035e-15 0.99999543
0.4 3.9810717e-07 0.050148307 0.00091558927 7.9455409 0.79755822
0.4 3.9810717e-08 0.054293016 0.0011858901 0.6025759 0.59306914
0.4 3.9810717e-09 0.04740188 0.00083288906 0.0072918835 0.51323529
0.4 5.0118723e-05 0.054251795 0.0010859624 0 0.56419859
0.4 5.0118723e-06 0.05174912 0.0010531616 1.5198741e-14 0.0012930425
0.4 5.0118723e-07 0.052068227 0.0010087137 5.1327369 0.83617259
0.4 5.0118723e-08 0.051897033 0.0010067446 1.0037206 0.48335612
0.4 5.0118723e-09 0.052229036 0.001026869 0.011074128 0.55078587
0.4 6.3095734e-05 0.053277276 0.0011508654 0 0.57401628
0.4 6.3095734e-06 0.052398728 0.0011307916 7.0067043e-24 4.5120544e-06
0.4 6.3095734e-07 0.050746682 0.00095707486 3.8766419 0.85746484
0.4 6.3095734e-08 0.051389943 0.0010559217 1.481731 0.62522712
0.4 6.3095734e-09 0.055967306 0.0012007739 0.017609911 0.50329096
0.4 7.9432823e-05 0.052417408 0.0011386501 0 0.56112042
0.4 7.9432823e-06 0.050449205 0.0010069912 4.9400794e-44 0.043383949
0.4 7.9432823e-07 0.051914073 0.00098844837 1.8972776 0.91437723
0.4 7.9432823e-08 0.051205131 0.00096406303 2.321071 0.51097699
0.4 7.9432823e-09 0.051084772 0.0010260701 0.02722942 0.5483321
0.45 0.00012589254 0.084497351 0.0027023809 0 0.56061234
0.45 0.00015848932 0.089459942 0.0031897122 0 0.56061234
0.45 0.00019952623 0.085285203 0.0028223275 0 0.56061234
0.45 0.0001 0.08884766 0.0031114381 0 0.56061234
0.45 0.00025118864 0.091708457 0.0034484522 0 0.56061234
0.45 0.00031622777 0.087470774 0.002813949 0 0.56061234
0.45 1.2589254e-05 0.090315485 0.0031645301 0 0.56061234
0.45 1.2589254e-06 0.089070775 0.0030211449 0.063212018 0.82230592
0.45 1.2589254e-07 0.088295829 0.0029485882 3.2471303 0.56505656
0.45 1.2589254e-09 0.086959506 0.0029705826 0.00055982714 0.55052875
0.45 1.5848932e-05 0.089644726 0.0030188702 0 0.58223656
0.45 1.5848932e-06 0.087884841 0.00316938 0.0088596003 0.90429489
0.45 1.5848932e-07 0.090228147 0.0031681915 4.0330637 0.62293726
0.45 1.5848932e-08 0.087673492 0.0029392771 0.089672457 0.54887786
0.45 1.5848932e-09 0.089245166 0.0030773883 0.00093186977 0.53829469
0.45 1.9952623e-05 0.0891838 0.0030421588 0 0.58286407
0.45 1.9952623e-06 0.08786151 0.0029845661 0.0015588068 0.99899241
0.45 1.9952623e-07 0.090223502 0.0031884305 4.4168009 0.68222024
0.45 1.9952623e-08 0.083230155 0.0027891712 0.12381791 0.58348031
0.45 1.9952623e-09 0.091918569 0.0033186437 0.0012399737 0.57565689
0.45 1e-05 0.08847553 0.0030189138 0 0.58412636
0.45 1e-06 0.089375474 0.0032200959 0.25249072 0.89144931
0.45 1e-07 0.086218741 0.0028502069 2.5148853 0.60381104
0.45 1e-08 0.089706689 0.0031368988 0.032918027 0.55265647
0.45 1e-09 0.0896898 0.0031289319 0.00034660556 0.50359208
0.45 2.5118864e-05 0.088916375 0.0032760289 0 0.58258095
0.45 2.5118864e-06 0.0891558 0.0031134144 4.6161836e-06 0.79234201
0.45 2.5118864e-07 0.089209622 0.0030438266 4.8384065 0.69411325
0.45 2.5118864e-08 0.089934731 0.0030940516 0.21445721 0.56140702
0.45 2.5118864e-09 0.087114961 0.0029344287 0.0020750176 0.61939587
0.45 3.1622777e-05 0.086962495 0.0028484063 0 0.5705139
0.45 3.1622777e-06 0.090402477 0.0031338072 1.7465287e-07 0.99634803
0.45 3.1622777e-07 0.092332092 0.0032362558 4.4449345 0.73825855
0.45 3.1622777e-08 0.08805334 0.0031528829 0.31971462 0.59640065
0.45 3.1622777e-09 0.086750464 0.0030049551 0.0032724738 0.56981939
0.45 3.9810717e-05 0.090690649 0.0030308409 0 0.57349332
0.45 3.9810717e-06 0.084330719 0.0027250509 1.2985799e-12 0.99999945
0.45 3.9810717e-07 0.084875164 0.0025146279 4.2196613 0.76658298
0.45 3.9810717e-08 0.087993931 0.0030124435 0.51995291 0.5283528
0.45 3.9810717e-09 0.09226211 0.0032509629 0.0051400491 0.59018289
0.45 5.0118723e-05 0.085606061 0.0031209261 0 0.57322925
0.45 5.0118723e-06 0.092838014 0.0033989798 1.1675389e-16 0.030603092
0.45 5.0118723e-07 0.089681774 0.0032414454 2.2631323 0.83894296
0.45 5.0118723e-08 0.089364337 0.003075769 0.74337651 0.52106165
0.45 5.0118723e-09 0.090322581 0.0033373756 0.0074007943 0.57776395
0.45 6.3095734e-05 0.09030837 0.0029130464 0 0.58617385
0.45 6.3095734e-06 0.091709061 0.0033541914 7.2510825e-26 1
0.45 6.3095734e-07 0.09137718 0.0033724115 1.1895758 0.84192758
0.45 6.3095734e-08 0.091089788 0.0034248868 1.0865888 0.59251832
0.45 6.3095734e-09 0.090390432 0.0031591563 0.012732714 0.53213242
0.45 7.9432823e-05 0.089288173 0.003252447 0 0.56810355
0.45 7.9432823e-06 0.089998628 0.0031217395 0 0.61766081
0.45 7.9432823e-07 0.091420341 0.0033154323 0.64699933 0.81610877
0.45 7.9432823e-08 0.089478556 0.0031078276 1.6272654 0.6030747
0.45 7.9432823e-09 0.090690814 0.0033080903 0.020740803 0.54473625
0.5 0.00012589254 0.12901899 0.0060327185 0 0.5846169
0.5 0.00015848932 0.12154961 0.0055645496 0 0.5846169
0.5 0.00019952623 0.12351853 0.006231485 0 0.5846169
0.5 0.0001 0.1221165 0.0061882381 0 0.5846169
0.5 0.00025118864 0.13279967 0.0069791358 0 0.5846169
0.5 0.00031622777 0.12528178 0.0063379866 0 0.5846169
0.5 1.2589254e-05 0.12580512 0.0062151336 0 0.5846169
0.5 1.2589254e-06 0.12230463 0.0061162696 0.014154186 0.66241372
0.5 1.2589254e-07 0.12489752 0.0061658642 2.5864027 0.63603482
0.5 1.2589254e-08 0.12336461 0.0058868316 0.046479138 0.56606612
0.5 1.2589254e-09 0.12684063 0.0062514714 0.00041006287 0.60035819
0.5 1.5848932e-05 0.12682426 0.0064960562 0 0.61259834
0.5 1.5848932e-06 0.1308315 0.0069002482 0.0036481903 0.94606186
0.5 1.5848932e-07 0.12602627 0.006396052 3.0476988 0.61909261
0.5 1.5848932e-08 0.12343483 0.0062194948 0.072569051 0.58051233
0.5 1.5848932e-09 0.1256419 0.0062960341 0.0007561389 0.53923015
0.5 1.9952623e-05 0.12458074 0.0058361445 0 0.59582899
0.5 1.9952623e-06 0.12981494 0.0066249206 3.2083272e-05 0.78007117
0.5 1.9952623e-07 0.12327362 0.0057842142 3.5685302 0.66838605
0.5 1.9952623e-08 0.12717317 0.006154139 0.11429082 0.56910564
0.5 1.9952623e-09 0.12676826 0.0064622462 0.0011439676 0.52590422
0.5 1e-05 0.12742344 0.0061276245 0 0.58050697
0.5 1e-06 0.12725272 0.0061094949 0.11790623 0.96151399
0.5 1e-07 0.12666803 0.0066484635 1.7802857 0.65446645
0.5 1e-08 0.1248888 0.006108666 0.027234992 0.61993883
0.5 1e-09 0.12468281 0.0063468229 0.00027916005 0.55510023
0.5 2.5118864e-05 0.12984615 0.0066914757 0 0.59398167
0.5 2.5118864e-06 0.12659443 0.0062467449 2.1523827e-06 0.53429889
0.5 2.5118864e-07 0.12354472 0.0059658702 3.3747043 0.74145094
0.5 2.5118864e-08 0.13001165 0.006797834 0.15623048 0.60283677
0.5 2.5118864e-09 0.12505999 0.0061990161 0.0017506937 0.63266942
0.5 3.1622777e-05 0.12417853 0.0061110223 0 0.59917361
0.5 3.1622777e-06 0.12844917 0.0066564148 1.0775133e-08 1
0.5 3.1622777e-07 0.12729515 0.0061278779 2.9993311 0.74809101
0.5 3.1622777e-08 0.12136588 0.0057890995 0.26482557 0.57410962
0.5 3.1622777e-09 0.12716565 0.0059580112 0.0027772263 0.64646005
0.5 3.9810717e-05 0.12667304 0.0066254419 0 0.61803097
0.5 3.9810717e-06 0.12925077 0.0065344205 1.2456067e-14 0.99991918
0.5 3.9810717e-07 0.12511978 0.0062356152 2.055835 0.8015681
0.5 3.9810717e-08 0.12724407 0.0062784593 0.42340545 0.60566913
0.5 3.9810717e-09 0.12998018 0.0065758436 0.0044546592 0.5655208
0.5 5.0118723e-05 0.12784966 0.0066083649 0 0.60555554
0.5 5.0118723e-06 0.12354392 0.0059437007 3.0677772e-29 1
0.5 5.0118723e-07 0.12774999 0.0066018296 1.26473 0.83272191
0.5 5.0118723e-08 0.12427291 0.0060482094 0.67652902 0.5800916
0.5 5.0118723e-09 0.12689174 0.0066189216 0.0064303817 0.63227798
0.5 6.3095734e-05 0.1277512 0.0066835796 0 0.60719463
0.5 6.3095734e-07 0.12555685 0.0058189772 0.71771815 0.83304177
0.5 6.3095734e-08 0.12782109 0.0065457998 0.89922372 0.61521367
0.5 6.3095734e-09 0.12458949 0.0060026061 0.010842994 0.59860061
0.5 7.9432823e-05 0.12871693 0.0061782035 0 0.59412969
0.5 7.9432823e-06 0.12086558 0.0059200751 3.1969909e-41 0
0.5 7.9432823e-07 0.13144896 0.0067115573 0.27733721 0.88065696
0.5 7.9432823e-08 0.12567484 0.0059585049 1.4609005 0.59212527
0.5 7.9432823e-09 0.12462319 0.0062735736 0.016934689 0.57796106
0.55 1.2589254e-05 0.18032955 0.012755064 0 0.58433914
0.55 1.2589254e-06 0.18351525 0.013962571 0.0041740774 0.92586422
0.55 1.2589254e-07 0.18644588 0.013605813 1.9550269 0.69339745
0.55 1.2589254e-08 0.18088807 0.012936511 0.041118086 0.61547773
0.55 1.5848932e-05 0.18252586 0.013411946 0 0.61595549
0.55 1.5848932e-06 0.18510943 0.013307363 0.00042465978 0.95719114
0.55 1.5848932e-07 0.1834253 0.013946779 2.1491726 0.68764508
0.55 1.5848932e-08 0.17450419 0.012114571 0.064814345 0.61258882
0.55 1.9952623e-05 0.18366301 0.012656525 0 0.6004204
0.55 1.9952623e-06 0.18114678 0.013226533 3.1912948e-06 0.32412019
0.55 1.9952623e-07 0.18326856 0.013345414 2.4057179 0.70900438
0.55 1.9952623e-08 0.18694362 0.013489307 0.10394085 0.56302257
0.55 1e-05 0.18054131 0.013270758 0 0.62222293
0.55 1e-06 0.18899816 0.013968443 0.026605477 0.90678719
0.55 1e-07 0.18267555 0.013424281 1.4967062 0.61811353
0.55 1e-08 0.17827554 0.012038897 0.025467972 0.57099106
0.55 2.5118864e-05 0.1811282 0.013339294 0 0.63373104
0.55 2.5118864e-06 0.19286373 0.014654894 4.6256626e-08 0.99998642
0.55 2.5118864e-07 0.18137054 0.013345482 2.1097571 0.72952954
0.55 2.5118864e-08 0.1848817 0.013555031 0.15494336 0.62162997
0.55 3.1622777e-05 0.18294178 0.013734746 0 0.63666883
0.55 3.1622777e-06 0.18040499 0.01324324 2.0220091e-11 1
0.55 3.1622777e-07 0.17479216 0.01179588 1.8089876 0.7805869
0.55 3.1622777e-08 0.17824003 0.012686724 0.24034045 0.58763666
0.55 3.1622777e-09 0.17982815 0.012978509 0.0022781558 0.63122403
0.55 3.9810717e-06 0.18548799 0.013019334 4.7438047e-19 4.220028e-07
0.55 3.9810717e-07 0.18638507 0.013768972 1.0928819 0.83724594
0.55 3.9810717e-08 0.18782608 0.013810221 0.37895805 0.55944463
0.55 3.9810717e-09 0.17848386 0.012797273 0.0039757056 0.60674025
0.55 5.0118723e-06 0.18990582 0.014050801 1.3428088e-34 0.88616478
0.55 5.0118723e-07 0.18691207 0.014266448 0.52034386 0.85399898
0.55 5.0118723e-08 0.17524083 0.012380935 0.56559171 0.60188384
0.55 5.0118723e-09 0.18208833 0.012813493 0.0067324413 0.56852214
0.55 6.3095734e-06 0.18142681 0.013423429 0 1
0.55 6.3095734e-07 0.18141729 0.013199858 0.24760121 0.84034441
0.55 6.3095734e-08 0.18490489 0.012783361 0.81854358 0.53639745
0.55 6.3095734e-09 0.18267555 0.013907407 0.010007015 0.59996584
0.55 7.9432823e-06 0.18441239 0.014125579 0 0.61082615
0.55 7.9432823e-07 0.18604414 0.013820405 0.093887874 0.94719755
0.55 7.9432823e-08 0.17857143 0.012427114 1.2049853 0.59614707
0.55 7.9432823e-09 0.19019347 0.014724237 0.014899393 0.55297428
0.6 1.2589254e-05 0.266101 0.028518296 0 0.59426386
0.6 1.2589254e-06 0.25583299 0.026150228 0.00014714848 0.91027906
0.6 1.2589254e-07 0.26798855 0.028246875 1.5089968 0.66678321
0.6 1.2589254e-08 0.25674295 0.025973808 0.037980983 0.61550763
0.6 1.5848932e-05 0.26328181 0.028915034 0 0.6338352
0.6 1.5848932e-07 0.26409889 0.029760452 1.5271206 0.72549287
0.6 1.5848932e-08 0.26242077 0.027410688 0.056814447 0.60499628
0.6 1.9952623e-05 0.26268413 0.027194145 0 0.6265539
0.6 1.9952623e-06 0.26060359 0.026576203 2.4716802e-07 0.99992546
0.6 1.9952623e-07 0.25744594 0.027050101 1.4992504 0.72332348
0.6 1.9952623e-08 0.26858489 0.027828142 0.088083045 0.60609955
0.6 1e-05 0.26992735 0.029311084 0 0.64630882
0.6 1e-06 0.26680973 0.027912864 0.0042904219 0.76222464
0.6 1e-08 0.27174135 0.030166706 0.022204597 0.60218603
0.6 2.5118864e-05 0.26872831 0.028967921 0 0.63549715
0.6 2.5118864e-06 0.25997755 0.027044873 7.7932945e-16 0.99623064
0.6 2.5118864e-07 0.27017078 0.029850331 1.1988761 0.75618256
0.6 2.5118864e-08 0.2678316 0.028688531 0.14217347 0.60197051
0.6 3.1622777e-05 0.26107369 0.027646775 0 0.63977395
0.6 3.1622777e-06 0.26368464 0.027521008 1.8160786e-18 0.99409473
0.6 3.1622777e-07 0.26676206 0.028628389 0.8624966 0.82379558
0.6 3.1622777e-08 0.26831015 0.028431876 0.21168983 0.63941799
0.6 3.1622777e-09 0.26370491 0.02881639 0.0022135001 0.60311903
0.6 3.9810717e-06 0.26352869 0.028415234 3.8590862e-26 0.99996891
0.6 3.9810717e-07 0.26369479 0.028755653 0.51358483 0.83025853
0.6 3.9810717e-08 0.26086068 0.027411198 0.31965689 0.61806769
0.6 3.9810717e-09 0.26302402 0.027591644 0.0037961111 0.64760661
0.6 5.0118723e-06 0.25720711 0.025635565 1.9348947e-44 1
0.6 5.0118723e-07 0.26406617 0.027852949 0.26565533 0.81810849
0.6 5.0118723e-08 0.27104618 0.029679429 0.47381459 0.61623045
0.6 5.0118723e-09 0.26597159 0.027559191 0.0058481926 0.62379356
0.6 6.3095734e-06 0.26684361 0.028576934 1.2626069e-47 1
0.6 6.3095734e-07 0.25833418 0.026848598 0.091729345 0.90589314
0.6 6.3095734e-08 0.27052696 0.028041453 0.71231341 0.62099998
0.6 6.3095734e-09 0.26818089 0.027451669 0.0097998368 0.61115988
0.6 7.9432823e-06 0.26442651 0.027361319 0 0.64388396
0.6 7.9432823e-07 0.25943734 0.026235488 0.032702779 0.88549667
0.6 7.9432823e-08 0.26589242 0.028333688 0.94202404 0.65184809
0.6 7.9432823e-09 0.26527068 0.02771769 0.013959425 0.62305519
0.65 1.1220185e-06 0.38434889 0.060546504 0.00012458501 0.97976131
0.65 1.1220185e-06 0.38434889 0.060546504 0.00012458501 0.97976131
0.65 1.2589254e-05 0.37304011 0.051728838 0 0.83922226
0.65 1.2589254e-06 0.38280931 0.060571094 4.0019052e-05 0.71848755
0.65 1.2589254e-07 0.3808554 0.057710063 1.1250104 0.69328054
0.65 1.2589254e-08 0.38890018 0.057319095 0.038710636 0.62176597
0.65 1.4125375e-06 0.38442773 0.057754035 1.1023736e-06 0.98263894
0.65 1.4125375e-06 0.38442773 0.057754035 1.1023736e-06 0.98263894
0.65 1.5848932e-05 0.38002039 0.05973409 0 0.96910053
0.65 1.5848932e-06 0.37214052 0.055106594 8.8551457e-08 0.99988283
0.65 1.5848932e-07 0.37650173 0.057038747 1.1028105 0.74054005
0.65 1.5848932e-08 0.36982128 0.053250059 0.065234938 0.61445224
0.65 1.7782794e-06 0.38383221 0.055960875 1.2797403e-08 0.043746219
0.65 1.7782794e-06 0.38383221 0.055960875 1.2797403e-08 0.043746219
0.65 1.9952623e-05 0.37621753 0.056341017 0 0.099948217
0.65 1.9952623e-06 0.37169581 0.055928202 1.1147875e-09 0.99999991
0.65 1.9952623e-07 0.39299532 0.060897871 0.87232142 0.72694906
0.65 1.9952623e-08 0.37848849 0.057594397 0.086116717 0.6375139
0.65 1e-05 0.3755102 0.056939607 0 0.65027181
0.65 1e-06 0.38297006 0.058120329 0.00033819236 0.47990982
0.65 1e-08 0.39240506 0.060727446 0.023368852 0.63082313
0.65 2.2387211e-06 0.3838795 0.061883283 2.5633982e-14 0.99988164
0.65 2.2387211e-06 0.3838795 0.061883283 2.5633982e-14 0.99988164
0.65 2.5118864e-05 0.38240098 0.059023098 0 0.99999996
0.65 2.5118864e-06 0.38860527 0.061818157 3.3652726e-14 1
0.65 2.5118864e-08 0.37780956 0.058130485 0.13633835 0.67104998
0.65 2.8183829e-06 0.38569969 0.058859585 9.4160534e-18 1
0.65 2.8183829e-06 0.38569969 0.058859585 9.4160534e-18 1
0.65 3.1622777e-05 0.39 0.061365307 0 1
0.65 3.1622777e-06 0.37705584 0.05435729 2.0870508e-25 1
0.65 3.1622777e-07 0.38391039 0.060362284 0.38168615 0.80848941
0.65 3.1622777e-09 0.37754686 0.057539742 0.0023432344 0.62317794
0.65 3.5481339e-06 0.37846091 0.05755503 1.0871161e-33 0.96367637
0.65 3.5481339e-06 0.37846091 0.05755503 1.0871161e-33 0.96367637
0.65 3.9810717e-06 0.37990645 0.056093571 1.4904652e-33 1
0.65 3.9810717e-07 0.37632437 0.057813482 0.18827035 0.83692007
0.65 3.9810717e-08 0.3870114 0.057673522 0.34135944 0.61395513
0.65 3.9810717e-09 0.3723969 0.053905554 0.0041637957 0.62279952
0.65 4.4668359e-06 0.3844898 0.056731862 0 0.65636664
0.65 4.4668359e-06 0.3844898 0.056731862 0 0.65636664
0.65 5.0118723e-06 0.38378708 0.05754467 0 0.65636664
0.65 5.0118723e-07 0.36848559 0.05256549 0.071155884 0.91496543
0.65 5.0118723e-08 0.39260923 0.058594804 0.48171758 0.66020133
0.65 5.0118723e-09 0.37512721 0.055662066 0.006861126 0.66414977
0.65 5.6234133e-06 0.38758901 0.06040553 0 0.67343425
0.65 6.3095734e-06 0.37436419 0.056668762 0 0.67343425
0.65 6.3095734e-07 0.38183296 0.054857938 0.01401692 0.82157274
0.65 6.3095734e-08 0.38663145 0.059149427 0.64124181 0.68640301
0.65 6.3095734e-09 0.3854442 0.058141818 0.010159728 0.59816788
0.65 7.0794578e-06 0.36856037 0.052008214 0 0.61719416
0.65 7.9432823e-06 0.38370672 0.05689175 0 0.61719416
0.65 7.9432823e-07 0.37874771 0.055850418 0.0043471453 0.81317209
0.65 7.9432823e-08 0.38117504 0.059745059 0.84510024 0.68720467
0.65 7.9432823e-09 0.38325183 0.06239165 0.014654436 0.67288304
0.65 8.9125094e-06 0.37081633 0.053352145 0 0.68171492
0.7 1.2589254e-05 0.48155646 0.091198954 0 0.68171492
0.7 1.2589254e-06 0.47336343 0.088795713 2.5888001e-09 0.88828638
0.7 1.2589254e-07 0.4565511 0.08592452 0.83865492 0.77048279
0.7 1.2589254e-08 0.47113425 0.088211007 0.051041432 0.62770966
0.7 1.5848932e-05 0.47695436 0.091058843 0 0.65360205
0.7 1.5848932e-06 0.47749775 0.087999698 1.3198119e-15 0.21053375
0.7 1.5848932e-07 0.47645866 0.088980451 0.69687669 0.78485615
0.7 1.5848932e-08 0.48347669 0.096957977 0.07352682 0.61349408
0.7 1.9952623e-05 0.48616423 0.090670451 0 0.64131861
0.7 1.9952623e-06 0.47179946 0.091023081 7.5863915e-21 1
0.7 1.9952623e-07 0.47291526 0.092053182 0.44916099 0.82014669
0.7 1.9952623e-08 0.47827066 0.092832541 0.11342628 0.64804903
0.7 1e-05 0.48781038 0.099103689 0 0.65519253
0.7 1e-06 0.47373168 0.08791007 1.404968e-05 0.9842318
0.7 1e-07 0.47828991 0.089566204 0.88228459 0.73067754
0.7 1e-08 0.46422142 0.084403894 0.032981826 0.68948434
0.7 2.5118864e-05 0.4807822 0.089802206 0 0.68936609
0.7 2.5118864e-06 0.48089888 0.09261356 6.2568371e-26 0.78127204
0.7 2.5118864e-07 0.47988246 0.087320387 0.30987147 0.79912026
0.7 2.5118864e-08 0.47340067 0.088941945 0.19041512 0.65184151
0.7 3.1622777e-05 0.48114901 0.091565163 0 0.6715451
0.7 3.1622777e-06 0.472103 0.09000563 3.0498004e-44 1
0.7 3.1622777e-07 0.4745839 0.086676143 0.152218 0.77260297
0.7 3.1622777e-08 0.48424842 0.090987271 0.28449061 0.66032938
0.7 3.1622777e-09 0.47994592 0.089111185 0.0034897053 0.62098089
0.7 3.9810717e-06 0.47659574 0.091156275 0 0.65066859
0.7 3.9810717e-07 0.48034343 0.090946179 0.039172644 0.85851308
0.7 3.9810717e-08 0.48039882 0.091333472 0.37398745 0.67638333
0.7 3.9810717e-09 0.47373108 0.091856584 0.0052130562 0.65929543
0.7 5.0118723e-06 0.48651059 0.091986839 0 0.66777444
0.7 5.0118723e-07 0.47477013 0.086244406 0.0089606082 0.86049238
0.7 5.0118723e-09 0.46753247 0.086471524 0.0082899313 0.64450591
0.7 6.3095734e-06 0.46672642 0.085543854 0 0.65348351
0.7 6.3095734e-07 0.48701152 0.098128365 0.0012918709 0.95779429
0.7 6.3095734e-08 0.46894059 0.084530063 0.75728773 0.6624394
0.7 6.3095734e-09 0.48386369 0.090089719 0.013193921 0.63559242
0.7 7.9432823e-06 0.47971145 0.094298554 0 0.64976424
0.7 7.9432823e-07 0.4897407 0.096291744 9.0732655e-05 0.98481999
0.7 7.9432823e-08 0.47094458 0.084002903 0.88018586 0.71859886
0.7 7.9432823e-09 0.50123015 0.09988729 0.019141166 0.63081063
0.75 1.1220185e-06 0.57518282 0.13288616 3.1898042e-11 0.99999013
0.75 1.1220185e-06 0.57518282 0.13288616 3.1898042e-11 0.99999013
0.75 1.2589254e-05 0.56734507 0.13025713 0 0.99999158
0.75 1.2589254e-06 0.56354214 0.12748903 1.2271807e-16 0.54122502
0.75 1.2589254e-07 0.56854747 0.13282856 0.54953286 0.78370494
0.75 1.2589254e-08 0.57260462 0.13578573 0.069232466 0.66325902
0.75 1.4125375e-06 0.568 0.13190583 1.5785487e-21 0.9708832
0.75 1.4125375e-06 0.568 0.13190583 1.5785487e-21 0.9708832
0.75 1.5848932e-05 0.5704775 0.13436867 0 0.99877251
0.75 1.5848932e-06 0.57037208 0.12852156 3.2591711e-19 1
0.75 1.5848932e-07 0.56757991 0.12608567 0.37958688 0.7996495
0.75 1.5848932e-08 0.5633417 0.12743018 0.10358083 0.66588296
0.75 1.7782794e-06 0.57617855 0.13384243 1.0271352e-25 0.99999741
0.75 1.7782794e-06 0.57617855 0.13384243 1.0271352e-25 0.99999741
0.75 1.9952623e-05 0.57673667 0.13350262 0 1
0.75 1.9952623e-06 0.56324473 0.12725924 5.149438e-31 3.9966605e-08
0.75 1.9952623e-07 0.57494253 0.13468194 0.19067264 0.85988675
0.75 1.9952623e-08 0.57162598 0.13099213 0.15604774 0.67532811
0.75 1e-05 0.5752051 0.13829566 0 0.69095749
0.75 1e-06 0.55922865 0.128638 1.5983378e-10 0.9982178
0.75 1e-07 0.57335775 0.12768988 0.71027373 0.75105868
0.75 1e-08 0.57866972 0.12913891 0.045928266 0.67884212
0.75 2.2387211e-06 0.58 0.1334 2.6714133e-43 0.24526176
0.75 2.2387211e-06 0.58 0.1334 2.6714133e-43 0.24526176
0.75 2.5118864e-05 0.57983 0.13160396 0 0.24526176
0.75 2.5118864e-06 0.57775748 0.14222941 7.0282323e-45 1
0.75 2.5118864e-07 0.58193519 0.13548617 0.088613338 0.85422833
0.75 2.5118864e-08 0.56827078 0.13281023 0.23456603 0.67509929
0.75 2.8183829e-06 0.58914377 0.13728401 0 0.67083885
0.75 3.1622777e-05 0.57550182 0.12982922 0 0.67083885
0.75 3.1622777e-06 0.56803653 0.12722462 0 0.67083885
0.75 3.1622777e-07 0.57346516 0.12540018 0.030759635 0.78780222
0.75 3.1622777e-08 0.58215427 0.135774 0.34565776 0.69117562
0.75 3.1622777e-09 0.57521308 0.13608473 0.004512024 0.65940704
0.75 3.5481339e-06 0.56964657 0.13395708 0 0.67382711
0.75 3.9810717e-06 0.57847637 0.13419908 0 0.67382711
0.75 3.9810717e-07 0.5794649 0.12919696 0.0058409043 0.98835628
0.75 3.9810717e-08 0.57396723 0.13590824 0.45230919 0.6939993
0.75 3.9810717e-09 0.57826087 0.13497164 0.0072889548 0.62626246
0.75 4.4668359e-06 0.56697039 0.12747148 0 0.65159216
0.75 5.0118723e-06 0.57369146 0.13512567 0 0.65159216
0.75 5.0118723e-07 0.56949851 0.13419143 0.0011465472 0.82387866
0.75 5.0118723e-08 0.57025547 0.13592997 0.56069233 0.71410595
0.75 5.0118723e-09 0.57897164 0.13416336 0.010848887 0.67651563
0.75 5.6234133e-06 0.57828283 0.13262271 0 0.6856673
0.75 6.3095734e-06 0.56790976 0.12707373 0 0.6856673
0.75 6.3095734e-07 0.5826067 0.12793819 9.5413781e-05 0.85080997
0.75 6.3095734e-08 0.56133914 0.12858927 0.71073168 0.70841225
0.75 6.3095734e-09 0.58437429 0.13710167 0.018132443 0.67086235
0.75 7.0794578e-06 0.58121827 0.13477719 0 0.6836851
0.75 7.9432823e-06 0.57725814 0.13313198 0 0.6836851
0.75 7.9432823e-07 0.57613453 0.12979949 5.1873414e-07 0.97676939
0.75 7.9432823e-08 0.57240906 0.13724198 0.72290288 0.73956398
0.75 7.9432823e-09 0.57928214 0.13146362 0.029002427 0.59441723
0.75 8.9125094e-06 0.57864655 0.13665795 0 0.61853236
0.7 2.5118864e-07 0.47988246 0.087320387 0.30987147 0.79912026
0.8 1.1220185e-06 0.55216693 0.1244623 2.8423387e-11 0.99986784
0.8 1.2589254e-05 0.54421769 0.12056705 0 0.92234263
0.8 1.2589254e-06 0.55006797 0.12561589 2.6233248e-14 0.99823674
0.8 1.2589254e-07 0.55845039 0.12462021 0.59487461 0.77029688
0.8 1.2589254e-08 0.55461994 0.12205678 0.065282098 0.62875679
0.8 1.4125375e-06 0.55207857 0.12471579 8.9834129e-14 0.99999998
0.8 1.5848932e-05 0.53951813 0.1157759 0 0.99999998
0.8 1.5848932e-06 0.53962437 0.11630475 1.6329296e-18 0.99999793
0.8 1.5848932e-07 0.55034483 0.12183496 0.40316135 0.8049162
0.8 1.5848932e-08 0.55261959 0.12134972 0.10169735 0.70045374
0.8 1.7782794e-06 0.5553514 0.12576401 1.9898921e-25 0.99999804
0.8 1.9952623e-05 0.55068807 0.1178422 0 0.99999702
0.8 1.9952623e-06 0.55278793 0.11596419 3.7662825e-27 1
0.8 1.9952623e-07 0.54570447 0.12051755 0.21007538 0.83821385
0.8 1e-05 0.55191638 0.12025495 0 0.83267694
0.8 1e-07 0.56530753 0.13009496 0.71382847 0.74448156
0.8 1e-08 0.5475 0.12468068 0.041190588 0.67219292
0.8 2.2387211e-06 0.52098143 0.10680059 5.4493994e-40 1
0.8 2.5118864e-05 0.55312856 0.1194355 0 1
0.8 2.5118864e-06 0.55611776 0.12432071 3.8500111e-45 1
0.8 2.5118864e-07 0.55730235 0.12659614 0.10098355 0.82846777
0.8 2.5118864e-08 0.56695612 0.12645091 0.23077717 0.66030689
0.8 2.8183829e-06 0.55425824 0.12168811 0 0.66972994
0.8 3.1622777e-05 0.5425846 0.1201499 0 0.66972994
0.8 3.1622777e-06 0.55467152 0.12672082 0 0.66972994
0.8 3.1622777e-08 0.55276268 0.12579857 0.32964713 0.65254954
0.8 3.1622777e-09 0.54491564 0.11392787 0.0046831397 0.6405547
0.8 3.5481339e-06 0.54068182 0.12017882 0 0.65454195
0.8 3.9810717e-06 0.5453303 0.1187553 0 0.65454195
0.8 3.9810717e-07 0.53947969 0.1185575 0.010043481 0.85218938
0.8 3.9810717e-08 0.5419708 0.12263573 0.45442207 0.68668662
0.8 3.9810717e-09 0.56207367 0.12511826 0.0067589889 0.63996006
0.8 4.4668359e-06 0.54803543 0.11973883 0 0.66251464
0.8 5.0118723e-06 0.53295455 0.11264721 0 0.66251464
0.8 5.0118723e-07 0.53542948 0.1165038 0.00086161892 0.86899569
0.8 5.0118723e-08 0.54803944 0.12265226 0.59456413 0.69543141
0.8 5.0118723e-09 0.54916342 0.12007837 0.01087925 0.68504105
0.8 5.6234133e-06 0.5592754 0.12414093 0 0.71015903
0.8 6.3095734e-06 0.5342993 0.11878694 0 0.71015903
0.8 6.3095734e-07 0.53657439 0.12064772 0.00010782704 0.98650935
0.8 6.3095734e-08 0.54572406 0.12146561 0.70499261 0.69801827
0.8 6.3095734e-09 0.53506375 0.11134979 0.018136127 0.68739211
0.8 7.0794578e-06 0.55332726 0.1257218 0 0.67505635
0.8 7.9432823e-06 0.53958476 0.11313675 0 0.67505635
0.8 7.9432823e-08 0.53730322 0.11596825 0.79969319 0.75328261
0.8 7.9432823e-09 0.54915254 0.12335766 0.02728511 0.64881825
0.8 8.9125094e-06 0.55778894 0.1247317 0 0.66237784
0.81 1.1220185e-06 0.51711547 0.1060901 1.6528738e-11 0.98334294
0.81 1.1220185e-06 0.51711547 0.1060901 1.6528738e-11 0.98334294
0.81 1.2589254e-05 0.52249604 0.10797228 0 0.99998091
0.81 1.2589254e-06 0.52518149 0.11270909 9.4422352e-14 0.93107707
0.81 1.2589254e-07 0.51768707 0.10565042 0.68233157 0.75675838
0.81 1.2589254e-08 0.51249432 0.10827345 0.063340348 0.68771666
0.81 1.4125375e-06 0.51851016 0.11095884 1.4054519e-15 0.99998731
0.81 1.4125375e-06 0.51851016 0.11095884 1.4054519e-15 0.99998731
0.81 1.5848932e-05 0.52697189 0.11215472 0 0.99994722
0.81 1.5848932e-06 0.50738133 0.10209854 9.0822627e-16 0.99993487
0.81 1.5848932e-07 0.51689189 0.11094549 0.45263841 0.79581299
0.81 1.5848932e-08 0.50859107 0.10032003 0.10000769 0.66556928
0.81 1.7782794e-06 0.52854886 0.10795231 4.8574941e-23 0.99997452
0.81 1.7782794e-06 0.52854886 0.10795231 4.8574941e-23 0.99997452
0.81 1.9952623e-05 0.51991805 0.11042193 0 0.99999995
0.81 1.9952623e-06 0.52953203 0.1148803 2.0044097e-22 1
0.81 1.9952623e-07 0.51695108 0.11044757 0.29077596 0.80636881
0.81 1.9952623e-08 0.5362483 0.12027318 0.13721807 0.63431241
0.81 1e-05 0.5295045 0.10840531 0 0.66539122
0.81 1e-06 0.51811594 0.10688488 1.5906866e-09 0.99960706
0.81 1e-07 0.52553916 0.11524877 0.73980887 0.75349939
0.81 1e-08 0.51856043 0.10821927 0.04015197 0.67028515
0.81 2.2387211e-06 0.52040119 0.11031983 1.1582395e-33 1
0.81 2.2387211e-06 0.52040119 0.11031983 1.1582395e-33 1
0.81 2.5118864e-05 0.51411154 0.10586357 0 1
0.81 2.5118864e-06 0.52080054 0.10704108 1.2681023e-46 1
0.81 2.5118864e-07 0.52990296 0.11408879 0.15735646 0.7946688
0.81 2.5118864e-08 0.52207381 0.11275943 0.21092762 0.69252748
0.81 2.8183829e-06 0.51587302 0.10399345 5.6298681e-46 0
0.81 3.1622777e-05 0.51366743 0.10448862 0 0
0.81 3.1622777e-06 0.51528285 0.10907447 0 0
0.81 3.1622777e-07 0.52840909 0.11492898 0.055416772 0.83180027
0.81 3.1622777e-08 0.51910468 0.10750619 0.32730962 0.63139755
0.81 3.1622777e-09 0.52753755 0.10937339 0.0042730901 0.62847426
0.81 3.5481339e-06 0.51652057 0.10472051 0 0.65589213
0.81 3.9810717e-06 0.51427924 0.10269266 0 0.65589213
0.81 3.9810717e-07 0.5109555 0.10629998 0.011395084 0.73276401
0.81 3.9810717e-08 0.52235772 0.1060523 0.44979445 0.67736185
0.81 3.9810717e-09 0.52351598 0.11199417 0.0064649174 0.64760576
0.81 4.4668359e-06 0.50894677 0.10259629 0 0.7005
0.81 5.0118723e-06 0.51989088 0.10731096 0 0.7005
0.81 5.0118723e-07 0.53070075 0.11108253 0.0043665639 0.76968019
0.81 5.0118723e-08 0.51948052 0.10640533 0.60112188 0.69026326
0.81 5.0118723e-09 0.52958446 0.10739992 0.01070188 0.6567419
0.81 5.6234133e-06 0.51873722 0.11062781 0 0.69854784
0.81 6.3095734e-07 0.52058824 0.10659103 0.00019522409 0.66867374
0.81 6.3095734e-08 0.52268603 0.11075063 0.68913963 0.72271869
0.81 7.0794578e-06 0.53909277 0.11624841 0 0.72478153
0.81 7.9432823e-06 0.50743578 0.10427702 0 0.72478153
0.81 7.9432823e-07 0.52664075 0.11320428 5.6449828e-06 0.9798826
0.81 7.9432823e-08 0.53854927 0.11215682 0.81069662 0.6944325
0.81 7.9432823e-09 0.52570519 0.11073772 0.025848372 0.64963757
0.81 8.9125094e-06 0.50974173 0.10439658 0 0.67482067
0.82 1.1220185e-06 0.48938573 0.097368753 1.4805572e-09 0.33838129
0.82 1.1220185e-06 0.48938573 0.097368753 1.4805572e-09 0.33838129
0.82 1.2589254e-05 0.49167417 0.096476119 0 0.94435315
0.82 1.2589254e-06 0.48421053 0.094847648 1.0144861e-12 1
0.82 1.2589254e-07 0.49830125 0.1014661 0.73355932 0.78976393
0.82 1.2589254e-08 0.48646209 0.097028989 0.060558192 0.64514223
0.82 1.4125375e-06 0.4872143 0.092282954 2.2903272e-14 0.61256474
0.82 1.4125375e-06 0.4872143 0.092282954 2.2903272e-14 0.61256474
0.82 1.5848932e-05 0.48521383 0.091722634 0 0.89257678
0.82 1.5848932e-06 0.48833558 0.095629648 8.9278995e-15 0.12612739
0.82 1.5848932e-07 0.48934723 0.098268734 0.53180474 0.80376759
0.82 1.5848932e-08 0.49347141 0.095761448 0.093002289 0.66749018
0.82 1.7782794e-06 0.49132024 0.09875784 1.0366406e-22 0.37943549
0.82 1.7782794e-06 0.49132024 0.09875784 1.0366406e-22 0.37943549
0.82 1.9952623e-05 0.49046871 0.09789575 0 2.1125723e-06
0.82 1.9952623e-06 0.49920689 0.096492968 3.2472211e-23 1
0.82 1.9952623e-07 0.49233889 0.099066836 0.33920715 0.81189167
0.82 1.9952623e-08 0.49760766 0.099657583 0.13897927 0.68634779
0.82 1e-05 0.49592207 0.097409251 0 0.70304818
0.82 1e-06 0.50463068 0.10247639 1.8759987e-06 0.8246428
0.82 1e-07 0.49048578 0.093112143 0.88547634 0.75002296
0.82 1e-08 0.49283154 0.09615956 0.038915392 0.63974874
0.82 2.2387211e-06 0.49682684 0.096054693 4.9624642e-33 0.99999788
0.82 2.2387211e-06 0.49682684 0.096054693 4.9624642e-33 0.99999788
0.82 2.5118864e-05 0.49580974 0.097814332 0 0.99999793
0.82 2.5118864e-06 0.50376111 0.10105078 4.2383114e-44 1
0.82 2.5118864e-07 0.50528007 0.09987285 0.18624763 0.78290964
0.82 2.5118864e-08 0.48654759 0.095813462 0.21523987 0.67363988
0.82 2.8183829e-06 0.5006769 0.10167175 2.107824e-42 1
0.82 2.8183829e-06 0.5006769 0.10167175 2.107824e-42 1
0.82 3.1622777e-05 0.48568853 0.092387002 0 1
0.82 3.1622777e-06 0.4870188 0.094831322 0 1
0.82 3.1622777e-07 0.49478458 0.098956916 0.06661105 0.87738023
0.82 3.1622777e-08 0.49784629 0.099433819 0.32250151 0.70536287
0.82 3.1622777e-09 0.48522167 0.093545871 0.004076818 0.66473539
0.82 3.5481339e-06 0.49448074 0.098027271 0 0.66988022
0.82 3.9810717e-06 0.49557522 0.097608188 0 0.66988022
0.82 3.9810717e-07 0.48791507 0.092138467 0.020317438 0.83987222
0.82 3.9810717e-08 0.50386188 0.09626257 0.4554637 0.68782075
0.82 3.9810717e-09 0.48974532 0.098898313 0.0059711763 0.68362871
0.82 4.4668359e-06 0.49112022 0.098179318 0 0.69724701
0.82 5.0118723e-06 0.50921763 0.10955964 0 0.69724701
0.82 5.0118723e-07 0.48539071 0.09685826 0.005394048 0.80774114
0.82 5.0118723e-08 0.49552172 0.10241078 0.5519615 0.67977972
0.82 5.0118723e-09 0.50630063 0.11039723 0.0089900719 0.63336329
0.82 5.6234133e-06 0.48768362 0.09456103 0 0.65446936
0.82 6.3095734e-06 0.48435374 0.096431425 0 0.65446936
0.82 6.3095734e-07 0.49086397 0.096334685 0.00034016956 0.92170422
0.82 6.3095734e-09 0.5111915 0.10448047 0.014609245 0.68910189
0.82 7.0794578e-06 0.50469799 0.10229449 0 0.6918889
0.82 7.9432823e-07 0.49898808 0.10233351 7.6001311e-06 0.9225183
0.82 7.9432823e-08 0.49357674 0.10011699 0.81107136 0.71389758
0.82 7.9432823e-09 0.48500564 0.098422791 0.023916244 0.63419213
0.82 8.9125094e-06 0.48603859 0.1000765 0 0.67098568
0.83 1.1220185e-06 0.48388551 0.096079136 5.9705991e-08 0.9995928
0.83 1.1220185e-06 0.48388551 0.096079136 5.9705991e-08 0.9995928
0.83 1.2589254e-05 0.46660609 0.089356867 0 0.99958013
0.83 1.2589254e-06 0.48496496 0.09363782 5.283998e-10 0.08929765
0.83 1.2589254e-07 0.4599319 0.083007005 0.81110518 0.7862537
0.83 1.2589254e-08 0.47808496 0.092522176 0.058464178 0.67395155
0.83 1.4125375e-06 0.47504496 0.093770117 5.1142596e-15 0.99999999
0.83 1.4125375e-06 0.47504496 0.093770117 5.1142596e-15 0.99999999
0.83 1.5848932e-05 0.48078662 0.096722445 0 0.99999999
0.83 1.5848932e-06 0.48381295 0.090606157 5.5001934e-17 0.99955129
0.83 1.5848932e-07 0.46851726 0.088924173 0.62516052 0.76701144
0.83 1.5848932e-08 0.48351893 0.096380723 0.086261343 0.6675173
0.83 1.7782794e-06 0.46748879 0.086999033 1.4237609e-18 1
0.83 1.7782794e-06 0.46748879 0.086999033 1.4237609e-18 1
0.83 1.9952623e-05 0.46882737 0.08884822 0 1
0.83 1.9952623e-06 0.47020609 0.089427636 6.1926475e-22 1
0.83 1.9952623e-07 0.47266155 0.090880021 0.37191382 0.76917431
0.83 1.9952623e-08 0.46976534 0.08426522 0.15509109 0.6619404
0.83 1e-05 0.46870092 0.088860731 0 0.69714432
0.83 1e-06 0.46460573 0.087009498 4.6008741e-07 0.99941992
0.83 1e-07 0.47782258 0.09269587 0.87240017 0.71493008
0.83 1e-08 0.47851651 0.095551804 0.035098867 0.65496283
0.83 2.2387211e-06 0.48251748 0.094261252 2.7038896e-24 1
0.83 2.2387211e-06 0.48251748 0.094261252 2.7038896e-24 1
0.83 2.5118864e-05 0.47796763 0.089941301 0 1
0.83 2.5118864e-07 0.47577389 0.091035247 0.19713421 0.81560827
0.83 2.5118864e-08 0.49234923 0.094725156 0.22207213 0.68144805
0.83 2.8183829e-06 0.46749436 0.084212302 0 1
0.83 2.8183829e-06 0.46749436 0.084212302 0 1
0.83 3.1622777e-05 0.48203862 0.091126297 0 1
0.83 3.1622777e-06 0.49045158 0.099390547 8.4327235e-47 0
0.83 3.1622777e-07 0.47458007 0.092152501 0.10506353 0.87799944
0.83 3.1622777e-08 0.46767631 0.086156462 0.32588666 0.66817164
0.83 3.1622777e-09 0.46358512 0.087595113 0.0039229035 0.64629487
0.83 3.5481339e-06 0.47879338 0.093282721 0 0.66542327
0.83 3.9810717e-06 0.47616906 0.092172112 0 0.66542327
0.83 3.9810717e-07 0.47766245 0.094519397 0.025800556 0.71230408
0.83 3.9810717e-08 0.46808989 0.085202878 0.46760532 0.68618591
0.83 3.9810717e-09 0.4676729 0.0868129 0.0061911725 0.62503789
0.83 4.4668359e-06 0.47045557 0.089762161 0 0.65856225
0.83 5.0118723e-06 0.46689189 0.085702003 0 0.65856225
0.83 5.0118723e-07 0.46331096 0.089552722 0.0052925964 0.94836283
0.83 5.0118723e-08 0.47922815 0.08942691 0.62338043 0.64963283
0.83 5.0118723e-09 0.4768 0.096013898 0.0089185377 0.64475748
0.83 5.6234133e-06 0.47965642 0.093134009 0 0.6706399
0.83 6.3095734e-06 0.46884139 0.089654711 0 0.6706399
0.83 6.3095734e-08 0.46555184 0.085532823 0.75861577 0.74743117
0.83 6.3095734e-09 0.4848963 0.091273311 0.015391333 0.62431076
0.83 7.0794578e-06 0.46917192 0.090054824 0 0.64025642
0.83 7.9432823e-06 0.47954137 0.09282489 0 0.64025642
0.83 7.9432823e-07 0.47962171 0.09061081 5.1821259e-05 0.8400892
0.83 7.9432823e-08 0.47876882 0.089923777 0.89867916 0.70172058
0.83 7.9432823e-09 0.48042943 0.092303484 0.022497881 0.68984633
0.83 8.9125094e-06 0.46495957 0.090756932 0 0.70956379
0.84 1.2589254e-05 0.45001123 0.081792651 0 0.70956379
0.84 1.2589254e-06 0.44616748 0.077985409 1.0572974e-09 0.99988529
0.84 1.2589254e-07 0.44892897 0.081181743 0.89653748 0.76067256
0.84 1.2589254e-08 0.45185679 0.08400095 0.057379816 0.67868319
0.84 1.5848932e-05 0.44337511 0.082066073 0 0.71111294
0.84 1.5848932e-06 0.44399551 0.080228146 7.5373972e-16 0.99952463
0.84 1.5848932e-08 0.43627013 0.078142302 0.09376616 0.65560925
0.84 1.9952623e-05 0.46241356 0.084787854 0 0.7048184
0.84 1.9952623e-06 0.44451962 0.074587867 4.2234883e-24 1
0.84 1.9952623e-07 0.45847325 0.086008637 0.43660992 0.8031576
0.84 1.9952623e-08 0.44794738 0.084225082 0.13465966 0.64253523
0.84 1e-05 0.44251337 0.078287793 0 0.68867749
0.84 1e-06 0.45166332 0.082789814 1.2541741e-06 0.91973169
0.84 1e-07 0.44787472 0.083162422 0.92077555 0.74407857
0.84 1e-08 0.44281525 0.077914707 0.038351014 0.66662929
0.84 2.5118864e-05 0.44685127 0.082624574 0 0.68324793
0.84 2.5118864e-06 0.4289868 0.074168373 7.0396583e-37 0.99994414
0.84 2.5118864e-07 0.45674585 0.083733326 0.2212556 0.8538109
0.84 2.5118864e-08 0.44841537 0.081841599 0.20567471 0.64129136
0.84 3.1622777e-05 0.43958754 0.073708021 0 0.71203358
0.84 3.1622777e-06 0.45764252 0.085541629 0 0.71203358
0.84 3.1622777e-07 0.44509058 0.078844049 0.11722942 0.88085112
0.84 3.1622777e-08 0.43654365 0.080452127 0.28653538 0.68291757
0.84 3.1622777e-09 0.43955307 0.075239697 0.0039269599 0.66866173
0.84 3.9810717e-06 0.44964349 0.082154115 0 0.70342495
0.84 3.9810717e-07 0.45538117 0.085971065 0.029942835 0.88655802
0.84 3.9810717e-08 0.44340255 0.080681643 0.40848172 0.6616378
0.84 3.9810717e-09 0.4380658 0.076315723 0.0064725295 0.67266989
0.84 5.0118723e-06 0.42799371 0.072694505 0 0.69406607
0.84 5.0118723e-07 0.43280939 0.072725775 0.01005915 0.80445726
0.84 5.0118723e-08 0.43967828 0.076226619 0.61313263 0.704713
0.84 5.0118723e-09 0.44768093 0.079545367 0.0090892362 0.66593156
0.84 6.3095734e-06 0.43660394 0.078635657 0 0.667048
0.84 6.3095734e-07 0.4443447 0.079674915 0.0014006335 0.7705388
0.84 6.3095734e-08 0.43245063 0.072398601 0.82432955 0.70870374
0.84 6.3095734e-09 0.44789803 0.080825963 0.014723549 0.60278169
0.84 7.9432823e-06 0.44153226 0.077644 0 0.65937675
0.84 7.9432823e-07 0.43078652 0.078606439 3.993979e-05 0.71477862
0.84 7.9432823e-08 0.44231198 0.078078282 0.91208607 0.72132371
0.84 7.9432823e-09 0.44531076 0.075888332 0.023800951 0.67858173
0.85 1.2589254e-05 0.41649944 0.070763117 0 0.71149944
0.85 1.2589254e-06 0.40492021 0.06775593 4.6401587e-09 0.73663129
0.85 1.2589254e-07 0.41345511 0.072117478 0.88721568 0.74135383
0.85 1.2589254e-08 0.41738937 0.070168191 0.049647846 0.68766232
0.85 1.5848932e-05 0.42193141 0.071305645 0 0.72116378
0.85 1.5848932e-06 0.41726137 0.072397268 2.9179889e-14 0.79065147
0.85 1.5848932e-07 0.39748122 0.062265616 0.86992039 0.75815703
0.85 1.5848932e-08 0.41367066 0.072617287 0.080096035 0.69262232
0.85 1.9952623e-05 0.40324733 0.064666665 0 0.72951465
0.85 1.9952623e-06 0.41894596 0.072293097 4.1183211e-21 0.20798753
0.85 1.9952623e-07 0.41908159 0.069130714 0.57646994 0.8086072
0.85 1.9952623e-08 0.41402814 0.071371607 0.12780967 0.69214818
0.85 1e-05 0.40102427 0.066078369 0 0.71622916
0.85 1e-06 0.41599822 0.067015757 5.0425039e-06 0.67574761
0.85 1e-08 0.39779736 0.062911565 0.040502582 0.6643644
0.85 2.5118864e-05 0.40615998 0.067228343 0 0.6920971
0.85 2.5118864e-06 0.4049217 0.06775871 3.5743172e-32 0.99994732
0.85 2.5118864e-07 0.406466 0.066883367 0.35236245 0.86288324
0.85 2.5118864e-08 0.40995575 0.066844556 0.21861559 0.6634002
0.85 3.1622777e-05 0.40252828 0.066329234 0 0.68157966
0.85 3.1622777e-06 0.41661115 0.070961748 0 1
0.85 3.1622777e-07 0.4165557 0.066375277 0.17088043 0.82652486
0.85 3.1622777e-08 0.41761427 0.069369593 0.30928459 0.68956826
0.85 3.1622777e-09 0.41483942 0.069277723 0.0036356867 0.71538195
0.85 3.9810717e-06 0.41068223 0.067187465 0 0.70859444
0.85 3.9810717e-07 0.41102258 0.065865505 0.054288291 0.80176813
0.85 3.9810717e-08 0.42160356 0.072301722 0.41412174 0.6752923
0.85 3.9810717e-09 0.41110362 0.068471067 0.0054491792 0.70077318
0.85 5.0118723e-06 0.41311548 0.067590766 0 0.71472952
0.85 5.0118723e-07 0.41101977 0.06839676 0.014418624 0.83401784
0.85 5.0118723e-08 0.4122631 0.069307999 0.61829396 0.71909447
0.85 5.0118723e-09 0.4118697 0.067174642 0.0093566129 0.65080234
0.85 6.3095734e-06 0.41653596 0.066544956 0 0.68156943
0.85 6.3095734e-07 0.41101039 0.06942559 0.0017903385 0.81134535
0.85 6.3095734e-08 0.41971454 0.074039743 0.73548987 0.70973588
0.85 6.3095734e-09 0.4206699 0.07323253 0.013551451 0.68876789
0.85 7.9432823e-06 0.41548985 0.072976592 0 0.69691701
0.85 7.9432823e-07 0.41734897 0.071205147 3.9217356e-05 0.7790232
0.85 7.9432823e-09 0.41811304 0.071267154 0.021987367 0.66834634
0.86 1.1220185e-06 0.41125445 0.06631661 2.0726676e-08 0.98466238
0.86 1.1220185e-06 0.41125445 0.06631661 2.0726676e-08 0.98466238
0.86 1.2589254e-05 0.40343827 0.067104602 0 0.98175931
0.86 1.2589254e-06 0.40723376 0.068099596 7.8443249e-08 0.99201635
0.86 1.2589254e-07 0.40802305 0.067099533 0.96828526 0.75954781
0.86 1.2589254e-08 0.40559284 0.065874811 0.057356183 0.63488986
0.86 1.4125375e-06 0.418982 0.069007705 6.3545551e-10 1
0.86 1.4125375e-06 0.418982 0.069007705 6.3545551e-10 1
0.86 1.5848932e-05 0.41510277 0.069925714 0 0.77454182
0.86 1.5848932e-06 0.41124195 0.068890565 1.1794625e-13 0.99999751
0.86 1.5848932e-07 0.42068811 0.070208672 0.76973395 0.79748075
0.86 1.5848932e-08 0.40775401 0.068413274 0.088055751 0.62049306
0.86 1.7782794e-06 0.41288729 0.065724538 3.4063331e-19 0.99999992
0.86 1.7782794e-06 0.41288729 0.065724538 3.4063331e-19 0.99999992
0.86 1.9952623e-06 0.41319367 0.067499657 8.1434912e-22 0.99989681
0.86 1.9952623e-07 0.40327579 0.067837448 0.56044171 0.80094499
0.86 1.9952623e-08 0.40084765 0.065272985 0.14355597 0.62284546
0.86 1e-05 0.41791378 0.069916779 0 0.68356952
0.86 1e-06 0.41803095 0.073124946 4.4241354e-06 0.97216926
0.86 1e-07 0.40781629 0.064652703 1.0706923 0.7209277
0.86 1e-08 0.41633289 0.074576766 0.034057895 0.66826288
0.86 2.2387211e-06 0.41190901 0.067885987 8.1404209e-29 0.027381924
0.86 2.2387211e-06 0.41190901 0.067885987 8.1404209e-29 0.027381924
0.86 2.5118864e-05 0.40500443 0.064571124 0 8.9854683e-06
0.86 2.5118864e-06 0.42063316 0.072449103 9.3974328e-30 1
0.86 2.5118864e-07 0.40223214 0.065811642 0.28991114 0.85902909
0.86 2.5118864e-08 0.41477019 0.070701569 0.20507797 0.65366173
0.86 2.8183829e-06 0.42203465 0.073026432 2.6196575e-43 1
0.86 2.8183829e-06 0.42203465 0.073026432 2.6196575e-43 1
0.86 3.1622777e-05 0.40925346 0.067782031 0 0.34255187
0.86 3.1622777e-07 0.40026744 0.065923255 0.13237762 0.83579224
0.86 3.1622777e-08 0.40709346 0.070558025 0.2930684 0.72893023
0.86 3.1622777e-09 0.41603732 0.069401162 0.003591243 0.68431995
0.86 3.5481339e-06 0.41871921 0.069474013 0 0.72088736
0.86 3.9810717e-06 0.41194898 0.067014299 0 0.72088736
0.86 3.9810717e-07 0.4268757 0.075241026 0.039837629 0.85336416
0.86 3.9810717e-08 0.41477019 0.068295491 0.44522954 0.68336667
0.86 3.9810717e-09 0.40426951 0.067782789 0.0059932564 0.68855765
0.86 4.4668359e-06 0.41273375 0.068084531 0 0.70865302
0.86 5.0118723e-06 0.42072214 0.067274026 0 0.70865302
0.86 5.0118723e-07 0.41184328 0.066195649 0.0058478647 0.89536209
0.86 5.0118723e-08 0.42154462 0.074119798 0.59087977 0.65833813
0.86 5.0118723e-09 0.41138393 0.07392055 0.0085658897 0.70283896
0.86 5.6234133e-06 0.42885772 0.074293322 0 0.69802204
0.86 6.3095734e-06 0.41725979 0.070440433 0 0.69802204
0.86 6.3095734e-07 0.40515695 0.068313461 0.0016979276 0.57420288
0.86 6.3095734e-08 0.40669212 0.067218818 0.77803743 0.69913851
0.86 6.3095734e-09 0.41276978 0.068207238 0.014407446 0.64409348
0.86 7.0794578e-06 0.41506051 0.071254226 0 0.69227381
0.86 7.9432823e-06 0.40435459 0.067107949 0 0.69227381
0.86 7.9432823e-07 0.41420912 0.071625973 8.3016691e-05 0.77069144
0.86 7.9432823e-08 0.4081452 0.066849813 0.96682787 0.69431667
0.86 7.9432823e-09 0.41271262 0.068631484 0.025570961 0.64600281
0.86 8.9125094e-06 0.41011361 0.067423444 0 0.67877096
0.87 1.1220185e-06 0.35484581 0.049944157 5.4709548e-07 0.99733893
0.87 1.1220185e-06 0.35484581 0.049944157 5.4709548e-07 0.99733893
0.87 1.2589254e-05 0.36824697 0.053755124 0 0.8463657
0.87 1.2589254e-06 0.37738359 0.057820857 8.4233171e-08 0.060276454
0.87 1.2589254e-07 0.3703456 0.056645948 1.091377 0.73935745
0.87 1.2589254e-08 0.37097128 0.053600104 0.05616044 0.68496099
0.87 1.4125375e-06 0.36967557 0.05727483 1.3965073e-10 0.49979738
0.87 1.4125375e-06 0.36967557 0.05727483 1.3965073e-10 0.49979738
0.87 1.5848932e-05 0.36782877 0.054622411 0 0.88998674
0.87 1.5848932e-06 0.3489814 0.049611615 4.8140241e-14 0.99983071
0.87 1.5848932e-07 0.37807854 0.061573032 0.85488615 0.74180958
0.87 1.5848932e-08 0.35278573 0.050730913 0.090001601 0.64215521
0.87 1.7782794e-06 0.37686895 0.059331172 8.9832114e-14 1
0.87 1.7782794e-06 0.37686895 0.059331172 8.9832114e-14 1
0.87 1.9952623e-05 0.36975914 0.05516701 0 1
0.87 1.9952623e-06 0.37712145 0.054943197 2.3519588e-22 0.99036054
0.87 1.9952623e-07 0.36565036 0.054217952 0.68334474 0.77489297
0.87 1.9952623e-08 0.37241985 0.055282349 0.13688658 0.61783047
0.87 1e-05 0.36387607 0.055089127 0 0.68128073
0.87 1e-06 0.35592841 0.051677303 1.5897869e-06 0.95345122
0.87 1e-07 0.36776768 0.052258721 1.1813829 0.74170685
0.87 1e-08 0.37973274 0.060807982 0.03122359 0.67749245
0.87 2.2387211e-06 0.38000442 0.059425597 8.5407145e-26 0.99998317
0.87 2.2387211e-06 0.38000442 0.059425597 8.5407145e-26 0.99998317
0.87 2.5118864e-05 0.36317418 0.052822417 0 0.99999995
0.87 2.5118864e-06 0.3690397 0.055736535 9.075075e-29 1
0.87 2.5118864e-07 0.36088398 0.052158702 0.42700401 0.83722368
0.87 2.5118864e-08 0.36710264 0.055175259 0.1997814 0.68270987
0.87 2.8183829e-06 0.37427938 0.057262256 4.3119132e-34 1
0.87 2.8183829e-06 0.37427938 0.057262256 4.3119132e-34 1
0.87 3.1622777e-05 0.37225154 0.056230609 0 1
0.87 3.1622777e-06 0.36512141 0.053841303 7.7772307e-44 1
0.87 3.1622777e-07 0.36171617 0.053640638 0.2171623 0.82433907
0.87 3.1622777e-08 0.36597253 0.053266273 0.323127 0.68406926
0.87 3.1622777e-09 0.38369251 0.0605247 0.0034166983 0.6624485
0.87 3.5481339e-06 0.36317642 0.053845339 0 0.7019304
0.87 3.9810717e-06 0.35887274 0.051278823 0 0.7019304
0.87 3.9810717e-08 0.36619406 0.055083244 0.43952261 0.69699233
0.87 3.9810717e-09 0.37685329 0.059626048 0.0057225575 0.62397318
0.87 4.4668359e-06 0.37378855 0.058373586 0 0.67305903
0.87 5.0118723e-06 0.3702483 0.053694545 0 0.67305903
0.87 5.0118723e-07 0.36337467 0.052945201 0.021856911 0.85437534
0.87 5.0118723e-08 0.35862832 0.05228674 0.66205612 0.69519149
0.87 5.0118723e-09 0.37394209 0.055383404 0.0087709492 0.66724684
0.87 5.6234133e-06 0.35511741 0.052001021 0 0.71515143
0.87 6.3095734e-06 0.35945411 0.053170409 0 0.71515143
0.87 6.3095734e-07 0.35899137 0.052566309 0.0035184841 0.76928975
0.87 6.3095734e-08 0.36126465 0.056150573 0.83945524 0.7101099
0.87 6.3095734e-09 0.37087851 0.058024143 0.013571471 0.6005894
0.87 7.0794578e-06 0.35998243 0.050996853 0 0.65450683
0.87 7.9432823e-06 0.36052456 0.054170838 0 0.65450683
0.87 7.9432823e-07 0.36907126 0.056016112 0.00028454487 0.95293095
0.87 7.9432823e-08 0.36126343 0.050794003 1.0770454 0.70508185
0.87 7.9432823e-09 0.36682862 0.05881572 0.021304988 0.66198939
0.87 8.9125094e-06 0.35221512 0.049761935 0 0.70144236
0.88 1.1220185e-06 0.37025596 0.056371714 3.7686729e-07 0.84583366
0.88 1.1220185e-06 0.37025596 0.056371714 3.7686729e-07 0.84583366
0.88 1.2589254e-05 0.3544498 0.049958618 0 0.93335147
0.88 1.2589254e-06 0.35202287 0.049769286 3.9035863e-08 0.97671113
0.88 1.2589254e-07 0.34254992 0.048108831 1.1487875 0.70953439
0.88 1.2589254e-08 0.33429076 0.049781701 0.053457781 0.71420305
0.88 1.4125375e-06 0.35037795 0.051022135 1.8876246e-09 0.99999565
0.88 1.4125375e-06 0.35037795 0.051022135 1.8876246e-09 0.99999565
0.88 1.5848932e-05 0.34172185 0.046241831 0 0.99999018
0.88 1.5848932e-06 0.3640958 0.055442408 1.1644538e-09 0.99964086
0.88 1.5848932e-07 0.35759842 0.05489415 0.9696676 0.77897259
0.88 1.5848932e-08 0.3493632 0.049098033 0.096540461 0.62925632
0.88 1.7782794e-06 0.35371755 0.050808965 1.5374296e-14 1
0.88 1.7782794e-06 0.35371755 0.050808965 1.5374296e-14 1
0.88 1.9952623e-05 0.34219858 0.047325335 0 0.17114982
0.88 1.9952623e-06 0.35570766 0.051522241 4.9223349e-18 0.10664418
0.88 1.9952623e-07 0.35076923 0.051805918 0.70037316 0.77515606
0.88 1.9952623e-08 0.34051914 0.04576709 0.14845555 0.65400945
0.88 1e-05 0.35955056 0.054815816 0 0.70494047
0.88 1e-06 0.34621295 0.049556717 1.8829187e-05 0.60520717
0.88 1e-07 0.36052456 0.05232775 1.1347674 0.72445518
0.88 1e-08 0.34912938 0.049941586 0.034139815 0.66603981
0.88 2.2387211e-06 0.34892402 0.050262222 4.0511415e-20 1
0.88 2.2387211e-06 0.34892402 0.050262222 4.0511415e-20 1
0.88 2.5118864e-05 0.34350807 0.047715785 0 0.99998018
0.88 2.5118864e-06 0.35339677 0.048954719 4.85751e-28 1
0.88 2.5118864e-07 0.3497472 0.048744718 0.43538622 0.81928277
0.88 2.5118864e-08 0.34943993 0.049810349 0.21787658 0.64090408
0.88 2.8183829e-06 0.34281961 0.048255912 3.545833e-32 0.99999548
0.88 2.8183829e-06 0.34281961 0.048255912 3.545833e-32 0.99999548
0.88 3.1622777e-06 0.35761444 0.055168954 8.211656e-40 0.99995776
0.88 3.1622777e-07 0.3521624 0.049110026 0.22854236 0.7938402
0.88 3.1622777e-08 0.35775767 0.053928159 0.29440117 0.66293758
0.88 3.1622777e-09 0.34809429 0.048007716 0.0040378491 0.56518061
0.88 3.5481339e-06 0.34669028 0.047893456 9.7535521e-47 1
0.88 3.5481339e-06 0.34669028 0.047893456 9.7535521e-47 1
0.88 3.9810717e-06 0.35512367 0.052390152 0 1
0.88 3.9810717e-07 0.34629752 0.048318813 0.090116038 0.87620008
0.88 3.9810717e-08 0.35299315 0.047798718 0.48446048 0.67783402
0.88 3.9810717e-09 0.35094672 0.051305291 0.0059722897 0.61032972
0.88 4.4668359e-06 0.35471781 0.050752173 0 0.70462712
0.88 5.0118723e-06 0.35885063 0.0519503 0 0.70462712
0.88 5.0118723e-08 0.34991158 0.048882431 0.65552612 0.64447511
0.88 5.0118723e-09 0.34905869 0.053267208 0.0086519711 0.6777002
0.88 5.6234133e-06 0.35646198 0.051284378 0 0.72361138
0.88 6.3095734e-06 0.34621329 0.049917704 0 0.72361138
0.88 6.3095734e-07 0.36061606 0.054746992 0.0048252405 0.91700513
0.88 6.3095734e-08 0.35427191 0.052755622 0.80806747 0.72859781
0.88 6.3095734e-09 0.35217774 0.050045496 0.014902394 0.69065937
0.88 7.0794578e-06 0.3504198 0.049318917 0 0.71537159
0.88 7.9432823e-06 0.33832599 0.045681462 0 0.71537159
0.88 7.9432823e-07 0.36000882 0.053414008 0.00073977791 0.58144208
0.88 7.9432823e-08 0.34639947 0.04447278 1.1681614 0.65441542
0.88 7.9432823e-09 0.34498783 0.047942545 0.022232444 0.62234296
0.88 8.9125094e-06 0.343592 0.05007727 0 0.69277227
0.89 1.1220185e-06 0.30678595 0.039427652 1.2582015e-06 0.47932257
0.89 1.1220185e-06 0.30678595 0.039427652 1.2582015e-06 0.47932257
0.89 1.2589254e-05 0.31333773 0.038762719 0 0.64238734
0.89 1.2589254e-06 0.3143798 0.038926501 1.0753113e-09 0.25865001
0.89 1.2589254e-07 0.33072407 0.045376579 1.239553 0.7243746
0.89 1.2589254e-08 0.31826125 0.041989906 0.053500198 0.70310876
0.89 1.4125375e-06 0.32214912 0.040056701 1.4884745e-08 0.99984768
0.89 1.4125375e-06 0.32214912 0.040056701 1.4884745e-08 0.99984768
0.89 1.5848932e-05 0.31965774 0.040185143 0 0.9999212
0.89 1.5848932e-06 0.31659724 0.039704805 3.7319373e-10 0.00031184783
0.89 1.5848932e-07 0.31262263 0.040142737 1.2234931 0.75947167
0.89 1.5848932e-08 0.31873212 0.039920443 0.09285727 0.64547822
0.89 1.7782794e-06 0.32736014 0.042851557 3.0494653e-13 0.98032366
0.89 1.7782794e-06 0.32736014 0.042851557 3.0494653e-13 0.98032366
0.89 1.9952623e-05 0.31295043 0.039093173 0 0.99892734
0.89 1.9952623e-06 0.31355376 0.039546084 9.2714747e-21 1
0.89 1.9952623e-07 0.31926007 0.039186655 0.91074278 0.75909119
0.89 1.9952623e-08 0.32249561 0.03960348 0.15103567 0.67515958
0.89 1e-05 0.32730879 0.044078835 0 0.72372903
0.89 1e-06 0.31611208 0.040275227 1.1762957e-05 0.9995636
0.89 1e-07 0.30681569 0.036107828 1.4155725 0.72671187
0.89 1e-08 0.32130282 0.041577038 0.035791707 0.6727616
0.89 2.2387211e-06 0.31911636 0.039715049 2.2236342e-24 0.9999991
0.89 2.2387211e-06 0.31911636 0.039715049 2.2236342e-24 0.9999991
0.89 2.5118864e-05 0.32456717 0.043816211 0 1
0.89 2.5118864e-06 0.30505495 0.037545224 2.0658871e-24 4.7492029e-06
0.89 2.5118864e-07 0.3277439 0.042752307 0.50786559 0.83593998
0.89 2.5118864e-08 0.32104689 0.041872637 0.2016002 0.70659901
0.89 2.8183829e-06 0.32007073 0.039619718 9.6806977e-32 1
0.89 2.8183829e-06 0.32007073 0.039619718 9.6806977e-32 1
0.89 3.1622777e-05 0.31192257 0.039247626 0 0.01374545
0.89 3.1622777e-06 0.31802198 0.042076754 1.5058166e-43 0
0.89 3.1622777e-07 0.32918033 0.046840741 0.26844127 0.86764015
0.89 3.1622777e-08 0.30958663 0.03764323 0.3442037 0.67601867
0.89 3.1622777e-09 0.32501095 0.043420212 0.0035428644 0.60704408
0.89 3.5481339e-06 0.31530746 0.039396245 0 1
0.89 3.5481339e-06 0.31530746 0.039396245 0 1
0.89 3.9810717e-06 0.31338028 0.038896673 0 1
0.89 3.9810717e-07 0.31951113 0.042606132 0.12976839 0.85971391
0.89 3.9810717e-08 0.32083697 0.041817897 0.47697989 0.66645462
0.89 3.9810717e-09 0.3154185 0.042935823 0.005379521 0.66592584
0.89 4.4668359e-06 0.32363239 0.043127379 0 0.70268816
0.89 5.0118723e-06 0.32897033 0.046001306 0 0.70268816
0.89 5.0118723e-07 0.3103143 0.039081194 0.039152114 0.86605642
0.89 5.0118723e-08 0.32924425 0.047168835 0.61397703 0.66653118
0.89 5.0118723e-09 0.33816744 0.046961509 0.0086837536 0.67210024
0.89 5.6234133e-06 0.31518625 0.041126353 0 0.74059936
0.89 6.3095734e-06 0.30673371 0.036816094 0 0.74059936
0.89 6.3095734e-07 0.3152936 0.039169911 0.0044648221 0.87948752
0.89 6.3095734e-08 0.32153846 0.042612679 0.9241764 0.70486413
0.89 6.3095734e-09 0.32575923 0.044554354 0.014579376 0.62663045
0.89 7.0794578e-06 0.31394336 0.042337896 0 0.69145789
0.89 7.9432823e-06 0.3196057 0.039486882 0 0.69145789
0.89 7.9432823e-07 0.32866521 0.041137088 0.0008893237 0.97382272
0.89 7.9432823e-08 0.31877344 0.040013698 1.1915716 0.68346087
0.89 7.9432823e-09 0.32209328 0.04245679 0.023459306 0.64085576
0.8 1.1220185e-06 0.55216693 0.1244623 2.8423387e-11 0.99986784
0.8 1.4125375e-06 0.55207857 0.12471579 8.9834129e-14 0.99999998
0.8 1.7782794e-06 0.5553514 0.12576401 1.9898921e-25 0.99999804
0.8 2.2387211e-06 0.52098143 0.10680059 5.4493994e-40 1
0.8 2.8183829e-06 0.55425824 0.12168811 0 1
0.9 1.1220185e-06 0.3043956 0.040073178 4.5627598e-07 0.46489176
0.9 1.2589254e-05 0.30730643 0.038874094 0 0.36480392
0.9 1.2589254e-06 0.29932418 0.037978345 2.0139132e-08 0.95065628
0.9 1.2589254e-07 0.29327453 0.0375081 1.2696371 0.77657394
0.9 1.2589254e-08 0.3147705 0.040536032 0.059532518 0.64981925
0.9 1.4125375e-06 0.30962801 0.039702847 1.0030725e-08 0.99976411
0.9 1.5848932e-05 0.29369409 0.03595077 0 0.64318474
0.9 1.5848932e-06 0.30100481 0.037674915 8.0595209e-11 0.99971935
0.9 1.5848932e-07 0.29504603 0.037123285 1.2199094 0.75392713
0.9 1.5848932e-08 0.30567112 0.0387527 0.090126304 0.69441382
0.9 1.7782794e-06 0.3008326 0.037241548 1.0866795e-13 0.99996408
0.9 1.9952623e-05 0.29639344 0.039000842 0 0.9608189
0.9 1.9952623e-06 0.30277839 0.038617328 1.598591e-22 0.99999852
0.9 1.9952623e-07 0.3152483 0.040414681 0.87909261 0.78254191
0.9 1.9952623e-08 0.29903254 0.037148941 0.13729626 0.67706619
0.9 1e-05 0.30858014 0.03951331 0 0.71507813
0.9 1e-06 0.30641641 0.036780669 5.0768994e-06 0.86623439
0.9 1e-07 0.30994926 0.037196645 1.3435908 0.69550412
0.9 1e-08 0.3083297 0.039532896 0.036297087 0.61098724
0.9 2.2387211e-06 0.30461538 0.037290278 5.6248335e-24 1
0.9 2.5118864e-05 0.30157 0.036890705 0 1
0.9 2.5118864e-06 0.31406593 0.039758677 4.7528434e-19 1
0.9 2.5118864e-07 0.32052402 0.040170477 0.57470784 0.80739156
0.9 2.5118864e-08 0.2993227 0.037080177 0.22433073 0.65070187
0.9 2.8183829e-06 0.31951754 0.043373103 3.6308829e-33 0.99893501
0.9 3.1622777e-05 0.29815709 0.036631848 0 0.99995264
0.9 3.1622777e-06 0.31400966 0.041509402 1.5766953e-43 1
0.9 3.1622777e-07 0.30557391 0.038440779 0.28000516 0.84388289
0.9 3.1622777e-08 0.29464286 0.035803727 0.33362701 0.63410745
0.9 3.1622777e-09 0.30406147 0.038716938 0.0037422443 0.61614567
0.9 3.5481339e-06 0.30191588 0.036168737 1.2041272e-45 1
0.9 3.9810717e-06 0.30275028 0.036436614 0 1
0.9 3.9810717e-07 0.30691102 0.040591677 0.12395187 0.79094993
0.9 3.9810717e-08 0.29899826 0.036723654 0.47800425 0.67011498
0.9 3.9810717e-09 0.30234579 0.037300696 0.0060787547 0.6656821
0.9 4.4668359e-06 0.30728825 0.038738899 0 0.71111534
0.9 5.0118723e-06 0.30646221 0.039339947 0 0.71111534
0.9 5.0118723e-07 0.30550077 0.03702431 0.039443449 0.95315773
0.9 5.0118723e-08 0.30989299 0.038981954 0.70591308 0.69464351
0.9 5.0118723e-09 0.30175824 0.036144668 0.010104248 0.65151324
0.9 5.6234133e-06 0.31174798 0.038329112 0 0.717091
0.9 6.3095734e-06 0.31862639 0.03933488 0 0.717091
0.9 6.3095734e-07 0.29834495 0.035928737 0.0088185125 0.76468422
0.9 6.3095734e-08 0.30282609 0.037589933 0.94216632 0.68766981
0.9 6.3095734e-09 0.2990026 0.03598145 0.015713139 0.59263988
0.9 7.0794578e-06 0.31120879 0.037550247 0 0.7078486
0.9 7.9432823e-06 0.30293731 0.037186518 0 0.7078486
0.9 7.9432823e-07 0.30529321 0.040164866 0.00080679219 0.8745676
0.9 7.9432823e-08 0.29978022 0.037554886 1.1454699 0.67384359
0.9 7.9432823e-09 0.31758242 0.040901824 0.022472294 0.62831204
0.9 8.9125094e-06 0.29529025 0.035189024 0 0.72368835
0.95 1.1220185e-06 0.21870118 0.019912984 1.6312506e-06 0.19487626
0.95 1.1220185e-06 0.21870118 0.019912984 1.6312506e-06 0.19487626
0.95 1.2589254e-05 0.21558615 0.018380347 0 0.97167171
0.95 1.2589254e-06 0.21659292 0.019119596 1.0140227e-06 0.9880512
0.95 1.2589254e-07 0.21760283 0.018959645 1.9220955 0.71549897
0.95 1.2589254e-08 0.21967505 0.021170553 0.07163541 0.69236339
0.95 1.4125375e-06 0.21613833 0.018350916 6.0845208e-08 0.99944403
0.95 1.4125375e-06 0.21613833 0.018350916 6.0845208e-08 0.99944403
0.95 1.5848932e-05 0.21764184 0.018474474 0 0.84564178
0.95 1.5848932e-06 0.21401388 0.018876532 7.6050075e-09 0.0029562614
0.95 1.5848932e-07 0.22096881 0.020772339 1.6767759 0.76948294
0.95 1.5848932e-08 0.21646542 0.018961515 0.11056122 0.67837719
0.95 1.7782794e-06 0.22093283 0.021102265 5.6379896e-13 1
0.95 1.7782794e-06 0.22093283 0.021102265 5.6379896e-13 1
0.95 1.9952623e-05 0.21654068 0.019015911 0 0.89075386
0.95 1.9952623e-06 0.2072898 0.017984893 2.3484306e-12 0.99986304
0.95 1.9952623e-07 0.21631206 0.017594531 1.6167242 0.75008518
0.95 1.9952623e-08 0.21321724 0.018755881 0.1897758 0.6358898
0.95 1e-05 0.21501783 0.019547075 0 0.73873437
0.95 1e-06 0.22516259 0.021006422 0.0001580657 0.97190033
0.95 1e-07 0.20804623 0.018312138 1.8559514 0.71276121
0.95 1e-08 0.20447993 0.016688537 0.050561013 0.59594581
0.95 2.2387211e-06 0.22488252 0.022040399 6.8985292e-19 1
0.95 2.2387211e-06 0.22488252 0.022040399 6.8985292e-19 1
0.95 2.5118864e-05 0.2246941 0.020994777 0 0.99999983
0.95 2.5118864e-06 0.21289456 0.018730146 1.0190345e-24 1
0.95 2.5118864e-07 0.21550766 0.017763462 1.0376189 0.82544598
0.95 2.5118864e-08 0.22423429 0.020403165 0.28747362 0.63761975
0.95 2.8183829e-06 0.21444395 0.01933511 5.5939677e-31 1
0.95 2.8183829e-06 0.21444395 0.01933511 5.5939677e-31 1
0.95 3.1622777e-05 0.21252498 0.018689738 0 0.99999993
0.95 3.1622777e-06 0.22101046 0.020315451 9.100437e-29 0.32400307
0.95 3.1622777e-07 0.22331839 0.02057934 0.51348357 0.78507237
0.95 3.1622777e-08 0.22537711 0.021397827 0.39884773 0.67465664
0.95 3.1622777e-09 0.22321829 0.021811559 0.0039751447 0.65612394
0.95 3.5481339e-06 0.20770593 0.01678757 0 1
0.95 3.5481339e-06 0.20770593 0.01678757 0 1
0.95 3.9810717e-06 0.22153163 0.01971902 0 1
0.95 3.9810717e-07 0.21118012 0.018550871 0.24221196 0.73999953
0.95 3.9810717e-08 0.21810883 0.019553914 0.58142295 0.71517052
0.95 3.9810717e-09 0.22024472 0.019599085 0.0076375072 0.68289174
0.95 4.4668359e-06 0.2124387 0.018658236 0 0.72833867
0.95 5.0118723e-06 0.2190583 0.019351787 0 0.72833867
0.95 5.0118723e-07 0.21886121 0.018059944 0.054797144 0.87518859
0.95 5.0118723e-08 0.2199115 0.019509848 0.89031579 0.63282438
0.95 5.0118723e-09 0.21728559 0.018683487 0.01349042 0.59105684
0.95 5.6234133e-06 0.21380995 0.018893508 0 0.71571765
0.95 6.3095734e-06 0.21052632 0.016832675 0 0.71571765
0.95 6.3095734e-07 0.2277294 0.021811992 0.013621775 0.79112683
0.95 6.3095734e-08 0.21689953 0.019385786 1.1949838 0.64187608
0.95 6.3095734e-09 0.21026676 0.018476702 0.019492617 0.70990752
0.95 7.0794578e-06 0.21679254 0.019310042 0 0.73485761
0.95 7.9432823e-06 0.22002225 0.019579288 0 0.73485761
0.95 7.9432823e-07 0.21735281 0.018665978 0.0016475413 0.89440427
0.95 7.9432823e-08 0.20842621 0.017330133 1.6982995 0.61740125
0.95 7.9432823e-09 0.21705426 0.019325761 0.030397323 0.69650971
0.95 8.9125094e-06 0.21083 0.017732927 0 0.7579773
0.9 1.1220185e-06 0.3043956 0.040073178 4.5627598e-07 0.46489176
0.9 1.4125375e-06 0.30962801 0.039702847 1.0030725e-08 0.99976411
0.9 1.7782794e-06 0.3008326 0.037241548 1.0866795e-13 0.99996408
0.9 2.2387211e-06 0.30461538 0.037290278 5.6248335e-24 1
0.9 2.8183829e-06 0.31951754 0.043373103 3.6308829e-33 0.99893501
0.9 3.5481339e-06 0.30191588 0.036168737 1.2041272e-45 1
