0.002 0.00012589254 1 0.3106383 0.13015485 0.763911
0.002 0.00015848932 1 0.31929377 0.089360787 0.81780878
0.002 0.00019952623 1 0.3083173 0.052286979 0.83097538
0.002 0.0001 1 0.31115834 0.15735491 0.70550204
0.002 0.00025118864 1 0.33070866 0.02777445 0.86226942
0.002 0.00031622777 1 0.32531403 0.010896197 0.8946384
0.002 0.001 1 0.32251175 1.0582214e-08 0.99335207
0.002 0.0031622777 1 0.31903144 0 0.0
0.002 0.01 1 0.3221865 0 0.0
0.002 0.031622777 1 0.31113003 0 0.0
0.002 0.1 1 0.30712901 0 0.0
0.002 1.2589254e-05 1 0.32726884 0.016861372 0.52332074
0.002 1.2589254e-07 1 0.32046085 1.788378e-06 0.48145441
0.002 1.2589254e-08 1 0.2997449 1.8867041e-08 0.47794115
0.002 1.2589254e-09 1 0.31928999 1.7794702e-10 0.51804946
0.002 1.5848932e-06 1 0.31775501 0.00028213991 0.50833532
0.002 1.5848932e-07 1 0.31903542 2.7403181e-06 0.52356408
0.002 1.5848932e-08 1 0.31199317 2.9337737e-08 0.49281545
0.002 1.5848932e-09 1 0.30655527 2.7671354e-10 0.51740765
0.002 1.9952623e-05 1 0.31227321 0.038925267 0.54358855
0.002 1.9952623e-06 1 0.30931122 0.00045926932 0.51302207
0.002 1.9952623e-07 1 0.31936725 4.2844981e-06 0.49133191
0.002 1.9952623e-08 1 0.31251337 4.1876171e-08 0.50710554
0.002 1.9952623e-09 1 0.31899872 4.4540344e-10 0.46173574
0.002 1e-05 1 0.32206674 0.010472719 0.49535759
0.002 1e-06 1 0.32370561 0.00011182637 0.50969068
0.002 1e-07 1 0.31355031 1.1133422e-06 0.5292358
0.002 1e-08 1 0.31448158 1.0870891e-08 0.52332485
0.002 1e-09 1 0.31891197 1.137429e-10 0.46973449
0.002 2.5118864e-05 1 0.31826944 0.056217289 0.56345531
0.002 2.5118864e-06 1 0.31739224 0.00067292144 0.50380501
0.002 2.5118864e-08 1 0.30219663 7.1822645e-08 0.4837287
0.002 2.5118864e-09 1 0.31204768 7.293989e-10 0.48169263
0.002 3.1622777e-05 1 0.31548635 0.082143633 0.52797923
0.002 3.1622777e-06 1 0.31381733 0.0010857388 0.53386026
0.002 3.1622777e-07 1 0.31140538 1.0953237e-05 0.5300609
0.002 3.1622777e-08 1 0.31468085 1.1178389e-07 0.51412594
0.002 3.1622777e-09 1 0.32481752 1.1064008e-09 0.51251178
0.002 3.9810717e-05 1 0.31156637 0.10952499 0.5874629
0.002 3.9810717e-06 1 0.30736574 0.0016622048 0.53875334
0.002 3.9810717e-07 1 0.31280527 1.7683483e-05 0.50695508
0.002 3.9810717e-08 1 0.31017633 1.7183058e-07 0.50373171
0.002 3.9810717e-09 1 0.30913749 1.7047036e-09 0.51810242
0.002 5.0118723e-06 1 0.31036689 0.0027286024 0.53656275
0.002 5.0118723e-07 1 0.31453501 2.6970081e-05 0.50402848
0.002 5.0118723e-08 1 0.31939979 2.7321751e-07 0.5213001
0.002 5.0118723e-09 1 0.31658829 2.7790878e-09 0.49364528
0.002 6.3095734e-06 1 0.31364998 0.0041995777 0.49693426
0.002 6.3095734e-07 1 0.31318094 4.3762913e-05 0.51291589
0.002 6.3095734e-08 1 0.32456703 4.3970684e-07 0.52617761
0.002 6.3095734e-09 1 0.31665247 4.4656179e-09 0.5085189
0.002 7.9432823e-05 1 0.31791045 0.16946909 0.66488663
0.002 7.9432823e-06 1 0.32603613 0.0067422075 0.49313436
0.002 7.9432823e-07 1 0.31799787 7.0651963e-05 0.50090248
0.002 7.9432823e-08 1 0.31794762 7.0973211e-07 0.51064455
0.005 0.00012589254 1 0.3157426 0.011382021 0.87782028
0.005 0.00015848932 1 0.31947822 0.0032683274 0.88941587
0.005 0.00019952623 1 0.31659292 0.00063601058 0.95959034
0.005 0.0001 1 0.31733746 0.022758734 0.82445902
0.005 0.00025118864 1 0.31151489 0.00014299653 0.8313658
0.005 0.00031622777 1 0.32215063 6.5338495e-06 0.93704791
0.005 0.001 1 0.32199647 3.3517783e-41 0.99999986
0.005 0.0031622777 1 0.32120009 0 0.0
0.005 0.01 1 0.33547672 0 0.0
0.005 0.031622777 1 0.33068433 0 0.0
0.005 0.1 1 0.32176028 0 0.0
0.005 1.2589254e-05 1 0.31634446 0.079655342 0.51884916
0.005 1.2589254e-06 1 0.3115589 0.0010729168 0.47161424
0.005 1.2589254e-07 1 0.32102336 1.1064346e-05 0.46759352
0.005 1.2589254e-08 1 0.31820205 1.1298092e-07 0.45581406
0.005 1.2589254e-09 1 0.32611099 1.0747124e-09 0.46848878
0.005 1.5848932e-05 1 0.32269425 0.1088422 0.53186499
0.005 1.5848932e-06 1 0.3057041 0.0016909481 0.47344514
0.005 1.5848932e-07 1 0.31359503 1.7415373e-05 0.46409256
0.005 1.5848932e-08 1 0.32297447 1.8195297e-07 0.4675921
0.005 1.5848932e-09 1 0.32444346 1.7199048e-09 0.48183515
0.005 1.9952623e-05 1 0.32167217 0.13831379 0.55118417
0.005 1.9952623e-06 1 0.32623642 0.0026147266 0.510104
0.005 1.9952623e-07 1 0.32070875 2.8705519e-05 0.46969274
0.005 1.9952623e-08 1 0.31524377 2.7076582e-07 0.4687555
0.005 1.9952623e-09 1 0.326 2.8221059e-09 0.47519001
0.005 1e-05 1 0.3192998 0.055856329 0.50614909
0.005 1e-06 1 0.33251506 0.00067796461 0.48328521
0.005 1e-07 1 0.32309063 6.9039765e-06 0.48062698
0.005 1e-08 1 0.33625988 7.3212894e-08 0.43791152
0.005 1e-09 1 0.32814238 6.5745025e-10 0.4920908
0.005 2.5118864e-05 1 0.32965578 0.1584424 0.59319446
0.005 2.5118864e-06 1 0.30793226 0.0044047514 0.43860569
0.005 2.5118864e-07 1 0.31123919 4.2709895e-05 0.47227589
0.005 2.5118864e-08 1 0.3289066 4.4650387e-07 0.46804003
0.005 2.5118864e-09 1 0.31713271 4.3642253e-09 0.4726755
0.005 3.1622777e-05 1 0.32117438 0.16757818 0.62640313
0.005 3.1622777e-06 1 0.31915836 0.0067969819 0.49579434
0.005 3.1622777e-07 1 0.31895977 6.7678567e-05 0.47962486
0.005 3.1622777e-08 1 0.33555112 6.7996681e-07 0.4688113
0.005 3.1622777e-09 1 0.32724438 7.2135084e-09 0.50214619
0.005 3.9810717e-05 1 0.31633554 0.1577726 0.68394062
0.005 3.9810717e-06 1 0.316788 0.010183361 0.48256959
0.005 3.9810717e-07 1 0.31675916 0.00011024071 0.49831562
0.005 3.9810717e-08 1 0.31657067 1.0908504e-06 0.47612937
0.005 3.9810717e-09 1 0.31776113 1.0809493e-08 0.48718828
0.005 5.0118723e-05 1 0.31801105 0.12535454 0.69649413
0.005 5.0118723e-06 1 0.31819189 0.016503018 0.4739654
0.005 5.0118723e-07 1 0.3059916 0.0001798249 0.48486252
0.005 5.0118723e-08 1 0.33214999 1.7136855e-06 0.49012957
0.005 5.0118723e-09 1 0.32843465 1.7190353e-08 0.49658825
0.005 6.3095734e-05 1 0.3171384 0.089695479 0.77430799
0.005 6.3095734e-06 1 0.31036774 0.024912329 0.51015321
0.005 6.3095734e-07 1 0.32249502 0.00028113271 0.51385402
0.005 6.3095734e-08 1 0.32026578 2.6756872e-06 0.46968335
0.005 6.3095734e-09 1 0.3119771 2.8969048e-08 0.45893871
0.005 7.9432823e-05 1 0.32723264 0.054375374 0.76949128
0.005 7.9432823e-06 1 0.31882146 0.03740706 0.52198708
0.005 7.9432823e-08 1 0.32356828 4.509387e-06 0.44211363
0.005 7.9432823e-09 1 0.32662983 4.2959787e-08 0.47498257
0.01 0.00012589254 1 0.31017591 0.00011466118 0.89981021
0.01 0.00015848932 1 0.31893096 3.1586921e-06 0.82612712
0.01 0.00019952623 1 0.30938482 6.5868189e-08 0.99996608
0.01 0.0001 1 0.31940366 0.00063694856 0.88594771
0.01 0.00025118864 1 0.33139795 2.7462037e-11 0.99989733
0.01 0.00031622777 1 0.32216265 6.0803992e-17 0.0018957377
0.01 0.001 1 0.31285423 0 0.0
0.01 0.0031622777 1 0.32309083 0 0.0
0.01 0.01 1 0.3136108 0 0.0
0.01 0.031622777 1 0.32681941 0 0.0
0.01 0.1 1 0.32544643 0 0.0
0.01 1.2589254e-05 1 0.31909152 0.16259324 0.56816178
0.01 1.2589254e-06 1 0.31109107 0.0042483075 0.44148311
0.01 1.2589254e-07 1 0.31716585 4.3857116e-05 0.49386286
0.01 1.2589254e-08 1 0.32018927 4.2340943e-07 0.48579057
0.01 1.2589254e-09 1 0.31161537 4.636827e-09 0.46117595
0.01 1.5848932e-05 1 0.31707317 0.17011083 0.5958799
0.01 1.5848932e-06 1 0.32930378 0.0067658029 0.47834589
0.01 1.5848932e-07 1 0.317439 6.8915463e-05 0.49058039
0.01 1.5848932e-08 1 0.32457703 6.7469209e-07 0.4796574
0.01 1.5848932e-09 1 0.33077963 7.2311559e-09 0.42694097
0.01 1.9952623e-05 1 0.33124721 0.15949833 0.6577363
0.01 1.9952623e-06 1 0.3218313 0.010487005 0.50295545
0.01 1.9952623e-07 1 0.32434861 0.00010594791 0.48070351
0.01 1.9952623e-08 1 0.32902651 1.0681968e-06 0.50345208
0.01 1.9952623e-09 1 0.30933154 1.113214e-08 0.49760554
0.01 1e-05 1 0.3077954 0.13550579 0.5439322
0.01 1e-06 1 0.3206328 0.0028468932 0.46278564
0.01 1e-07 1 0.3167982 2.8981814e-05 0.4284284
0.01 1e-08 1 0.3227991 2.8412493e-07 0.46951973
0.01 1e-09 1 0.3206951 2.7025922e-09 0.50720411
0.01 2.5118864e-05 1 0.30508475 0.13357402 0.72945321
0.01 2.5118864e-06 1 0.31974009 0.016627203 0.49356887
0.01 2.5118864e-07 1 0.3274237 0.0001667162 0.50117066
0.01 2.5118864e-08 1 0.33348305 1.7086156e-06 0.46639969
0.01 2.5118864e-09 1 0.33168761 1.7187847e-08 0.48097804
0.01 3.1622777e-05 1 0.31133975 0.086738197 0.73256835
0.01 3.1622777e-06 1 0.31492705 0.026547208 0.45972944
0.01 3.1622777e-07 1 0.3118424 0.00027101959 0.50238945
0.01 3.1622777e-08 1 0.32356257 2.6708384e-06 0.47700598
0.01 3.1622777e-09 1 0.32649877 2.7955362e-08 0.45457258
0.01 3.9810717e-05 1 0.33243908 0.052727882 0.76668248
0.01 3.9810717e-06 1 0.32179226 0.038995965 0.48352942
0.01 3.9810717e-07 1 0.32862587 0.00043941019 0.48664902
0.01 3.9810717e-08 1 0.31290539 4.5196527e-06 0.45377085
0.01 3.9810717e-09 1 0.31928797 4.401877e-08 0.48011304
0.01 5.0118723e-05 1 0.3226462 0.026756973 0.79214612
0.01 5.0118723e-06 1 0.31293277 0.058501506 0.47473281
0.01 5.0118723e-07 1 0.32792061 0.00069890902 0.47334094
0.01 5.0118723e-08 1 0.31671554 6.7483311e-06 0.49021021
0.01 5.0118723e-09 1 0.32228443 6.8778967e-08 0.49510968
0.01 6.3095734e-05 1 0.31686693 0.010174459 0.85285992
0.01 6.3095734e-07 1 0.31029083 0.0010734933 0.48450785
0.01 6.3095734e-08 1 0.33102987 1.1510832e-05 0.45266945
0.01 6.3095734e-09 1 0.31052277 1.0730989e-07 0.50442553
0.01 7.9432823e-05 1 0.31910162 0.0034391655 0.77671455
0.01 7.9432823e-06 1 0.31551878 0.11155795 0.4853925
0.01 7.9432823e-07 1 0.32258065 0.0018807419 0.47585445
0.01 7.9432823e-08 1 0.314906 1.6699292e-05 0.49142737
0.01 7.9432823e-09 1 0.32385855 1.772198e-07 0.46471457
0.05 0.00012589254 1 0.32345679 0 0.0
0.05 0.00015848932 1 0.31690929 0 0.0
0.05 0.00019952623 1 0.32563406 0 0.0
0.05 0.00025118864 1 0.33205418 0 0.0
0.05 0.00031622777 1 0.31698113 0 0.0
0.05 0.001 1 0.30635708 0 0.0
0.05 0.0031622777 1 0.32265292 0 0.0
0.05 0.01 1 0.32609183 0 0.0
0.05 0.031622777 1 0.30776153 0 0.0
0.05 0.1 1 0.3274237 0 0.0
0.05 1.2589254e-05 1 0.31124498 0.010799337 0.80556493
0.05 1.2589254e-06 1 0.32439079 0.080893509 0.51818881
0.05 1.2589254e-07 1 0.33303249 0.0010842176 0.48443457
0.05 1.2589254e-08 1 0.31333484 1.068749e-05 0.51485642
0.05 1.2589254e-09 1 0.31502242 1.0368798e-07 0.43494566
0.05 1.5848932e-05 1 0.31010686 0.0032003906 0.8217042
0.05 1.5848932e-06 1 0.32125057 0.10624397 0.53128742
0.05 1.5848932e-07 1 0.31029841 0.0017787393 0.44879342
0.05 1.5848932e-08 1 0.31903364 1.6987702e-05 0.45474592
0.05 1.5848932e-09 1 0.32044075 1.705362e-07 0.4810897
0.05 1.9952623e-05 1 0.32029504 0.00056192812 0.79530474
0.05 1.9952623e-06 1 0.31399241 0.1350819 0.54911787
0.05 1.9952623e-07 1 0.32193159 0.0028617224 0.45101985
0.05 1.9952623e-08 1 0.30139766 2.7880481e-05 0.48473193
0.05 1.9952623e-09 1 0.31235955 2.7278401e-07 0.4992151
0.05 1e-05 1 0.33042895 0.026412986 0.75329725
0.05 1e-07 1 0.31839465 0.00066532905 0.48970503
0.05 1e-08 1 0.31631968 7.0305356e-06 0.44781385
0.05 1e-09 1 0.31958763 7.0216559e-08 0.49043709
0.05 2.5118864e-05 1 0.3073991 9.5734602e-05 0.94526563
0.05 2.5118864e-06 1 0.32410533 0.15711431 0.58444136
0.05 2.5118864e-07 1 0.32276078 0.0044048382 0.46979989
0.05 2.5118864e-08 1 0.32747106 4.3701434e-05 0.45591686
0.05 2.5118864e-09 1 0.31465421 4.4095749e-07 0.44296128
0.05 3.1622777e-05 1 0.30602194 1.1772199e-06 0.82417696
0.05 3.1622777e-06 1 0.32726046 0.17294854 0.60105664
0.05 3.1622777e-07 1 0.31328829 0.0066836263 0.46554407
0.05 3.1622777e-08 1 0.3194351 6.7886101e-05 0.49412672
0.05 3.1622777e-09 1 0.30995069 7.0192742e-07 0.44580122
0.05 3.9810717e-05 1 0.31073826 3.3399343e-08 0.78046397
0.05 3.9810717e-06 1 0.31724138 0.15488591 0.64203879
0.05 3.9810717e-07 1 0.31945701 0.010581881 0.4645129
0.05 3.9810717e-08 1 0.31792686 0.00011210718 0.47353001
0.05 3.9810717e-09 1 0.32421525 1.0933241e-06 0.46179229
0.05 5.0118723e-05 1 0.31446541 6.9542708e-11 0.98429769
0.05 5.0118723e-06 1 0.3325 0.1270257 0.70026831
0.05 5.0118723e-08 1 0.31292059 0.00017715804 0.48794243
0.05 5.0118723e-09 1 0.33490038 1.7020586e-06 0.47221417
0.05 6.3095734e-05 1 0.31005149 1.7196532e-16 0.99691793
0.05 6.3095734e-06 1 0.32685867 0.095238132 0.7691102
0.05 6.3095734e-07 1 0.32257341 0.024878986 0.48552588
0.05 6.3095734e-08 1 0.3217509 0.00026859459 0.52057384
0.05 6.3095734e-09 1 0.32478632 2.6720967e-06 0.46804006
0.05 7.9432823e-05 1 0.31921604 6.4408254e-27 3.7776328e-08
0.05 7.9432823e-06 1 0.32640614 0.052934799 0.77957556
0.05 7.9432823e-07 1 0.33692722 0.038642137 0.48614875
0.05 7.9432823e-08 1 0.32428222 0.0004527872 0.46149206
0.05 7.9432823e-09 1 0.31286419 4.2012198e-06 0.47801687
0.1 0.00012589254 1 0.31750279 0 0.0
0.1 0.00015848932 1 0.30871886 0 0.0
0.1 0.00019952623 1 0.32096021 0 0.0
0.1 0.0001 1 0.31466667 0 0.0
0.1 0.00025118864 1 0.30544576 0 0.0
0.1 0.00031622777 1 0.31914424 0 0.0
0.1 0.001 1 0.31978799 0 0.0
0.1 0.0031622777 1 0.32729306 0 0.0
0.1 0.01 1 0.31794986 0 0.0
0.1 0.1 1 0.32663541 0 0.0
0.1 1.2589254e-05 1 0.31620903 5.1086389e-05 0.83746709
0.1 1.2589254e-06 1 0.33163265 0.1557543 0.59580995
0.1 1.2589254e-07 1 0.32729682 0.0042746034 0.48269717
0.1 1.2589254e-08 1 0.33088726 4.3592368e-05 0.47721724
0.1 1.2589254e-09 1 0.31973392 4.2190714e-07 0.52207749
0.1 1.5848932e-05 1 0.31881188 3.9211913e-06 0.23351371
0.1 1.5848932e-06 1 0.3145644 0.16968282 0.6361123
0.1 1.5848932e-07 1 0.3139173 0.0064254828 0.51998986
0.1 1.5848932e-08 1 0.32674367 7.1973488e-05 0.47246371
0.1 1.5848932e-09 1 0.31303772 6.9584284e-07 0.48181949
0.1 1.9952623e-05 1 0.32528787 4.1543209e-08 0.99372588
0.1 1.9952623e-06 1 0.31983085 0.16215873 0.64382324
0.1 1.9952623e-07 1 0.31822222 0.010833149 0.46265912
0.1 1.9952623e-08 1 0.32854935 0.00011064957 0.47191794
0.1 1e-05 1 0.33734135 0.0007476271 0.728668
0.1 1e-06 1 0.32134931 0.1394893 0.56416397
0.1 1e-07 1 0.31358963 0.0027493341 0.49909658
0.1 1e-08 1 0.31825204 2.6716759e-05 0.49371464
0.1 1e-09 1 0.32619258 2.719592e-07 0.47778273
0.1 2.5118864e-05 1 0.32277359 3.7320532e-12 0.99966332
0.1 2.5118864e-06 1 0.31883736 0.12697812 0.70763348
0.1 2.5118864e-08 1 0.32314507 0.00016925784 0.46435812
0.1 2.5118864e-09 1 0.32763975 1.8180559e-06 0.48570343
0.1 3.1622777e-05 1 0.31233304 7.8221749e-18 1
0.1 3.1622777e-06 1 0.31529726 0.092738469 0.72725082
0.1 3.1622777e-07 1 0.31588327 0.02552879 0.49263416
0.1 3.1622777e-08 1 0.32991529 0.00028256651 0.47274987
0.1 3.1622777e-09 1 0.31582447 2.665702e-06 0.49785463
0.1 3.9810717e-05 1 0.31600969 3.4578368e-26 0.99846454
0.1 3.9810717e-06 1 0.31802042 0.054173641 0.79706016
0.1 3.9810717e-07 1 0.32343819 0.039668589 0.48401998
0.1 3.9810717e-08 1 0.32263065 0.00043481311 0.48523787
0.1 3.9810717e-09 1 0.31009296 4.2439755e-06 0.49922558
0.1 5.0118723e-05 1 0.31925713 1.2615568e-47 1
0.1 5.0118723e-06 1 0.31240293 0.025916072 0.82655458
0.1 5.0118723e-07 1 0.32872807 0.055958074 0.51478986
0.1 5.0118723e-08 1 0.30930798 0.00067353883 0.47328033
0.1 5.0118723e-09 1 0.31162481 6.7506604e-06 0.45561863
0.1 6.3095734e-05 1 0.310299 0 0.0
0.1 6.3095734e-06 1 0.31569586 0.012693448 0.83028396
0.1 6.3095734e-07 1 0.31335692 0.078462682 0.51035479
0.1 6.3095734e-08 1 0.33450859 0.0010664307 0.47309128
0.1 6.3095734e-09 1 0.32225914 1.134125e-05 0.49423442
0.1 7.9432823e-05 1 0.31428571 0 0.0
0.1 7.9432823e-06 1 0.30767529 0.0031465425 0.83857889
0.1 7.9432823e-07 1 0.31170284 0.10927944 0.5385747
0.1 7.9432823e-08 1 0.31222321 0.001713976 0.49980277
0.1 7.9432823e-09 1 0.33274414 1.7117625e-05 0.49216145
0.15 0.00012589254 1 0.31825137 0 0.0
0.15 0.00015848932 1 0.32026851 0 0.0
0.15 0.00019952623 1 0.31848794 0 0.0
0.15 0.0001 1 0.32125709 0 0.0
0.15 0.00025118864 1 0.32916392 0 0.0
0.15 0.00031622777 1 0.32441835 0 0.0
0.15 0.001 1 0.32998691 0 0.0
0.15 0.0031622777 1 0.3293111 0 0.0
0.15 0.01 1 0.32780445 0 0.0
0.15 0.031622777 1 0.31674307 0 0.0
0.15 0.1 1 0.31631081 0 0.0
0.15 1.2589254e-05 1 0.3295355 4.4904032e-08 0.52849604
0.15 1.2589254e-06 1 0.32810082 0.16332796 0.64859112
0.15 1.2589254e-07 1 0.31414868 0.0098112097 0.48979655
0.15 1.2589254e-08 1 0.33246584 0.00010029435 0.46168126
0.15 1.2589254e-09 1 0.31891656 1.0361333e-06 0.45125317
0.15 1.5848932e-05 1 0.32874016 3.3458761e-11 0.69788702
0.15 1.5848932e-06 1 0.32889277 0.13584559 0.68673847
0.15 1.5848932e-08 1 0.32439503 0.00015232563 0.49181864
0.15 1.5848932e-09 1 0.32441835 1.5376746e-06 0.50422177
0.15 1.9952623e-05 1 0.31963069 1.9450002e-16 0.98212803
0.15 1.9952623e-06 1 0.32508757 0.09624965 0.75821408
0.15 1.9952623e-07 1 0.31416703 0.022507441 0.50215665
0.15 1.9952623e-08 1 0.33115326 0.00025166218 0.46802681
0.15 1.9952623e-09 1 0.30764192 2.6397285e-06 0.48818695
0.15 1e-05 1 0.32453245 2.2924607e-06 0.66192876
0.15 1e-06 1 0.32061565 0.16613742 0.60607641
0.15 1e-07 1 0.33149901 0.0061474956 0.49565268
0.15 1e-08 1 0.32474339 6.0934043e-05 0.5014948
0.15 1e-09 1 0.31557018 5.9167361e-07 0.51047443
0.15 2.5118864e-05 1 0.32043105 7.6523456e-18 0.99990694
0.15 2.5118864e-06 1 0.32004381 0.061508906 0.76096293
0.15 2.5118864e-07 1 0.32932429 0.035704951 0.49598774
0.15 2.5118864e-08 1 0.31988661 0.00038414086 0.50104494
0.15 2.5118864e-09 1 0.3219855 3.8340545e-06 0.46004418
0.15 3.1622777e-05 1 0.31497797 1.0454055e-33 1
0.15 3.1622777e-06 1 0.31328486 0.031239405 0.80349562
0.15 3.1622777e-07 1 0.32028003 0.050070112 0.5259957
0.15 3.1622777e-08 1 0.32938856 0.00063689735 0.51587967
0.15 3.1622777e-09 1 0.3227653 6.0625663e-06 0.48432445
0.15 3.9810717e-05 1 0.32149901 0 0.0
0.15 3.9810717e-06 1 0.32477507 0.014069195 0.7719977
0.15 3.9810717e-07 1 0.32910562 0.074572702 0.52982616
0.15 3.9810717e-08 1 0.31906017 0.00095456395 0.49555492
0.15 3.9810717e-09 1 0.31922824 9.8824415e-06 0.49276173
0.15 5.0118723e-05 1 0.3289987 0 0.0
0.15 5.0118723e-06 1 0.32554585 0.0038765727 0.86709209
0.15 5.0118723e-07 1 0.31931125 0.10328615 0.52998516
0.15 5.0118723e-08 1 0.32044806 0.0015462776 0.48587026
0.15 5.0118723e-09 1 0.32236269 1.5817579e-05 0.48707212
0.15 6.3095734e-05 1 0.32267951 0 0.0
0.15 6.3095734e-06 1 0.32357439 0.00081842026 0.85029662
0.15 6.3095734e-07 1 0.31770606 0.13098559 0.55150742
0.15 6.3095734e-08 1 0.32991266 0.0024896889 0.51987786
0.15 6.3095734e-09 1 0.312759 2.5752808e-05 0.48474401
0.15 7.9432823e-05 1 0.32660228 0 0.0
0.15 7.9432823e-06 1 0.32545415 8.4443782e-05 0.88153143
0.15 7.9432823e-07 1 0.32318142 0.15393109 0.56163861
0.15 7.9432823e-08 1 0.32502226 0.0039000558 0.48494872
0.15 7.9432823e-09 1 0.306056 4.0890238e-05 0.49311128
0.2 0.00012589254 1 0.32347225 0 0.0
0.2 0.00015848932 1 0.31753555 0 0.0
0.2 0.00019952623 1 0.32796046 0 0.0
0.2 0.0001 1 0.32600733 0 0.0
0.2 0.00025118864 1 0.34143694 0 0.0
0.2 0.00031622777 1 0.32858069 0 0.0
0.2 0.001 1 0.3142301 0 0.0
0.2 0.0031622777 1 0.33777682 0 0.0
0.2 0.01 1 0.32895587 0 0.0
0.2 0.031622777 1 0.31984419 0 0.0
0.2 0.1 1 0.32263623 0 0.0
0.2 1.2589254e-05 1 0.32271348 4.2016141e-11 0.99364514
0.2 1.2589254e-06 1 0.32914682 0.12564468 0.70906811
0.2 1.2589254e-07 1 0.3273913 0.016639126 0.53942633
0.2 1.2589254e-08 1 0.3327601 0.00017518218 0.48251838
0.2 1.2589254e-09 1 0.32176724 1.8060242e-06 0.50987989
0.2 1.5848932e-05 1 0.34238896 8.1987213e-18 0.99981
0.2 1.5848932e-06 1 0.3342721 0.087943998 0.73422107
0.2 1.5848932e-07 1 0.31838758 0.02509876 0.48763753
0.2 1.5848932e-08 1 0.31960319 0.00027909597 0.4915738
0.2 1.5848932e-09 1 0.32823276 2.8931899e-06 0.48419625
0.2 1.9952623e-05 1 0.31926407 1.2844878e-21 1
0.2 1.9952623e-06 1 0.32942708 0.054976188 0.77869035
0.2 1.9952623e-07 1 0.31894691 0.040157982 0.49696325
0.2 1.9952623e-09 1 0.31045611 4.3998685e-06 0.49069733
0.2 1e-05 1 0.31809359 5.8378886e-08 0.95530663
0.2 1e-06 1 0.31845623 0.16221092 0.6623554
0.2 1e-07 1 0.32560137 0.010434508 0.49883992
0.2 1e-08 1 0.31303787 0.00010893785 0.46894571
0.2 1e-09 1 0.3242601 1.0784191e-06 0.50598746
0.2 2.5118864e-05 1 0.31012931 1.0773288e-42 1
0.2 2.5118864e-06 1 0.32407206 0.024208834 0.78583994
0.2 2.5118864e-07 1 0.33225876 0.057973408 0.51803079
0.2 2.5118864e-08 1 0.33362125 0.00066311023 0.50335374
0.2 2.5118864e-09 1 0.32636794 6.7899567e-06 0.52457864
0.2 3.1622777e-06 1 0.33097079 0.010771763 0.83524213
0.2 3.1622777e-07 1 0.32441183 0.083931502 0.50362765
0.2 3.1622777e-08 1 0.33929341 0.0011471149 0.47351169
0.2 3.1622777e-09 1 0.32780172 1.0601397e-05 0.50005584
0.2 3.9810717e-05 1 0.32402597 0 0.0
0.2 3.9810717e-06 1 0.33038793 0.0021571215 0.87383212
0.2 3.9810717e-07 1 0.33469739 0.10991008 0.51615366
0.2 3.9810717e-08 1 0.33057491 0.0016711702 0.51470052
0.2 3.9810717e-09 1 0.32253186 1.7462682e-05 0.47605181
0.2 5.0118723e-05 1 0.32623198 0 0.0
0.2 5.0118723e-06 1 0.32064865 0.00071362298 0.8125123
0.2 5.0118723e-07 1 0.32390412 0.13791504 0.56076631
0.2 5.0118723e-08 1 0.32023448 0.0027472103 0.49737839
0.2 5.0118723e-09 1 0.33211679 2.7708794e-05 0.5077683
0.2 6.3095734e-05 1 0.32259459 0 0.0
0.2 6.3095734e-06 1 0.32657463 4.7357535e-05 0.74030093
0.2 6.3095734e-07 1 0.31322706 0.15817466 0.59015385
0.2 6.3095734e-08 1 0.32211121 0.004214478 0.52554316
0.2 6.3095734e-09 1 0.3252752 4.5924953e-05 0.48326369
0.2 7.9432823e-05 1 0.33218292 0 0.0
0.2 7.9432823e-07 1 0.32807435 0.17105743 0.6285662
0.2 7.9432823e-08 1 0.32879083 0.0067931906 0.46729867
0.2 7.9432823e-09 1 0.3140107 6.8428521e-05 0.52204965
0.25 0.00012589254 0.57997481 0.18975651 0 0.0
0.25 0.00019952623 0.59167368 0.19596299 0 0.0
0.25 0.00025118864 0.56469849 0.18823283 0 0.0
0.25 0.00031622777 0.57035018 0.18158943 0 0.0
0.25 0.25 0.56152877 0.18311634 0 0.0
0.25 1.1220184543e-05 0.55880483 0.18203009 3.1995515e-20 1.5599506e-07
0.25 1.122018454e-05 0.57194017 0.19549189 1.0251467e-23 0.10779525
0.25 1.2589254e-05 0.57106918 0.19098532 6.0740552e-29 0.99999984
0.25 1.2589254e-06 0.58247962 0.19673845 0.053196579 0.74659215
0.25 1.2589254e-07 0.5785925 0.18689423 0.041854336 0.49351083
0.25 1.2589254e-08 0.57166912 0.18880236 0.00046237451 0.52441727
0.25 1.2589254e-09 0.57987792 0.17533151 4.3674092e-06 0.51190681
0.25 1.41253754462e-05 0.57248054 0.1828319 9.9679208e-22 1.1314822e-11
0.25 1.412537545e-05 0.58263246 0.18502944 2.043043e-31 1
0.25 1.5848932e-05 0.57266582 0.19602873 5.0771399e-44 1
0.25 1.5848932e-06 0.56434401 0.1830927 0.024949526 0.73536517
0.25 1.5848932e-07 0.58191377 0.19411146 0.061110254 0.48114919
0.25 1.5848932e-08 0.57385648 0.18736886 0.00074994071 0.49729198
0.25 1.5848932e-09 0.57169851 0.1904262 7.6709741e-06 0.51403884
0.25 1.77827941004e-05 0.57382903 0.18819576 0 0.0
0.25 1.77827941e-05 0.56584448 0.19293478 9.0411989e-43 1
0.25 1.9952623e-05 0.57530501 0.18679007 0 0.0
0.25 1.9952623e-06 0.56164384 0.17618546 0.0081326132 0.82661106
0.25 1.9952623e-07 0.57275021 0.18061396 0.086337645 0.50741156
0.25 1.9952623e-08 0.57313997 0.19419924 0.0011434212 0.50456532
0.25 1.9952623e-09 0.57106865 0.18181818 1.155104e-05 0.49590825
0.25 1e-05 0.56541859 0.17753471 7.5208173e-14 1
0.25 1e-06 0.58245466 0.1959089 0.089670339 0.72669877
0.25 1e-07 0.57329402 0.18491997 0.027309591 0.52565259
0.25 1e-08 0.57440101 0.19398907 0.00030606506 0.47855985
0.25 1e-09 0.57251105 0.18838139 2.939421e-06 0.54467825
0.25 2.23872113857e-05 0.56981132 0.18176101 0 0.0
0.25 2.5118864e-05 0.57002508 0.19356187 0 0.0
0.25 2.5118864e-06 0.57440978 0.18802698 0.0023265678 0.91123405
0.25 2.5118864e-07 0.57647059 0.18382353 0.10998743 0.55994474
0.25 2.5118864e-08 0.56654072 0.18387909 0.001849941 0.49232131
0.25 2.5118864e-09 0.57631745 0.18769683 1.9024624e-05 0.47881529
0.25 2.81838293126e-05 0.56929861 0.18752625 0 0.0
0.25 3.1622777e-05 0.57648546 0.17720185 0 0.0
0.25 3.1622777e-06 0.56155779 0.19116415 0.00035269101 0.97365757
0.25 3.1622777e-07 0.56712963 0.18771044 0.1418537 0.58649323
0.25 3.1622777e-08 0.57651771 0.18950253 0.0029204026 0.51041612
0.25 3.1622777e-09 0.58224653 0.18447623 3.1565792e-05 0.5156177
0.25 3.54813389234e-05 0.5674311 0.18156954 0 0.0
0.25 3.9810717e-05 0.56293485 0.18237402 0 0.0
0.25 3.9810717e-06 0.56513491 0.19182125 7.0854014e-05 0.87141322
0.25 3.9810717e-07 0.56942702 0.18527813 0.15952187 0.61112145
0.25 3.9810717e-08 0.5653457 0.1873946 0.0045666287 0.49870451
0.25 3.9810717e-09 0.57715725 0.19945413 4.8361898e-05 0.47754194
0.25 4.46683592151e-05 0.56389239 0.18726356 0 0.0
0.25 5.0118723e-05 0.57256711 0.20134228 0 0.0
0.25 5.0118723e-07 0.57275021 0.18566022 0.17324006 0.635075
0.25 5.0118723e-08 0.56632331 0.18562119 0.0073860206 0.5255744
0.25 5.0118723e-09 0.57733699 0.17978476 7.1639301e-05 0.52939613
0.25 5.6234132519e-05 0.57825995 0.19696651 0 0.0
0.25 6.3095734e-05 0.55581152 0.17842932 0 0.0
0.25 6.3095734e-06 0.57220938 0.18877444 4.9168919e-09 0.75331797
0.25 6.3095734e-07 0.57322967 0.19604959 0.15668782 0.66778581
0.25 6.3095734e-08 0.56666667 0.18721174 0.011206731 0.54416345
0.25 7.07945784384e-05 0.56303936 0.18501368 0 0.0
0.25 7.9432823e-05 0.57289485 0.18831169 0 0.0
0.25 7.9432823e-06 0.56650557 0.18596344 9.1309062e-11 0.99952414
0.25 7.9432823e-07 0.5628944 0.17606226 0.12037199 0.69186618
0.25 7.9432823e-08 0.57308097 0.18401682 0.017986075 0.51841539
0.25 7.9432823e-09 0.57001265 0.18894981 0.00018122946 0.49975117
0.3 0.00012589254 0.52118556 0.16948445 0 0.0
0.3 0.00015848932 0.52922756 0.18371608 0 0.0
0.3 0.00019952623 0.51983299 0.17954071 0 0.0
0.3 0.0001 0.51853394 0.17513536 0 0.0
0.3 0.00025118864 0.50937891 0.16882034 0 0.0
0.3 0.00031622777 0.52040176 0.16991002 0 0.0
0.3 1.2589254e-05 0.53653927 0.17639647 3.0808781e-42 1
0.3 1.2589254e-06 0.52059377 0.17102237 0.024682648 0.84945694
0.3 1.2589254e-07 0.52207414 0.17700958 0.058844182 0.53884542
0.3 1.2589254e-08 0.54408377 0.18450262 0.00071568484 0.52668765
0.3 1.2589254e-09 0.52414952 0.17282654 6.8872679e-06 0.51645506
0.3 1.5848932e-06 0.51402848 0.17043551 0.0076139103 0.75323091
0.3 1.5848932e-07 0.52538817 0.17394041 0.085159608 0.56260876
0.3 1.5848932e-08 0.51617647 0.17710084 0.0011153019 0.52334624
0.3 1.5848932e-09 0.52674298 0.17710718 1.1947512e-05 0.50035143
0.3 1.9952623e-06 0.51788329 0.16544656 0.0018213177 0.76878875
0.3 1.9952623e-07 0.51861146 0.17921372 0.10498943 0.5634255
0.3 1.9952623e-08 0.51174497 0.17701342 0.0018451393 0.51997927
0.3 1.9952623e-09 0.52795161 0.18502295 1.7390342e-05 0.54737814
0.3 1e-05 0.52944862 0.17982456 4.0263902e-30 0.99999999
0.3 1e-06 0.52411777 0.17999582 0.051414204 0.82058803
0.3 1e-07 0.52256034 0.17901364 0.040971987 0.50596062
0.3 1e-08 0.52848764 0.17637202 0.0004795768 0.51073758
0.3 1e-09 0.52128329 0.17005662 4.581153e-06 0.53027392
0.3 2.5118864e-05 0.52634894 0.17908881 0 0.0
0.3 2.5118864e-06 0.53031257 0.18019719 0.00045077832 0.97766928
0.3 2.5118864e-07 0.51390341 0.17562199 0.13918321 0.60292972
0.3 2.5118864e-08 0.52676526 0.17933764 0.0027317655 0.56633998
0.3 2.5118864e-09 0.52677824 0.18117155 2.8922592e-05 0.4604538
0.3 3.1622777e-05 0.53051839 0.17454013 0 0.0
0.3 3.1622777e-06 0.52796468 0.18019344 4.5292943e-05 0.43979373
0.3 3.1622777e-07 0.53398871 0.18113365 0.16441013 0.61316464
0.3 3.1622777e-08 0.52912825 0.17351215 0.0044469207 0.51567892
0.3 3.1622777e-09 0.52766136 0.17937972 4.3470057e-05 0.50768005
0.3 3.9810717e-06 0.53433836 0.17860134 3.5184549e-07 0.9942603
0.3 3.9810717e-07 0.52351953 0.17030659 0.17433203 0.6314147
0.3 3.9810717e-08 0.53788353 0.17804216 0.0069643997 0.54176958
0.3 3.9810717e-09 0.52523988 0.17042136 6.8568526e-05 0.55192931
0.3 5.0118723e-05 0.51421999 0.17649519 0 0.0
0.3 5.0118723e-06 0.51608859 0.1686168 3.6273215e-08 0.94941085
0.3 5.0118723e-07 0.53121737 0.17456672 0.15868867 0.67637778
0.3 5.0118723e-08 0.52454564 0.17965323 0.011186769 0.54270076
0.3 5.0118723e-09 0.5323756 0.18696648 0.00011366635 0.53237715
0.3 6.3095734e-05 0.53562448 0.18545683 0 0.0
0.3 6.3095734e-06 0.51600753 0.1655158 1.2048638e-11 1
0.3 6.3095734e-07 0.5308255 0.17513062 0.12548131 0.70854219
0.3 6.3095734e-08 0.52922756 0.17849687 0.017567019 0.50772345
0.3 6.3095734e-09 0.52760351 0.1754496 0.00018227709 0.51624197
0.3 7.9432823e-05 0.52416824 0.16488805 0 0.0
0.3 7.9432823e-06 0.53051839 0.17119565 1.5955465e-17 0.086182151
0.3 7.9432823e-07 0.54283326 0.18804847 0.089077322 0.77800765
0.3 7.9432823e-08 0.528984 0.17764388 0.024923656 0.54016855
0.3 7.9432823e-09 0.52551985 0.178954 0.00028080764 0.56034574
0.35 0.00012589254 0.51113887 0.17947116 0 0.0
0.35 0.00015848932 0.49958299 0.17493745 0 0.0
0.35 0.00019952623 0.50893599 0.1776808 0 0.0
0.35 0.0001 0.52446388 0.18467624 0 0.0
0.35 0.00025118864 0.51172529 0.1758794 0 0.0
0.35 0.00031622777 0.51515152 0.17554859 0 0.0
0.35 1.2589254e-05 0.51143927 0.16701331 0 0.0
0.35 1.2589254e-06 0.51394091 0.17707033 0.01594599 0.77403292
0.35 1.2589254e-07 0.51238455 0.17716205 0.07384047 0.59485741
0.35 1.2589254e-08 0.50479167 0.17270833 0.0009675182 0.58941142
0.35 1.2589254e-09 0.51377295 0.18176127 9.5040247e-06 0.57104157
0.35 1.5848932e-05 0.49853984 0.17813934 0 0.0
0.35 1.5848932e-06 0.50770833 0.17270833 0.0041572868 0.84847476
0.35 1.5848932e-07 0.51554726 0.16853234 0.10092903 0.57654804
0.35 1.5848932e-08 0.51475204 0.17765223 0.0014808976 0.58656503
0.35 1.5848932e-09 0.50334169 0.16687552 1.5812467e-05 0.55148639
0.35 1.9952623e-05 0.51079286 0.17828975 0 0.0
0.35 1.9952623e-06 0.51844134 0.18149615 0.0006623688 0.87383679
0.35 1.9952623e-07 0.51145833 0.176875 0.12981232 0.59521918
0.35 1.9952623e-08 0.49895441 0.17084902 0.0023850549 0.585158
0.35 1.9952623e-09 0.52875234 0.18870666 2.4524181e-05 0.56906968
0.35 1e-05 0.52794515 0.17660503 7.6467948e-36 1
0.35 1e-06 0.52549428 0.17127992 0.031661929 0.76351027
0.35 1e-07 0.51936693 0.16867972 0.051345427 0.56273902
0.35 1e-08 0.52002503 0.17375887 0.00065861478 0.58592189
0.35 1e-09 0.50659686 0.17319372 6.2321157e-06 0.56499002
0.35 2.5118864e-05 0.51745037 0.18077325 0 0.0
0.35 2.5118864e-06 0.5094693 0.16774194 0.00011736469 0.91727858
0.35 2.5118864e-07 0.50343535 0.17260046 0.15699988 0.6220401
0.35 2.5118864e-08 0.52505766 0.17907318 0.0040718086 0.52116089
0.35 2.5118864e-09 0.50010454 0.17206774 3.7777823e-05 0.52981036
0.35 3.1622777e-05 0.5201831 0.18081565 0 0.0
0.35 3.1622777e-06 0.51390922 0.17130307 3.1067397e-06 0.99959257
0.35 3.1622777e-07 0.50135671 0.16885828 0.17393807 0.67848451
0.35 3.1622777e-08 0.51712615 0.1833751 0.0056887603 0.51213264
0.35 3.1622777e-09 0.51009786 0.16781178 6.0882085e-05 0.56291055
0.35 3.9810717e-05 0.50146199 0.17439432 0 0.0
0.35 3.9810717e-06 0.50397656 0.17392214 8.5204971e-08 0.98783709
0.35 3.9810717e-07 0.50176385 0.16787715 0.16613795 0.67075354
0.35 3.9810717e-08 0.51146789 0.1734779 0.0095162016 0.55960313
0.35 3.9810717e-09 0.5105985 0.17664173 9.4971722e-05 0.55686385
0.35 5.0118723e-05 0.51606845 0.17174457 0 0.0
0.35 5.0118723e-06 0.5134459 0.18824265 2.8680201e-12 0.99999801
0.35 5.0118723e-07 0.51283121 0.17629877 0.13959979 0.70166124
0.35 5.0118723e-08 0.51325955 0.17164335 0.014294105 0.53202719
0.35 5.0118723e-09 0.50857741 0.17280335 0.00015391023 0.55066095
0.35 6.3095734e-05 0.52130534 0.1768863 0 0.0
0.35 6.3095734e-06 0.51095347 0.1792197 1.3375349e-15 1
0.35 6.3095734e-07 0.51975747 0.18105791 0.10479602 0.73408518
0.35 6.3095734e-08 0.50404984 0.1709242 0.02324045 0.51476434
0.35 6.3095734e-09 0.5203252 0.17573483 0.00024250369 0.52336897
0.35 7.9432823e-05 0.52134784 0.17810799 0 0.0
0.35 7.9432823e-06 0.50426107 0.16586988 4.584701e-22 1
0.35 7.9432823e-07 0.50467096 0.17334441 0.065721458 0.78548282
0.35 7.9432823e-08 0.49686192 0.17405858 0.034887343 0.62216145
0.35 7.9432823e-09 0.51204188 0.17780105 0.00037011399 0.5655151
0.3 1.5848932e-05 0.52827817 0.17679095 0 0.0
0.4 0.00012589254 0.47819767 0.16196013 0 0.0
0.4 0.00015848932 0.46918448 0.16165179 0 0.0
0.4 0.00019952623 0.47622985 0.17465895 0 0.0
0.4 0.0001 0.47707944 0.16946692 0 0.0
0.4 0.00025118864 0.46628051 0.16073645 0 0.0
0.4 0.00031622777 0.47688161 0.16649388 0 0.0
0.4 1.2589254e-05 0.46403326 0.15696466 0 0.0
0.4 1.2589254e-06 0.48305785 0.16590909 0.0058987817 0.86255501
0.4 1.2589254e-07 0.48706807 0.17152907 0.094999462 0.59646499
0.4 1.2589254e-08 0.45959387 0.16701202 0.00133394 0.55753959
0.4 1.2589254e-09 0.47751295 0.17139896 1.3155451e-05 0.5985759
0.4 1.5848932e-05 0.47702815 0.17259934 0 0.0
0.4 1.5848932e-06 0.47049009 0.1632951 0.0015028847 0.74087515
0.4 1.5848932e-07 0.47240664 0.16556017 0.12406431 0.64208365
0.4 1.5848932e-08 0.46799254 0.16490574 0.0022126579 0.54402959
0.4 1.5848932e-09 0.46778886 0.16749792 2.2536306e-05 0.54330125
0.4 1.9952623e-05 0.46924501 0.16704382 0 0.0
0.4 1.9952623e-06 0.46271748 0.16362883 0.00011786275 0.93531494
0.4 1.9952623e-07 0.45642724 0.15648934 0.14933655 0.66786507
0.4 1.9952623e-08 0.47227969 0.16156392 0.0034508031 0.56554724
0.4 1.9952623e-09 0.46651462 0.1660792 3.3187897e-05 0.54993895
0.4 1e-05 0.47122377 0.17224185 1.2227642e-35 1
0.4 1e-06 0.47710793 0.17132795 0.015810227 0.80566788
0.4 1e-07 0.46747038 0.1590106 0.066679807 0.62436603
0.4 1e-08 0.46802749 0.17350552 0.00089429676 0.54885341
0.4 1e-09 0.48557792 0.17264993 8.8899147e-06 0.56213738
0.4 2.5118864e-05 0.46966246 0.16463036 0 0.0
0.4 2.5118864e-06 0.47219329 0.16892314 1.6007976e-05 0.96783403
0.4 2.5118864e-07 0.47622002 0.16956162 0.16935857 0.67427189
0.4 2.5118864e-08 0.48100477 0.16940004 0.0056089062 0.59727216
0.4 2.5118864e-09 0.47563757 0.16835994 5.6451913e-05 0.59345868
0.4 3.1622777e-05 0.47476636 0.16386293 0 0.0
0.4 3.1622777e-06 0.47119768 0.16784086 3.8810097e-07 0.9510254
0.4 3.1622777e-07 0.47547092 0.16062927 0.17157393 0.71137131
0.4 3.1622777e-08 0.46652893 0.1642562 0.0084577443 0.52347163
0.4 3.1622777e-09 0.46872411 0.16259321 8.3273708e-05 0.60753138
0.4 3.9810717e-05 0.46133 0.16051699 0 0.0
0.4 3.9810717e-06 0.47448133 0.16348548 4.6477333e-10 0.65604234
0.4 3.9810717e-07 0.47041727 0.1629645 0.15576812 0.6845938
0.4 3.9810717e-08 0.46699772 0.15932133 0.013239461 0.54719561
0.4 3.9810717e-09 0.46014944 0.1577418 0.00013941535 0.54158701
0.4 5.0118723e-05 0.4661966 0.15595189 0 0.0
0.4 5.0118723e-06 0.48234317 0.16784379 3.5082675e-13 1
0.4 5.0118723e-07 0.46851698 0.16818558 0.11582131 0.74693592
0.4 5.0118723e-09 0.47046675 0.16294919 0.00020215993 0.61084191
0.4 6.3095734e-05 0.47306258 0.16576875 0 0.0
0.4 6.3095734e-06 0.46512596 0.17093483 2.1855982e-17 1
0.4 6.3095734e-07 0.469867 0.16458853 0.07294718 0.79754737
0.4 6.3095734e-08 0.46919726 0.16925949 0.030106717 0.57944853
0.4 6.3095734e-09 0.4742869 0.16156569 0.00033119929 0.55190658
0.4 7.9432823e-05 0.46797005 0.15661398 0 0.0
0.4 7.9432823e-06 0.48085283 0.17118609 3.6798008e-31 1
0.4 7.9432823e-07 0.48550725 0.17805383 0.036028111 0.81864087
0.4 7.9432823e-08 0.47215295 0.16396509 0.045940466 0.57125267
0.4 7.9432823e-09 0.48014214 0.16952341 0.00055350386 0.5574159
0.45 0.00012589254 0.43434134 0.15575808 0 0.0
0.45 0.00015848932 0.45375901 0.15550978 0 0.0
0.45 0.00019952623 0.44430667 0.15623063 0 0.0
0.45 0.0001 0.44935011 0.15452857 0 0.0
0.45 0.00025118864 0.44270404 0.15024732 0 0.0
0.45 0.00031622777 0.44258225 0.15911442 0 0.0
0.45 1.2589254e-05 0.44104894 0.15630807 0 0.0
0.45 1.2589254e-06 0.44179785 0.16135046 0.0019756594 0.87760985
0.45 1.2589254e-07 0.45932029 0.17136972 0.11215862 0.64181171
0.45 1.2589254e-08 0.4503612 0.16491228 0.0017394151 0.63073209
0.45 1.2589254e-09 0.44733045 0.15481344 1.7563759e-05 0.59031147
0.45 1.5848932e-05 0.44481259 0.15075585 0 0.0
0.45 1.5848932e-06 0.45725523 0.15793832 0.00073861044 0.94240035
0.45 1.5848932e-07 0.44499586 0.15157155 0.14156552 0.65193144
0.45 1.5848932e-08 0.45869475 0.16171004 0.0025654332 0.61786592
0.45 1.5848932e-09 0.43658486 0.16188905 2.834381e-05 0.57109227
0.45 1.9952623e-05 0.449371 0.14889668 0 0.0
0.45 1.9952623e-06 0.44762887 0.15979381 2.3747067e-05 0.9959874
0.45 1.9952623e-07 0.43937526 0.14796547 0.16632632 0.64606723
0.45 1.9952623e-08 0.45078577 0.1579818 0.0046020654 0.55634812
0.45 1.9952623e-09 0.43676258 0.15462637 4.3644765e-05 0.58300464
0.45 1e-05 0.45039272 0.14716825 0 0.0
0.45 1e-06 0.44074844 0.15176715 0.0086086452 0.89208372
0.45 1e-07 0.44744993 0.16023126 0.077186216 0.62643676
0.45 1e-08 0.44586249 0.1578839 0.001132693 0.61784204
0.45 1e-09 0.43843284 0.15070481 1.1371651e-05 0.59644829
0.45 2.5118864e-05 0.44649141 0.1647692 0 0.0
0.45 2.5118864e-06 0.44853092 0.15841381 6.7321315e-07 0.42387112
0.45 2.5118864e-07 0.44230769 0.15198511 0.17618431 0.68686586
0.45 2.5118864e-08 0.43869771 0.16422831 0.0063725361 0.63667227
0.45 2.5118864e-09 0.44414619 0.14887466 6.7183925e-05 0.60544017
0.45 3.1622777e-05 0.45490115 0.15300659 0 0.0
0.45 3.1622777e-06 0.4626958 0.15910965 2.14587e-08 0.71902155
0.45 3.1622777e-07 0.43672457 0.1544665 0.15738572 0.72157307
0.45 3.1622777e-08 0.46095199 0.16031321 0.010336614 0.57353355
0.45 3.1622777e-09 0.45583694 0.15112209 0.00010145714 0.57988909
0.45 3.9810717e-05 0.45200984 0.15504512 0 0.0
0.45 3.9810717e-06 0.45480809 0.16219563 1.206586e-11 0.99985617
0.45 3.9810717e-07 0.45251858 0.15586292 0.1304976 0.70621023
0.45 3.9810717e-08 0.44990704 0.15410039 0.017242081 0.59288953
0.45 3.9810717e-09 0.42857143 0.16131039 0.00017016959 0.61043923
0.45 5.0118723e-05 0.44023083 0.15313273 0 0.0
0.45 5.0118723e-06 0.43640486 0.14512472 2.4240447e-18 0.99000191
0.45 5.0118723e-07 0.42866018 0.15261959 0.088334854 0.77514774
0.45 5.0118723e-08 0.44738474 0.15732892 0.024092207 0.5839723
0.45 5.0118723e-09 0.43863636 0.14607438 0.00026110494 0.57223219
0.45 6.3095734e-05 0.4542626 0.16490355 0 0.0
0.45 6.3095734e-06 0.44087351 0.15203956 1.9215594e-22 1
0.45 6.3095734e-07 0.44929926 0.16323166 0.05109016 0.79046548
0.45 6.3095734e-08 0.45392703 0.15934859 0.036803198 0.61991502
0.45 6.3095734e-09 0.44905972 0.15767721 0.00043223492 0.61073216
0.45 7.9432823e-05 0.43866556 0.15789474 0 0.0
0.45 7.9432823e-06 0.4499382 0.15409971 1.7366601e-33 1
0.45 7.9432823e-07 0.45169928 0.1592173 0.024628361 0.83988991
0.45 7.9432823e-08 0.44032158 0.14883529 0.057610503 0.60924542
0.45 7.9432823e-09 0.44701031 0.16680412 0.00065467556 0.60253982
0.5 0.00012589254 0.41991342 0.15295815 0 0.0
0.5 0.00015848932 0.41685462 0.15849908 0 0.0
0.5 0.00019952623 0.41399177 0.15082305 0 0.0
0.5 0.0001 0.43050708 0.1533566 0 0.0
0.5 0.00025118864 0.40481086 0.140625 0 0.0
0.5 0.00031622777 0.42895277 0.14681725 0 0.0
0.5 1.2589254e-05 0.43109468 0.14910659 0 0.0
0.5 1.2589254e-06 0.43122293 0.15260879 0.00080727015 0.64818626
0.5 1.2589254e-07 0.41570724 0.15604441 0.12661461 0.6776027
0.5 1.2589254e-08 0.42848348 0.14508516 0.0020884815 0.65509688
0.5 1.2589254e-09 0.42354394 0.14488578 2.0728322e-05 0.71292557
0.5 1.5848932e-05 0.41211622 0.14279827 0 0.0
0.5 1.5848932e-06 0.42665566 0.15349701 7.775955e-05 0.9809688
0.5 1.5848932e-07 0.43480935 0.15662157 0.15025611 0.6765748
0.5 1.5848932e-08 0.42108508 0.1512536 0.0033216531 0.6079187
0.5 1.5848932e-09 0.40667491 0.14524104 3.4257649e-05 0.61857167
0.5 1.9952623e-05 0.41477974 0.14779745 0 0.0
0.5 1.9952623e-06 0.41601482 0.15006175 9.6707116e-06 0.97039266
0.5 1.9952623e-07 0.42669134 0.16491877 0.16989075 0.7120159
0.5 1.9952623e-08 0.4097621 0.152379 0.0053511238 0.6315394
0.5 1.9952623e-09 0.41181313 0.14735542 5.0278964e-05 0.62680719
0.5 1e-05 0.42918897 0.15644298 0 0.0
0.5 1e-06 0.42356097 0.15225913 0.0054198186 0.86767823
0.5 1e-07 0.42092308 0.15712821 0.091577116 0.6515859
0.5 1e-08 0.42037303 0.14859602 0.0013354821 0.63314723
0.5 1e-09 0.4379502 0.15352953 1.3564833e-05 0.65608787
0.5 2.5118864e-05 0.42217659 0.14414784 0 0.0
0.5 2.5118864e-06 0.41195876 0.1414433 1.001415e-07 0.30333224
0.5 2.5118864e-07 0.43499692 0.15157116 0.16454447 0.72063256
0.5 2.5118864e-08 0.41068859 0.14182939 0.0079800171 0.64241672
0.5 2.5118864e-09 0.41498559 0.15150268 8.7909477e-05 0.615945
0.5 3.1622777e-05 0.41490019 0.15023667 0 0.0
0.5 3.1622777e-06 0.42183316 0.14727085 1.0447275e-10 0.9999876
0.5 3.1622777e-07 0.42304527 0.15452675 0.15327805 0.75643333
0.5 3.1622777e-08 0.42907289 0.15279785 0.01317935 0.62649435
0.5 3.1622777e-09 0.41899671 0.1511102 0.00014028796 0.668886
0.5 3.9810717e-05 0.42462106 0.1532159 0 0.0
0.5 3.9810717e-06 0.41531513 0.14535003 1.0621301e-14 1
0.5 3.9810717e-07 0.41409147 0.14750721 0.11454105 0.7821141
0.5 3.9810717e-08 0.41740201 0.15001026 0.021358784 0.64893976
0.5 3.9810717e-09 0.42424242 0.14905815 0.00022436656 0.59044524
0.5 5.0118723e-05 0.42477876 0.1459148 0 0.0
0.5 5.0118723e-06 0.42630712 0.15438452 1.8403874e-23 0.50748557
0.5 5.0118723e-07 0.41862382 0.15162752 0.067768017 0.8021231
0.5 5.0118723e-08 0.41941467 0.14859852 0.03060654 0.6453919
0.5 5.0118723e-09 0.41502463 0.14675698 0.00034651379 0.6191189
0.5 6.3095734e-05 0.42567152 0.15193767 0 0.0
0.5 6.3095734e-06 0.41149897 0.14722793 2.3812711e-33 1
0.5 6.3095734e-07 0.40632054 0.14344346 0.031862443 0.83228918
0.5 6.3095734e-08 0.42807306 0.16458034 0.043067964 0.64290123
0.5 6.3095734e-09 0.42417991 0.14606973 0.00055341979 0.60567847
0.5 7.9432823e-05 0.41796555 0.14807219 0 0.0
0.5 7.9432823e-06 0.42565898 0.14456343 0 0.0
0.5 7.9432823e-07 0.41616951 0.14873483 0.018226643 0.79141
0.5 7.9432823e-08 0.41654691 0.14185999 0.065738932 0.64836491
0.5 7.9432823e-09 0.42618901 0.15297509 0.00084768964 0.58528372
0.55 1.2589254e-05 0.37548678 0.13609346 0 0.0
0.55 1.2589254e-06 0.37849418 0.13833911 0.00051871778 0.65809147
0.55 1.2589254e-07 0.37272541 0.1269679 0.13970681 0.67864618
0.55 1.2589254e-08 0.38127433 0.1368572 0.0027579347 0.64036331
0.55 1.5848932e-05 0.36984615 0.13066667 0 0.0
0.55 1.5848932e-06 0.39094819 0.13454843 1.4900296e-05 0.35823438
0.55 1.5848932e-07 0.39493567 0.14376149 0.16390979 0.69352262
0.55 1.5848932e-08 0.39565841 0.15134139 0.0044761261 0.64464528
0.55 1.9952623e-05 0.37574512 0.14265159 0 0.0
0.55 1.9952623e-06 0.38286067 0.13912865 2.2451167e-07 0.66039839
0.55 1.9952623e-07 0.37907024 0.13823469 0.17738066 0.7063979
0.55 1.9952623e-08 0.3840312 0.13998358 0.0066740257 0.69756758
0.55 1e-05 0.39568345 0.14121274 0 0.0
0.55 1e-06 0.37851138 0.14250564 0.0018814931 0.92984134
0.55 1e-07 0.38828366 0.1344296 0.11505122 0.68111676
0.55 1e-08 0.38001638 0.13738739 0.0017127722 0.68913626
0.55 2.5118864e-05 0.37993421 0.13836349 0 0.0
0.55 2.5118864e-06 0.37769563 0.13801602 9.0662063e-11 0.02691592
0.55 2.5118864e-07 0.37353606 0.13190877 0.16223548 0.76157426
0.55 2.5118864e-08 0.3840951 0.13342898 0.010404514 0.64130699
0.55 3.1622777e-05 0.38129349 0.13692182 0 0.0
0.55 3.1622777e-06 0.36838868 0.13161132 6.9811166e-14 0.99999084
0.55 3.1622777e-07 0.39410795 0.14359291 0.12686739 0.78431023
0.55 3.1622777e-08 0.38676741 0.13559322 0.016232772 0.66302842
0.55 3.1622777e-09 0.38439542 0.1313317 0.00018049954 0.70225188
0.55 3.9810717e-06 0.39003894 0.14080754 5.5296758e-22 0.8360609
0.55 3.9810717e-07 0.37587341 0.13584053 0.088485944 0.77517607
0.55 3.9810717e-08 0.37046897 0.1275855 0.025881402 0.63627652
0.55 3.9810717e-09 0.38404908 0.1398773 0.00026858707 0.67686278
0.55 5.0118723e-06 0.38572015 0.13664341 3.3730093e-31 1
0.55 5.0118723e-07 0.37262124 0.14180479 0.055819852 0.78157982
0.55 5.0118723e-08 0.38613049 0.14279852 0.037856031 0.64434281
0.55 5.0118723e-09 0.38106996 0.13765432 0.00044763056 0.69495966
0.55 6.3095734e-06 0.38321018 0.1385468 0 0.0
0.55 6.3095734e-07 0.38088386 0.136074 0.022497013 0.85930979
0.55 6.3095734e-09 0.37217891 0.13500205 0.00068875471 0.69178564
0.55 7.9432823e-06 0.38381148 0.14016393 0 0.0
0.55 7.9432823e-07 0.37875998 0.14016779 0.007906158 0.8764109
0.55 7.9432823e-09 0.38072831 0.13379705 0.0011264044 0.64149698
0.6 1.2589254e-05 0.32465669 0.11785202 0 0.0
0.6 1.2589254e-06 0.33819901 0.1198602 4.3551705e-05 0.62715601
0.6 1.2589254e-07 0.32684426 0.12028689 0.15194318 0.74424164
0.6 1.2589254e-08 0.31968891 0.11522718 0.0036665783 0.65762934
0.6 1.5848932e-05 0.34592486 0.13221104 0 0.0
0.6 1.5848932e-06 0.32843437 0.11288018 1.0811101e-06 0.99692343
0.6 1.5848932e-07 0.33490469 0.12420578 0.16784484 0.78670167
0.6 1.5848932e-08 0.33006736 0.12165748 0.0056777822 0.67111727
0.6 1.9952623e-05 0.32409688 0.11740558 0 0.0
0.6 1.9952623e-06 0.33558144 0.12446352 3.611265e-08 0.99902824
0.6 1.9952623e-07 0.32856559 0.11176951 0.16715147 0.75405272
0.6 1.9952623e-08 0.33271871 0.11616472 0.0089588008 0.67289875
0.6 1e-05 0.34044299 0.1228466 0 0.0
0.6 1e-06 0.32017992 0.10631773 0.00058716145 0.72574434
0.6 1e-07 0.34286882 0.12934205 0.12814786 0.68307027
0.6 1e-08 0.33750513 0.12043496 0.0022881202 0.63832579
0.6 2.5118864e-05 0.31744733 0.11945183 0 0.0
0.6 2.5118864e-06 0.32869423 0.11891117 3.3292066e-12 0.99874228
0.6 2.5118864e-07 0.31986944 0.11117911 0.14400976 0.80847978
0.6 2.5118864e-08 0.32542442 0.1122929 0.014228213 0.70126587
0.6 3.1622777e-05 0.32529628 0.1232121 0 0.0
0.6 3.1622777e-08 0.32254098 0.10819672 0.021956803 0.7011647
0.6 3.1622777e-09 0.33653257 0.12783337 0.00022643518 0.69486286
0.6 3.9810717e-06 0.33449406 0.11757476 1.9359557e-28 1
0.6 3.9810717e-07 0.34219133 0.12224039 0.068567959 0.81353562
0.6 3.9810717e-08 0.33292358 0.12456464 0.032437102 0.70629504
0.6 3.9810717e-09 0.3379507 0.12772459 0.00039720651 0.65519892
0.6 5.0118723e-06 0.3430911 0.1209826 5.4534458e-47 1
0.6 5.0118723e-07 0.3277551 0.11693878 0.027035648 0.83008954
0.6 5.0118723e-08 0.34293889 0.12671163 0.051549019 0.66422814
0.6 5.0118723e-09 0.33428747 0.12492333 0.00054090385 0.69800253
0.6 6.3095734e-06 0.31981247 0.12046474 0 0.0
0.6 6.3095734e-07 0.33081324 0.11279117 0.010248799 0.88971031
0.6 6.3095734e-08 0.3312232 0.11986931 0.073646909 0.70160607
0.6 6.3095734e-09 0.33048085 0.12530562 0.00088060092 0.71666656
0.6 7.9432823e-06 0.3227589 0.10908719 0 0.0
0.6 7.9432823e-07 0.32422437 0.12081364 0.002542511 0.93312945
0.6 7.9432823e-09 0.31745707 0.11733442 0.0013758936 0.69030529
