0.4 0.00012589254 0.052631579 0.016609966 0 0.0
0.4 0.00015848932 0.049639712 0.01541233 0 0.0
0.4 0.00019952623 0.056467761 0.018221866 0 0.0
0.4 0.0001 0.049839872 0.01621297 0 0.0
0.4 0.00025118864 0.0514 0.018 0 0.0
0.4 0.00031622777 0.055455455 0.017817818 0 0.0
0.4 1.2589254e-05 0.050260312 0.01381658 6.9004201e-42 1
0.4 1.2589254e-06 0.050420168 0.017006803 0.079839181 0.93418375
0.4 1.2589254e-07 0.046036829 0.013410729 0.021331972 0.94262644
0.4 1.2589254e-08 0.049669537 0.016823553 0.00021842082 0.78082491
0.4 1.2589254e-09 0.050410082 0.013602721 2.271507e-06 0.9759144
0.4 1.5848932e-06 0.053410682 0.017803561 0.03860986 0.91384571
0.4 1.5848932e-07 0.049229538 0.013207925 0.029477283 0.87650373
0.4 1.5848932e-08 0.048668135 0.014219908 0.0004275924 0.92799589
0.4 1.5848932e-09 0.052220888 0.017807123 3.785829e-06 0.91536664
0.4 1.9952623e-05 0.052083333 0.020633013 0 0.0
0.4 1.9952623e-06 0.055222089 0.015606242 0.013623699 0.86146463
0.4 1.9952623e-07 0.050670939 0.015822151 0.050233293 0.94151866
0.4 1.9952623e-08 0.050640512 0.01621297 0.00047365417 0.92526839
0.4 1.9952623e-09 0.055855856 0.017617618 6.5631729e-06 0.97658231
0.4 1e-05 0.054665599 0.022026432 1.4717357e-29 1
0.4 1e-06 0.056267521 0.019022827 0.13187256 0.87674765
0.4 1e-07 0.05423254 0.018210927 0.012662616 0.95479286
0.4 1e-08 0.052020808 0.017807123 0.00015655731 0.90182312
0.4 1e-09 0.054843875 0.019415532 1.512328e-06 0.92702437
0.4 2.5118864e-06 0.055277388 0.018826357 0.0030528046 0.97381698
0.4 2.5118864e-07 0.052220888 0.018407363 0.070405926 0.91117135
0.4 2.5118864e-09 0.048809762 0.016403281 8.7150002e-06 0.91656953
0.4 3.1622777e-05 0.052452452 0.015215215 0 0.0
0.4 3.1622777e-06 0.052631579 0.017210326 0.00013066302 1
0.4 3.1622777e-07 0.049229538 0.014808885 0.10777823 0.86474587
0.4 3.1622777e-08 0.055321708 0.019242333 0.0014403805 0.87722523
0.4 3.1622777e-09 0.054221689 0.016606643 1.5900999e-05 0.91122439
0.4 3.9810717e-05 0.048038431 0.017013611 0 0.0
0.4 3.9810717e-06 0.048409682 0.018203641 9.5972041e-06 0.9774022
0.4 3.9810717e-07 0.049229538 0.017410446 0.14585832 0.88847502
0.4 3.9810717e-08 0.055173942 0.018834478 0.0021610422 0.89269591
0.4 3.9810717e-09 0.053063676 0.016219463 2.3875374e-05 0.91999386
0.4 5.0118723e-05 0.049469257 0.018225516 0 0.0
0.4 5.0118723e-06 0.048038431 0.017413931 9.9137195e-09 0.99963241
0.4 5.0118723e-07 0.055066079 0.017420905 0.18001235 0.95028279
0.4 5.0118723e-08 0.054086538 0.017027244 0.0036466211 0.94024342
0.4 5.0118723e-09 0.050470659 0.016222712 3.4438579e-05 0.96936406
0.4 6.3095734e-05 0.048429057 0.016609966 0 0.0
0.4 6.3095734e-06 0.053664397 0.018021626 2.5379815e-12 1
0.4 6.3095734e-07 0.049019608 0.017206883 0.20201916 0.95712082
0.4 6.3095734e-08 0.054443555 0.018815052 0.0063370009 0.92134036
0.4 6.3095734e-09 0.048819528 0.015806323 6.0510305e-05 0.9672379
0.4 7.9432823e-05 0.055622249 0.019807923 0 0.0
0.4 7.9432823e-06 0.055677949 0.016623273 7.3503612e-19 1
0.4 7.9432823e-07 0.049039231 0.01521217 0.16934134 0.91544393
0.4 7.9432823e-08 0.055222089 0.019607843 0.00920414 0.86352789
0.4 7.9432823e-09 0.049429658 0.014608765 8.9017853e-05 0.83567629
0.45 0.00012589254 0.091309571 0.029034842 0 0.0
0.45 0.00015848932 0.088817764 0.027405481 0 0.0
0.45 0.00019952623 0.077430972 0.025010004 0 0.0
0.45 0.0001 0.089053432 0.02721633 0 0.0
0.45 0.00025118864 0.086068855 0.027622098 0 0.0
0.45 1.2589254e-05 0.089106928 0.029635563 0 0.0
0.45 1.2589254e-06 0.092674139 0.030424339 0.045853167 0.97437944
0.45 1.2589254e-07 0.088052832 0.02761657 0.028448144 0.90336038
0.45 1.2589254e-08 0.083633453 0.027210884 0.00031668329 0.98579725
0.45 1.2589254e-09 0.082816563 0.024204841 3.0643536e-06 0.90284566
0.45 1.5848932e-05 0.089053432 0.030018011 0 0.0
0.45 1.5848932e-06 0.089489489 0.027827828 0.030924344 0.97998449
0.45 1.5848932e-07 0.086886887 0.031031031 0.042305244 0.91419541
0.45 1.5848932e-08 0.0912 0.0364 0.00050268722 0.9283085
0.45 1.5848932e-09 0.092837135 0.028011204 4.7473688e-06 0.89680502
0.45 1.9952623e-05 0.086120569 0.027638694 0 0.0
0.45 1.9952623e-06 0.087104525 0.029034842 0.0058562108 0.92817499
0.45 1.9952623e-07 0.086051631 0.02841705 0.066305895 0.94963349
0.45 1.9952623e-09 0.089635854 0.027611044 7.1743866e-06 0.92074181
0.45 1e-05 0.084816963 0.026405281 1.967267e-41 1
0.45 1e-06 0.086617323 0.027405481 0.11005149 0.91292618
0.45 1e-07 0.084301161 0.02803364 0.016665386 0.93483719
0.45 1e-08 0.085051031 0.026015609 0.00020785777 0.91195809
0.45 1e-09 0.085617123 0.026805361 2.1318547e-06 0.94287865
0.45 2.5118864e-05 0.088906688 0.030236284 0 0.0
0.45 2.5118864e-06 0.096057635 0.031819091 0.00061967291 0.6948324
0.45 2.5118864e-07 0.084867894 0.028222578 0.093641364 0.92116097
0.45 2.5118864e-08 0.09327462 0.029023219 0.0012444761 0.91721511
0.45 2.5118864e-09 0.087252351 0.02781669 1.1316481e-05 0.93585612
0.45 3.1622777e-05 0.088052832 0.02901741 0 0.0
0.45 3.1622777e-06 0.092055233 0.030618371 1.4682192e-05 0.99957636
0.45 3.1622777e-07 0.083666934 0.025220176 0.13507774 0.92106267
0.45 3.1622777e-08 0.095714858 0.026431718 0.001750339 0.91467538
0.45 3.1622777e-09 0.086034414 0.026610644 2.1237037e-05 0.89120069
0.45 3.9810717e-05 0.089253552 0.030418251 0 0.0
0.45 3.9810717e-06 0.089325055 0.029441218 1.4120243e-07 0.99694805
0.45 3.9810717e-07 0.093856314 0.032019212 0.15430325 0.88948608
0.45 3.9810717e-08 0.085485485 0.028228228 0.0029083329 0.92994009
0.45 3.9810717e-09 0.079615923 0.025805161 2.8635271e-05 0.95002851
0.45 5.0118723e-05 0.086852111 0.025415249 0 0.0
0.45 5.0118723e-06 0.086669335 0.030224179 1.3226895e-10 0.78880604
0.45 5.0118723e-07 0.089871898 0.03202562 0.17990609 0.93595595
0.45 5.0118723e-08 0.090672538 0.0316253 0.0043845926 0.88753478
0.45 5.0118723e-09 0.091454873 0.031819091 4.5283232e-05 0.95098264
0.45 6.3095734e-05 0.089071257 0.023418735 0 0.0
0.45 6.3095734e-06 0.0806 0.0246 5.1159565e-15 1
0.45 6.3095734e-07 0.092855713 0.030218131 0.17913733 0.94007771
0.45 6.3095734e-08 0.08345007 0.026215729 0.00788577 0.93674032
0.45 6.3095734e-09 0.087705246 0.029235082 7.9998239e-05 0.95164653
0.45 7.9432823e-05 0.088017604 0.028805761 0 0.0
0.45 7.9432823e-06 0.094713656 0.032839407 7.7792859e-25 0.99991653
0.45 7.9432823e-07 0.081816363 0.024204841 0.14866969 0.86266447
0.45 7.9432823e-08 0.095095095 0.031031031 0.012335952 0.95419459
0.45 7.9432823e-09 0.080096115 0.022627153 0.00011700486 0.96456881
0.4 1.5848932e-08 0.046227737 0.013608165 0.00031028784 0.86113437
0.4 1.9952623e-06 0.048887998 0.016629934 0.016473461 0.55801343
0.5 0.00012589254 0.12489121 0.03872933 0 0.0
0.5 0.00015848932 0.12432432 0.036436436 0 0.0
0.5 0.00019952623 0.12682537 0.041208242 0 0.0
0.5 0.0001 0.12154586 0.037444934 0 0.0
0.5 0.00025118864 0.1244996 0.038430745 0 0.0
0.5 0.00031622777 0.11944778 0.035414166 0 0.0
0.5 1.2589254e-05 0.12787673 0.044626776 0 0.0
0.5 1.2589254e-06 0.13113113 0.04004004 0.035497075 0.88835972
0.5 1.2589254e-07 0.12564655 0.037931034 0.037162827 0.92223579
0.5 1.2589254e-08 0.12787673 0.037222333 0.00042970606 0.90636925
0.5 1.5848932e-05 0.11987192 0.042825695 0 0.0
0.5 1.5848932e-06 0.11711904 0.040606967 0.010441341 0.89397175
0.5 1.5848932e-07 0.12768312 0.041380836 0.05250977 0.88759653
0.5 1.5848932e-08 0.11341114 0.037656904 0.00055430888 0.88502359
0.5 1.5848932e-09 0.12347408 0.042225335 6.6269435e-06 0.95119393
0.5 1.9952623e-05 0.12469976 0.038030424 0 0.0
0.5 1.9952623e-06 0.11887132 0.040024014 0.0022485682 0.89249004
0.5 1.9952623e-07 0.11982396 0.034406881 0.07929292 0.93812239
0.5 1.9952623e-08 0.12690152 0.039431545 0.0010224091 0.88377459
0.5 1.9952623e-09 0.12990392 0.041433147 1.0137951e-05 0.90350759
0.5 1e-05 0.11653985 0.039647577 0 0.0
0.5 1e-06 0.12364946 0.038615446 0.083887047 0.93164114
0.5 1e-07 0.12667601 0.035221133 0.026829559 0.89479154
0.5 1e-08 0.12745098 0.039815926 0.00025446909 0.88202514
0.5 1e-09 0.1274 0.0402 2.319304e-06 0.8970139
0.5 2.5118864e-05 0.12607565 0.040224134 0 0.0
0.5 2.5118864e-06 0.12607565 0.040024014 0.00011250035 0.94337594
0.5 2.5118864e-07 0.12389912 0.038831065 0.11306354 0.85329934
0.5 2.5118864e-08 0.13002601 0.043408682 0.0015976578 0.85744847
0.5 2.5118864e-09 0.12277188 0.036651312 1.6627253e-05 0.9178994
0.5 3.1622777e-05 0.12347408 0.035821493 0 0.0
0.5 3.1622777e-06 0.13055667 0.041249499 8.716678e-07 0.9999954
0.5 3.1622777e-07 0.12630104 0.040232186 0.14758857 0.92541447
0.5 3.1622777e-08 0.12990392 0.042433947 0.0024965685 0.91333069
0.5 3.1622777e-09 0.12372372 0.041641642 2.4472576e-05 0.93551082
0.5 3.9810717e-05 0.12029624 0.038230584 0 0.0
0.5 3.9810717e-06 0.11904762 0.037815126 6.2293746e-09 0.99406274
0.5 3.9810717e-07 0.1236742 0.036621973 0.16451462 0.91616534
0.5 3.9810717e-08 0.12484994 0.039815926 0.003570794 0.93402183
0.5 3.9810717e-09 0.13067841 0.041825095 4.1047704e-05 0.86931817
0.5 5.0118723e-05 0.12482496 0.040408082 0 0.0
0.5 5.0118723e-06 0.13562713 0.042208442 1.370872e-13 0.99999932
0.5 5.0118723e-07 0.12655186 0.037645174 0.18233032 0.96176332
0.5 5.0118723e-08 0.12244898 0.036414566 0.0055979068 0.86660639
0.5 5.0118723e-09 0.12862573 0.039207842 5.8718512e-05 0.91220779
0.5 6.3095734e-05 0.11971972 0.03983984 0 0.0
0.5 6.3095734e-06 0.12414898 0.043652383 9.6469723e-21 0.99913273
0.5 6.3095734e-07 0.13167901 0.042025215 0.15278661 0.89979854
0.5 6.3095734e-09 0.1244996 0.037630104 0.00010048501 0.90911255
0.5 7.9432823e-05 0.1232493 0.038815526 0 0.0
0.5 7.9432823e-06 0.13542709 0.039807962 6.9590731e-31 0.99999218
0.5 7.9432823e-07 0.12705082 0.036614646 0.12866176 0.96200922
0.5 7.9432823e-08 0.13255864 0.040456208 0.015463444 0.93666767
0.5 7.9432823e-09 0.13293293 0.038238238 0.0001636165 0.89930715
0.55 1.2589254e-05 0.17637638 0.054054054 0 0.0
0.55 1.2589254e-06 0.18731239 0.058234941 0.013175007 0.90616368
0.55 1.2589254e-07 0.19170673 0.060496795 0.048220417 0.92453946
0.55 1.2589254e-08 0.17810686 0.057234341 0.00052777552 0.94321417
0.55 1.5848932e-05 0.18254604 0.055644516 0 0.0
0.55 1.5848932e-06 0.18551131 0.058435061 0.0045497183 0.94178997
0.55 1.5848932e-07 0.17160593 0.052863436 0.073637284 0.90556467
0.55 1.5848932e-08 0.18307323 0.06122449 0.00081604723 0.93748845
0.55 1.9952623e-05 0.17690614 0.052231339 0 0.0
0.55 1.9952623e-06 0.18198198 0.06006006 0.00045177079 0.96239472
0.55 1.9952623e-07 0.18243649 0.054610922 0.09806087 0.91828232
0.55 1.9952623e-08 0.1774129 0.049459351 0.0012986941 0.91518287
0.55 1e-05 0.17473979 0.055044035 0 0.0
0.55 1e-06 0.17373899 0.060848679 0.04905517 0.89085139
0.55 1e-07 0.18727491 0.06202481 0.03067866 0.94476395
0.55 2.5118864e-05 0.18851311 0.057234341 0 0.0
0.55 2.5118864e-06 0.1857486 0.058046437 6.8106635e-06 0.90794564
0.55 2.5118864e-08 0.18338338 0.057857858 0.0021618147 0.9132307
0.55 3.1622777e-05 0.17927171 0.054221689 0 0.0
0.55 3.1622777e-06 0.17410446 0.053231939 5.4879153e-08 0.97419074
0.55 3.1622777e-07 0.18001602 0.054265118 0.16236514 0.87973145
0.55 3.1622777e-08 0.17687075 0.054621849 0.0035247412 0.89732825
0.55 3.9810717e-06 0.18543709 0.058011602 3.3158069e-12 0.99987463
0.55 3.9810717e-08 0.18667467 0.054021609 0.0056918278 0.92472666
0.55 3.9810717e-09 0.1824 0.058 5.6073413e-05 0.93174677
0.55 5.0118723e-06 0.17881458 0.058870645 4.4193221e-18 0.99999966
0.55 5.0118723e-07 0.19027611 0.067827131 0.17530696 0.87642657
0.55 5.0118723e-09 0.16876877 0.055655656 8.6205761e-05 0.92578083
0.55 6.3095734e-06 0.18214572 0.055244195 1.2019421e-29 0.99367382
0.55 6.3095734e-07 0.17921506 0.059671606 0.14386484 0.88200219
0.55 6.3095734e-09 0.18607443 0.053021208 0.00013884142 0.92913691
0.55 7.9432823e-06 0.18827531 0.058623449 6.6480531e-41 1
0.55 7.9432823e-07 0.19995997 0.058046437 0.081525309 0.92328244
0.55 7.9432823e-08 0.1955956 0.060860861 0.020896884 0.92195169
0.55 7.9432823e-09 0.17604647 0.053274584 0.00021683643 0.91112919
0.6 1.2589254e-05 0.26651982 0.081497797 0 0.0
0.6 1.2589254e-06 0.26170468 0.079631853 0.0065547961 0.84807403
0.6 1.2589254e-07 0.25816143 0.082916083 0.062274229 0.90140965
0.6 1.2589254e-08 0.26186186 0.083283283 0.00076876512 0.8832608
0.6 1.5848932e-05 0.26125225 0.083416683 0 0.0
0.6 1.5848932e-06 0.27502002 0.086669335 0.00046251035 0.91412123
0.6 1.5848932e-07 0.26060849 0.074259408 0.088921747 0.90460938
0.6 1.5848932e-08 0.26410564 0.079231693 0.0011846767 0.92869085
0.6 1.9952623e-05 0.26701361 0.086068855 0 0.0
0.6 1.9952623e-06 0.27181745 0.083266613 3.7002902e-05 0.89046931
0.6 1.9952623e-07 0.27487487 0.088488488 0.12780639 0.89920277
0.6 1.9952623e-08 0.26366366 0.085885886 0.0019240553 0.86829793
0.6 1e-05 0.2641585 0.085651391 0 0.0
0.6 1e-06 0.26000801 0.081265012 0.02408301 0.82632201
0.6 1e-07 0.26555934 0.080648389 0.042841834 0.92584337
0.6 1e-08 0.26170468 0.079031613 0.00045708005 0.87198591
0.6 2.5118864e-05 0.26626627 0.087087087 0 0.0
0.6 2.5118864e-06 0.26310524 0.080032013 1.1959186e-07 0.93898907
0.6 2.5118864e-07 0.26995203 0.077845617 0.1679222 0.88580608
0.6 2.5118864e-08 0.26782853 0.079727564 0.0028898669 0.86123387
0.6 3.1622777e-05 0.25325325 0.072872873 0 0.0
0.6 3.1622777e-06 0.26952343 0.086503805 1.3419094e-10 0.93232245
0.6 3.1622777e-07 0.25525526 0.085685686 0.17936766 0.88536465
0.6 3.1622777e-08 0.25876227 0.077708792 0.0045765949 0.91062387
0.6 3.1622777e-09 0.26401121 0.082465973 4.8766292e-05 0.91179045
0.6 3.9810717e-06 0.26805361 0.083016603 7.1624874e-16 0.94560519
0.6 3.9810717e-07 0.26220977 0.083666934 0.16960629 0.90546633
0.6 3.9810717e-09 0.26570628 0.084833934 7.5995909e-05 0.89871965
0.6 5.0118723e-06 0.26240993 0.075060048 5.0060937e-23 1
0.6 5.0118723e-07 0.26631958 0.08329996 0.15307626 0.89601458
0.6 5.0118723e-08 0.26551862 0.078694433 0.011515214 0.87260303
0.6 5.0118723e-09 0.26992391 0.084501402 0.00012617083 0.88986718
0.6 6.3095734e-06 0.26537152 0.080913279 5.5294743e-36 0.0002179529
0.6 6.3095734e-07 0.26386386 0.079079079 0.099640724 0.94854043
0.6 6.3095734e-08 0.26865373 0.086817363 0.017639465 0.88933435
0.6 6.3095734e-09 0.25730877 0.0835002 0.00018805922 0.89056829
0.6 7.9432823e-06 0.26136591 0.078910475 0 0.0
0.6 7.9432823e-07 0.27549589 0.0865558 0.057081007 0.91565232
0.6 7.9432823e-08 0.26986987 0.078878879 0.027458357 0.92281678
0.6 7.9432823e-09 0.26322115 0.080729167 0.00028655931 0.90533162
0.65 1.1220184543e-06 0.37129704 0.11449159 0.0024078403 0.80838913
0.65 1.2589254e-05 0.37652714 0.11576207 0 0.0
0.65 1.2589254e-06 0.38650921 0.12029624 0.00068153453 0.86830204
0.65 1.2589254e-07 0.38130504 0.12089672 0.089576962 0.89665662
0.65 1.2589254e-08 0.38216433 0.11663327 0.0011511145 0.88705616
0.65 1.41253754462e-06 0.38598599 0.11571572 0.00015435457 0.85008954
0.65 1.5848932e-06 0.37607694 0.11681026 2.5693783e-05 0.9776497
0.65 1.5848932e-07 0.38757515 0.11382766 0.12260946 0.92530537
0.65 1.5848932e-08 0.36653307 0.11763527 0.0017981518 0.90810541
0.65 1.9952623e-05 0.37134269 0.11282565 0 0.0
0.65 1.9952623e-06 0.37031845 0.10394552 1.9905168e-07 0.84751552
0.65 1.9952623e-07 0.37530024 0.11048839 0.1615837 0.88771579
0.65 1.9952623e-08 0.38136273 0.11823647 0.0028793999 0.8870204
0.65 1e-05 0.38533948 0.11976767 0 0.0
0.65 1e-06 0.36824189 0.11053264 0.0057667451 0.90882429
0.65 1e-07 0.38974564 0.12116964 0.061470233 0.85985709
0.65 2.23872113857e-06 0.39262821 0.12439904 8.165116e-09 0.99646238
0.65 2.5118864e-05 0.39010218 0.12141855 0 0.0
0.65 2.5118864e-06 0.38031275 0.11888532 4.9189948e-11 0.88999493
0.65 2.5118864e-08 0.39077232 0.12136409 0.004738412 0.87582034
0.65 2.81838293126e-06 0.38584887 0.11926238 3.9154191e-13 0.99996577
0.65 3.1622777e-06 0.39431545 0.12029624 2.9969152e-16 0.96474519
0.65 3.1622777e-07 0.3787089 0.11668003 0.18083621 0.90833295
0.65 3.1622777e-08 0.38918919 0.11351351 0.007279027 0.88449647
0.65 3.1622777e-09 0.3963549 0.11996796 7.4211968e-05 0.87600176
0.65 3.54813389234e-06 0.382506 0.1204964 5.4584733e-21 0.19816045
0.65 3.9810717e-06 0.38066586 0.11572403 8.4396373e-26 0.95356259
0.65 3.9810717e-07 0.37605126 0.11553865 0.15755498 0.88926825
0.65 3.9810717e-08 0.37908235 0.11280305 0.011108974 0.92069533
0.65 4.46683592151e-06 0.38461538 0.11698718 1.4834351e-28 1
0.65 5.0118723e-06 0.38108595 0.11260268 8.0723922e-37 0.99999846
0.65 5.0118723e-07 0.3765012 0.11148919 0.11332034 0.88667222
0.65 5.0118723e-08 0.3779291 0.1205688 0.017936522 0.9059308
0.65 5.0118723e-09 0.37364838 0.11774129 0.0001828661 0.86448609
0.65 5.6234132519e-06 0.39182692 0.12159455 1.9255734e-44 0.99460496
0.65 6.3095734e-06 0.38098098 0.12172172 0 0.0
0.65 6.3095734e-07 0.3804653 0.1169274 0.064005595 0.92321131
0.65 6.3095734e-08 0.36418269 0.11298077 0.028299138 0.92225549
0.65 6.3095734e-09 0.39013633 0.11126704 0.00029413515 0.91742131
0.65 7.07945784384e-06 0.39675546 0.11516123 0 0.0
0.65 7.9432823e-06 0.37427369 0.11220196 0 0.0
0.65 7.9432823e-07 0.37236816 0.10948466 0.021186389 0.91684983
0.65 7.9432823e-08 0.38643186 0.11827096 0.041774634 0.91563838
0.65 7.9432823e-09 0.37863299 0.11324915 0.00045519454 0.90666706
0.65 8.91250938134e-06 0.37582682 0.12307076 0 0.0
0.7 1.2589254e-05 0.49334889 0.14165694 0 0.0
0.7 1.2589254e-06 0.47407242 0.14371927 6.1125413e-06 0.95614447
0.7 1.2589254e-07 0.46983141 0.14019521 0.13330301 0.90584599
0.7 1.2589254e-08 0.48777802 0.15745431 0.0019816593 0.91235471
0.7 1.5848932e-06 0.48719662 0.1427299 2.602805e-08 0.99874998
0.7 1.5848932e-07 0.47906459 0.144098 0.16247706 0.90615787
0.7 1.5848932e-08 0.47809651 0.14387369 0.0032387472 0.91435746
0.7 1.9952623e-05 0.4622035 0.13677677 0 0.0
0.7 1.9952623e-06 0.47833775 0.14058355 1.9827107e-11 0.88381581
0.7 1.9952623e-08 0.47569598 0.14383562 0.0048839828 0.9029891
0.7 1e-05 0.47536618 0.12760763 0 0.0
0.7 1e-06 0.48425988 0.14177272 0.00041964528 0.96244462
0.7 1e-07 0.48864143 0.14476615 0.093838181 0.88982479
0.7 2.5118864e-05 0.47044499 0.15231348 0 0.0
0.7 2.5118864e-06 0.48096503 0.1416556 3.425684e-17 0.97807578
0.7 2.5118864e-07 0.48457756 0.14394278 0.17238846 0.89980479
0.7 2.5118864e-08 0.48037919 0.14109347 0.0076725727 0.91857435
0.7 3.1622777e-05 0.48772869 0.1474788 0 0.0
0.7 3.1622777e-06 0.48178587 0.14349178 2.5937882e-28 1
0.7 3.1622777e-07 0.47375475 0.13692205 0.14329235 0.89093414
0.7 3.1622777e-08 0.4808207 0.13648528 0.012229804 0.90011993
0.7 3.1622777e-09 0.48242101 0.14574989 0.00013631301 0.89979757
0.7 3.9810717e-06 0.49471133 0.1449978 2.5339938e-41 0.52946376
0.7 3.9810717e-07 0.47040636 0.142447 0.092206612 0.92503706
0.7 3.9810717e-08 0.47258136 0.14957646 0.018440504 0.89339346
0.7 3.9810717e-09 0.49174554 0.14637904 0.00019907857 0.91156075
0.7 5.0118723e-06 0.48017719 0.14551495 0 0.0
0.7 5.0118723e-07 0.48363716 0.15045025 0.057149219 0.91357317
0.7 5.0118723e-08 0.49029126 0.14254192 0.03100771 0.89836687
0.7 5.0118723e-09 0.48002678 0.13992412 0.0003062431 0.91287834
0.7 6.3095734e-06 0.47469613 0.14342541 0 0.0
0.7 6.3095734e-07 0.49322674 0.14990007 0.01897212 0.89630924
0.7 6.3095734e-08 0.48324206 0.13932092 0.044966699 0.9239849
0.7 6.3095734e-09 0.48816633 0.14222517 0.00051515648 0.90219087
0.7 7.9432823e-06 0.47992012 0.14089195 0 0.0
0.7 7.9432823e-07 0.48408488 0.13770999 0.0039077443 0.98141849
0.7 7.9432823e-08 0.48908971 0.15406656 0.070751477 0.89957142
0.7 7.9432823e-09 0.48074783 0.14578233 0.000825918 0.8748503
0.75 1.1220184543e-06 0.56312217 0.16764706 1.7111235e-07 0.78192958
0.75 1.2589254e-05 0.58194131 0.17697517 0 0.0
0.75 1.2589254e-06 0.58418079 0.17355932 1.0000405e-08 0.66978072
0.75 1.2589254e-07 0.57420814 0.17239819 0.17309567 0.89761844
0.75 1.2589254e-08 0.57631341 0.17074275 0.0035477022 0.88113634
0.75 1.41253754462e-06 0.56948846 0.16681756 7.8320156e-11 0.91147522
0.75 1.5848932e-05 0.5703214 0.17369501 0 0.0
0.75 1.5848932e-06 0.56739032 0.17141565 1.1063939e-13 0.99813683
0.75 1.5848932e-07 0.57494407 0.18098434 0.18377523 0.91038898
0.75 1.5848932e-08 0.57621744 0.16761042 0.0055785627 0.88798222
0.75 1.77827941004e-06 0.58040372 0.18144704 9.4810955e-16 0.99529952
0.75 1.9952623e-05 0.5699682 0.17196729 0 0.0
0.75 1.9952623e-06 0.55833898 0.16677951 6.8530375e-20 0.99899801
0.75 1.9952623e-07 0.57697517 0.16862302 0.16269108 0.88947525
0.75 1.9952623e-08 0.56525632 0.17416611 0.0086766294 0.90556218
0.75 1e-05 0.57415399 0.15398592 0 0.0
0.75 1e-06 0.56854747 0.17561749 2.9101459e-06 0.89892214
0.75 1e-07 0.57214043 0.16579841 0.13340836 0.87752913
0.75 1e-08 0.57081835 0.17446043 0.0022483124 0.88922077
0.75 2.23872113857e-06 0.57634798 0.16991391 1.5212729e-23 0.35366854
0.75 2.5118864e-05 0.57627119 0.16135593 0 0.0
0.75 2.5118864e-06 0.58476492 0.17382459 1.7973083e-29 0.99999444
0.75 2.5118864e-07 0.5789829 0.16494149 0.12412194 0.90365667
0.75 2.5118864e-08 0.57501745 0.16608514 0.013698237 0.87862656
0.75 2.81838293126e-06 0.58387751 0.17631164 1.0665987e-35 0.99999991
0.75 3.1622777e-05 0.58807465 0.18616295 0 0.0
0.75 3.1622777e-06 0.57932584 0.17752809 7.2725617e-46 0.99512195
0.75 3.1622777e-07 0.59226793 0.17869184 0.079659625 0.88465716
0.75 3.1622777e-08 0.57895928 0.17307692 0.021151144 0.88983231
0.75 3.1622777e-09 0.58199138 0.16670447 0.00023549606 0.89394857
0.75 3.54813389234e-06 0.56969969 0.16741372 0 0.0
0.75 3.9810717e-06 0.58652546 0.17237494 0 0.0
0.75 3.9810717e-07 0.5862692 0.16531165 0.036050359 0.91107516
0.75 3.9810717e-08 0.55927256 0.17444993 0.032309221 0.88774804
0.75 3.9810717e-09 0.56869446 0.16974254 0.00036196649 0.87260257
0.75 4.46683592151e-06 0.57142857 0.16158881 0 0.0
0.75 5.0118723e-06 0.56556082 0.16610246 0 0.0
0.75 5.0118723e-07 0.5868427 0.17118142 0.013483418 0.89006522
0.75 5.0118723e-08 0.57704474 0.17035698 0.050844241 0.90236005
0.75 5.0118723e-09 0.57210137 0.17290872 0.00057690633 0.89478858
0.75 5.6234132519e-06 0.58879136 0.17690749 0 0.0
0.75 6.3095734e-06 0.59107386 0.16425011 0 0.0
0.75 6.3095734e-07 0.57136364 0.16772727 0.002014646 0.87532838
0.75 6.3095734e-08 0.58658205 0.1731641 0.073372941 0.88229138
0.75 6.3095734e-09 0.57423729 0.16564972 0.00092745834 0.89415092
0.75 7.07945784384e-06 0.56819201 0.16801256 0 0.0
0.75 7.9432823e-06 0.57977883 0.16858497 0 0.0
0.75 7.9432823e-07 0.58537138 0.16666667 0.00016211443 0.83894936
0.75 7.9432823e-08 0.57869742 0.18204432 0.10764255 0.87456698
0.75 7.9432823e-09 0.57605761 0.16854185 0.0014234099 0.90542175
0.75 8.91250938134e-06 0.56293785 0.16655367 0 0.0
0.8 1.1220184543e-06 0.56879081 0.16775501 5.2100181e-07 0.85100751
0.8 1.2589254e-05 0.55065286 0.15803692 0 0.0
0.8 1.2589254e-06 0.54543405 0.16459977 1.0146763e-08 0.99845475
0.8 1.2589254e-07 0.55540571 0.16880198 0.16633199 0.88955642
0.8 1.2589254e-08 0.55317207 0.15677773 0.0033785365 0.91704625
0.8 1.41253754462e-06 0.55493021 0.15488519 2.7083507e-10 0.99849869
0.8 1.5848932e-05 0.55170083 0.16738004 0 0.0
0.8 1.5848932e-06 0.54375703 0.15500562 1.615393e-12 0.97363474
0.8 1.5848932e-07 0.54880582 0.15420561 0.17853555 0.88251376
0.8 1.5848932e-08 0.56795358 0.16357956 0.0054540556 0.87851807
0.8 1.77827941004e-06 0.55297565 0.15667268 4.3364674e-16 0.99261383
0.8 1.9952623e-05 0.5540328 0.15187598 0 0.0
0.8 1.9952623e-06 0.54758155 0.15320585 5.550218e-19 0.99989138
0.8 1.9952623e-07 0.54280551 0.16150892 0.16728549 0.87856646
0.8 1.9952623e-08 0.55798244 0.15469489 0.0082629146 0.89694131
0.8 1e-05 0.55587841 0.1656236 0 0.0
0.8 1e-06 0.54923753 0.1553373 4.7975638e-06 0.97130514
0.8 1e-07 0.54246886 0.1580974 0.13361737 0.89948582
0.8 1e-08 0.55402662 0.15790661 0.0021292332 0.90399826
0.8 2.23872113857e-06 0.55420329 0.15866577 1.0367338e-22 0.99999998
0.8 2.5118864e-05 0.56439903 0.16214036 0 0.0
0.8 2.5118864e-06 0.55735858 0.15641199 6.289391e-29 0.99999919
0.8 2.5118864e-07 0.55294921 0.14575268 0.13666081 0.89388622
0.8 2.5118864e-08 0.55936022 0.16039649 0.013045321 0.91512382
0.8 2.81838293126e-06 0.5536928 0.16492977 3.8141401e-38 1
0.8 3.1622777e-06 0.53732347 0.15243219 7.8307855e-47 1
0.8 3.1622777e-07 0.55829749 0.15644102 0.087335128 0.93945676
0.8 3.1622777e-08 0.54642857 0.14866071 0.021530158 0.89656084
0.8 3.1622777e-09 0.54670016 0.15254624 0.00020902342 0.90334805
0.8 3.54813389234e-06 0.54758683 0.15764547 0 0.0
0.8 3.9810717e-06 0.55334988 0.16264381 0 0.0
0.8 3.9810717e-07 0.54559784 0.1598739 0.041281227 0.91990315
0.8 3.9810717e-08 0.54084821 0.16071429 0.032013344 0.9086267
0.8 3.9810717e-09 0.54297408 0.15234197 0.0003458358 0.8777566
0.8 4.46683592151e-06 0.54186308 0.15084175 0 0.0
0.8 5.0118723e-06 0.55307263 0.15731844 0 0.0
0.8 5.0118723e-07 0.54444696 0.15788283 0.014250614 0.8935406
0.8 5.0118723e-08 0.55305755 0.15310252 0.048902521 0.88349237
0.8 5.0118723e-09 0.54910314 0.15986547 0.0005477396 0.87343839
0.8 5.6234132519e-06 0.55871725 0.16485998 0 0.0
0.8 6.3095734e-06 0.56392849 0.16632722 0 0.0
0.8 6.3095734e-07 0.56261302 0.164783 0.0031596464 0.90041137
0.8 6.3095734e-08 0.549955 0.14941494 0.072980444 0.8919477
0.8 6.3095734e-09 0.54914869 0.16163451 0.00088275774 0.90965688
0.8 7.07945784384e-06 0.54753282 0.15685831 0 0.0
0.8 7.9432823e-06 0.53863483 0.16377563 0 0.0
0.8 7.9432823e-07 0.55062288 0.15130238 0.00020674761 0.9719516
0.8 7.9432823e-08 0.53926228 0.15455986 0.098206319 0.89666511
0.8 7.9432823e-09 0.54228066 0.16232147 0.0014237099 0.91278862
0.8 8.91250938134e-06 0.5535513 0.15715896 0 0.0
0.81 1.1220184543e-06 0.51521934 0.14973142 6.5463025e-07 0.94648994
0.81 1.2589254e-05 0.52842809 0.15919732 0 0.0
0.81 1.2589254e-06 0.50747621 0.14000906 5.915231e-08 0.77891209
0.81 1.2589254e-07 0.51717217 0.1485281 0.15945025 0.90117731
0.81 1.2589254e-08 0.53325893 0.15111607 0.0031619291 0.87922616
0.81 1.41253754462e-06 0.52476573 0.15640339 6.7195827e-10 0.99355389
0.81 1.5848932e-05 0.5212528 0.15391499 0 0.0
0.81 1.5848932e-06 0.52512337 0.15993719 1.3051807e-11 0.51012948
0.81 1.5848932e-08 0.52685765 0.16002686 0.005016527 0.87102127
0.81 1.77827941004e-06 0.51662174 0.15049416 1.752267e-13 0.93229542
0.81 1.9952623e-05 0.51128668 0.15214447 0 0.0
0.81 1.9952623e-06 0.52398028 0.15419095 9.6440213e-17 0.96188803
0.81 1.9952623e-07 0.51852689 0.14392228 0.16979682 0.88632896
0.81 1.9952623e-08 0.51880703 0.15357222 0.0078664927 0.85764449
0.81 1e-05 0.51573034 0.14831461 0 0.0
0.81 1e-06 0.51945438 0.15228086 1.1372607e-05 0.88852877
0.81 1e-07 0.52147651 0.14854586 0.12998947 0.89275213
0.81 1e-08 0.50895656 0.13837886 0.0019369026 0.86241611
0.81 2.23872113857e-06 0.50808625 0.15363881 3.0684618e-21 0.77378619
0.81 2.5118864e-05 0.51458053 0.14490803 0 0.0
0.81 2.5118864e-06 0.51035645 0.15077071 4.2311789e-26 0.034493717
0.81 2.5118864e-07 0.52488789 0.15336323 0.1497154 0.9150818
0.81 2.5118864e-08 0.51659937 0.14266487 0.011893862 0.8783251
0.81 2.81838293126e-06 0.53231939 0.14538135 1.2031908e-31 0.99999988
0.81 3.1622777e-05 0.51807229 0.14993307 0 0.0
0.81 3.1622777e-06 0.52130045 0.15538117 2.6163148e-38 0.99999989
0.81 3.1622777e-07 0.51821229 0.15083799 0.096312831 0.89372148
0.81 3.1622777e-08 0.51914894 0.15319149 0.018309837 0.89427572
0.81 3.1622777e-09 0.52109515 0.1508079 0.00020078337 0.91500277
0.81 3.54813389234e-06 0.51622287 0.15036921 0 0.0
0.81 3.9810717e-06 0.52767777 0.16021602 0 0.0
0.81 3.9810717e-07 0.52373489 0.15539633 0.053960129 0.87467657
0.81 3.9810717e-08 0.52935223 0.14701417 0.026875708 0.89473966
0.81 3.9810717e-09 0.520824 0.15293327 0.00029910016 0.89534886
0.81 4.46683592151e-06 0.5257755 0.14617273 0 0.0
0.81 5.0118723e-06 0.52773988 0.157799 0 0.0
0.81 5.0118723e-07 0.52688172 0.14964158 0.021206551 0.90563463
0.81 5.0118723e-08 0.52412231 0.15288788 0.045202021 0.91890269
0.81 5.0118723e-09 0.51743532 0.15860517 0.00046256594 0.87266566
0.81 5.6234132519e-06 0.52572707 0.14608501 0 0.0
0.81 6.3095734e-06 0.51806148 0.1492035 0 0.0
0.81 6.3095734e-07 0.5205019 0.15213982 0.004828268 0.88743362
0.81 6.3095734e-08 0.51956815 0.15249663 0.065925352 0.90143453
0.81 6.3095734e-09 0.52442044 0.14202116 0.00073049901 0.91451731
0.81 7.07945784384e-06 0.52665917 0.15658043 0 0.0
0.81 7.9432823e-06 0.50917327 0.13340883 0 0.0
0.81 7.9432823e-07 0.52592017 0.15241058 0.00046424777 0.89974637
0.81 7.9432823e-08 0.51959459 0.15045045 0.092734337 0.89024325
0.81 7.9432823e-09 0.53050158 0.15951197 0.0011978531 0.89779747
0.81 8.91250938134e-06 0.53114534 0.15472204 0 0.0
0.82 1.1220184543e-06 0.49988741 0.14073407 3.3521625e-06 0.87520173
0.82 1.2589254e-05 0.50145187 0.14384633 0 0.0
0.82 1.2589254e-06 0.49943934 0.15362189 1.6516077e-07 0.97415573
0.82 1.2589254e-07 0.49877095 0.14458101 0.15374697 0.86620458
0.82 1.2589254e-08 0.49630625 0.13834788 0.0028171884 0.90544288
0.82 1.41253754462e-06 0.49922274 0.14568066 3.0016269e-09 0.95817152
0.82 1.5848932e-05 0.51258632 0.146135 0 0.0
0.82 1.5848932e-06 0.49010011 0.13993326 1.3529999e-10 0.88897208
0.82 1.5848932e-07 0.49376947 0.14619493 0.174489 0.90225491
0.82 1.5848932e-08 0.48900733 0.14568066 0.0045801553 0.88742203
0.82 1.77827941004e-06 0.49440215 0.13613972 2.1491599e-13 0.90883594
0.82 1.9952623e-05 0.49675252 0.13460246 0 0.0
0.82 1.9952623e-06 0.4922049 0.14120267 3.7883944e-16 0.95099257
0.82 1.9952623e-07 0.48422713 0.14488508 0.17541938 0.88803695
0.82 1.9952623e-08 0.49776885 0.14502454 0.0068948511 0.8830354
0.82 1e-05 0.49609288 0.14512168 0 0.0
0.82 1e-06 0.50167224 0.14202899 3.1298324e-05 0.83828638
0.82 1e-07 0.49630625 0.14528767 0.12123198 0.87626034
0.82 1e-08 0.50618394 0.15021363 0.0017646377 0.86726308
0.82 2.23872113857e-06 0.49966132 0.14269587 3.6868319e-19 0.99987233
0.82 2.5118864e-06 0.48724893 0.14308283 9.9821411e-24 0.99999701
0.82 2.5118864e-07 0.49673644 0.1332433 0.15572766 0.90005835
0.82 2.5118864e-08 0.49709302 0.14713775 0.011566599 0.89149227
0.82 2.81838293126e-06 0.49721417 0.14441721 3.6786916e-29 0.028152354
0.82 3.1622777e-05 0.50493938 0.14481365 0 0.0
0.82 3.1622777e-06 0.49588065 0.13872189 1.6905747e-38 1
0.82 3.1622777e-07 0.49854878 0.14690779 0.10866642 0.87176085
0.82 3.1622777e-08 0.49844029 0.14304813 0.016879026 0.90037124
0.82 3.1622777e-09 0.49257426 0.13771377 0.00017702244 0.86707308
0.82 3.54813389234e-06 0.49977609 0.14643977 2.1426582e-48 0
0.82 3.9810717e-06 0.48435405 0.14059008 0 0.0
0.82 3.9810717e-07 0.49140433 0.14802411 0.06147329 0.89686031
0.82 3.9810717e-08 0.48626126 0.14481982 0.025772215 0.89315491
0.82 3.9810717e-09 0.49433962 0.14051054 0.00028359914 0.8740933
0.82 4.46683592151e-06 0.50334523 0.14741302 0 0.0
0.82 5.0118723e-06 0.50747935 0.14087966 0 0.0
0.82 5.0118723e-07 0.49820144 0.13376799 0.022131747 0.92559562
0.82 5.0118723e-08 0.49012567 0.14878815 0.042541668 0.88093317
0.82 5.0118723e-09 0.50868984 0.13970588 0.00045708328 0.87162626
0.82 5.6234132519e-06 0.48649252 0.1431123 0 0.0
0.82 6.3095734e-06 0.48267437 0.1370502 0 0.0
0.82 6.3095734e-07 0.49409142 0.1451505 0.0049925713 0.90706178
0.82 6.3095734e-08 0.50555062 0.14453819 0.061255557 0.85866803
0.82 6.3095734e-09 0.5031264 0.14895042 0.00072756789 0.88133237
0.82 7.07945784384e-06 0.50995575 0.14137168 0 0.0
0.82 7.9432823e-06 0.49755881 0.14558367 0 0.0
0.82 7.9432823e-07 0.49343715 0.14438265 0.00077501098 0.91454453
0.82 7.9432823e-08 0.49153675 0.15612472 0.085797164 0.88798569
0.82 7.9432823e-09 0.48366159 0.14346464 0.0011448327 0.878748
0.82 8.91250938134e-06 0.49132176 0.13618158 0 0.0
0.83 1.1220184543e-06 0.47518999 0.13656683 4.2624996e-06 0.99527365
0.83 1.2589254e-05 0.48079058 0.13657562 0 0.0
0.83 1.2589254e-06 0.48340708 0.1340708 1.8645498e-07 0.83533855
0.83 1.2589254e-07 0.49536014 0.14162616 0.15290651 0.89172139
0.83 1.2589254e-08 0.47516779 0.13914989 0.0028642869 0.90940456
0.83 1.41253754462e-06 0.47086403 0.13529806 2.2374425e-08 0.9816723
0.83 1.5848932e-05 0.49408086 0.14607996 0 0.0
0.83 1.5848932e-06 0.46695048 0.12794085 3.3250616e-10 0.80463938
0.83 1.5848932e-07 0.46504898 0.13579697 0.16986879 0.90616104
0.83 1.5848932e-08 0.48210713 0.13447433 0.0043446108 0.8769282
0.83 1.77827941004e-06 0.47808587 0.13752236 8.5442769e-13 0.99715204
0.83 1.9952623e-05 0.47497805 0.13191396 0 0.0
0.83 1.9952623e-06 0.46328438 0.13373387 2.0367692e-15 0.99881221
0.83 1.9952623e-07 0.47723214 0.13660714 0.17338698 0.91817613
0.83 1.9952623e-08 0.47528517 0.13084321 0.0065879541 0.88568129
0.83 1e-05 0.48212303 0.13213413 0 0.0
0.83 1e-06 0.4892485 0.14586566 5.4703242e-05 0.93063964
0.83 1e-07 0.48037467 0.14384478 0.1171737 0.87555295
0.83 1e-08 0.47054871 0.13818589 0.001706246 0.92065845
0.83 2.23872113857e-06 0.49088078 0.13967972 3.3098991e-18 0.99827713
0.83 2.5118864e-05 0.46590909 0.12811943 0 0.0
0.83 2.5118864e-06 0.48298109 0.14238042 4.8231258e-24 0.99993454
0.83 2.5118864e-07 0.46074704 0.12815925 0.16323712 0.88539431
0.83 2.5118864e-08 0.49346043 0.13788517 0.010046866 0.86182598
0.83 2.81838293126e-06 0.46389691 0.13685848 5.5387577e-30 0.88420289
0.83 3.1622777e-05 0.46682884 0.13202123 0 0.0
0.83 3.1622777e-06 0.4756805 0.13431504 1.3656929e-34 0.99999864
0.83 3.1622777e-07 0.47590495 0.13813014 0.1171819 0.89460244
0.83 3.1622777e-08 0.46886941 0.13418746 0.016683159 0.87723374
0.83 3.1622777e-09 0.49234184 0.13385128 0.00016985413 0.8894193
0.83 3.54813389234e-06 0.47819349 0.1379234 2.0693332e-46 1
0.83 3.9810717e-06 0.48182624 0.14051418 0 0.0
0.83 3.9810717e-07 0.47120302 0.1385368 0.069029375 0.91829124
0.83 3.9810717e-08 0.48229494 0.14096818 0.025152517 0.88251804
0.83 3.9810717e-09 0.47053591 0.13030909 0.00027256521 0.87536241
0.83 4.46683592151e-06 0.48936642 0.14776252 0 0.0
0.83 5.0118723e-06 0.4749499 0.13604988 0 0.0
0.83 5.0118723e-07 0.4777753 0.13513514 0.026632033 0.89532163
0.83 5.0118723e-08 0.47021041 0.13953488 0.037032811 0.8872775
0.83 5.0118723e-09 0.47246377 0.13333333 0.00043259728 0.860843
0.83 5.6234132519e-06 0.47058824 0.12410873 0 0.0
0.83 6.3095734e-06 0.48969456 0.1470077 0 0.0
0.83 6.3095734e-07 0.46783496 0.13043478 0.0080558583 0.9189812
0.83 6.3095734e-08 0.49118107 0.13730743 0.056666831 0.87730035
0.83 6.3095734e-09 0.48465985 0.13872832 0.00067649831 0.8688246
0.83 7.07945784384e-06 0.47487663 0.12943024 0 0.0
0.83 7.9432823e-06 0.48157248 0.13647532 0 0.0
0.83 7.9432823e-07 0.4714381 0.13803067 0.00089479072 0.90209622
0.83 7.9432823e-08 0.47641196 0.12978959 0.084246351 0.87092476
0.83 7.9432823e-09 0.47537 0.12723658 0.001052638 0.89478408
0.83 8.91250938134e-06 0.47064077 0.13395847 0 0.0
0.84 1.2589254e-06 0.45048845 0.12366785 1.6598239e-06 0.98669739
0.84 1.2589254e-07 0.44882065 0.13084112 0.14438191 0.86213347
0.84 1.2589254e-08 0.43206881 0.12086458 0.0023934765 0.91824177
0.84 1.5848932e-05 0.44723395 0.1235281 0 0.0
0.84 1.5848932e-06 0.43280939 0.12198362 1.688729e-09 0.78056594
0.84 1.5848932e-07 0.44229916 0.13448735 0.17336412 0.87963223
0.84 1.5848932e-08 0.44134573 0.11708721 0.0039096303 0.90877665
0.84 1.9952623e-05 0.44571933 0.12886143 0 0.0
0.84 1.9952623e-06 0.44335851 0.13171924 4.5003667e-14 0.98178024
0.84 1.9952623e-07 0.43694885 0.1159612 0.17476284 0.881177
0.84 1.9952623e-08 0.44751381 0.12928177 0.0060060028 0.89266639
0.84 1e-05 0.45049614 0.12833517 0 0.0
0.84 1e-06 0.44439512 0.12763596 9.366248e-05 0.65693109
0.84 1e-07 0.44064028 0.12383281 0.10854039 0.89727693
0.84 1e-08 0.45365854 0.12949002 0.0015732713 0.87334067
0.84 2.5118864e-05 0.4520365 0.13109281 0 0.0
0.84 2.5118864e-06 0.44540421 0.13045404 3.0397159e-21 0.999984
0.84 2.5118864e-07 0.45290493 0.13072183 0.16403355 0.90870982
0.84 2.5118864e-08 0.44604796 0.1276643 0.0096827106 0.87613946
0.84 3.1622777e-05 0.45142731 0.12945342 0 0.0
0.84 3.1622777e-06 0.44854412 0.12936208 1.0052076e-31 0.99998797
0.84 3.1622777e-07 0.43546951 0.11927014 0.12318584 0.9321299
0.84 3.1622777e-08 0.45098039 0.12800176 0.015556648 0.90136497
0.84 3.1622777e-09 0.45167696 0.12444837 0.00014222188 0.87944511
0.84 3.9810717e-07 0.44854412 0.1331407 0.076973683 0.90599095
0.84 3.9810717e-08 0.45285525 0.12881806 0.023557196 0.90800513
0.84 5.0118723e-06 0.45104584 0.12616822 0 0.0
0.84 5.0118723e-07 0.44712389 0.13451327 0.029570131 0.91897284
0.84 5.0118723e-08 0.44813187 0.12879121 0.036164777 0.89263649
0.84 6.3095734e-06 0.44231198 0.12452578 0 0.0
0.84 6.3095734e-07 0.44093619 0.12673879 0.011911163 0.84313423
0.84 6.3095734e-08 0.45053239 0.12954747 0.051819771 0.89259391
0.84 6.3095734e-09 0.45205479 0.12638091 0.00064261142 0.87110347
0.84 7.9432823e-06 0.44554674 0.12345679 0 0.0
0.84 7.9432823e-07 0.44848216 0.1398183 0.0014197398 0.91439508
0.84 7.9432823e-08 0.45302161 0.12329069 0.079653357 0.88058153
0.84 7.9432823e-09 0.45348581 0.12931603 0.0010006954 0.86207412
0.85 1.2589254e-05 0.3969697 0.11017316 0 0.0
0.85 1.2589254e-06 0.4084507 0.1153169 4.4750867e-06 0.76949047
0.85 1.2589254e-07 0.40551876 0.11125828 0.14466211 0.900155
0.85 1.5848932e-05 0.40629784 0.11021211 0 0.0
0.85 1.5848932e-06 0.41725352 0.11817782 1.0029086e-08 0.97087794
0.85 1.5848932e-07 0.40104621 0.11835222 0.16898724 0.87511046
0.85 1.5848932e-08 0.41921301 0.12156518 0.0035474207 0.8936153
0.85 1.9952623e-05 0.41728828 0.11781483 0 0.0
0.85 1.9952623e-06 0.41210503 0.11370717 1.4981632e-12 0.99999889
0.85 1.9952623e-07 0.40596884 0.11915734 0.1757095 0.87701724
0.85 1.9952623e-08 0.41256891 0.11885336 0.0058761239 0.88543393
0.85 1e-05 0.41870187 0.12057206 0 0.0
0.85 1e-06 0.42158814 0.12784782 0.00016035741 0.91409171
0.85 1e-07 0.40769231 0.11208791 0.096646365 0.89614134
0.85 1e-08 0.4047251 0.11039965 0.001377509 0.90839752
0.85 2.5118864e-05 0.4118289 0.12047141 0 0.0
0.85 2.5118864e-06 0.41028446 0.12100656 6.4792326e-20 0.99872732
0.85 2.5118864e-07 0.41959743 0.1260783 0.16959028 0.90004374
0.85 2.5118864e-08 0.42197417 0.11818779 0.008676069 0.89610654
0.85 3.1622777e-06 0.40945565 0.1151594 1.7053459e-29 0.98406214
0.85 3.1622777e-08 0.40702525 0.11130626 0.013751714 0.90952738
0.85 3.1622777e-09 0.41018884 0.1198946 0.00013948581 0.8834849
0.85 3.9810717e-06 0.41466637 0.11935697 1.2927108e-47 1
0.85 3.9810717e-07 0.40214771 0.11987727 0.08001348 0.90265608
0.85 3.9810717e-08 0.4120614 0.11644737 0.02126379 0.87598138
0.85 3.9810717e-09 0.41766268 0.11752988 0.00022101097 0.89927794
0.85 5.0118723e-06 0.41363437 0.1253836 0 0.0
0.85 5.0118723e-07 0.40322937 0.11125857 0.040750586 0.91735659
0.85 5.0118723e-08 0.40832049 0.12084526 0.031301465 0.88497549
0.85 5.0118723e-09 0.4011411 0.11323239 0.00036618904 0.90911127
0.85 6.3095734e-06 0.40635341 0.10964041 0 0.0
0.85 6.3095734e-07 0.40141156 0.11358624 0.011511827 0.91945824
0.85 6.3095734e-08 0.40966754 0.11111111 0.048962837 0.90520451
0.85 6.3095734e-09 0.41920427 0.11869304 0.00053620937 0.87626215
0.85 7.9432823e-06 0.40379943 0.11243649 0 0.0
0.85 7.9432823e-07 0.41296703 0.11846154 0.0024104904 0.91278629
0.85 7.9432823e-08 0.40494045 0.11535068 0.072299486 0.90570739
0.85 7.9432823e-09 0.40223097 0.111986 0.00088448124 0.92671807
0.86 1.1220184543e-06 0.41973946 0.11547803 2.5013011e-05 0.97598234
0.86 1.2589254e-05 0.42474181 0.1204131 0 0.0
0.86 1.2589254e-06 0.42193349 0.12023783 2.1037304e-06 0.95568899
0.86 1.2589254e-07 0.41675854 0.11400221 0.13581743 0.86631224
0.86 1.2589254e-08 0.41466083 0.11750547 0.0022589304 0.8747529
0.86 1.41253754462e-06 0.41522798 0.11730854 1.2143599e-07 0.99670443
0.86 1.5848932e-05 0.40347024 0.11486932 0 0.0
0.86 1.5848932e-06 0.42649007 0.12450331 7.8482759e-10 0.57385047
0.86 1.5848932e-07 0.4150778 0.11746658 0.17219627 0.86061185
0.86 1.5848932e-08 0.41912737 0.12185985 0.0034399887 0.89204062
0.86 1.77827941004e-06 0.40864225 0.10813775 5.119791e-11 0.42166979
0.86 1.9952623e-05 0.41367144 0.11312018 0 0.0
0.86 1.9952623e-06 0.41328976 0.11437908 7.4410146e-14 0.9315913
0.86 1.9952623e-07 0.41308165 0.11347673 0.17391538 0.88792538
0.86 1.9952623e-08 0.41877893 0.1260745 0.0057688118 0.89432824
0.86 1e-05 0.41316311 0.11622276 0 0.0
0.86 1e-06 0.41664836 0.11684604 0.00014251508 0.94467683
0.86 1e-07 0.40897039 0.11489174 0.10437658 0.88187333
0.86 1e-08 0.42174485 0.13064445 0.0014529525 0.89014471
0.86 2.23872113857e-06 0.42879121 0.12087912 5.2059093e-16 1
0.86 2.5118864e-05 0.41004184 0.11429201 0 0.0
0.86 2.5118864e-06 0.42822331 0.11630483 1.0820473e-19 0.52289135
0.86 2.5118864e-07 0.4195728 0.11224935 0.16916369 0.88277583
0.86 2.5118864e-08 0.4107893 0.11695777 0.0090804231 0.90232823
0.86 2.81838293126e-06 0.41718335 0.12710363 6.4655229e-24 0.17967467
0.86 3.1622777e-05 0.42290845 0.11936049 0 0.0
0.86 3.1622777e-06 0.40272288 0.11484409 3.218777e-31 0.94259268
0.86 3.1622777e-07 0.41418564 0.11208406 0.12337044 0.90211323
0.86 3.1622777e-08 0.40982163 0.11473244 0.014403496 0.89013664
0.86 3.1622777e-09 0.42268498 0.12051396 0.00014817075 0.89655009
0.86 3.54813389234e-06 0.42509943 0.12660186 1.0032938e-38 1
0.86 3.9810717e-06 0.41502762 0.11801105 0 0.0
0.86 3.9810717e-07 0.4154185 0.11629956 0.073762439 0.92726223
0.86 3.9810717e-08 0.43443709 0.12671082 0.021923997 0.87521153
0.86 3.9810717e-09 0.42239297 0.11855104 0.00022963268 0.88502068
0.86 4.46683592151e-06 0.41084761 0.11264822 0 0.0
0.86 5.0118723e-06 0.4114514 0.1129605 0 0.0
0.86 5.0118723e-07 0.4119594 0.11871139 0.036001389 0.87013203
0.86 5.0118723e-08 0.41243683 0.12283015 0.03422864 0.88668867
0.86 5.0118723e-09 0.41992014 0.12267081 0.00036815554 0.90052256
0.86 5.6234132519e-06 0.40919085 0.12598945 0 0.0
0.86 6.3095734e-06 0.42115724 0.12146643 0 0.0
0.86 6.3095734e-07 0.42797449 0.12315813 0.012262748 0.89499843
0.86 6.3095734e-08 0.41460206 0.11729884 0.050803269 0.88448375
0.86 6.3095734e-09 0.42397532 0.11767298 0.00055992188 0.8961182
0.86 7.07945784384e-06 0.4058642 0.11111111 0 0.0
0.86 7.9432823e-06 0.42197558 0.11254162 0 0.0
0.86 7.9432823e-07 0.4051461 0.11447885 0.0022606979 0.8912278
0.86 7.9432823e-08 0.41953263 0.1186067 0.070187905 0.89280844
0.86 7.9432823e-09 0.41382346 0.11490205 0.00095425485 0.86833562
0.86 8.91250938134e-06 0.4099912 0.12059859 0 0.0
0.87 1.1220184543e-06 0.37305926 0.1025585 5.54959e-05 0.92205107
0.87 1.2589254e-05 0.36278969 0.11002816 0 0.0
0.87 1.2589254e-06 0.36555628 0.098628347 1.0632955e-05 0.87536254
0.87 1.2589254e-07 0.36665212 0.10170231 0.12443534 0.91288239
0.87 1.2589254e-08 0.36477024 0.094748359 0.0020835447 0.8811661
0.87 1.41253754462e-06 0.36293521 0.099603349 3.1551281e-07 0.6566156
0.87 1.5848932e-05 0.36993464 0.10348584 0 0.0
0.87 1.5848932e-06 0.36636045 0.10061242 2.1876611e-08 0.75669083
0.87 1.5848932e-07 0.3678337 0.10875274 0.16154555 0.88344636
0.87 1.5848932e-08 0.36763432 0.10463605 0.003175482 0.88812105
0.87 1.77827941004e-06 0.36840954 0.10282214 6.8960967e-10 0.45839814
0.87 1.9952623e-05 0.3689384 0.10768895 0 0.0
0.87 1.9952623e-06 0.36538462 0.10686189 9.1287246e-12 0.59616827
0.87 1.9952623e-07 0.37529846 0.10266985 0.18414316 0.86335931
0.87 1.9952623e-08 0.36790607 0.10328332 0.0048461154 0.82141213
0.87 1e-05 0.36397461 0.10768221 0 0.0
0.87 1e-06 0.37658366 0.10747051 0.00029335153 0.9355063
0.87 1e-07 0.36379498 0.10338059 0.097818143 0.86995104
0.87 1e-08 0.3673913 0.10065217 0.0013003086 0.92271748
0.87 2.23872113857e-06 0.38505245 0.10576923 6.0059678e-14 0.045574172
0.87 2.5118864e-05 0.38189749 0.10861505 0 0.0
0.87 2.5118864e-06 0.36302117 0.10390744 8.4004849e-18 0.99729549
0.87 2.5118864e-07 0.36090553 0.10796691 0.17276898 0.89382837
0.87 2.5118864e-08 0.35891252 0.10085508 0.0076468069 0.89117713
0.87 2.81838293126e-06 0.3619525 0.099150142 1.4396084e-21 0.97214642
0.87 3.1622777e-05 0.36967337 0.10274713 0 0.0
0.87 3.1622777e-06 0.38108757 0.10111378 2.9032934e-31 0.94174089
0.87 3.1622777e-07 0.36828252 0.1022154 0.14315406 0.90938301
0.87 3.1622777e-08 0.37294092 0.10432682 0.012936337 0.86574744
0.87 3.1622777e-09 0.36320243 0.10631373 0.00012899591 0.89021173
0.87 3.54813389234e-06 0.36152498 0.098378615 1.5597318e-34 0.99931626
0.87 3.9810717e-06 0.37472719 0.10497599 9.0182121e-42 0.794251
0.87 3.9810717e-08 0.37494534 0.10472234 0.020014019 0.90199834
0.87 3.9810717e-09 0.36298391 0.1000435 0.00021541306 0.90689319
0.87 4.46683592151e-06 0.35876694 0.10209882 0 0.0
0.87 5.0118723e-06 0.36612022 0.09726776 0 0.0
0.87 5.0118723e-07 0.37358079 0.11353712 0.046119566 0.92796331
0.87 5.0118723e-08 0.38369565 0.10847826 0.029089577 0.88979811
0.87 5.0118723e-09 0.35395113 0.096632181 0.00031784343 0.87939291
0.87 5.6234132519e-06 0.36771792 0.11016207 0 0.0
0.87 6.3095734e-06 0.37149685 0.10384532 0 0.0
0.87 6.3095734e-07 0.36849015 0.10656455 0.012621585 0.89836818
0.87 6.3095734e-08 0.36005256 0.10797197 0.046798744 0.9017837
0.87 6.3095734e-09 0.36640385 0.10468682 0.00051454144 0.87771526
0.87 7.07945784384e-06 0.36705265 0.10989731 0 0.0
0.87 7.9432823e-06 0.36577846 0.10746532 0 0.0
0.87 7.9432823e-07 0.37870855 0.11191099 0.0034265042 0.89545816
0.87 7.9432823e-08 0.37453673 0.10747765 0.066130195 0.87014224
0.87 7.9432823e-09 0.37364071 0.099173554 0.00079325318 0.88722774
0.87 8.91250938134e-06 0.36646235 0.097854641 0 0.0
0.88 1.1220184543e-06 0.3496306 0.095610604 0.00010353017 0.9459781
0.88 1.2589254e-05 0.36090063 0.097640182 0 0.0
0.88 1.2589254e-06 0.35643997 0.10561994 1.6356225e-05 0.92492482
0.88 1.2589254e-07 0.34311807 0.10132638 0.11890757 0.88774101
0.88 1.2589254e-08 0.34920635 0.098499674 0.0019491466 0.90979194
0.88 1.41253754462e-06 0.34509634 0.094609223 9.1432024e-07 0.99172042
0.88 1.5848932e-05 0.35421635 0.094732278 0 0.0
0.88 1.5848932e-06 0.34502287 0.088869527 5.9592998e-08 0.92374721
0.88 1.5848932e-07 0.36047774 0.10445168 0.15537683 0.88400355
0.88 1.77827941004e-06 0.3565976 0.094656489 1.0580232e-09 0.98389429
0.88 1.9952623e-05 0.35848649 0.10594595 0 0.0
0.88 1.9952623e-07 0.36054866 0.096886567 0.17196985 0.90143678
0.88 1.9952623e-08 0.35159817 0.10002174 0.0048341273 0.86643322
0.88 1e-05 0.36482368 0.10013061 0 0.0
0.88 1e-06 0.34709846 0.097370137 0.00044873388 0.85445342
0.88 1e-07 0.34724033 0.089526293 0.091526018 0.88963091
0.88 1e-08 0.34153243 0.098171528 0.0012275999 0.87082867
0.88 2.23872113857e-06 0.35278746 0.099085366 1.1021681e-14 0.99961668
0.88 2.5118864e-05 0.35347826 0.093913043 0 0.0
0.88 2.5118864e-06 0.34853776 0.10344828 3.0287155e-18 0.99999074
0.88 2.5118864e-07 0.34824903 0.099437959 0.16062234 0.9268774
0.88 2.5118864e-08 0.35577342 0.094335512 0.0077233021 0.90758717
0.88 2.81838293126e-06 0.34112252 0.095872461 8.6997079e-22 0.17085239
0.88 3.1622777e-05 0.35105688 0.1037263 0 0.0
0.88 3.1622777e-06 0.33472527 0.092307692 1.8948353e-25 1
0.88 3.1622777e-07 0.35257106 0.1039271 0.14193231 0.88959967
0.88 3.1622777e-08 0.34864983 0.098867596 0.012474098 0.87527937
0.88 3.1622777e-09 0.3563668 0.1029987 0.00012879739 0.89691552
0.88 3.54813389234e-06 0.34942127 0.09347019 1.3786856e-34 0.36469472
0.88 3.9810717e-06 0.35572519 0.097273719 8.8836479e-41 0.99999735
0.88 3.9810717e-07 0.35726795 0.092819615 0.095675027 0.89988182
0.88 3.9810717e-08 0.35263273 0.096788289 0.018139854 0.88571941
0.88 3.9810717e-09 0.34461071 0.097158968 0.00021630487 0.89287759
0.88 4.46683592151e-06 0.35591374 0.10150294 0 0.0
0.88 5.0118723e-06 0.36320035 0.10856769 0 0.0
0.88 5.0118723e-07 0.36109909 0.10471657 0.052215576 0.90460154
0.88 5.0118723e-08 0.34815784 0.093307172 0.02962445 0.87279075
0.88 5.0118723e-09 0.35885167 0.097216181 0.00030450324 0.8921698
0.88 5.6234132519e-06 0.35140431 0.098192902 0 0.0
0.88 6.3095734e-06 0.3455258 0.10232963 0 0.0
0.88 6.3095734e-07 0.33680104 0.091677503 0.020386599 0.92177911
0.88 6.3095734e-08 0.3521645 0.097186147 0.043601472 0.89170124
0.88 6.3095734e-09 0.34299308 0.098615917 0.00050551389 0.88874561
0.88 7.07945784384e-06 0.36546448 0.092021858 0 0.0
0.88 7.9432823e-06 0.35909788 0.10400701 0 0.0
0.88 7.9432823e-07 0.34043942 0.090928867 0.0033871726 0.86919498
0.88 7.9432823e-08 0.3614667 0.099153829 0.063904485 0.88385126
0.88 7.9432823e-09 0.34806151 0.10547975 0.00079261762 0.91683136
0.88 8.91250938134e-06 0.34470767 0.097804825 0 0.0
0.89 1.1220184543e-06 0.31260832 0.093804159 0.00013404223 0.98289283
0.89 1.2589254e-05 0.32484215 0.090354888 0 0.0
0.89 1.2589254e-06 0.33378409 0.087446473 1.5571504e-05 0.82671407
0.89 1.2589254e-07 0.31819165 0.09733939 0.12246623 0.89183589
0.89 1.2589254e-08 0.31018016 0.090514435 0.00171253 0.88012988
0.89 1.41253754462e-06 0.31663067 0.086609071 1.210325e-06 0.49166341
0.89 1.5848932e-05 0.32802068 0.089166487 0 0.0
0.89 1.5848932e-06 0.31636834 0.082165193 1.1985065e-07 0.99732373
0.89 1.5848932e-07 0.32844828 0.0875 0.15745146 0.8907608
0.89 1.5848932e-08 0.32145941 0.092184801 0.0030620737 0.86233953
0.89 1.77827941004e-06 0.32304038 0.08982941 4.1786062e-09 0.55526069
0.89 1.9952623e-05 0.30511769 0.082487584 0 0.0
0.89 1.9952623e-06 0.32277657 0.085032538 3.6714936e-12 0.38207037
0.89 1.9952623e-07 0.32681144 0.089228123 0.17998584 0.87636057
0.89 1.9952623e-08 0.31549173 0.090295909 0.0047966661 0.89127925
0.89 1e-05 0.32735135 0.087135135 0 0.0
0.89 1e-06 0.3188157 0.088393049 0.00065101449 0.80034578
0.89 1e-07 0.31877823 0.089481609 0.098036018 0.91312008
0.89 1e-08 0.32005197 0.082936336 0.0011550184 0.89144482
0.89 2.23872113857e-06 0.32031924 0.088222606 4.2243818e-13 0.99991657
0.89 2.5118864e-05 0.32238678 0.086499249 0 0.0
0.89 2.5118864e-06 0.32877307 0.09402823 3.6132447e-17 0.99998414
0.89 2.5118864e-07 0.31371281 0.092065545 0.17730909 0.87212114
0.89 2.5118864e-08 0.33706173 0.09959131 0.0075179048 0.90075831
0.89 2.81838293126e-06 0.31726821 0.086881349 2.5718108e-20 0.19576061
0.89 3.1622777e-05 0.31905689 0.085226044 0 0.0
0.89 3.1622777e-06 0.32495122 0.091914156 5.1199997e-25 1
0.89 3.1622777e-07 0.32424242 0.092207792 0.14775973 0.89551698
0.89 3.1622777e-08 0.31352636 0.088591184 0.011283175 0.9168536
0.89 3.1622777e-09 0.316808 0.090454447 0.00012031817 0.86237231
0.89 3.54813389234e-06 0.32456522 0.090652174 7.0454137e-32 1
0.89 3.9810717e-06 0.32898172 0.093124456 3.0622216e-39 1
0.89 3.9810717e-07 0.31953176 0.082809452 0.096790283 0.90656684
0.89 3.9810717e-08 0.33024359 0.091614572 0.017599999 0.92264258
0.89 3.9810717e-09 0.31179775 0.087294728 0.0001885985 0.88712949
0.89 4.46683592151e-06 0.30788923 0.082383058 0 0.0
0.89 5.0118723e-06 0.32386733 0.091047041 0 0.0
0.89 5.0118723e-07 0.31728901 0.094323333 0.051196872 0.87919501
0.89 5.0118723e-08 0.31745344 0.096145518 0.026175049 0.85577736
0.89 5.0118723e-09 0.31359792 0.081544134 0.00028799055 0.89912354
0.89 5.6234132519e-06 0.31473069 0.081116158 0 0.0
0.89 6.3095734e-06 0.32262239 0.091222773 0 0.0
0.89 6.3095734e-07 0.32072617 0.084936244 0.02210778 0.86508788
0.89 6.3095734e-08 0.31217391 0.087608696 0.039877064 0.91616857
0.89 6.3095734e-09 0.32870169 0.08771168 0.00046399041 0.90852662
0.89 7.07945784384e-06 0.31609567 0.093514329 0 0.0
0.89 7.9432823e-06 0.32111882 0.091934085 0 0.0
0.89 7.9432823e-07 0.31126116 0.091047702 0.0059162484 0.89808119
0.89 7.9432823e-08 0.32519447 0.088375108 0.064370907 0.87260175
0.89 7.9432823e-09 0.32524377 0.091874323 0.00077513389 0.89162655
0.9 1.1220184543e-06 0.313378 0.0940134 0.00016141307 0.90105595
0.9 1.2589254e-05 0.29379761 0.078563656 0 0.0
0.9 1.2589254e-06 0.29711559 0.083062242 1.3315846e-05 0.96003285
0.9 1.2589254e-07 0.31129834 0.081443076 0.12111013 0.87467215
0.9 1.2589254e-08 0.31001076 0.087405813 0.0018694493 0.85404717
0.9 1.41253754462e-06 0.29978355 0.088961039 1.2891519e-06 0.84555813
0.9 1.5848932e-05 0.304329 0.088744589 0 0.0
0.9 1.5848932e-06 0.30256631 0.084537416 1.4835056e-07 0.98439417
0.9 1.5848932e-07 0.30867402 0.083711875 0.15572413 0.89351404
0.9 1.5848932e-08 0.29842026 0.076823198 0.0028399162 0.90827994
0.9 1.77827941004e-06 0.29948254 0.087106511 1.207432e-08 0.97681586
0.9 1.9952623e-05 0.31285158 0.078970143 0 0.0
0.9 1.9952623e-06 0.3130284 0.090179926 4.4463125e-11 0.96361673
0.9 1.9952623e-07 0.30818811 0.085461924 0.1722302 0.91561542
0.9 1.9952623e-08 0.30594102 0.084345186 0.0046260236 0.86656254
0.9 1e-05 0.31534276 0.086615887 0 0.0
0.9 1e-06 0.31394096 0.085326438 0.00065859527 0.963697
0.9 1e-07 0.30247181 0.086730269 0.088562967 0.90718622
0.9 1e-08 0.29896239 0.087980977 0.0011869507 0.89233043
0.9 2.23872113857e-06 0.30557958 0.081747405 2.4568531e-13 0.99702211
0.9 2.5118864e-05 0.30930283 0.079430175 0 0.0
0.9 2.5118864e-06 0.30707812 0.089771256 2.3404137e-16 1
0.9 2.5118864e-07 0.3085015 0.083297553 0.17737057 0.90887264
0.9 2.5118864e-08 0.30539437 0.0896196 0.0067108799 0.91082072
0.9 2.81838293126e-06 0.30060685 0.081274382 2.5094431e-20 0.70028686
0.9 3.1622777e-05 0.31105343 0.089552239 0 0.0
0.9 3.1622777e-06 0.29586563 0.085486649 5.5274678e-25 0.83514438
0.9 3.1622777e-07 0.30931838 0.084987058 0.14687027 0.87947863
0.9 3.1622777e-08 0.307393 0.087980977 0.010968121 0.8750899
0.9 3.1622777e-09 0.29813125 0.083007388 0.0001116226 0.89622947
0.9 3.54813389234e-06 0.31207981 0.084363479 1.0708996e-31 0.99987801
0.9 3.9810717e-06 0.3050884 0.089909444 1.0859015e-41 0.99868851
0.9 3.9810717e-07 0.31216245 0.084683517 0.10194315 0.95189498
0.9 3.9810717e-08 0.3022251 0.087707928 0.017571919 0.86574908
0.9 4.46683592151e-06 0.30421556 0.085832247 3.547591e-48 1
0.9 5.0118723e-06 0.29693944 0.081180812 0 0.0
0.9 5.0118723e-07 0.30231052 0.080328223 0.056270541 0.89583592
0.9 5.0118723e-08 0.30168685 0.083910035 0.025566926 0.87818887
0.9 5.0118723e-09 0.30749354 0.087855297 0.00028069771 0.88702379
0.9 5.6234132519e-06 0.30505181 0.087651123 0 0.0
0.9 6.3095734e-06 0.32320621 0.088127559 0 0.0
0.9 6.3095734e-07 0.31280947 0.088266954 0.025177754 0.89308474
0.9 6.3095734e-08 0.30110318 0.082630327 0.041287023 0.86171392
0.9 6.3095734e-09 0.30941023 0.091283608 0.00046926078 0.88917514
0.9 7.07945784384e-06 0.30210824 0.083677461 0 0.0
0.9 7.9432823e-06 0.30142303 0.080638206 0 0.0
0.9 7.9432823e-07 0.29401523 0.08835691 0.0065717183 0.96717332
0.9 7.9432823e-08 0.31413161 0.085436893 0.060796847 0.87470444
0.9 7.9432823e-09 0.30322581 0.081075269 0.00075470405 0.87188805
0.9 8.91250938134e-06 0.29696578 0.086937809 0 0.0
0.95 1.1220184543e-06 0.22200264 0.057312253 0.00021854415 0.98603409
0.95 1.2589254e-05 0.21502306 0.060399736 0 0.0
0.95 1.2589254e-07 0.20728534 0.055724198 0.11510931 0.89033959
0.95 1.2589254e-08 0.21871576 0.055445979 0.001756084 0.91683608
0.95 1.41253754462e-06 0.22307524 0.056591358 3.9328863e-06 0.81485462
0.95 1.5848932e-05 0.22389048 0.05630382 0 0.0
0.95 1.5848932e-06 0.22349067 0.063666301 1.7588067e-07 0.97234657
0.95 1.5848932e-07 0.21510601 0.056316254 0.15373468 0.88714218
0.95 1.5848932e-08 0.21591407 0.058746164 0.0027724753 0.84649021
0.95 1.77827941004e-06 0.21956044 0.061978022 5.9182985e-09 0.97461733
0.95 1.9952623e-05 0.21540499 0.059148091 0 0.0
0.95 1.9952623e-06 0.21745822 0.062884785 3.8263856e-10 0.93209143
0.95 1.9952623e-07 0.21359437 0.059392873 0.17377339 0.87246615
0.95 1.9952623e-08 0.22263736 0.064175824 0.0042967323 0.88129827
0.95 1e-05 0.21717172 0.058849363 0 0.0
0.95 1e-06 0.2209047 0.062582345 0.00074519612 0.94278178
0.95 1e-07 0.21625767 0.063321648 0.085302614 0.88012046
0.95 1e-08 0.21535088 0.065789474 0.0011325777 0.87499175
0.95 2.23872113857e-06 0.22915299 0.062595754 4.6910589e-14 0.99802173
0.95 2.5118864e-05 0.21968866 0.057005043 0 0.0
0.95 2.5118864e-06 0.21483771 0.057407816 1.6293096e-16 0.99997481
0.95 2.5118864e-07 0.21778069 0.055919616 0.17890239 0.90662578
0.95 2.5118864e-08 0.22855257 0.063572371 0.0065454131 0.92122332
0.95 2.81838293126e-06 0.20666228 0.053473592 2.2009032e-19 0.99999858
0.95 3.1622777e-05 0.20877921 0.060930334 0 0.0
0.95 3.1622777e-07 0.20061525 0.051637003 0.1577113 0.82146324
0.95 3.1622777e-08 0.21061908 0.059264155 0.010404942 0.87993368
0.95 3.1622777e-09 0.21742938 0.05890081 0.00011052893 0.91073225
0.95 3.54813389234e-06 0.22018955 0.055102491 7.2025336e-29 1
0.95 3.9810717e-06 0.22056893 0.058205689 7.0095297e-39 1
0.95 3.9810717e-08 0.22949735 0.060846561 0.017629065 0.91079484
0.95 3.9810717e-09 0.2171067 0.057822387 0.00017209183 0.92340155
0.95 4.46683592151e-06 0.22967346 0.064212141 8.6086595e-47 1
0.95 5.0118723e-06 0.2169045 0.058836443 0 0.0
0.95 5.0118723e-07 0.20576585 0.055677817 0.051963396 0.89739051
0.95 5.0118723e-08 0.21930212 0.062720848 0.025319184 0.90502836
0.95 5.0118723e-09 0.21494505 0.05956044 0.00030254533 0.84671513
0.95 5.6234132519e-06 0.23088719 0.059364732 0 0.0
0.95 6.3095734e-06 0.22432373 0.061139213 0 0.0
0.95 6.3095734e-07 0.22800088 0.064077244 0.024869423 0.95049475
0.95 6.3095734e-08 0.22 0.061098901 0.040864207 0.87011883
0.95 6.3095734e-09 0.22346737 0.058228961 0.00040433108 0.90048323
0.95 7.07945784384e-06 0.21105528 0.057679703 0 0.0
0.95 7.9432823e-07 0.22572869 0.061582292 0.0083861683 0.90397973
0.95 7.9432823e-08 0.20767196 0.058201058 0.05709693 0.91968735
0.95 7.9432823e-09 0.21416046 0.057211749 0.00066171927 0.86868729
0.95 8.91250938134e-06 0.20991445 0.059662207 0 0.0
1 1.2589254e-05 0.26580048 0.071570139 0 0.0
1 1.2589254e-06 0.24967405 0.060408518 9.9047931e-06 0.76934542
1 1.2589254e-07 0.25543478 0.066304348 0.12371213 0.86068479
1 1.2589254e-08 0.26647627 0.074472759 0.0019671008 0.84282116
1 1.5848932e-05 0.25685677 0.066390945 0 0.0
1 1.5848932e-06 0.25313717 0.074859368 3.7086009e-08 0.85568153
1 1.5848932e-07 0.25366636 0.062786434 0.16403257 0.86924763
1 1.5848932e-08 0.26634907 0.071459506 0.0030847658 0.85105763
1 1.9952623e-05 0.26577855 0.069229089 0 0.0
1 1.9952623e-06 0.24394501 0.063713725 6.8907883e-12 0.8175775
1 1.9952623e-08 0.25186159 0.064169952 0.0049961019 0.87620561
1 1e-05 0.25584416 0.074891775 0 0.0
1 1e-06 0.24732591 0.064833006 0.00056675592 0.81629401
1 1e-07 0.25737383 0.074721433 0.090650404 0.87881556
1 1e-08 0.25976861 0.068325693 0.001151359 0.86649687
1 2.5118864e-05 0.25601561 0.072837633 0 0.0
1 2.5118864e-06 0.25 0.066797215 3.7942585e-18 0.99999999
1 2.5118864e-07 0.26090713 0.07300216 0.1686853 0.88752505
1 2.5118864e-08 0.25952694 0.06022777 0.0078098582 0.81823005
1 3.1622777e-05 0.2554019 0.069144339 0 0.0
1 3.1622777e-06 0.26357096 0.075430565 2.0174973e-27 0.97386297
1 3.1622777e-07 0.26446822 0.072504914 0.13835902 0.87606993
1 3.1622777e-08 0.25790967 0.068295876 0.012530021 0.85944469
1 3.1622777e-09 0.25520833 0.064019097 0.00011452519 0.88924719
1 3.9810717e-06 0.25532377 0.076923077 4.1880615e-45 1
1 3.9810717e-08 0.25278567 0.069477824 0.019518238 0.86012992
1 3.9810717e-09 0.25587467 0.064186249 0.00018629291 0.87756568
1 5.0118723e-06 0.2642826 0.076973397 0 0.0
1 5.0118723e-07 0.25597047 0.066217977 0.050107008 0.87589227
1 5.0118723e-08 0.25727944 0.072794437 0.02857028 0.88443673
1 5.0118723e-09 0.23586957 0.05826087 0.00032602672 0.84722618
1 6.3095734e-06 0.25531453 0.063774403 0 0.0
1 6.3095734e-07 0.26116315 0.076889567 0.019407083 0.92592055
1 6.3095734e-08 0.26055725 0.066173269 0.044680199 0.87363529
1 6.3095734e-09 0.26531059 0.070647419 0.00046556589 0.91244747
1 7.9432823e-06 0.24907306 0.06346783 0 0.0
1 7.9432823e-07 0.2583098 0.071909624 0.0040730499 0.89982063
1 7.9432823e-08 0.25301734 0.07044108 0.063160855 0.84383571
1 7.9432823e-09 0.26135129 0.071475125 0.00075112618 0.81703612
1.1 1.2589254e-05 0.19032258 0.053333333 0 0.0
1.1 1.2589254e-06 0.19600687 0.053456419 7.9611732e-06 0.81878307
1.1 1.2589254e-07 0.2033462 0.051480051 0.12595512 0.80309964
1.1 1.2589254e-08 0.19691451 0.055496036 0.0018692449 0.82334662
1.1 1.5848932e-05 0.18621575 0.045376712 0 0.0
1.1 1.5848932e-06 0.19301979 0.050010641 3.2843112e-08 0.9342306
1.1 1.5848932e-07 0.20309811 0.056798623 0.15591869 0.88035151
1.1 1.5848932e-08 0.20460909 0.052552229 0.0032924215 0.89731761
1.1 1.9952623e-05 0.20285836 0.060153584 0 0.0
1.1 1.9952623e-06 0.20308814 0.053399099 7.2170274e-12 1
1.1 1.9952623e-07 0.20331325 0.05055938 0.16182931 0.89588724
1.1 1.9952623e-08 0.20948701 0.053015669 0.0049747445 0.85068412
1.1 1e-05 0.19879648 0.052654202 0 0.0
1.1 1e-06 0.19982792 0.052914605 0.00019366437 0.94789535
1.1 1e-07 0.20116179 0.050344234 0.096249743 0.87081217
1.1 1e-08 0.21102703 0.048864865 0.0012604899 0.85747337
1.1 2.5118864e-05 0.19462228 0.050576184 0 0.0
1.1 2.5118864e-06 0.20432641 0.055686442 1.8428255e-19 0.99998141
1.1 2.5118864e-07 0.19444444 0.053323413 0.17563955 0.864613
1.1 2.5118864e-08 0.20222793 0.051628106 0.0076279065 0.84313114
1.1 3.1622777e-05 0.19370045 0.049925005 0 0.0
1.1 3.1622777e-06 0.19810712 0.057646806 5.2618314e-31 1
1.1 3.1622777e-07 0.19573106 0.056350053 0.14947975 0.91480215
1.1 3.1622777e-08 0.20171123 0.049625668 0.012304214 0.85641216
1.1 3.1622777e-09 0.207689 0.051116838 0.00012913381 0.83945721
1.1 3.9810717e-06 0.19935622 0.048927039 5.1626786e-46 1
1.1 3.9810717e-07 0.1841656 0.046308152 0.10186825 0.87927498
1.1 3.9810717e-08 0.19181527 0.057841792 0.019977152 0.8513378
1.1 3.9810717e-09 0.19147122 0.053091684 0.00020802678 0.88018328
1.1 5.0118723e-06 0.2011593 0.052812366 0 0.0
1.1 5.0118723e-07 0.20522117 0.050761421 0.048435686 0.95301555
1.1 5.0118723e-08 0.19978564 0.048231511 0.028424802 0.81687604
1.1 5.0118723e-09 0.19441461 0.056068743 0.00031769804 0.85612007
1.1 6.3095734e-06 0.19056848 0.054694229 0 0.0
1.1 6.3095734e-07 0.20550893 0.054443727 0.016491588 0.77329832
1.1 6.3095734e-08 0.19442658 0.047374062 0.04205283 0.88899316
1.1 6.3095734e-09 0.19289231 0.052237208 0.00047222276 0.89268674
1.1 7.9432823e-06 0.20223032 0.050611195 0 0.0
1.1 7.9432823e-07 0.20278671 0.051232583 0.0023431659 0.80661894
1.1 7.9432823e-08 0.1935207 0.057927483 0.065655171 0.84579194
1.1 7.9432823e-09 0.18818007 0.046724984 0.00076514623 0.84920595
1.2 1.2589254e-05 0.19931271 0.049828179 0 0.0
1.2 1.2589254e-06 0.19854046 0.054303499 1.1301134e-06 0.75610295
1.2 1.2589254e-07 0.22236699 0.057546145 0.13841639 0.86447586
1.2 1.2589254e-08 0.19845028 0.046276367 0.002628166 0.90431677
1.2 1.5848932e-05 0.20408163 0.05349087 0 0.0
1.2 1.5848932e-06 0.20829751 0.054170249 4.757141e-11 0.93000775
1.2 1.5848932e-07 0.21861657 0.059777968 0.17212743 0.8665787
1.2 1.5848932e-08 0.20500108 0.050873033 0.0040250413 0.85532457
1.2 1.9952623e-05 0.20055651 0.04494863 0 0.0
1.2 1.9952623e-06 0.21225806 0.051182796 3.4523553e-14 0.99999841
1.2 1.9952623e-07 0.2113612 0.050160772 0.18107448 0.89296015
1.2 1.9952623e-08 0.19978355 0.048268398 0.0057518219 0.81822341
1.2 1e-05 0.19811086 0.049217002 0 0.0
1.2 1e-06 0.20747863 0.047008547 5.4172691e-05 0.99834367
1.2 1e-07 0.21810788 0.056934932 0.10958862 0.81053974
1.2 1e-08 0.20171674 0.046995708 0.0015648934 0.85258845
1.2 2.5118864e-05 0.20576307 0.051227321 0 0.0
1.2 2.5118864e-06 0.21036717 0.055723542 4.1247958e-21 0.99999768
1.2 2.5118864e-07 0.20851064 0.051276596 0.16187188 0.8570005
1.2 2.5118864e-08 0.2124197 0.057601713 0.0094709876 0.88998002
1.2 3.1622777e-05 0.21320998 0.054862306 0 0.0
1.2 3.1622777e-06 0.21019659 0.050982934 9.3954889e-38 0.21240143
1.2 3.1622777e-07 0.20193133 0.048927039 0.12167853 0.88896578
1.2 3.1622777e-08 0.19935691 0.05380493 0.014324315 0.83140507
1.2 3.1622777e-09 0.20569959 0.050139276 0.00015734983 0.87324294
1.2 3.9810717e-06 0.20617444 0.054620035 0 0.0
1.2 3.9810717e-07 0.1958476 0.052226027 0.071701163 0.84727313
1.2 3.9810717e-08 0.20769727 0.050526768 0.021482891 0.89917684
1.2 3.9810717e-09 0.20459425 0.053456419 0.00025256821 0.81554454
1.2 5.0118723e-06 0.20973622 0.054685825 0 0.0
1.2 5.0118723e-07 0.19402339 0.050671286 0.028704903 0.82100494
1.2 5.0118723e-08 0.20914187 0.051530832 0.032741358 0.90006874
1.2 5.0118723e-09 0.21657008 0.053230307 0.00037955834 0.84845007
1.2 6.3095734e-07 0.20923738 0.056068743 0.0094112403 0.91585727
1.2 6.3095734e-09 0.20829751 0.055460017 0.0005968174 0.88551792
1.2 7.9432823e-06 0.20938706 0.048435491 0 0.0
1.2 7.9432823e-07 0.20596439 0.057712937 0.0011388518 0.88352136
1.2 7.9432823e-08 0.19468837 0.052045406 0.076396124 0.87127905
1.2 7.9432823e-09 0.20188801 0.05299292 0.00096113548 0.89600295
1.3 1.2589254e-05 0.25054183 0.061118336 0 0.0
1.3 1.2589254e-06 0.25271621 0.052803129 5.5200978e-09 0.99996012
1.3 1.2589254e-07 0.25977955 0.060730495 0.15732514 0.87719684
1.3 1.2589254e-08 0.25086281 0.066005177 0.0029624126 0.88540907
1.3 1.5848932e-05 0.25027156 0.063219639 0 0.0
1.3 1.5848932e-06 0.24209615 0.064746644 4.9594074e-12 0.99993421
1.3 1.5848932e-07 0.24014725 0.059766133 0.17283899 0.85802932
1.3 1.5848932e-08 0.24114708 0.056050402 0.0047663654 0.84001072
1.3 1.9952623e-05 0.2469109 0.063299371 0 0.0
1.3 1.9952623e-06 0.25294118 0.063398693 6.0710449e-19 0.99961618
1.3 1.9952623e-07 0.24545455 0.062337662 0.18332526 0.88066431
1.3 1.9952623e-08 0.24338509 0.057730155 0.0069028678 0.8876324
1.3 1e-05 0.23469388 0.057099436 0 0.0
1.3 1e-06 0.2478223 0.055095819 7.9016854e-06 0.96348362
1.3 1e-07 0.24000869 0.061251086 0.12563634 0.85828683
1.3 1e-08 0.24698134 0.061909989 0.0019076932 0.91218703
1.3 2.5118864e-05 0.24710762 0.061122026 0 0.0
1.3 2.5118864e-06 0.24515712 0.062204046 1.2690124e-26 0.032247162
1.3 2.5118864e-08 0.24024995 0.060331825 0.011222951 0.87838758
1.3 3.1622777e-05 0.24831632 0.060829894 0 0.0
1.3 3.1622777e-06 0.24901359 0.062253398 8.1887145e-44 0.78904555
1.3 3.1622777e-07 0.25287606 0.059691773 0.0948252 0.89588052
1.3 3.1622777e-08 0.2521265 0.06172301 0.017903852 0.84705609
1.3 3.9810717e-06 0.24212128 0.06324712 0 0.0
1.3 3.9810717e-07 0.25131004 0.062663755 0.045485628 0.86228325
1.3 3.9810717e-08 0.25271385 0.05775076 0.031356779 0.85697072
1.3 3.9810717e-09 0.24098218 0.062364189 0.00031221622 0.87795413
1.3 5.0118723e-06 0.24410301 0.064488206 0 0.0
1.3 5.0118723e-07 0.24178201 0.055363322 0.017023205 0.93222668
1.3 5.0118723e-09 0.2555869 0.066391842 0.00044189964 0.81960799
1.3 6.3095734e-07 0.25249674 0.059704733 0.0032259652 0.95705124
1.3 6.3095734e-08 0.23896499 0.058273538 0.066590109 0.83849016
1.3 6.3095734e-09 0.24732824 0.064994547 0.00072523483 0.81826124
1.3 7.9432823e-06 0.23867331 0.06026447 0 0.0
1.3 7.9432823e-07 0.25314807 0.066217977 0.00034914506 0.93050735
1.3 7.9432823e-08 0.24367916 0.06190061 0.099814447 0.88606328
1.3 7.9432823e-09 0.2446184 0.062404871 0.0012401346 0.83794649
1.4 1.1220184543e-06 0.30078466 0.074542284 3.7192983e-09 0.99991043
1.4 1.2589254e-06 0.28713089 0.065006611 6.4134635e-11 0.76141148
1.4 1.2589254e-07 0.29762165 0.070914248 0.16180603 0.8567679
1.4 1.41253754462e-06 0.29348066 0.066077348 7.090934e-13 0.99988589
1.4 1.5848932e-05 0.28311802 0.070724765 0 0.0
1.4 1.5848932e-06 0.29264031 0.069010701 3.2343315e-15 0.99865475
1.4 1.5848932e-07 0.29831103 0.065803904 0.16400834 0.86887108
1.4 1.5848932e-08 0.30430978 0.072194268 0.0059133199 0.8693196
1.4 1.77827941004e-06 0.30085395 0.067659295 6.2210506e-19 0.99989202
1.4 1.9952623e-05 0.29221347 0.075240595 0 0.0
1.4 1.9952623e-06 0.28959576 0.065164568 2.7392444e-24 0.99909544
1.4 1.9952623e-07 0.29389483 0.071746881 0.16379112 0.89418752
1.4 1.9952623e-08 0.30762489 0.077563541 0.0092399393 0.87331714
1.4 1e-05 0.30147545 0.069808412 0 0.0
1.4 1e-06 0.29066959 0.072008782 3.5760868e-07 0.98270181
1.4 1e-07 0.30471343 0.074131445 0.14219057 0.86916442
1.4 1e-08 0.30942982 0.073464912 0.0024739549 0.87361749
1.4 2.23872113857e-06 0.29513207 0.070072037 2.6191584e-28 0.99999976
1.4 2.5118864e-05 0.28653169 0.069982394 0 0.0
1.4 2.5118864e-06 0.28555727 0.063530446 5.2648732e-35 1
1.4 2.5118864e-07 0.30603258 0.074416557 0.13127757 0.84551175
1.4 2.5118864e-08 0.28951418 0.068146845 0.014605793 0.89765011
1.4 2.81838293126e-06 0.29275235 0.068316181 1.3474024e-47 0.66666667
1.4 3.1622777e-05 0.30804749 0.070580475 0 0.0
1.4 3.1622777e-06 0.30483516 0.068131868 0 0.0
1.4 3.1622777e-09 0.29709985 0.065530219 0.00024418834 0.8024827
1.4 3.9810717e-06 0.29793769 0.072400176 0 0.0
1.4 3.9810717e-07 0.27938596 0.065789474 0.035097463 0.94931289
1.4 3.9810717e-08 0.28925439 0.071929825 0.035756087 0.84259821
1.4 3.9810717e-09 0.30378355 0.072811263 0.00039478064 0.85922383
1.4 4.46683592151e-06 0.28424732 0.069914791 0 0.0
1.4 5.0118723e-06 0.29379761 0.073558215 0 0.0
1.4 5.0118723e-07 0.29108911 0.068866887 0.0047505292 0.9035335
1.4 5.0118723e-08 0.29756419 0.070002194 0.053301148 0.91902208
1.4 5.0118723e-09 0.30879121 0.070549451 0.00066238284 0.86997137
1.4 6.3095734e-06 0.29023052 0.067837541 0 0.0
1.4 6.3095734e-07 0.30327511 0.066593886 0.0012554051 0.88973226
1.4 6.3095734e-08 0.28615049 0.06695747 0.078238203 0.83910655
1.4 6.3095734e-09 0.29536893 0.071127853 0.0010184452 0.85808652
1.4 7.07945784384e-06 0.29253797 0.064714946 0 0.0
1.4 7.9432823e-06 0.29578714 0.072949002 0 0.0
1.4 7.9432823e-07 0.29042832 0.067307692 2.0659075e-05 0.91085413
1.4 7.9432823e-08 0.29420832 0.070909491 0.10577749 0.84649079
1.4 7.9432823e-09 0.30548874 0.07784824 0.0016062052 0.84455856
1.4 8.91250938134e-06 0.28590193 0.066112084 0 0.0
1.5 1.2589254e-05 0.3348745 0.075297226 0 0.0
1.5 1.2589254e-06 0.34660473 0.077637691 3.3855487e-13 0.97835063
1.5 1.2589254e-07 0.34141959 0.082659479 0.18122132 0.88228233
1.5 1.2589254e-08 0.34085325 0.079517534 0.0047575325 0.85470491
1.5 1.5848932e-05 0.35311047 0.083241089 0 0.0
1.5 1.5848932e-06 0.33899427 0.080282311 3.2743715e-20 0.99990824
1.5 1.5848932e-07 0.34652359 0.080706461 0.1686237 0.90577109
1.5 1.5848932e-08 0.32954545 0.075757576 0.0073260316 0.87356273
1.5 1.9952623e-05 0.34505495 0.075164835 0 0.0
1.5 1.9952623e-06 0.33400493 0.082381912 2.2303924e-30 1
1.5 1.9952623e-07 0.33921482 0.077635642 0.13610483 0.86266464
1.5 1.9952623e-08 0.34674372 0.081351411 0.012765309 0.87571473
1.5 1e-05 0.34679388 0.076103838 0 0.0
1.5 1e-06 0.33932136 0.074074074 6.6065876e-09 0.99047259
1.5 1e-07 0.34491919 0.086340491 0.17206986 0.86874648
1.5 1e-08 0.35031001 0.080823738 0.0034394904 0.85615269
1.5 2.5118864e-05 0.33871681 0.077654867 0 0.0
1.5 2.5118864e-06 0.34434278 0.081678197 0 0.0
1.5 2.5118864e-07 0.34499557 0.073294951 0.089397343 0.85997348
1.5 2.5118864e-08 0.34181979 0.077263671 0.020082607 0.8525448
1.5 3.1622777e-05 0.33859493 0.077812361 0 0.0
1.5 3.1622777e-06 0.35120107 0.080960854 0 0.0
1.5 3.1622777e-07 0.34324384 0.076325716 0.047913421 0.87644525
1.5 3.1622777e-08 0.3439575 0.078795927 0.029847472 0.86740201
1.5 3.1622777e-09 0.33627928 0.08174989 0.0003106849 0.85675082
1.5 3.9810717e-06 0.3526527 0.08002675 0 0.0
1.5 3.9810717e-07 0.35093168 0.084738243 0.01553387 0.92058749
1.5 3.9810717e-08 0.34546658 0.080520627 0.045002745 0.83921548
1.5 3.9810717e-09 0.33762201 0.078970719 0.00054458594 0.88161466
1.5 5.0118723e-06 0.34194831 0.081731831 0 0.0
1.5 5.0118723e-07 0.33393097 0.081129538 0.0023083329 0.84673117
1.5 5.0118723e-08 0.35197149 0.087101804 0.067753806 0.87443572
1.5 5.0118723e-09 0.34678492 0.079157428 0.00076045432 0.91685172
1.5 6.3095734e-06 0.35368561 0.08348135 0 0.0
1.5 6.3095734e-07 0.35334668 0.082054703 0.00018900362 0.74960464
1.5 6.3095734e-08 0.34328028 0.077365164 0.092421801 0.86041654
1.5 6.3095734e-09 0.34736139 0.080828323 0.0013126689 0.82545376
1.5 7.9432823e-06 0.34363799 0.072356631 0 0.0
1.5 7.9432823e-07 0.34068844 0.081421006 9.6659103e-07 0.83506784
1.5 7.9432823e-08 0.34786438 0.078599736 0.12822615 0.87386392
1.5 7.9432823e-09 0.33546678 0.078128448 0.0020479122 0.87912405
1.6 1.2589254e-06 0.33710608 0.084110075 2.6099162e-15 0.99999387
1.6 1.2589254e-07 0.34180853 0.080256467 0.17942772 0.86667436
1.6 1.2589254e-08 0.34805771 0.07991121 0.0060903298 0.82902681
1.6 1.5848932e-06 0.34788389 0.079769555 2.5713856e-24 0.99995925
1.6 1.5848932e-07 0.35504669 0.08181414 0.1629671 0.89049495
1.6 1.5848932e-08 0.35102853 0.082503871 0.0093224821 0.86371378
1.6 1.9952623e-06 0.33585096 0.079808661 5.4063294e-36 1
1.6 1.9952623e-07 0.34379802 0.074862788 0.13178509 0.88284034
1.6 1.9952623e-08 0.35118251 0.079651941 0.014822297 0.87737463
1.6 1e-06 0.34994438 0.081868743 1.8576575e-10 0.79779715
1.6 1e-07 0.34823789 0.082378855 0.17307697 0.82891487
1.6 1e-08 0.33667558 0.080213904 0.0039931165 0.88931944
1.6 2.5118864e-06 0.34384018 0.076137625 0 0.0
1.6 2.5118864e-07 0.3496797 0.07974376 0.07675403 0.84158502
1.6 2.5118864e-08 0.35468304 0.080280763 0.022486177 0.85514895
1.6 3.1622777e-06 0.34113491 0.08434533 0 0.0
1.6 3.1622777e-07 0.35562988 0.078483835 0.034866865 0.89732123
1.6 3.1622777e-08 0.3508348 0.076889279 0.034641782 0.85735025
1.6 3.1622777e-09 0.34167215 0.078779899 0.00039981022 0.87289034
1.6 3.9810717e-08 0.35075288 0.083923826 0.054021504 0.87192311
1.6 3.9810717e-09 0.34308979 0.078785211 0.00062985034 0.87982779
1.6 5.0118723e-07 0.34377067 0.072767365 0.00097383468 0.79284872
1.6 5.0118723e-08 0.34323725 0.072727273 0.072334657 0.92033423
1.6 5.0118723e-09 0.34701081 0.083829693 0.00099562977 0.86935447
1.6 6.3095734e-07 0.35668508 0.076022099 5.5559161e-05 0.96155398
1.6 6.3095734e-08 0.33896046 0.070635273 0.10946803 0.86154792
1.6 6.3095734e-09 0.3518847 0.079157428 0.0015742158 0.85528499
1.6 7.9432823e-07 0.34681182 0.07953788 5.4644947e-07 0.84952544
1.6 7.9432823e-08 0.34875523 0.074465741 0.14468107 0.86726711
1.6 7.9432823e-09 0.33799069 0.085606565 0.002417599 0.85317762
1.7 1.2589254e-07 0.35273212 0.07552199 0.17028785 0.8916015
1.7 1.2589254e-08 0.35532995 0.077024939 0.006909367 0.83437993
1.7 1.5848932e-06 0.3603383 0.07700868 6.9462709e-28 1
1.7 1.5848932e-07 0.35651214 0.085651214 0.14869123 0.86380675
1.7 1.5848932e-08 0.34869432 0.080096555 0.010945002 0.8294651
1.7 1.9952623e-06 0.35939582 0.081075078 8.4131656e-44 1
1.7 1.9952623e-07 0.35500995 0.080513161 0.10877257 0.87903619
1.7 1.9952623e-08 0.35123142 0.073663191 0.015267513 0.84246661
1.7 1e-06 0.35994707 0.079620644 4.8825598e-12 0.97793027
1.7 1e-07 0.35237884 0.083815029 0.17007169 0.84796319
1.7 1e-08 0.36147234 0.074718977 0.0045840791 0.87556857
1.7 2.5118864e-06 0.3638171 0.076872101 0 0.0
1.7 2.5118864e-08 0.36365653 0.079210118 0.024570528 0.81590242
1.7 3.1622777e-06 0.36164994 0.078929766 0 0.0
1.7 3.1622777e-07 0.36533333 0.077111111 0.021108534 0.88117865
1.7 3.1622777e-08 0.34546261 0.079210118 0.03919701 0.87432612
1.7 3.1622777e-09 0.36127168 0.076478435 0.0004660301 0.83768761
1.7 3.9810717e-07 0.35204991 0.086898396 0.0045007407 0.84073231
1.7 3.9810717e-08 0.36525368 0.085438173 0.058544261 0.82852128
1.7 3.9810717e-09 0.34146341 0.066681584 0.00074579308 0.81875637
1.7 5.0118723e-07 0.35525439 0.0826483 0.00031015535 0.95517128
1.7 5.0118723e-09 0.36083389 0.083610557 0.0010834288 0.86871928
1.7 6.3095734e-07 0.36286543 0.081455032 7.0699354e-06 0.92977078
1.7 6.3095734e-08 0.35367762 0.07690588 0.11939071 0.85811946
1.7 6.3095734e-09 0.3591954 0.084217507 0.0018416775 0.82077459
1.7 7.9432823e-08 0.35184775 0.078335915 0.15296471 0.89018074
1.7 7.9432823e-09 0.36556291 0.086534216 0.0028253783 0.86264114
1.8 1.2589254e-06 0.33820004 0.073436479 2.8724177e-18 0.99078377
1.8 1.2589254e-07 0.33407276 0.074090506 0.1751211 0.89534932
1.8 1.2589254e-08 0.34319527 0.071663379 0.0075284981 0.8524172
1.8 1.5848932e-06 0.34256592 0.069355196 4.4471712e-32 0.99999082
1.8 1.5848932e-07 0.34178611 0.068357222 0.14818372 0.86992658
1.8 1.5848932e-08 0.34691167 0.085012176 0.011569384 0.85173518
1.8 1.9952623e-06 0.34842823 0.077159815 2.6357186e-44 1
1.8 1.9952623e-07 0.35575027 0.072946331 0.11139556 0.93353347
1.8 1.9952623e-08 0.3482024 0.075454949 0.017443714 0.92107693
1.8 1e-06 0.35034088 0.073674951 1.6255852e-12 0.8686919
1.8 1e-07 0.33537653 0.069614711 0.17586276 0.91740798
1.8 1e-08 0.33863486 0.06781533 0.0046825391 0.84776995
1.8 2.5118864e-06 0.35347299 0.082028666 0 0.0
1.8 2.5118864e-07 0.3437014 0.071317485 0.049992606 0.92006067
1.8 2.5118864e-08 0.34645147 0.075392439 0.027578559 0.87079102
1.8 3.1622777e-06 0.33487961 0.071128783 0 0.0
1.8 3.1622777e-07 0.34769163 0.076430307 0.016771432 0.94412406
1.8 3.1622777e-08 0.32972854 0.070624586 0.04144026 0.86483099
1.8 3.1622777e-09 0.34168865 0.073438874 0.00048342311 0.8158698
1.8 3.9810717e-07 0.34433443 0.073047305 0.0036025804 0.87329441
1.8 3.9810717e-08 0.34266814 0.06923925 0.062742248 0.88084212
1.8 3.9810717e-09 0.35820896 0.074187884 0.00073966505 0.85535305
1.8 5.0118723e-07 0.35157802 0.080556169 0.00016584758 0.96486977
1.8 5.0118723e-08 0.34738468 0.070183183 0.10033573 0.84724795
1.8 5.0118723e-09 0.33458398 0.074597219 0.0011965043 0.83073078
1.8 6.3095734e-07 0.353471 0.071836555 8.773787e-06 0.90431546
1.8 6.3095734e-08 0.33784669 0.076217515 0.12108343 0.81726074
1.8 6.3095734e-09 0.35148296 0.075033201 0.0018696911 0.85762423
1.8 7.9432823e-08 0.35056968 0.077782647 0.1519323 0.87281392
1.8 7.9432823e-09 0.34390244 0.068957871 0.0028025607 0.87549384
1.9 1.2589254e-06 0.31145403 0.064116496 9.6848455e-19 0.9998261
1.9 1.2589254e-07 0.30426315 0.062540576 0.17199161 0.89302466
1.9 1.2589254e-08 0.31864554 0.067505969 0.0071331905 0.84092714
1.9 1.5848932e-06 0.30742434 0.063575005 3.7294847e-31 0.0076129915
1.9 1.5848932e-07 0.30709004 0.069812962 0.15115667 0.85532576
1.9 1.5848932e-08 0.30093499 0.063057186 0.010211712 0.86811169
1.9 1.9952623e-06 0.30049902 0.06313734 9.4816381e-45 0.99288979
1.9 1.9952623e-07 0.315 0.064130435 0.093666391 0.91271432
1.9 1.9952623e-08 0.30737527 0.064425163 0.018646237 0.85099832
1.9 1e-06 0.30658839 0.063057186 1.5442793e-13 0.92245438
1.9 1e-08 0.28835289 0.056931769 0.0047360875 0.84164008
1.9 2.5118864e-06 0.30828389 0.066578774 0 0.0
1.9 2.5118864e-07 0.31837885 0.065669701 0.05478363 0.93253549
1.9 2.5118864e-08 0.31168831 0.058874459 0.028420357 0.89406069
1.9 3.1622777e-06 0.30196842 0.063378758 0 0.0
1.9 3.1622777e-07 0.31356849 0.064488206 0.018180541 0.87302697
1.9 3.1622777e-08 0.31031506 0.059775572 0.040948561 0.84490189
1.9 3.1622777e-09 0.30795848 0.064013841 0.00045356284 0.9128495
1.9 3.9810717e-07 0.30590534 0.062961355 0.0039420985 0.75822603
1.9 3.9810717e-09 0.30512153 0.063802083 0.00074490461 0.87739568
1.9 5.0118723e-07 0.32533275 0.070259655 0.00040667502 0.93492559
1.9 5.0118723e-08 0.29978402 0.064362851 0.087999774 0.81741678
1.9 5.0118723e-09 0.31406926 0.063636364 0.0010985127 0.91119952
1.9 6.3095734e-07 0.30455531 0.062255965 2.5076154e-06 0.85717678
1.9 6.3095734e-08 0.30558574 0.064551185 0.12073471 0.85186858
1.9 6.3095734e-09 0.30571863 0.065666449 0.0019798951 0.84562689
1.9 7.9432823e-07 0.31325823 0.067157712 1.9920075e-08 0.89212093
1.9 7.9432823e-08 0.32356158 0.067818858 0.15218161 0.90479722
1.9 7.9432823e-09 0.30917759 0.064362336 0.0028941679 0.8239556
2 1.2589254e-06 0.32421875 0.068793403 2.0137584e-23 0.89644819
2 1.2589254e-07 0.31682304 0.066768492 0.163416 0.8958644
2 1.2589254e-08 0.31653578 0.069808028 0.0085301154 0.88562747
2 1.5848932e-06 0.31620209 0.06489547 9.3008916e-34 0.99989871
2 1.5848932e-07 0.31470204 0.0630709 0.13235249 0.93484051
2 1.5848932e-08 0.32695236 0.067217751 0.012027996 0.85372681
2 1.9952623e-06 0.32360627 0.06380662 0 0.0
2 1.9952623e-07 0.32811821 0.069969578 0.083558255 0.91736864
2 1.9952623e-08 0.33210091 0.065680731 0.020624212 0.84206536
2 1e-06 0.31983453 0.066840845 1.7482563e-14 0.99934848
2 1e-07 0.32556112 0.069514055 0.17345568 0.86184927
2 1e-08 0.31345566 0.056138052 0.0058405832 0.90382068
2 2.5118864e-06 0.31543183 0.065103025 0 0.0
2 2.5118864e-07 0.32583784 0.068108108 0.037374906 0.88989768
2 2.5118864e-08 0.32495629 0.063155594 0.029306965 0.90762603
2 3.1622777e-06 0.32368819 0.067587994 0 0.0
2 3.1622777e-07 0.33036103 0.062853415 0.01375916 0.9025351
2 3.1622777e-08 0.31728045 0.06537372 0.051073184 0.86377183
2 3.9810717e-07 0.32696483 0.07273122 0.0019322332 0.83885132
2 3.9810717e-09 0.33870968 0.067785527 0.00084160524 0.85629342
2 5.0118723e-07 0.32614379 0.066230937 9.1536655e-05 0.76973027
2 5.0118723e-08 0.34174462 0.06787035 0.09921658 0.84501828
2 5.0118723e-09 0.3244425 0.065588107 0.0013943089 0.8355803
2 6.3095734e-07 0.31706788 0.062025591 1.0045097e-06 0.97438849
2 6.3095734e-08 0.33246244 0.06727629 0.12096451 0.88319813
2 6.3095734e-09 0.3277512 0.066333188 0.0020458553 0.83263584
2 7.9432823e-07 0.32163999 0.065336549 1.7820883e-10 0.99753547
2 7.9432823e-08 0.32943723 0.066450216 0.16559737 0.86746755
2 7.9432823e-09 0.32662338 0.061255411 0.0033891073 0.83949093
2.1 1.2589254e-06 0.33391532 0.067219555 8.8963593e-24 0.056182358
2.1 1.2589254e-07 0.33931273 0.068078669 0.1741488 0.8954996
2.1 1.2589254e-08 0.34807232 0.072533217 0.0089810192 0.83601211
2.1 1.5848932e-06 0.34154316 0.061246731 4.9952382e-37 0.99999423
2.1 1.5848932e-07 0.33065567 0.067737733 0.11036642 0.89605209
2.1 1.5848932e-08 0.32454228 0.064298169 0.014257886 0.80495542
2.1 1.9952623e-06 0.33406401 0.068829461 0 0.0
2.1 1.9952623e-07 0.33129371 0.065559441 0.075016925 0.85063845
2.1 1.9952623e-08 0.3358209 0.072212467 0.023730886 0.82365755
2.1 1e-06 0.32603986 0.06152513 5.6339653e-17 0.97615738
2.1 1e-07 0.33544304 0.062418158 0.17895587 0.90149725
2.1 1e-08 0.33457006 0.069402008 0.0058508363 0.9101772
2.1 2.5118864e-06 0.33275337 0.066550674 0 0.0
2.1 2.5118864e-08 0.33405593 0.064600043 0.0341447 0.86270487
2.1 3.1622777e-06 0.32874918 0.069417158 0 0.0
2.1 3.1622777e-07 0.32757867 0.057692308 0.0068995024 0.94711956
2.1 3.1622777e-08 0.33223612 0.067368883 0.04792603 0.87855553
2.1 3.1622777e-09 0.33187102 0.071726256 0.00061468458 0.80129776
2.1 3.9810717e-07 0.32347864 0.069054812 0.00058790754 0.85506042
2.1 3.9810717e-08 0.33911159 0.07063922 0.07527137 0.83059406
2.1 5.0118723e-07 0.32983377 0.057742782 2.6658455e-05 0.72022117
2.1 5.0118723e-08 0.32154551 0.063959834 0.10476844 0.88261213
2.1 5.0118723e-09 0.32287582 0.064923747 0.0015850408 0.89429251
2.1 6.3095734e-07 0.33516122 0.068216714 3.425466e-07 0.6647562
2.1 6.3095734e-08 0.33299824 0.061824579 0.12675698 0.86897295
2.1 6.3095734e-09 0.33435115 0.06346783 0.0023937713 0.83220461
2.1 7.9432823e-07 0.3245595 0.060691755 4.283126e-11 0.99988632
2.1 7.9432823e-08 0.33588957 0.066170026 0.16486986 0.84459534
2.2 1.2589254e-06 0.33756012 0.063839091 8.9417384e-28 0.97764234
2.2 1.2589254e-07 0.34737766 0.07044108 0.14362432 0.90720212
2.2 1.2589254e-08 0.34197233 0.072918955 0.010381081 0.86977022
2.2 1.5848932e-06 0.34741886 0.068176868 6.0272139e-41 1
2.2 1.5848932e-07 0.34282609 0.064565217 0.11109254 0.89568786
2.2 1.5848932e-08 0.3331871 0.061197631 0.016072527 0.90204387
2.2 1.9952623e-06 0.3368329 0.066272966 0 0.0
2.2 1.9952623e-07 0.33428072 0.062527328 0.062456646 0.84642821
2.2 1.9952623e-08 0.33033363 0.059920983 0.025281108 0.79663769
2.2 1e-06 0.32998691 0.065910083 9.2512655e-18 0.99998222
2.2 1e-07 0.34018365 0.067337123 0.17665921 0.88621699
2.2 1e-08 0.33107369 0.065383774 0.0065629717 0.88821301
2.2 2.5118864e-06 0.33858958 0.062855891 0 0.0
2.2 2.5118864e-07 0.3435931 0.0681074 0.023055166 0.86694493
2.2 2.5118864e-08 0.34101783 0.067420618 0.035221348 0.86558176
2.2 3.1622777e-06 0.3313687 0.065051299 0 0.0
2.2 3.1622777e-07 0.32262997 0.058540848 0.005104151 0.87175375
2.2 3.1622777e-08 0.33369684 0.06608506 0.059352038 0.83366364
2.2 3.1622777e-09 0.34169211 0.06432621 0.00070774609 0.88900263
2.2 3.9810717e-07 0.33041192 0.070113935 0.00067649773 0.84692447
2.2 3.9810717e-08 0.33727551 0.065922032 0.083389286 0.86670996
2.2 5.0118723e-07 0.34151688 0.07189829 1.0504649e-05 0.86578237
2.2 5.0118723e-08 0.34043488 0.060839007 0.11700037 0.82266522
2.2 5.0118723e-09 0.34072935 0.063488576 0.0016803845 0.84874446
2.2 6.3095734e-08 0.34600348 0.066246742 0.1504418 0.88209166
2.2 6.3095734e-09 0.33741794 0.071334792 0.00286352 0.82450586
2.2 7.9432823e-07 0.3396185 0.062047797 6.2571704e-12 0.98792705
2.2 7.9432823e-08 0.33655961 0.065552134 0.17370228 0.87867745
2.2 7.9432823e-09 0.33296824 0.067250821 0.0040170657 0.89549464
2.3 1.2589254e-06 0.33550489 0.05732899 6.5606699e-30 0.99999979
2.3 1.2589254e-07 0.33087117 0.0569194 0.15145152 0.85215504
2.3 1.2589254e-08 0.35414847 0.066375546 0.010712845 0.80486845
2.3 1.5848932e-06 0.34273931 0.062296505 9.0815859e-46 0.87096774
2.3 1.5848932e-07 0.32876414 0.062010444 0.10401451 0.89782352
2.3 1.5848932e-08 0.32651729 0.060691755 0.016809478 0.87251658
2.3 1.9952623e-07 0.33493136 0.062322946 0.057461329 0.83853504
2.3 1.9952623e-08 0.32670889 0.062895829 0.024726457 0.83816606
2.3 1e-06 0.34680061 0.060930334 8.9696089e-19 0.73057693
2.3 1e-07 0.33509003 0.064339043 0.16918003 0.91033336
2.3 1e-08 0.34178876 0.065821124 0.006618076 0.88455226
2.3 2.5118864e-06 0.3307121 0.062472696 0 0.0
2.3 2.5118864e-07 0.3426771 0.07192525 0.020704355 0.90878345
2.3 2.5118864e-08 0.34116356 0.063446762 0.03958479 0.87034736
2.3 3.1622777e-06 0.33071382 0.063086662 0 0.0
2.3 3.1622777e-07 0.33920417 0.067840835 0.0030633244 0.93819418
2.3 3.1622777e-08 0.34253176 0.060884801 0.059129848 0.84119765
2.3 3.1622777e-09 0.34220779 0.065151515 0.00064766629 0.85956214
2.3 3.9810717e-07 0.34020842 0.060573165 0.0003865915 0.90738561
2.3 3.9810717e-08 0.34773076 0.0668713 0.081983943 0.83095454
2.3 3.9810717e-09 0.34049551 0.070379303 0.001161207 0.81189436
2.3 5.0118723e-07 0.34613706 0.072239197 3.640279e-06 0.99125742
2.3 5.0118723e-08 0.34557046 0.06748736 0.11790267 0.86179562
2.3 5.0118723e-09 0.32927095 0.064417845 0.0017319044 0.85610154
2.3 6.3095734e-07 0.32799122 0.064324918 3.8908828e-09 0.72076509
2.3 6.3095734e-08 0.33436055 0.070217918 0.14610848 0.85331942
2.3 6.3095734e-09 0.33166703 0.064551185 0.0026771828 0.85442615
2.3 7.9432823e-07 0.33376963 0.061736475 1.4771249e-13 0.99999401
2.3 7.9432823e-08 0.33470626 0.057663126 0.16454501 0.88954115
2.3 7.9432823e-09 0.33857236 0.069635451 0.0041508899 0.8682991
2.4 1.2589254e-06 0.34493192 0.060082127 1.0824668e-34 0.98991982
2.4 1.2589254e-07 0.3483829 0.066637725 0.14194404 0.90138531
2.4 1.2589254e-08 0.33984375 0.063151042 0.012359951 0.86866014
2.4 1.5848932e-06 0.33853828 0.065495554 0 0.0
2.4 1.5848932e-07 0.35080121 0.069727155 0.092636941 0.87704395
2.4 1.5848932e-08 0.33870266 0.063996517 0.017825295 0.89187063
2.4 1.9952623e-06 0.34030501 0.069498911 0 0.0
2.4 1.9952623e-07 0.32363271 0.060210738 0.053886029 0.86547861
2.4 1.9952623e-08 0.33744222 0.070658155 0.029915712 0.83673031
2.4 1e-07 0.34096916 0.069162996 0.17099328 0.89775341
2.4 1e-08 0.345953 0.063098346 0.007806893 0.81543081
2.4 2.5118864e-06 0.34472997 0.066419861 0 0.0
2.4 2.5118864e-07 0.34381139 0.060030561 0.013234848 0.80752384
2.4 2.5118864e-08 0.34216867 0.065498357 0.044756076 0.84474496
2.4 3.1622777e-06 0.34394766 0.06695747 0 0.0
2.4 3.1622777e-07 0.3352954 0.062132112 0.002483621 0.8322672
2.4 3.1622777e-08 0.34160679 0.061833224 0.058971253 0.87735841
2.4 3.1622777e-09 0.34188778 0.058286211 0.00072698591 0.88209793
2.4 3.9810717e-07 0.32941176 0.062745098 0.00011931216 0.97836723
2.4 3.9810717e-08 0.32272826 0.057528873 0.099236098 0.88844552
2.4 3.9810717e-09 0.34517107 0.063663924 0.001253607 0.86820784
2.4 5.0118723e-07 0.32828283 0.059403559 2.6913605e-06 0.68130817
2.4 5.0118723e-08 0.3449858 0.06336028 0.11854341 0.88500337
2.4 5.0118723e-09 0.34607822 0.062486345 0.0021173205 0.83327177
2.4 6.3095734e-07 0.33665511 0.052209705 3.5113965e-09 0.99744841
2.4 6.3095734e-08 0.33581599 0.064622125 0.14445037 0.88934862
2.4 6.3095734e-09 0.33609777 0.062636403 0.003089362 0.89130741
2.4 7.9432823e-07 0.33471797 0.060778312 9.2993969e-14 0.99097653
2.4 7.9432823e-08 0.33954496 0.065872156 0.16544037 0.89408525
2.4 7.9432823e-09 0.333041 0.067967551 0.0049461416 0.890133
2.5 1.2589254e-06 0.34396156 0.064861323 1.4476637e-33 1
2.5 1.2589254e-07 0.33428571 0.061758242 0.13688615 0.83839806
2.5 1.2589254e-08 0.34187663 0.062337098 0.012992611 0.82456635
2.5 1.5848932e-06 0.32558649 0.058101294 0 0.0
2.5 1.5848932e-07 0.34380416 0.061308492 0.088841898 0.87979135
2.5 1.5848932e-08 0.33036103 0.061548499 0.019790121 0.89237257
2.5 1.9952623e-06 0.33071775 0.058389107 0 0.0
2.5 1.9952623e-07 0.34172818 0.056013895 0.042040808 0.88621773
2.5 1.9952623e-08 0.35779221 0.062987013 0.029166863 0.8140257
2.5 1e-06 0.32387604 0.055870799 1.1020084e-21 0.20321314
2.5 1e-07 0.3463052 0.063839091 0.16872268 0.90365124
2.5 1e-08 0.33413252 0.058849172 0.0090206509 0.87126573
2.5 2.5118864e-06 0.33006749 0.062050947 0 0.0
2.5 2.5118864e-07 0.32907279 0.053076256 0.010736856 0.82383777
2.5 2.5118864e-08 0.33296824 0.059802848 0.046127483 0.83003176
2.5 3.1622777e-06 0.34891851 0.06751147 0 0.0
2.5 3.1622777e-07 0.33048246 0.057017544 0.0011605712 0.91981569
2.5 3.1622777e-08 0.34623749 0.057416268 0.068945401 0.86599028
2.5 3.1622777e-09 0.3475652 0.060927764 0.00079657277 0.88028289
2.5 3.9810717e-07 0.33793254 0.05738064 5.8487324e-05 0.98637984
2.5 3.9810717e-08 0.32780807 0.056270447 0.092353376 0.84609991
2.5 3.9810717e-09 0.33911911 0.059231938 0.0011964819 0.91055449
2.5 5.0118723e-07 0.33887916 0.052977233 5.8148221e-07 0.74109386
2.5 5.0118723e-08 0.33442195 0.062704115 0.13023798 0.80023632
2.5 5.0118723e-09 0.34543863 0.059068038 0.0021222241 0.85275102
2.5 6.3095734e-07 0.33893863 0.058528063 3.3249058e-10 0.95423744
2.5 6.3095734e-08 0.34553377 0.059694989 0.15736081 0.86935616
2.5 6.3095734e-09 0.34479737 0.071631982 0.0032730778 0.85361637
2.5 7.9432823e-07 0.35392647 0.066565151 1.8016769e-15 0.91679159
2.5 7.9432823e-08 0.32667837 0.067573497 0.16935702 0.87143376
2.5 7.9432823e-09 0.34545455 0.058269441 0.005106739 0.84236041
2.6 1.2589254e-06 0.33064692 0.058157264 1.2941074e-38 1
2.6 1.2589254e-07 0.32891016 0.054600827 0.13802807 0.90082482
2.6 1.2589254e-08 0.34763762 0.063935847 0.014230487 0.86465063
2.6 1.5848932e-06 0.33340635 0.058926616 0 0.0
2.6 1.5848932e-07 0.3455818 0.058617673 0.080597794 0.9137666
2.6 1.5848932e-08 0.32397126 0.062921838 0.021015933 0.90649497
2.6 1.9952623e-06 0.33071382 0.059375682 0 0.0
2.6 1.9952623e-07 0.34079062 0.05799305 0.03417201 0.81555227
2.6 1.9952623e-08 0.32572298 0.058056099 0.029537844 0.87787918
2.6 1e-06 0.33246073 0.061082024 1.2246622e-23 0.999884
2.6 1e-07 0.33166594 0.0630709 0.16923502 0.87341438
2.6 1e-08 0.35029482 0.064642935 0.0081291868 0.82450917
2.6 2.5118864e-06 0.33557192 0.063041594 0 0.0
2.6 2.5118864e-07 0.33871672 0.057835007 0.0088551413 0.85307898
2.6 2.5118864e-08 0.34624592 0.055495103 0.045168101 0.83123943
2.6 3.1622777e-06 0.3380829 0.058721934 0 0.0
2.6 3.1622777e-07 0.34397394 0.054940282 0.0012356821 0.86965847
2.6 3.1622777e-08 0.33391116 0.058504875 0.068296826 0.84864914
2.6 3.1622777e-09 0.34799192 0.059232668 0.0007833912 0.86612474
2.6 3.9810717e-07 0.35126859 0.062554681 4.4405131e-05 0.90372647
2.6 3.9810717e-08 0.34647303 0.060165975 0.099891106 0.85528624
2.6 5.0118723e-07 0.33020924 0.054054054 2.5489049e-07 0.54530973
2.6 5.0118723e-08 0.33318787 0.062622736 0.1327156 0.89283627
2.6 5.0118723e-09 0.35190807 0.059843886 0.0019646388 0.87401278
2.6 6.3095734e-07 0.34006143 0.064721369 3.653244e-11 0.94117405
2.6 6.3095734e-08 0.34170306 0.059170306 0.1649603 0.82255981
2.6 6.3095734e-09 0.34624644 0.06106369 0.0031188332 0.86565932
2.6 7.9432823e-07 0.33019488 0.056930151 1.0622831e-15 0.99999298
2.6 7.9432823e-09 0.35618839 0.059802848 0.005253844 0.90038282
2.7 1.2589254e-06 0.33057671 0.059194777 1.7519948e-37 1
2.7 1.2589254e-07 0.33218217 0.05719836 0.12474728 0.87072414
2.7 1.2589254e-08 0.34465599 0.059714409 0.013285183 0.87304605
2.7 1.5848932e-06 0.32968237 0.057174151 0 0.0
2.7 1.5848932e-07 0.33862204 0.055422734 0.071392536 0.90545269
2.7 1.5848932e-08 0.33109571 0.059549589 0.021783423 0.85612836
2.7 1.9952623e-06 0.32585004 0.056233653 0 0.0
2.7 1.9952623e-07 0.32773659 0.060183166 0.036552602 0.89507153
2.7 1.9952623e-08 0.33085664 0.056818182 0.029299235 0.83670566
2.7 1e-06 0.32669148 0.054959492 2.791915e-26 0.39601789
2.7 1e-07 0.33136702 0.058989484 0.15221845 0.87577658
2.7 1e-08 0.34131997 0.065127423 0.0095578774 0.85634573
2.7 2.5118864e-06 0.32740291 0.052722933 0 0.0
2.7 2.5118864e-07 0.32942962 0.054435047 0.0074464897 0.90238338
2.7 2.5118864e-08 0.33515165 0.063277329 0.054166895 0.87566678
2.7 3.1622777e-06 0.32991714 0.059965111 0 0.0
2.7 3.1622777e-07 0.32571429 0.056904762 0.00072039317 0.9503345
2.7 3.1622777e-08 0.34176112 0.058195292 0.072605747 0.88072662
2.7 3.9810717e-07 0.33268059 0.05156658 1.5082406e-05 0.88737214
2.7 3.9810717e-08 0.33515284 0.056768559 0.10058519 0.90200966
2.7 3.9810717e-09 0.32580365 0.052997394 0.0014200144 0.8915555
2.7 5.0118723e-07 0.3199913 0.048727431 2.6350846e-07 0.92298795
2.7 5.0118723e-08 0.32210066 0.057330416 0.1254093 0.8551202
2.7 5.0118723e-09 0.33267673 0.055373167 0.0023549682 0.8228136
2.7 6.3095734e-07 0.34245385 0.058849077 2.2530494e-11 0.91236283
2.7 6.3095734e-08 0.33631407 0.051908397 0.15348978 0.85960414
2.7 6.3095734e-09 0.33678533 0.055016181 0.0036744758 0.87601593
2.7 7.9432823e-08 0.32730015 0.057530705 0.18060965 0.89912197
2.7 7.9432823e-09 0.32988479 0.069833059 0.0056254246 0.84108891
2.8 1.2589254e-06 0.32181864 0.056134112 8.0022787e-40 1
2.8 1.2589254e-07 0.31377662 0.055193394 0.12527498 0.89209631
2.8 1.2589254e-08 0.3320993 0.059015679 0.013772214 0.87134476
2.8 1.5848932e-06 0.32039046 0.053796095 0 0.0
2.8 1.5848932e-07 0.32580855 0.05904059 0.065629984 0.9232266
2.8 1.5848932e-08 0.31512238 0.052666084 0.021173471 0.80948052
2.8 1.9952623e-06 0.32004357 0.051851852 0 0.0
2.8 1.9952623e-07 0.32397737 0.059399478 0.024571152 0.77164917
2.8 1.9952623e-08 0.31395851 0.055099395 0.036280894 0.82632832
2.8 1e-06 0.32394674 0.055882995 4.9978849e-26 0.99996826
2.8 1e-07 0.3226087 0.058043478 0.16633517 0.90455213
2.8 1e-08 0.32313368 0.055338542 0.0092445238 0.84213828
2.8 2.5118864e-06 0.32482699 0.060986159 0 0.0
2.8 2.5118864e-08 0.3223913 0.052173913 0.049389933 0.88035948
2.8 3.1622777e-06 0.33261339 0.057451404 0 0.0
2.8 3.1622777e-07 0.31709439 0.053501522 0.00054828273 0.95104096
2.8 3.1622777e-08 0.31763417 0.057831325 0.070867197 0.8688758
2.8 3.1622777e-09 0.3369415 0.053431598 0.0009593707 0.86185422
2.8 3.9810717e-07 0.32210389 0.05303195 2.1716864e-05 0.7871792
2.8 3.9810717e-08 0.32056799 0.055292599 0.10431562 0.90237544
2.8 5.0118723e-07 0.33217542 0.055579679 2.317447e-08 0.91697019
2.8 5.0118723e-08 0.32110092 0.054390564 0.13210991 0.83834805
2.8 5.0118723e-09 0.31149675 0.052277657 0.0023755057 0.83545667
2.8 6.3095734e-08 0.33166158 0.057784562 0.16394042 0.87578382
2.8 6.3095734e-09 0.31637072 0.051104374 0.0035386388 0.86569647
2.8 7.9432823e-07 0.32388576 0.05214193 9.7277635e-17 0.99999996
2.8 7.9432823e-08 0.33009709 0.056957929 0.18157652 0.84920031
2.8 7.9432823e-09 0.32957258 0.054675635 0.0057630343 0.8539106
2.9 1.2589254e-07 0.33282905 0.049059866 0.11436649 0.91125603
2.9 1.2589254e-08 0.33686486 0.053405405 0.016027609 0.88504282
2.9 1.5848932e-06 0.32038203 0.052962883 0 0.0
2.9 1.5848932e-07 0.32978723 0.059921841 0.070322235 0.92773301
2.9 1.5848932e-08 0.31433506 0.049006908 0.022423173 0.84339623
2.9 1.9952623e-06 0.33622748 0.05686998 0 0.0
2.9 1.9952623e-07 0.33173601 0.056414724 0.025768697 0.85421066
2.9 1.9952623e-08 0.32073012 0.046936115 0.036001305 0.85540583
2.9 1e-06 0.32162339 0.053240236 2.546047e-28 0.9999993
2.9 1e-07 0.32494031 0.0523117 0.1483648 0.90422253
2.9 1e-08 0.33021332 0.058772312 0.0096310147 0.85705221
2.9 2.5118864e-06 0.33923941 0.054451167 0 0.0
2.9 2.5118864e-07 0.32234273 0.053579176 0.004768644 0.90802338
2.9 2.5118864e-08 0.34935065 0.055627706 0.055213183 0.87100999
2.9 3.1622777e-07 0.32761987 0.05771317 0.00036510161 0.94079773
2.9 3.1622777e-08 0.33492098 0.059753193 0.075728049 0.87188549
2.9 3.1622777e-09 0.33239253 0.05427703 0.00086827963 0.83149397
2.9 3.9810717e-07 0.32234432 0.055375997 1.1426146e-05 0.78375554
2.9 3.9810717e-09 0.32363794 0.054048188 0.0015563809 0.86883244
2.9 5.0118723e-07 0.3238116 0.051460968 2.0067702e-08 0.83720485
2.9 5.0118723e-08 0.33253692 0.056689835 0.1324875 0.87063904
2.9 5.0118723e-09 0.3281114 0.058093995 0.0025280948 0.81951053
2.9 6.3095734e-07 0.32756354 0.053680982 1.4659867e-12 0.16936271
2.9 6.3095734e-08 0.32832571 0.051600261 0.16414944 0.84693365
2.9 6.3095734e-09 0.33043856 0.057533652 0.0035892883 0.87281268
2.9 7.9432823e-07 0.32832898 0.047867711 6.1424142e-17 0.0072648478
2.9 7.9432823e-08 0.32417226 0.054533651 0.17349692 0.85298331
