10 3.1622777e-07 0.00022522523 0 0.0 0.0
10 5.0118723e-09 0.00021463833 0 0.0 0.0
1.4 1.2589254e-05 0.039740821 0.0017278618 0 0.0
1.4 1.2589254e-06 0.035481062 0.00065302569 0 0.0
1.4 1.2589254e-07 0.027795874 0.0006514658 0.058491295 1
1.4 1.2589254e-08 0.042332613 0.00064794816 0 0.0
1.4 1.5848932e-05 0.037085231 0.0010843635 0 0.0
1.4 1.5848932e-06 0.035235625 0.00086467791 6.0809987e-33 1
1.4 1.5848932e-07 0.036439014 0.00087279075 0.047839779 1
1.4 1.5848932e-08 0.035451794 0.00064850843 0.010391274 0.22706107
1.4 1.9952623e-05 0.036564258 0.00086542622 0 0.0
1.4 1.9952623e-07 0.039644714 0.00043327556 0 0.0
1.4 1.9952623e-08 0.036513801 0.00043468811 0.0037761081 1
1.4 1e-05 0.037368881 0.00087412587 0 0.0
1.4 1e-06 0.034626342 0.00087661626 1.0602907e-14 0
1.4 1e-07 0.038896132 0.00043459365 0 0.0
1.4 1e-08 0.035209737 0.00021734406 0.0020743292 1
1.4 2.5118864e-05 0.041439477 0.00043620502 0 0.0
1.4 2.5118864e-07 0.039567568 0.0010810811 0.022728803 0.45297077
1.4 2.5118864e-08 0.033783784 0 0.0 0.0
1.4 3.1622777e-05 0.036277262 0.00043187217 0 0.0
1.4 3.1622777e-06 0.038801906 0.00068073519 0 0.0
1.4 3.1622777e-07 0.041450777 0 0.0 0.0
1.4 3.1622777e-08 0.039670496 0.0010838933 0.014311579 0
1.4 3.1622777e-09 0.039363304 0.00064530006 0.0002381706 0
1.4 3.9810717e-06 0.041284404 0.000218436 0 0.0
1.4 3.9810717e-07 0.037254902 0.00065359477 0 0.0
1.4 3.9810717e-08 0.039578404 0.00064530006 0.011231616 1
1.4 3.9810717e-09 0.037407569 0.00086994345 0.00039552158 0.26280385
1.4 5.0118723e-06 0.031993083 0.00064850843 0 0.0
1.4 5.0118723e-07 0.036304348 0.00086956522 4.1704466e-06 1
1.4 5.0118723e-08 0.037165834 0.00021734406 0 0.0
1.4 5.0118723e-09 0.039011704 0.0010836584 0.000579707 0.32912224
1.4 6.3095734e-06 0.040675032 0.00086542622 0 0.0
1.4 6.3095734e-07 0.039567568 0.0012972973 3.1193886e-10 1.3623565e-06
1.4 6.3095734e-08 0.039109767 0.00043215212 0.11448395 0
1.4 6.3095734e-09 0.032208923 0.00021762786 0.0024058744 1
1.4 7.9432823e-06 0.035737492 0.0010829543 0 0.0
1.4 7.9432823e-07 0.038712484 0.00065245759 0 0.0
1.4 7.9432823e-08 0.035938515 0.00064949123 0.10756979 0
1.4 7.9432823e-09 0.035205184 0.00086393089 0.0011287216 1
1.5 1.2589254e-05 0.036020206 0.00021963541 0 0.0
1.5 1.2589254e-06 0.037620297 0.00043744532 2.4435591e-26 0
1.5 1.2589254e-07 0.035776997 0.0010974539 0.045879588 1
1.5 1.2589254e-08 0.03441473 0.00065760631 0.006848208 0
1.5 1.5848932e-05 0.042692224 0.0010890873 0 0.0
1.5 1.5848932e-06 0.040437158 0.00021857923 0 0.0
1.5 1.5848932e-07 0.03850361 0.0013126231 0.056523597 0
1.5 1.5848932e-08 0.044854881 0.00021987687 0 0.0
1.5 1.9952623e-05 0.033092264 0 0.0 0.0
1.5 1.9952623e-06 0.041071821 0 0.0 0.0
1.5 1.9952623e-07 0.038554217 0.0010952903 0.013873375 0
1.5 1.9952623e-08 0.040691315 0.00043754102 0.044295356 0
1.5 1e-05 0.035722113 0.00087661626 0 0.0
1.5 1e-06 0.038342882 0.00066108418 2.0136309e-28 0
1.5 1e-08 0.035409836 0.00021857923 0.0041013514 0
1.5 2.5118864e-05 0.045129095 0.001084834 0 0.0
1.5 2.5118864e-06 0.039660057 0.0002179124 0 0.0
1.5 2.5118864e-07 0.040421793 0.00065905097 0.04948246 0
1.5 2.5118864e-08 0.041483758 0.00087796313 0.02318057 0.3507577
1.5 3.1622777e-05 0.040401834 0.00043677659 0 0.0
1.5 3.1622777e-06 0.038961039 0.00066035659 0 0.0
1.5 3.1622777e-07 0.035947712 0.00021786492 0 0.0
1.5 3.1622777e-08 0.037190987 0.00065631153 0.019981977 0
1.5 3.1622777e-09 0.036407238 0.00021800741 0 0.0
1.5 3.9810717e-06 0.041401972 0.00065717415 0 0.0
1.5 3.9810717e-07 0.041071821 0.00065890622 0.0015954175 1
1.5 3.9810717e-08 0.038856145 0.0008731718 0.060291848 1
1.5 3.9810717e-09 0.040637972 0.00065545117 0.00038293633 0
1.5 5.0118723e-06 0.037110233 0.0008783487 0 0.0
1.5 5.0118723e-07 0.039120879 0.0010989011 1.0873487e-07 0
1.5 5.0118723e-08 0.041416011 0.00023137436 0 0.0
1.5 5.0118723e-09 0.036980306 0.00065645514 0 0.0
1.5 6.3095734e-06 0.041457561 0.0010909884 0 0.0
1.5 6.3095734e-07 0.035581751 0.0010914647 1.0086135e-06 1
1.5 6.3095734e-08 0.036054896 0.00023261224 0 0.0
1.5 6.3095734e-09 0.042785418 0.0004365859 0.0021435082 1
1.5 7.9432823e-06 0.033412888 0.00065090041 0 0.0
1.5 7.9432823e-07 0.037037037 0.0010893246 6.6990258e-17 0
1.5 7.9432823e-08 0.038066069 0.00043754102 0.11176126 1
1.5 7.9432823e-09 0.048486178 0.0024133392 0.0006857033 1
1.6 1.2589254e-06 0.034618755 0.0010955302 2.8025969e-46 0
1.6 1.2589254e-07 0.040384196 0.00065487885 0.01980092 0
1.6 1.2589254e-08 0.038368779 0.0010962508 0.0030795014 0
1.6 1.5848932e-06 0.03783902 0.00043744532 0 0.0
1.6 1.5848932e-07 0.038884007 0.00043936731 0.041144166 1
1.6 1.5848932e-08 0.039867841 0.00044052863 0.016186572 0.34429278
1.6 1.9952623e-06 0.041511092 0.00021963541 0 0.0
1.6 1.9952623e-07 0.033435315 0.00065559441 0 0.0
1.6 1.9952623e-08 0.036671058 0.0008783487 0.020525839 0
1.6 1e-06 0.035433071 0.00021872266 5.6904408e-37 0
1.6 1e-07 0.036899563 0.00065502183 0.074039951 1
1.6 1e-08 0.033449934 0.00043725404 0 0.0
1.6 2.5118864e-06 0.036601307 0.0013071895 0 0.0
1.6 2.5118864e-07 0.041858426 0.0010957703 0.017612642 0.77461706
1.6 2.5118864e-08 0.033492823 0.00086994345 0.026055358 0
1.6 3.1622777e-06 0.034641526 0.00043850033 0 0.0
1.6 3.1622777e-07 0.036582694 0.00065717415 0.00095625204 0.39735387
1.6 3.1622777e-08 0.039545554 0.00043696745 0 0.0
1.6 3.1622777e-09 0.038904586 0.00065203217 0.00010751294 1
1.6 3.9810717e-07 0.037982973 0.00065487885 0.00036107264 1
1.6 3.9810717e-08 0.039447732 0.0013149244 0.038213988 1
1.6 3.9810717e-09 0.03927161 0.00087757789 0.00067247896 1
1.6 5.0118723e-07 0.038427948 0.0017467249 1.6113112e-11 0.34674862
1.6 5.0118723e-08 0.033764525 0.00043850033 0.10193937 0
1.6 6.3095734e-07 0.038057743 0.00043744532 3.7388902e-05 3.9903912e-09
1.6 6.3095734e-08 0.040252393 0.00043516101 0.078749433 1
1.6 6.3095734e-09 0.034893993 0.00044169611 0.0016755948 1
1.6 7.9432823e-07 0.036547776 0.00088066931 3.8718101e-16 0
1.6 7.9432823e-08 0.032335591 0.00021848372 0 0.0
1.6 7.9432823e-09 0.038528897 0.0013134851 0.0018350332 0.77279084
1.7 1.2589254e-06 0.0410746 0.0006660746 0 0.0
1.7 1.2589254e-07 0.040311804 0 0.0 0.0
1.7 1.2589254e-08 0.039347194 0.00044712721 0.0069569589 1
1.7 1.5848932e-06 0.042159268 0.0015614544 0 0.0
1.7 1.5848932e-07 0.044460295 0.0014265335 0.026746736 0.95733622
1.7 1.5848932e-08 0.042876284 0.00089325592 0.015689857 0.47169892
1.7 1.9952623e-06 0.043507363 0.0011155734 0 0.0
1.7 1.9952623e-07 0.045668234 0.00067159167 0.045110265 0.99999991
1.7 1.9952623e-08 0.042643447 0.0015628489 0.014727151 0.31924992
1.7 1e-06 0.036347319 0.0006730985 9.3419898e-46 0
1.7 1e-07 0.037714796 0.00044632894 0.10640378 1
1.7 1e-08 0.04671435 0.0013410818 0.0056725157 0.68544952
1.7 2.5118864e-06 0.041825095 0.001118318 0 0.0
1.7 2.5118864e-07 0.040655885 0.0011230907 0.00099506998 0.27813069
1.7 2.5118864e-08 0.03982994 0.00022376371 0 0.0
1.7 3.1622777e-07 0.037900875 0.00089706212 0 0.0
1.7 3.1622777e-08 0.040250447 0.0013416816 0 0.0
1.7 3.1622777e-09 0.038530466 0.00089605735 0.00023012504 1
1.7 3.9810717e-07 0.039946441 0.0013389868 1.7742516e-05 0.047047331
1.7 3.9810717e-08 0.045720721 0.00045045045 0 0.0
1.7 3.9810717e-09 0.0375 0.00022321429 0 0.0
1.7 5.0118723e-07 0.044826048 0.0011150758 3.8188091e-09 4.3035514e-09
1.7 5.0118723e-08 0.042780749 0.0006684492 0.10961088 0
1.7 5.0118723e-09 0.038966823 0.00066800267 0.0012271953 1
1.7 6.3095734e-07 0.044742221 0.0011355894 1.2594342e-11 1
1.7 6.3095734e-08 0.041156841 0.0011123471 0.10467769 0.58316046
1.7 6.3095734e-09 0.04315114 0.00088515158 0.0028600584 0
1.7 7.9432823e-07 0.044876088 0.00066979236 6.974528e-15 1
1.7 7.9432823e-08 0.040725985 0.00022133687 0.17602868 1
1.7 7.9432823e-09 0.039482489 0.00044612982 0 0.0
1.8 1.2589254e-06 0.038367165 0.00022306491 0 0.0
1.8 1.2589254e-07 0.038691134 0.00044218439 0 0.0
1.8 1.2589254e-08 0.041435852 0.0002215821 0 0.0
1.8 1.5848932e-06 0.036056087 0.00066770532 0 0.0
1.8 1.5848932e-07 0.028863233 0.00088809947 0 0.0
1.8 1.5848932e-08 0.038906181 0.0013339262 0.022260401 0
1.8 1.9952623e-06 0.03667263 0.00044722719 0 0.0
1.8 1.9952623e-07 0.035874439 0.00089686099 0.042961631 0.040335912
1.8 1.9952623e-08 0.036512503 0.00066386369 0.012393869 0
1.8 1e-06 0.038744155 0.00044533511 0 0.0
1.8 1e-07 0.038912226 0.00088436878 0.048479445 1
1.8 1e-08 0.038489123 0.0011953144 0.0031824748 0.65632011
1.8 2.5118864e-06 0.037439078 0.00044306602 0 0.0
1.8 2.5118864e-07 0.039116022 0.0008839779 0.009573565 0
1.8 2.5118864e-08 0.038393645 0.0019858782 0.01877642 0.32560492
1.8 3.1622777e-06 0.032757857 0.00044267375 0 0.0
1.8 3.1622777e-07 0.040989084 0.00044553353 0 0.0
1.8 3.1622777e-08 0.041573536 0.00089405454 0.040655161 0.74732999
1.8 3.1622777e-09 0.037702373 0.00044355733 0.0002961251 1
1.8 3.9810717e-07 0.035824856 0.00066342326 1.2093906e-05 0
1.8 3.9810717e-08 0.040874945 0.00088378259 0.094537774 0.36607899
1.8 3.9810717e-09 0.036235662 0.0010427529 0 0.0
1.8 5.0118723e-07 0.037436688 0.00066064743 4.5722988e-14 0
1.8 5.0118723e-08 0.031595228 0.00022094565 0 0.0
1.8 6.3095734e-07 0.039050366 0 0.0 0.0
1.8 6.3095734e-08 0.036163175 0.001323043 0.076195118 0.24117437
1.8 6.3095734e-09 0.037878788 0.0004456328 0.0011574054 0
1.8 7.9432823e-07 0.037735849 0.00022461815 0 0.0
1.8 7.9432823e-08 0.040715884 0.00067114094 0.062133759 0
1.8 7.9432823e-09 0.038472033 0.0010914052 0.00098848424 0
1.9 1.2589254e-06 0.027978142 0.00043715847 0 0.0
1.9 1.2589254e-07 0.036149826 0.00021777003 0 0.0
1.9 1.2589254e-08 0.029958927 0.00024160425 0 0.0
1.9 1.5848932e-06 0.036695232 0.00087892771 0 0.0
1.9 1.5848932e-07 0.031114012 0.00043516101 0 0.0
1.9 1.5848932e-08 0.034512888 0.000218436 0.013509828 1
1.9 1.9952623e-06 0.030609998 0.0013212949 0 0.0
1.9 1.9952623e-07 0.031004367 0.0010917031 0.018245705 1
1.9 1.9952623e-08 0.03713412 0.00065530799 0 0.0
1.9 1e-06 0.032940663 0.00065445026 0 0.0
1.9 1e-07 0.032563256 0.000220022 0 0.0
1.9 1e-08 0.035168196 0.00065530799 0.0011453912 1
1.9 2.5118864e-06 0.030137585 0.0010919415 0 0.0
1.9 2.5118864e-07 0.031693989 0.00087431694 0.0048050368 0.025223821
1.9 2.5118864e-08 0.032166302 0.00021881838 0.029981049 1
1.9 3.1622777e-06 0.035217391 0.00086956522 0 0.0
1.9 3.1622777e-07 0.034716157 0 0.0 0.0
1.9 3.1622777e-08 0.031849913 0.0015270506 0.037659935 0.64410426
1.9 3.1622777e-09 0.028227571 0.00065645514 0.00050090118 1
1.9 3.9810717e-07 0.033092264 0.00087661626 8.0864365e-06 1
1.9 3.9810717e-08 0.034797738 0.00043497173 0.067413613 1
1.9 3.9810717e-09 0.035045712 0.00021767523 0.001204224 0
1.9 5.0118723e-07 0.030927835 0.00087738539 1.5034647e-11 1.3935973e-06
1.9 5.0118723e-08 0.032103079 0.00065516488 0.070816313 0
1.9 5.0118723e-09 0.030708489 0.0010967317 0.0003204254 0
1.9 6.3095734e-07 0.029121962 0.00087584848 3.0192272e-18 1
1.9 6.3095734e-08 0.03019033 0.00021877051 0.28179657 0
1.9 6.3095734e-09 0.025702461 0.00043563494 0.0015220833 0
1.9 7.9432823e-08 0.033957336 0.00065302569 0.14260785 0
1.9 7.9432823e-09 0.031714786 0.00065616798 0.00064925015 0
2 1.2589254e-06 0.033282242 0.00087584848 0 0.0
2 1.2589254e-07 0.029354207 0.00043487715 0 0.0
2 1.2589254e-08 0.030157343 0.00043706294 0 0.0
2 1.5848932e-06 0.029303234 0.00021706099 0 0.0
2 1.5848932e-07 0.028077754 0 0.0 0.0
2 1.5848932e-08 0.02960242 0.00021607606 0 0.0
2 1.9952623e-06 0.029616725 0.00087108014 0 0.0
2 1.9952623e-07 0.030127742 0.00096408773 0.0010545743 3.2943777e-07
2 1.9952623e-08 0.028695652 0.00043478261 0 0.0
2 1e-06 0.028596376 0.00065487885 6.1205089e-34 0
2 1e-07 0.029552369 0.00021729683 0.21612877 1
2 1e-08 0.031528593 0.00065231572 0.0082015004 0
2 2.5118864e-06 0.027400263 0.0002192021 0 0.0
2 2.5118864e-07 0.026891124 0.00043725404 0 0.0
2 2.5118864e-08 0.034355295 0.00086975429 0.034210797 0
2 3.1622777e-06 0.028285466 0.0002175805 0 0.0
2 3.1622777e-07 0.031984334 0.00087032202 4.7523269e-10 1
2 3.1622777e-08 0.029967427 0 0.0 0.0
2 3.1622777e-09 0.028671482 0.00043773255 0.00095170212 1
2 3.9810717e-07 0.031638665 0.00043639537 1.8107784e-11 0
2 3.9810717e-08 0.025121199 0.00044072279 0.10145972 1
2 3.9810717e-09 0.027522936 0.00087374399 0.00076592062 0
2 5.0118723e-07 0.02891933 0.0013046314 3.7859026e-09 0
2 5.0118723e-08 0.030019578 0.0010876659 0.05965353 1
2 5.0118723e-09 0.025830258 0 0.0 0.0
2 6.3095734e-07 0.029899607 0.00043649062 2.1019477e-45 0
2 6.3095734e-08 0.035260622 0.00021901007 0.22405794 0
2 6.3095734e-09 0.028342709 0.00064906967 0.0010344145 1
2 7.9432823e-07 0.031162086 0.00021640338 0 0.0
2 7.9432823e-08 0.028787879 0.00021645022 0 0.0
2 7.9432823e-09 0.034301945 0.00021848372 0 0.0
2.1 1.2589254e-06 0.024782609 0.0002173913 0 0.0
2.1 1.2589254e-07 0.024777222 0.00021734406 0 0.0
2.1 1.2589254e-08 0.030915577 0.0014268728 0.0095426062 1
2.1 1.5848932e-06 0.027759705 0.0015181089 0 0.0
2.1 1.5848932e-07 0.021461088 0.00021677867 0.0082976259 0
2.1 1.5848932e-08 0.028850325 0.00065075922 0.011386936 0.37540989
2.1 1.9952623e-06 0.026041667 0.00043402778 0 0.0
2.1 1.9952623e-07 0.024326672 0.00043440487 0 0.0
2.1 1.9952623e-08 0.03006253 0.00024050024 0 0.0
2.1 1e-06 0.026550598 0.00065288357 1.6365765e-41 1
2.1 1e-07 0.030336098 0.00087298123 0.10475945 0.51295776
2.1 1e-08 0.029296875 0.00065104167 0.0030279464 1
2.1 2.5118864e-06 0.028019114 0 0.0 0.0
2.1 2.5118864e-07 0.032601608 0.00065203217 0.00022877072 1
2.1 2.5118864e-08 0.028795812 0.0010907504 0.035116538 0.76339718
2.1 3.1622777e-06 0.026583099 0.00043224552 0 0.0
2.1 3.1622777e-07 0.02555143 0.00065516488 1.1030416e-05 1
2.1 3.1622777e-08 0.024858264 0.0008722198 0.021097919 1
2.1 3.1622777e-09 0.021253524 0.00065061809 0.0012199018 0.20866746
2.1 3.9810717e-07 0.026657997 0.00043346337 0 0.0
2.1 3.9810717e-08 0.025680087 0.00043525571 0 0.0
2.1 3.9810717e-09 0.029170268 0.00043215212 0.0020884939 0
2.1 5.0118723e-07 0.027252639 0.00073655782 2.5492733e-12 0
2.1 5.0118723e-08 0.026974114 0.00065259952 0.054884205 1
2.1 5.0118723e-09 0.023128955 0.00043639537 0 0.0
2.1 6.3095734e-07 0.029876597 0.00086598831 4.0659289e-17 0
2.1 6.3095734e-08 0.031393067 0.00021800741 0.22103794 0
2.1 6.3095734e-09 0.028472071 0.00043468811 0.001454137 0
2.1 7.9432823e-07 0.023555071 0.00065430752 2.8533966e-26 0
2.1 7.9432823e-08 0.027959808 0.000436872 0.12592399 1
2.1 7.9432823e-09 0.026218852 0.00065005417 0 0.0
2.2 1.2589254e-06 0.025316456 0.00065473592 0 0.0
2.2 1.2589254e-07 0.022857143 0.00091428571 0 0.0
2.2 1.2589254e-08 0.022015972 0.0006475286 0 0.0
2.2 1.5848932e-06 0.023587968 0.00043280675 0 0.0
2.2 1.5848932e-07 0.02739726 0.00086975429 0.0095728787 0
2.2 1.9952623e-06 0.025233848 0 0.0 0.0
2.2 1.9952623e-07 0.026213172 0.00043327556 3.7994103e-14 0
2.2 1.9952623e-08 0.023954704 0.0010888502 0.050498122 0.30837598
2.2 1e-06 0.028906759 0.00065203217 6.5393928e-45 1
2.2 1e-07 0.026586621 0.0012864494 0.066062262 0.23205783
2.2 1e-08 0.022771633 0.00065061809 0.014440932 0.18174002
2.2 2.5118864e-06 0.024448291 0.00021635656 0 0.0
2.2 2.5118864e-07 0.02457956 0.00021561018 0 0.0
2.2 2.5118864e-08 0.023118866 0.00021810251 0.060211476 1
2.2 3.1622777e-06 0.032377227 0.00021729683 0 0.0
2.2 3.1622777e-07 0.022280472 0.000436872 0 0.0
2.2 3.1622777e-08 0.02467344 0.0007256894 0 0.0
2.2 3.1622777e-09 0.025131119 0 0.0 0.0
2.2 3.9810717e-07 0.023982558 0.00048449612 0 0.0
2.2 3.9810717e-08 0.023742715 0.00086337147 0.042655587 0
2.2 3.9810717e-09 0.026201819 0.00021654396 0.0030836219 0
2.2 5.0118723e-07 0.02829778 0.0013060514 7.5961881e-10 1
2.2 5.0118723e-08 0.023731766 0.0010886131 0.0774382 1
2.2 5.0118723e-09 0.023608404 0.00021659086 0.0053123427 1
2.2 6.3095734e-07 0.026640676 0.00064977258 0 0.0
2.2 6.3095734e-08 0.023654514 0.00043402778 0.10483124 1
2.2 6.3095734e-09 0.026714801 0.00072202166 0.0030913594 1
2.2 7.9432823e-07 0.024273949 0.00043346337 3.9645075e-29 0
2.2 7.9432823e-08 0.025813449 0.00065075922 0 0.0
2.2 7.9432823e-09 0.022988506 0.0002168727 0.0040624868 1
2.3 1.2589254e-06 0.021084337 0.0004302926 0 0.0
2.3 1.2589254e-07 0.020585049 0.00065005417 0.018109208 0
2.3 1.5848932e-06 0.020416935 0.00042983022 0 0.0
2.3 1.5848932e-07 0.021148036 0.00086318515 0.037738709 0.99999026
2.3 1.5848932e-08 0.018859744 0.00021677867 0.021798549 1
2.3 1.9952623e-07 0.023589964 0.00064336264 0.0063071873 0.99899126
2.3 1.9952623e-08 0.020056071 0.00021565667 0 0.0
2.3 1e-06 0.020801733 0.00021668472 0 0.0
2.3 1e-07 0.023048489 0.00065231572 0.090860595 1
2.3 1e-08 0.022830067 0.00064613397 0.028295726 0.82143083
2.3 2.5118864e-06 0.022938758 0 0.0 0.0
2.3 2.5118864e-07 0.020977509 0 0.0 0.0
2.3 3.1622777e-06 0.023321097 0.00043187217 0 0.0
2.3 3.1622777e-07 0.022227018 0.00043159258 0 0.0
2.3 3.1622777e-08 0.026321467 0.00064724919 0.026883932 1
2.3 3.1622777e-09 0.024763135 0.00021533161 0.0015486385 1
2.3 3.9810717e-07 0.023090203 0.0010789814 9.4936538e-18 1
2.3 3.9810717e-08 0.025674218 0.0017259978 0.034667035 0.29091286
2.3 3.9810717e-09 0.026649473 0.00085966043 0.00041447519 1
2.3 5.0118723e-07 0.020138889 0.00069444444 0 0.0
2.3 5.0118723e-08 0.022505951 0.00021640338 0.20202953 0
2.3 5.0118723e-09 0.025607919 0.001075963 0.0020202947 0
2.3 6.3095734e-07 0.021451788 0.00021668472 0 0.0
2.3 6.3095734e-08 0.018201517 0 0.0 0.0
2.3 6.3095734e-09 0.022707612 0.00043252595 0 0.0
2.3 7.9432823e-07 0.026007802 0.00043346337 0 0.0
2.3 7.9432823e-08 0.022231815 0.0010792143 0.20285208 0.76560961
2.3 7.9432823e-09 0.021350011 0.00043131335 0.0022216311 1
2.4 1.2589254e-06 0.01934236 0.00064474533 0 0.0
2.4 1.2589254e-07 0.020017219 0.00064571675 0.041974912 0
2.4 1.2589254e-08 0.018729817 0.00064585576 0.021371435 0.8095281
2.4 1.5848932e-06 0.017152659 0.00042881647 0 0.0
2.4 1.5848932e-07 0.020390642 0.00021463833 0 0.0
2.4 1.5848932e-08 0.019045581 0 0.0 0.0
2.4 1.9952623e-06 0.018130801 0.00043168573 0 0.0
2.4 1.9952623e-07 0.018091751 0 0.0 0.0
2.4 1.9952623e-08 0.019987105 0.00021491511 0 0.0
2.4 1e-06 0.018510547 0.00043047783 0 0.0
2.4 1e-07 0.019704433 0.00064253587 0.097616732 1
2.4 1e-08 0.014886731 0.00021574973 0 0.0
2.4 2.5118864e-06 0.014178303 0 0.0 0.0
2.4 2.5118864e-07 0.018814879 0.00064878893 1.2613283e-06 1
2.4 2.5118864e-08 0.019152141 0.00086077039 0.025767429 0.32808126
2.4 3.1622777e-06 0.01971831 0.00065005417 0 0.0
2.4 3.1622777e-07 0.01949443 0 0.0 0.0
2.4 3.1622777e-08 0.021533161 0.0015073213 0.01421962 1
2.4 3.1622777e-09 0.021422451 0.00021422451 0.0015864089 1
2.4 3.9810717e-07 0.020395019 0.00085873766 1.0142988e-09 1
2.4 3.9810717e-08 0.018434179 0.00065061809 0.078619651 0
2.4 3.9810717e-09 0.015015015 0.00042900043 0.00056409254 1
2.4 5.0118723e-07 0.016251354 0.00021668472 0 0.0
2.4 5.0118723e-08 0.017196905 0.00021496131 0.23815066 1
2.4 5.0118723e-09 0.020099416 0 0.0 0.0
2.4 6.3095734e-07 0.020167346 0 0.0 0.0
2.4 6.3095734e-08 0.024870242 0.00021626298 0 0.0
2.4 6.3095734e-09 0.021359223 0.00043149946 0.002837474 1
2.4 7.9432823e-07 0.018831169 0.00043290043 0 0.0
2.4 7.9432823e-08 0.02027972 0 0.0 0.0
2.4 7.9432823e-09 0.027231467 0.0010806138 0.0074694134 0
2.5 1.2589254e-06 0.012457045 0.00042955326 0 0.0
2.5 1.2589254e-07 0.014667817 0.00043140638 0 0.0
2.5 1.2589254e-08 0.017145306 0.00042863266 0 0.0
2.5 1.5848932e-06 0.013897798 0.00042762455 0 0.0
2.5 1.5848932e-07 0.016346154 0 0.0 0.0
2.5 1.5848932e-08 0.015434084 0.00042872454 0 0.0
2.5 1.9952623e-06 0.013897798 0.00042762455 0 0.0
2.5 1.9952623e-07 0.012377294 0 0.0 0.0
2.5 1.9952623e-08 0.017084775 0 0.0 0.0
2.5 1e-06 0.016594828 0 0.0 0.0
2.5 1e-07 0.015661875 0.00042909247 0.1226701 1
2.5 1e-08 0.015291837 0.00021537799 0 0.0
2.5 2.5118864e-06 0.014386944 0.00021473051 0 0.0
2.5 2.5118864e-07 0.01369863 0 0.0 0.0
2.5 2.5118864e-08 0.015671962 0 0.0 0.0
2.5 3.1622777e-06 0.016302016 0.00042900043 0 0.0
2.5 3.1622777e-07 0.015648446 0 0.0 0.0
2.5 3.1622777e-08 0.01396648 0.00021486893 0 0.0
2.5 3.1622777e-09 0.014405504 0 0.0 0.0
2.5 3.9810717e-07 0.019300879 0.00064336264 6.2996359e-17 0
2.5 3.9810717e-08 0.013847465 0.00021303792 0.30611771 0
2.5 3.9810717e-09 0.012887828 0.00047732697 0 0.0
2.5 5.0118723e-07 0.013157895 0.00043140638 0 0.0
2.5 5.0118723e-08 0.013014722 0.00042671218 0.12299552 0
2.5 5.0118723e-09 0.015047291 0 0.0 0.0
2.5 6.3095734e-07 0.015618314 0.00021394951 0 0.0
2.5 6.3095734e-08 0.013062099 0.00042826552 0 0.0
2.5 6.3095734e-09 0.015958594 0.00021565667 0.0050268467 1
2.5 7.9432823e-07 0.015222985 0.00021440823 0 0.0
2.5 7.9432823e-08 0.017895645 0.00064683053 0.047292123 1
2.5 7.9432823e-09 0.016270606 0 0.0 0.0
2.6 1.2589254e-06 0.014108593 0.0006412997 0 0.0
2.6 1.2589254e-07 0.0083458164 0 0.0 0.0
2.6 1.2589254e-08 0.010672359 0 0.0 0.0
2.6 1.5848932e-06 0.0099914966 0.00042517007 0 0.0
2.6 1.5848932e-07 0.0098543273 0.00021422451 0 0.0
2.6 1.5848932e-08 0.010727312 0.0006436387 0.018831075 1
2.6 1.9952623e-06 0.0089878023 0.00042799058 0 0.0
2.6 1.9952623e-07 0.010236724 0.00021326509 0 0.0
2.6 1.9952623e-08 0.0098081023 0.00021321962 0 0.0
2.6 1e-06 0.011371885 0.000241955 0 0.0
2.6 1e-07 0.012776831 0.00042589438 0.0013467218 0
2.6 1e-08 0.012815036 0.00085433575 0 0.0
2.6 2.5118864e-06 0.010490259 0.00021408692 0 0.0
2.6 2.5118864e-07 0.012847966 0 0.0 0.0
2.6 3.1622777e-06 0.0096504396 0 0.0 0.0
2.6 3.1622777e-07 0.01023236 0 0.0 0.0
2.6 3.1622777e-08 0.014626801 0.00086040009 0.083146751 1
2.6 3.1622777e-09 0.0096215523 0 0.0 0.0
2.6 3.9810717e-07 0.013666453 0 0.0 0.0
2.6 3.9810717e-08 0.010906758 0.000213858 0 0.0
2.6 5.0118723e-07 0.010335917 0.00043066322 7.474064e-34 1
2.6 5.0118723e-08 0.011565646 0.00021417862 0.28145951 1
2.6 5.0118723e-09 0.0089955022 0 0.0 0.0
2.6 6.3095734e-07 0.013006397 0.00021321962 0 0.0
2.6 6.3095734e-08 0.011749626 0 0.0 0.0
2.6 6.3095734e-09 0.0066281805 0.00042762455 0.0056830673 1
2.6 7.9432823e-08 0.010289389 0.00042872454 0 0.0
2.6 7.9432823e-09 0.013266998 0.00023691068 0 0.0
2.7 1.2589254e-06 0.0053146259 0.00021258503 0 0.0
2.7 1.2589254e-07 0.0078323455 0 0.0 0.0
2.7 1.2589254e-08 0.0080730826 0.00021244954 0 0.0
2.7 1.5848932e-06 0.0078539588 0.00021226916 0 0.0
2.7 1.5848932e-07 0.0065803439 0 0.0 0.0
2.7 1.5848932e-08 0.006377551 0.00021258503 0 0.0
2.7 1.9952623e-06 0.0074074074 0 0.0 0.0
2.7 1.9952623e-07 0.0055260361 0.00021253985 0 0.0
2.7 1.9952623e-08 0.0065636248 0 0.0 0.0
2.7 1e-06 0.0055448923 0 0.0 0.0
2.7 1e-07 0.0044482101 0.00021181953 0 0.0
2.7 1e-08 0.0046659597 0 0.0 0.0
2.7 2.5118864e-06 0.0075981427 0.00021105952 0 0.0
2.7 2.5118864e-07 0.0063411541 0 0.0 0.0
2.7 2.5118864e-08 0.006778225 0.00021181953 0 0.0
2.7 3.1622777e-06 0.0063653724 0.00021217908 0 0.0
2.7 3.1622777e-07 0.0072094996 0.00021204411 0 0.0
2.7 3.1622777e-08 0.0068128593 0.0004258037 0 0.0
2.7 3.1622777e-09 0.0075297547 0 0.0 0.0
2.7 3.9810717e-07 0.0063802637 0.00021267546 0 0.0
2.7 3.9810717e-08 0.00554371 0 0.0 0.0
2.7 3.9810717e-09 0.0074483933 0 0.0 0.0
2.7 5.0118723e-07 0.0070242656 0.00021285653 8.1119374e-19 1
2.7 5.0118723e-08 0.0072696173 0 0.0 0.0
2.7 5.0118723e-09 0.0080474375 0.00021177467 0 0.0
2.7 6.3095734e-07 0.0046689304 0 0.0 0.0
2.7 6.3095734e-08 0.0057446809 0 0.0 0.0
2.7 6.3095734e-09 0.005325948 0 0.0 0.0
2.7 7.9432823e-07 0.0052932458 0.00021172983 0 0.0
2.7 7.9432823e-08 0.0055108097 0 0.0 0.0
2.7 7.9432823e-09 0.0072479216 0.00042634833 0 0.0
2.8 1.2589254e-06 0.0042417815 0.00021208908 0 0.0
2.8 1.2589254e-07 0.0054713805 0.00021043771 0 0.0
2.8 1.2589254e-08 0.0035887693 0 0.0 0.0
2.8 1.5848932e-06 0.0041928721 0 0.0 0.0
2.8 1.5848932e-07 0.0025263158 0 0.0 0.0
2.8 1.5848932e-08 0.0035774411 0 0.0 0.0
2.8 1.9952623e-06 0.0040425532 0 0.0 0.0
2.8 1.9952623e-07 0.0031712474 0.00021141649 0 0.0
2.8 1.9952623e-08 0.0054817626 0.00021083702 0 0.0
2.8 1e-06 0.0027530707 0.00021177467 0 0.0
2.8 1e-07 0.0029542097 0.00021101498 0 0.0
2.8 1e-08 0.0042016807 0.00042016807 0 0.0
2.8 2.5118864e-06 0.0029204186 0 0.0 0.0
2.8 2.5118864e-07 0.0027333894 0.00042052145 3.3076617e-05 0
2.8 2.5118864e-08 0.0040152156 0.00021132713 0.047552694 1
2.8 3.1622777e-06 0.0025289779 0.00021074816 0 0.0
2.8 3.1622777e-07 0.0042345967 0 0.0 0.0
2.8 3.1622777e-08 0.0033840948 0.00021150592 0.080787331 1
2.8 3.1622777e-09 0.0042176297 0 0.0 0.0
2.8 3.9810717e-07 0.0050804403 0 0.0 0.0
2.8 3.9810717e-08 0.0038046925 0.00042274361 0 0.0
2.8 3.9810717e-09 0.0033769523 0 0.0 0.0
2.8 5.0118723e-07 0.0033641716 0.00021026072 0 0.0
2.8 5.0118723e-08 0.0050836687 0 0.0 0.0
2.8 5.0118723e-09 0.0046296296 0.00021043771 0.0060301754 0
2.8 6.3095734e-07 0.0025418344 0.00021181953 2.7381372e-42 1
2.8 6.3095734e-08 0.0033719705 0 0.0 0.0
2.8 6.3095734e-09 0.0048615515 0.0002113718 0.0055597448 1
2.8 7.9432823e-07 0.0028598665 0 0.0 0.0
2.8 7.9432823e-08 0.0027489956 0 0.0 0.0
2.8 7.9432823e-09 0.0042185193 0 0.0 0.0
2.9 1.2589254e-06 0.0048410861 0.00042096401 0 0.0
2.9 1.2589254e-07 0.0033783784 0.00021114865 0.024979737 0
2.9 1.2589254e-08 0.0035731301 0.00023820867 0.023832329 0
2.9 1.5848932e-06 0.0035759361 0 0.0 0.0
2.9 1.5848932e-07 0.0027333894 0 0.0 0.0
2.9 1.5848932e-08 0.0036001694 0.00021177467 0.071920492 0
2.9 1.9952623e-06 0.0031612223 0 0.0 0.0
2.9 1.9952623e-07 0.004 0 0.0 0.0
2.9 1.9952623e-08 0.0027501587 0.00021155067 0.066247836 1
2.9 1e-06 0.0031618887 0 0.0 0.0
2.9 1e-07 0.0040194627 0 0.0 0.0
2.9 1e-08 0.0033392698 0.00022261799 0 0.0
2.9 2.5118864e-06 0.0037775446 0.00020986359 0 0.0
2.9 2.5118864e-07 0.0037910699 0.000210615 1.1118404e-09 0
2.9 2.5118864e-08 0.0035880118 0.00021105952 0 0.0
2.9 3.1622777e-06 0.002316765 0 0.0 0.0
2.9 3.1622777e-07 0.0037870818 0 0.0 0.0
2.9 3.1622777e-08 0.0039045553 0 0.0 0.0
2.9 3.1622777e-09 0.0031612223 0 0.0 0.0
2.9 3.9810717e-07 0.0037918685 0.00021065936 1.4268027e-26 0
2.9 3.9810717e-08 0.0031692373 0 0.0 0.0
2.9 3.9810717e-09 0.0025311116 0 0.0 0.0
2.9 5.0118723e-07 0.002119093 0.0002119093 0 0.0
2.9 5.0118723e-08 0.0027379949 0 0.0 0.0
2.9 5.0118723e-09 0.0026829268 0 0.0 0.0
2.9 6.3095734e-07 0.003164557 0.00021097046 0 0.0
2.9 6.3095734e-08 0.0033741038 0 0.0 0.0
2.9 6.3095734e-09 0.0027351147 0 0.0 0.0
2.9 7.9432823e-07 0.0029723992 0.00021231423 0 0.0
2.9 7.9432823e-08 0.0035819638 0.00021070375 0.29998386 0
2.9 7.9432823e-09 0.0037950664 0.00042167405 0 0.0
3 1.2589254e-07 0.0022878536 0 0.0 0.0
3 1.2589254e-08 0.0010345541 0 0.0 0.0
3 1.5848932e-07 0.0020790021 0 0.0 0.0
3 1.5848932e-08 0.0014556041 0 0.0 0.0
3 1.9952623e-07 0.0020807324 0 0.0 0.0
3 1.9952623e-08 0.0012515645 0.00020859408 0 0.0
3 1e-06 0.0014537902 0.00020768432 0 0.0
3 1e-07 0.001875 0 0.0 0.0
3 1e-08 0.0027797081 0 0.0 0.0
3 2.5118864e-07 0.0024932475 0 0.0 0.0
3 2.5118864e-08 0.0012484395 0 0.0 0.0
3 3.1622777e-07 0.0010384216 0 0.0 0.0
3 3.1622777e-08 0.0022821577 0 0.0 0.0
3 3.1622777e-09 0.003125 0.00020833333 0 0.0
3 3.9810717e-07 0.0016659725 0.00020824656 0 0.0
3 3.9810717e-08 0.0020811655 0.00020811655 0 0.0
3 3.9810717e-09 0.00083056478 0.0002076412 0 0.0
3 5.0118723e-07 0.0027043894 0 0.0 0.0
3 5.0118723e-08 0.002090301 0 0.0 0.0
3 5.0118723e-09 0.0027083333 0 0.0 0.0
3 6.3095734e-07 0.0019463668 0 0.0 0.0
3 6.3095734e-08 0.0035394545 0 0.0 0.0
3 6.3095734e-09 0.0016656257 0 0.0 0.0
3 7.9432823e-07 0.0020828994 0 0.0 0.0
3 7.9432823e-08 0.0011916111 0 0.0 0.0
3 7.9432823e-09 0.0010436235 0 0.0 0.0
3.1 1.2589254e-07 0.0018637399 0.00020708221 0 0.0
3.1 1.2589254e-08 0.0012435233 0.00020725389 0 0.0
3.1 1.5848932e-07 0.00082661707 0 0.0 0.0
3.1 1.5848932e-08 0.0018572018 0 0.0 0.0
3.1 1.9952623e-07 0.0014438944 0 0.0 0.0
3.1 1.9952623e-08 0.0016532341 0 0.0 0.0
3.1 1e-06 0.0018707129 0.00020785699 0 0.0
3.1 1e-07 0.0020639835 0 0.0 0.0
3.1 1e-08 0.0022764901 0 0.0 0.0
3.1 2.5118864e-07 0.00082867205 0 0.0 0.0
3.1 2.5118864e-08 0.0014444903 0 0.0 0.0
3.1 3.1622777e-07 0.00083004773 0 0.0 0.0
3.1 3.1622777e-08 0.0022666392 0 0.0 0.0
3.1 3.1622777e-09 0.001447178 0 0.0 0.0
3.1 3.9810717e-07 0.0012399256 0 0.0 0.0
3.1 3.9810717e-08 0.0018641259 0.0002071251 0 0.0
3.1 3.9810717e-09 0.00041160733 0 0.0 0.0
3.1 5.0118723e-07 0.0022869023 0.00020790021 0 0.0
3.1 5.0118723e-08 0.0022788481 0 0.0 0.0
3.1 5.0118723e-09 0.0018277359 0.00022846699 0 0.0
3.1 6.3095734e-07 0.00082764329 0 0.0 0.0
3.1 6.3095734e-08 0.0012366035 0 0.0 0.0
3.1 6.3095734e-09 0.0018625828 0 0.0 0.0
3.1 7.9432823e-07 0.0024752475 0.00020627063 0 0.0
3.1 7.9432823e-08 0.0010345541 0 0.0 0.0
3.1 7.9432823e-09 0.0010358401 0 0.0 0.0
3.2 1.2589254e-07 0.0012353305 0 0.0 0.0
3.2 1.2589254e-08 0.00023009664 0 0.0 0.0
3.2 1.5848932e-07 0.0014394407 0 0.0 0.0
3.2 1.5848932e-08 0.00082508251 0.00020627063 0.11562142 1
3.2 1.9952623e-07 0.0012330456 0 0.0 0.0
3.2 1.9952623e-08 0.0012391574 0.00020652623 0 0.0
3.2 1e-06 0.0022769613 0.00020699648 0 0.0
3.2 1e-07 0.0014394407 0.00020563438 0 0.0
3.2 1e-08 0.0012350762 0 0.0 0.0
3.2 2.5118864e-07 0.0016580311 0.00041450777 1.2127342e-09 0
3.2 2.5118864e-08 0.0020635576 0 0.0 0.0
3.2 3.1622777e-07 0.00094051258 0 0.0 0.0
3.2 3.1622777e-08 0.00061830173 0.00020610058 0 0.0
3.2 3.1622777e-09 0.00082304527 0 0.0 0.0
3.2 3.9810717e-07 0.00041373604 0.00020686802 4.5057538e-10 1
3.2 3.9810717e-08 0.0013877324 0 0.0 0.0
3.2 3.9810717e-09 0.0010345541 0.00020691082 0 0.0
3.2 5.0118723e-07 0.0012386457 0.00020644096 0 0.0
3.2 5.0118723e-08 0.00082542303 0 0.0 0.0
3.2 5.0118723e-09 0.0012322859 0.00020538098 0 0.0
3.2 6.3095734e-07 0.0014403292 0 0.0 0.0
3.2 6.3095734e-08 0.00062034739 0 0.0 0.0
3.2 6.3095734e-09 0.0014441923 0 0.0 0.0
3.2 7.9432823e-07 0.0012358393 0 0.0 0.0
3.2 7.9432823e-08 0.0018572018 0.00020635576 0.1228302 0
3.2 7.9432823e-09 0.00082474227 0.00020618557 0 0.0
3.3 1.2589254e-07 0.00082203042 0 0.0 0.0
3.3 1.2589254e-08 0.00089968511 0 0.0 0.0
3.3 1.5848932e-07 0.0010343401 0 0.0 0.0
3.3 1.5848932e-08 0.0014501761 0 0.0 0.0
3.3 1.9952623e-07 0.00082287595 0 0.0 0.0
3.3 1.9952623e-08 0.00082355363 0 0.0 0.0
3.3 1e-06 0.0013927577 0 0.0 0.0
3.3 1e-07 0.0012310217 0 0.0 0.0
3.3 1e-08 0.0016423732 0 0.0 0.0
3.3 2.5118864e-07 0.0010292301 0 0.0 0.0
3.3 2.5118864e-08 0.0020542317 0 0.0 0.0
3.3 3.1622777e-07 0.0020449898 0 0.0 0.0
3.3 3.1622777e-08 0.00041118421 0 0.0 0.0
3.3 3.1622777e-09 0.0020517029 0 0.0 0.0
3.3 3.9810717e-07 0.00061945075 0 0.0 0.0
3.3 3.9810717e-08 0.00061639614 0 0.0 0.0
3.3 3.9810717e-09 0.00062761506 0 0.0 0.0
3.3 5.0118723e-07 0.00020597322 0 0.0 0.0
3.3 5.0118723e-08 0.00070972321 0 0.0 0.0
3.3 5.0118723e-09 0.0020546538 0 0.0 0.0
3.3 6.3095734e-07 0.0014403292 0 0.0 0.0
3.3 6.3095734e-08 0.0010319917 0 0.0 0.0
3.3 6.3095734e-09 0.001029654 0 0.0 0.0
3.3 7.9432823e-07 0.00082491235 0.00020622809 0 0.0
3.3 7.9432823e-08 0.00082152393 0 0.0 0.0
3.3 7.9432823e-09 0.0010271159 0 0.0 0.0
3.4 1.2589254e-07 0.00041160733 0 0.0 0.0
3.4 1.2589254e-08 0.00046040516 0 0.0 0.0
3.4 1.5848932e-07 0.0014412189 0.00020588841 0.0001657071 1
3.4 1.5848932e-08 0.00082338411 0.00020584603 0.18260907 1
3.4 1.9952623e-07 0.00061399918 0 0.0 0.0
3.4 1.9952623e-08 0.00081933634 0 0.0 0.0
3.4 1e-06 0.00082203042 0 0.0 0.0
3.4 1e-07 0.0012376238 0.00020627063 0.0053034411 0
3.4 1e-08 0.0016427105 0.00020533881 0 0.0
3.4 2.5118864e-07 0.00065602449 0 0.0 0.0
3.4 2.5118864e-08 0.00061881188 0.00020627063 0.15996866 0
3.4 3.1622777e-07 0.00041296717 0.00020648358 0 0.0
3.4 3.1622777e-08 0.0014385532 0 0.0 0.0
3.4 3.1622777e-09 0.00061614295 0 0.0 0.0
3.4 3.9810717e-07 0.0014373717 0 0.0 0.0
3.4 3.9810717e-08 0.00061728395 0 0.0 0.0
3.4 3.9810717e-09 0.0010298661 0.00020597322 0 0.0
3.4 5.0118723e-07 0.00020639835 0 0.0 0.0
3.4 5.0118723e-08 0.0012300123 0 0.0 0.0
3.4 5.0118723e-09 0.0018472906 0 0.0 0.0
3.4 6.3095734e-07 0.00041084634 0 0.0 0.0
3.4 6.3095734e-08 0.0014450867 0 0.0 0.0
3.4 6.3095734e-09 0.0017656147 0 0.0 0.0
3.4 7.9432823e-07 0.001232539 0 0.0 0.0
3.4 7.9432823e-08 0.0014418126 0 0.0 0.0
3.4 7.9432823e-09 0.00082084958 0 0.0 0.0
3.5 1.2589254e-07 0.00061728395 0 0.0 0.0
3.5 1.2589254e-08 0.000570288 0 0.0 0.0
3.5 1.5848932e-07 0.00072271742 0.00024090581 0 0.0
3.5 1.5848932e-08 0.00064949123 0 0.0 0.0
3.5 1.9952623e-07 0.0012322859 0 0.0 0.0
3.5 1.9952623e-08 0.0014430014 0 0.0 0.0
3.5 1e-06 0.00061563718 0 0.0 0.0
3.5 1e-07 0.00041271151 0 0.0 0.0
3.5 1e-08 0.00061626952 0 0.0 0.0
3.5 2.5118864e-07 0.00061715696 0.00020571899 0 0.0
3.5 2.5118864e-08 0.0010252204 0 0.0 0.0
3.5 3.1622777e-07 0.0012290045 0.00020483408 8.6256378e-20 0
3.5 3.1622777e-08 0.00061601643 0 0.0 0.0
3.5 3.1622777e-09 0.0011392117 0 0.0 0.0
3.5 3.9810717e-07 0.00061639614 0 0.0 0.0
3.5 3.9810717e-08 0.00082440231 0 0.0 0.0
3.5 5.0118723e-07 0.0012335526 0 0.0 0.0
3.5 5.0118723e-08 0.00082355363 0 0.0 0.0
3.5 5.0118723e-09 0.00095762509 0 0.0 0.0
3.5 6.3095734e-07 0.0010273269 0 0.0 0.0
3.5 6.3095734e-08 0.0010288066 0 0.0 0.0
3.5 6.3095734e-09 0.0016363264 0.00040908161 0 0.0
3.5 7.9432823e-07 0.0015659955 0 0.0 0.0
3.5 7.9432823e-08 0.00082203042 0 0.0 0.0
3.5 7.9432823e-09 0.00023562677 0 0.0 0.0
3.6 1.2589254e-07 0.0014397367 0 0.0 0.0
3.6 1.2589254e-08 0.0010241704 0 0.0 0.0
3.6 1.5848932e-07 0.00041067762 0.00020533881 0 0.0
3.6 1.5848932e-08 0.00041135335 0 0.0 0.0
3.6 1.9952623e-08 0.00082372323 0 0.0 0.0
3.6 1e-06 0.00081833061 0 0.0 0.0
3.6 1e-07 0.00047025629 0 0.0 0.0
3.6 1e-08 0.00073242188 0.00024414062 0.021051556 1
3.6 2.5118864e-07 0.00061690315 0 0.0 0.0
3.6 2.5118864e-08 0.00061437641 0 0.0 0.0
3.6 3.1622777e-07 0.00020362452 0 0.0 0.0
3.6 3.1622777e-08 0.0010288066 0 0.0 0.0
3.6 3.1622777e-09 0.00046827441 0 0.0 0.0
3.6 3.9810717e-07 0.00041076196 0.00020538098 0 0.0
3.6 3.9810717e-08 0.00061626952 0 0.0 0.0
3.6 3.9810717e-09 0.00061425061 0 0.0 0.0
3.6 5.0118723e-07 0.00082219938 0 0.0 0.0
3.6 5.0118723e-08 0.00020593081 0 0.0 0.0
3.6 5.0118723e-09 0.00046805523 0 0.0 0.0
3.6 6.3095734e-07 0.0012279984 0 0.0 0.0
3.6 6.3095734e-08 0.00082135524 0 0.0 0.0
3.6 6.3095734e-09 0.00046641791 0 0.0 0.0
3.6 7.9432823e-07 0.0011037528 0.00022075055 0 0.0
3.6 7.9432823e-08 0.00061576355 0 0.0 0.0
3.6 7.9432823e-09 0.00041245618 0 0.0 0.0
3.7 1.2589254e-07 0.00040924903 0 0.0 0.0
3.7 1.2589254e-08 0.0010855406 0 0.0 0.0
3.7 1.5848932e-07 0.00040992007 0 0.0 0.0
3.7 1.5848932e-08 0.0010245902 0 0.0 0.0
3.7 1.9952623e-07 0.00020483408 0 0.0 0.0
3.7 1.9952623e-08 0.0010764263 0 0.0 0.0
3.7 1e-06 0.00066949342 0 0.0 0.0
3.7 1e-07 0.00040858018 0 0.0 0.0
3.7 1e-08 0.00020358306 0 0.0 0.0
3.7 2.5118864e-07 0.00040950041 0 0.0 0.0
3.7 2.5118864e-08 0.00040950041 0 0.0 0.0
3.7 3.1622777e-07 0.00040924903 0 0.0 0.0
3.7 3.1622777e-08 0.00023736055 0 0.0 0.0
3.7 3.1622777e-09 0.00023934897 0 0.0 0.0
3.7 3.9810717e-07 0.0013003901 0 0.0 0.0
3.7 3.9810717e-08 0.0006148801 0 0.0 0.0
3.7 3.9810717e-09 0.00020542317 0 0.0 0.0
3.7 5.0118723e-07 0.00040866367 0 0.0 0.0
3.7 5.0118723e-08 0.00020329335 0 0.0 0.0
3.7 5.0118723e-09 0.00061312078 0 0.0 0.0
3.7 6.3095734e-07 0.00020462451 0.00020462451 0 0.0
3.7 6.3095734e-08 0.0012254902 0 0.0 0.0
3.7 6.3095734e-09 0.00071564885 0 0.0 0.0
3.7 7.9432823e-07 0.00040883074 0 0.0 0.0
3.7 7.9432823e-08 0.00081632653 0.00020408163 0 0.0
3.7 7.9432823e-09 0.00020479214 0 0.0 0.0
3.8 1.2589254e-07 0.00040899796 0 0.0 0.0
3.8 1.2589254e-08 0.00040883074 0.00020441537 0 0.0
3.8 1.5848932e-07 0.00020521239 0 0.0 0.0
3.8 1.5848932e-08 0.00040816327 0 0.0 0.0
3.8 1.9952623e-08 0.00020441537 0 0.0 0.0
3.8 1e-06 0.00061187028 0.00040791352 0 0.0
3.8 1e-07 0.00061261997 0 0.0 0.0
3.8 1e-08 0.00040807998 0 0.0 0.0
3.8 2.5118864e-07 0.00020403999 0.00020403999 0 0.0
3.8 2.5118864e-08 0.00040983607 0 0.0 0.0
3.8 3.1622777e-07 0.00040866367 0 0.0 0.0
3.8 3.1622777e-08 0.00061399918 0 0.0 0.0
3.8 3.1622777e-09 0.00081833061 0 0.0 0.0
3.8 3.9810717e-07 0.00069364162 0 0.0 0.0
3.8 3.9810717e-08 0.00040941658 0 0.0 0.0
3.8 3.9810717e-09 0.00020441537 0 0.0 0.0
3.8 5.0118723e-07 0.00040908161 0 0.0 0.0
3.8 5.0118723e-08 0.0011690437 0 0.0 0.0
3.8 5.0118723e-09 0.00040807998 0 0.0 0.0
3.8 6.3095734e-07 0.00061399918 0 0.0 0.0
3.8 6.3095734e-08 0.00061412487 0 0.0 0.0
3.8 6.3095734e-09 0.00041067762 0 0.0 0.0
3.8 7.9432823e-07 0.0016356573 0 0.0 0.0
3.8 7.9432823e-08 0.0004091653 0 0.0 0.0
3.8 7.9432823e-09 0.0010208248 0 0.0 0.0
3.9 1.2589254e-07 0.00081883316 0 0.0 0.0
3.9 1.2589254e-08 0.00061312078 0 0.0 0.0
3.9 1.5848932e-07 0.00040749796 0 0.0 0.0
3.9 1.5848932e-08 0.00020458265 0 0.0 0.0
3.9 1.9952623e-07 0.00061703003 0 0.0 0.0
3.9 1.9952623e-08 0.0006124949 0 0.0 0.0
3.9 1e-06 0.00023512814 0 0.0 0.0
3.9 1e-07 0.0010195759 0 0.0 0.0
3.9 2.5118864e-07 0.00020416497 0 0.0 0.0
3.9 2.5118864e-08 0.0002047502 0 0.0 0.0
3.9 3.1622777e-08 0.0014274062 0 0.0 0.0
3.9 3.1622777e-09 0.00020420666 0 0.0 0.0
3.9 3.9810717e-07 0.00082253753 0 0.0 0.0
3.9 3.9810717e-08 0.00061563718 0 0.0 0.0
3.9 3.9810717e-09 0.00061412487 0.00020470829 0 0.0
3.9 5.0118723e-07 0.00040941658 0 0.0 0.0
3.9 5.0118723e-08 0.00020429009 0 0.0 0.0
3.9 5.0118723e-09 0.0012262416 0 0.0 0.0
3.9 6.3095734e-07 0.00061349693 0 0.0 0.0
3.9 6.3095734e-09 0.001023751 0 0.0 0.0
3.9 7.9432823e-07 0.00040958427 0 0.0 0.0
3.9 7.9432823e-08 0.00040983607 0 0.0 0.0
3.9 7.9432823e-09 0.00020466639 0 0.0 0.0
4 1.2589254e-07 0.0010202 0 0.0 0.0
4 1.5848932e-08 0.0012305168 0 0.0 0.0
4 1.9952623e-07 0.00041025641 0 0.0 0.0
4 1.9952623e-08 0.00040683483 0 0.0 0.0
4 1e-06 0.00061374795 0 0.0 0.0
4 1e-07 0.00081933634 0 0.0 0.0
4 2.5118864e-07 0.00061387354 0 0.0 0.0
4 2.5118864e-08 0.00081816322 0.00020454081 0.1717568 0
4 3.1622777e-07 0.00040858018 0 0.0 0.0
4 3.1622777e-08 0.00020479214 0 0.0 0.0
4 3.1622777e-09 0.00023228804 0 0.0 0.0
4 3.9810717e-07 0.00020412329 0 0.0 0.0
4 3.9810717e-09 0.00020470829 0 0.0 0.0
4 5.0118723e-07 0.00040799674 0 0.0 0.0
4 5.0118723e-08 0.00020412329 0 0.0 0.0
4 5.0118723e-09 0.0002047502 0 0.0 0.0
4 6.3095734e-07 0.0006119951 0 0.0 0.0
4 6.3095734e-08 0.00081933634 0 0.0 0.0
4 6.3095734e-09 0.0004091653 0 0.0 0.0
4 7.9432823e-07 0.0002038736 0 0.0 0.0
4 7.9432823e-08 0.00020554985 0 0.0 0.0
4 7.9432823e-09 0.00020483408 0 0.0 0.0
4.1 1.2589254e-07 0.00040950041 0 0.0 0.0
4.1 1.2589254e-08 0.00023747328 0 0.0 0.0
4.1 1.5848932e-07 0.00082118661 0 0.0 0.0
4.1 1.5848932e-08 0.00040966817 0 0.0 0.0
4.1 1.9952623e-08 0.0006129955 0 0.0 0.0
4.1 1e-06 0.00040849673 0 0.0 0.0
4.1 1e-07 0.00040824658 0 0.0 0.0
4.1 1e-08 0.00023702299 0 0.0 0.0
4.1 2.5118864e-08 0.00020512821 0 0.0 0.0
4.1 3.1622777e-07 0.00082084958 0 0.0 0.0
4.1 3.1622777e-08 0.00020491803 0 0.0 0.0
4.1 3.1622777e-09 0.00040933279 0 0.0 0.0
4.1 3.9810717e-07 0.00040841331 0 0.0 0.0
4.1 3.9810717e-08 0.00061513225 0 0.0 0.0
4.1 3.9810717e-09 0.00082068117 0 0.0 0.0
4.1 5.0118723e-08 0.0010235415 0 0.0 0.0
4.1 5.0118723e-09 0.001432958 0 0.0 0.0
4.1 6.3095734e-07 0.00020479214 0 0.0 0.0
4.1 6.3095734e-08 0.0002047502 0 0.0 0.0
4.1 6.3095734e-09 0.00040824658 0 0.0 0.0
4.1 7.9432823e-07 0.00061236987 0 0.0 0.0
4.1 7.9432823e-08 0.00020454081 0 0.0 0.0
4.2 1.2589254e-07 0.0002047502 0 0.0 0.0
4.2 1.2589254e-08 0.00081933634 0 0.0 0.0
4.2 1.5848932e-07 0.00061500615 0 0.0 0.0
4.2 1.5848932e-08 0.0004097521 0.00020487605 0 0.0
4.2 1.9952623e-07 0.00081699346 0 0.0 0.0
4.2 1e-06 0.00040950041 0.0002047502 0 0.0
4.2 1e-08 0.00041084634 0 0.0 0.0
4.2 2.5118864e-08 0.00061412487 0.00020470829 0 0.0
4.2 3.1622777e-07 0.00040849673 0 0.0 0.0
4.2 3.1622777e-08 0.00020491803 0 0.0 0.0
4.2 3.1622777e-09 0.00061399918 0 0.0 0.0
4.2 3.9810717e-07 0.00047415837 0 0.0 0.0
4.2 3.9810717e-08 0.00040992007 0 0.0 0.0
4.2 3.9810717e-09 0.00061437641 0.00020479214 0 0.0
4.2 5.0118723e-07 0.00040958427 0 0.0 0.0
4.2 5.0118723e-08 0.00020420666 0 0.0 0.0
4.2 5.0118723e-09 0.00040858018 0 0.0 0.0
4.2 6.3095734e-07 0.00040966817 0 0.0 0.0
4.2 6.3095734e-09 0.00020496003 0 0.0 0.0
4.2 7.9432823e-07 0.00040841331 0 0.0 0.0
4.2 7.9432823e-08 0.00040958427 0 0.0 0.0
4.2 7.9432823e-09 0.00081916854 0 0.0 0.0
4.3 1.2589254e-07 0.0010156409 0.00020312817 3.2444035e-16 0
4.3 1.2589254e-08 0.00023849273 0 0.0 0.0
4.3 1.5848932e-07 0.00040908161 0 0.0 0.0
4.3 1.5848932e-08 0.00040799674 0 0.0 0.0
4.3 1.9952623e-07 0.00061425061 0 0.0 0.0
4.3 1.9952623e-08 0.00020454081 0 0.0 0.0
4.3 2.5118864e-07 0.00020370748 0 0.0 0.0
4.3 2.5118864e-08 0.00020354162 0 0.0 0.0
4.3 3.1622777e-08 0.00020986359 0 0.0 0.0
4.3 3.9810717e-07 0.0002034588 0 0.0 0.0
4.3 3.9810717e-08 0.00020366599 0 0.0 0.0
4.3 3.9810717e-09 0.00020420666 0 0.0 0.0
4.3 5.0118723e-07 0.00020374898 0 0.0 0.0
4.3 5.0118723e-08 0.00020416497 0 0.0 0.0
4.3 5.0118723e-09 0.0005608525 0 0.0 0.0
4.3 6.3095734e-07 0.00061099796 0.00020366599 0 0.0
4.3 6.3095734e-08 0.00020358306 0 0.0 0.0
4.3 6.3095734e-09 0.00020337604 0 0.0 0.0
4.3 7.9432823e-07 0.00044072279 0 0.0 0.0
4.3 7.9432823e-08 0.00040783034 0 0.0 0.0
4.3 7.9432823e-09 0.00040799674 0 0.0 0.0
4.4 1.2589254e-08 0.00061576355 0 0.0 0.0
4.4 1.5848932e-07 0.00020496003 0 0.0 0.0
4.4 1.5848932e-08 0.00020424837 0 0.0 0.0
4.4 1.9952623e-07 0.00020500205 0 0.0 0.0
4.4 1.9952623e-08 0.00040841331 0 0.0 0.0
4.4 1e-06 0.00040733198 0 0.0 0.0
4.4 1e-07 0.00020445717 0 0.0 0.0
4.4 1e-08 0.00020517029 0 0.0 0.0
4.4 2.5118864e-07 0.0002047502 0 0.0 0.0
4.4 3.1622777e-07 0.00081566069 0 0.0 0.0
4.4 3.1622777e-08 0.00020420666 0 0.0 0.0
4.4 3.1622777e-09 0.00040950041 0 0.0 0.0
4.4 3.9810717e-07 0.00040841331 0 0.0 0.0
4.4 3.9810717e-09 0.00020504408 0 0.0 0.0
4.4 5.0118723e-07 0.0006127451 0.00020424837 0 0.0
4.4 5.0118723e-08 0.00061387354 0 0.0 0.0
4.4 5.0118723e-09 0.00020445717 0 0.0 0.0
4.4 6.3095734e-07 0.00020429009 0 0.0 0.0
4.4 6.3095734e-08 0.00061399918 0 0.0 0.0
4.4 6.3095734e-09 0.00061563718 0 0.0 0.0
4.4 7.9432823e-08 0.00020500205 0 0.0 0.0
4.4 7.9432823e-09 0.00040849673 0 0.0 0.0
4.5 1.2589254e-07 0.00040824658 0.00020412329 3.5255687e-06 0
4.5 1.9952623e-07 0.00020399837 0 0.0 0.0
4.5 1e-06 0.00020437359 0 0.0 0.0
4.5 1e-07 0.0010216592 0 0.0 0.0
4.5 1e-08 0.0010208248 0 0.0 0.0
4.5 2.5118864e-07 0.00040883074 0 0.0 0.0
4.5 2.5118864e-08 0.00020441537 0 0.0 0.0
4.5 3.1622777e-08 0.00020412329 0 0.0 0.0
4.5 3.9810717e-07 0.00020416497 0 0.0 0.0
4.5 5.0118723e-07 0.00020412329 0 0.0 0.0
4.5 5.0118723e-08 0.00040866367 0 0.0 0.0
4.5 5.0118723e-09 0.00023551578 0 0.0 0.0
4.5 6.3095734e-07 0.00061437641 0 0.0 0.0
4.5 6.3095734e-09 0.00063304495 0 0.0 0.0
4.5 7.9432823e-07 0.00061287028 0.00020429009 0 0.0
4.5 7.9432823e-08 0.00061236987 0.00020412329 0 0.0
4.5 7.9432823e-09 0.00027901786 0 0.0 0.0
4.6 1.2589254e-08 0.00020479214 0 0.0 0.0
4.6 1.5848932e-07 0.0006124949 0 0.0 0.0
4.6 1.9952623e-07 0.00020479214 0 0.0 0.0
4.6 1.9952623e-08 0.00040716612 0 0.0 0.0
4.6 1e-07 0.00040874719 0 0.0 0.0
4.6 1e-08 0.00040733198 0 0.0 0.0
4.6 2.5118864e-07 0.00040816327 0 0.0 0.0
4.6 3.1622777e-07 0.00061187028 0 0.0 0.0
4.6 3.1622777e-09 0.00040824658 0.00020412329 0.0036420578 0
4.6 3.9810717e-07 0.00060988006 0 0.0 0.0
4.6 3.9810717e-08 0.00021150592 0 0.0 0.0
4.6 3.9810717e-09 0.00040807998 0 0.0 0.0
4.6 5.0118723e-08 0.00020424837 0 0.0 0.0
4.6 5.0118723e-09 0.00040832993 0 0.0 0.0
4.6 6.3095734e-07 0.00061399918 0 0.0 0.0
4.6 6.3095734e-08 0.0010199918 0 0.0 0.0
4.6 6.3095734e-09 0.00040874719 0 0.0 0.0
4.6 7.9432823e-08 0.00081300813 0 0.0 0.0
4.7 1.2589254e-07 0.00020483408 0 0.0 0.0
4.7 1.2589254e-08 0.00020420666 0 0.0 0.0
4.7 1.9952623e-07 0.00020458265 0 0.0 0.0
4.7 1.9952623e-08 0.0006133715 0 0.0 0.0
4.7 1e-06 0.00020395676 0 0.0 0.0
4.7 1e-07 0.00040791352 0 0.0 0.0
4.7 2.5118864e-08 0.00020466639 0 0.0 0.0
4.7 3.1622777e-07 0.00047653086 0 0.0 0.0
4.7 3.1622777e-09 0.00021528525 0 0.0 0.0
4.7 3.9810717e-08 0.00020504408 0 0.0 0.0
4.7 3.9810717e-09 0.00040799674 0.00020399837 0 0.0
4.7 5.0118723e-07 0.00040941658 0 0.0 0.0
4.7 5.0118723e-08 0.00067446043 0 0.0 0.0
4.7 5.0118723e-09 0.00081984013 0 0.0 0.0
4.7 6.3095734e-07 0.00020462451 0 0.0 0.0
4.7 7.9432823e-07 0.00020399837 0 0.0 0.0
4.7 7.9432823e-08 0.00020433183 0 0.0 0.0
4.8 1.2589254e-08 0.0002047502 0 0.0 0.0
4.8 1.5848932e-07 0.00020408163 0 0.0 0.0
4.8 1.5848932e-08 0.00020383204 0.00020383204 0.12452972 1
4.8 1.9952623e-07 0.00081984013 0.00020496003 0 0.0
4.8 1e-06 0.00040983607 0 0.0 0.0
4.8 1e-07 0.00041135335 0 0.0 0.0
4.8 3.1622777e-08 0.00022451729 0 0.0 0.0
4.8 3.1622777e-09 0.00020542317 0 0.0 0.0
4.8 3.9810717e-07 0.00040883074 0 0.0 0.0
4.8 3.9810717e-08 0.00020533881 0 0.0 0.0
4.8 3.9810717e-09 0.00020898642 0 0.0 0.0
4.8 5.0118723e-07 0.00020525452 0 0.0 0.0
4.8 6.3095734e-08 0.00040983607 0 0.0 0.0
4.8 6.3095734e-09 0.00040791352 0 0.0 0.0
4.8 7.9432823e-08 0.00020466639 0 0.0 0.0
4.9 1.2589254e-07 0.00020500205 0 0.0 0.0
4.9 1.5848932e-07 0.00020500205 0 0.0 0.0
4.9 1e-06 0.00020479214 0 0.0 0.0
4.9 1e-08 0.0006116208 0 0.0 0.0
4.9 2.5118864e-07 0.00041008817 0 0.0 0.0
4.9 3.1622777e-08 0.00020686802 0 0.0 0.0
4.9 3.1622777e-09 0.00022553 0 0.0 0.0
4.9 3.9810717e-07 0.00024038462 0 0.0 0.0
4.9 5.0118723e-08 0.00040866367 0 0.0 0.0
4.9 5.0118723e-09 0.00040824658 0 0.0 0.0
4.9 6.3095734e-09 0.00061362242 0 0.0 0.0
4.9 7.9432823e-07 0.00040891433 0 0.0 0.0
4.9 7.9432823e-08 0.00020855057 0 0.0 0.0
5 1.2589254e-08 0.00020437359 0 0.0 0.0
5 1.5848932e-07 0.00040966817 0 0.0 0.0
5 1.5848932e-08 0.00041109969 0 0.0 0.0
5 1.9952623e-07 0.00041067762 0 0.0 0.0
5 1e-06 0.00020437359 0 0.0 0.0
5 1e-07 0.00045207957 0 0.0 0.0
5 1e-08 0.00040950041 0 0.0 0.0
5 2.5118864e-07 0.00020449898 0 0.0 0.0
5 2.5118864e-08 0.00042025636 0 0.0 0.0
5 3.1622777e-08 0.00020546538 0 0.0 0.0
5 3.1622777e-09 0.00040908161 0 0.0 0.0
5 3.9810717e-08 0.00020521239 0 0.0 0.0
5 3.9810717e-09 0.00020496003 0 0.0 0.0
5 5.0118723e-08 0.0004747211 0 0.0 0.0
5 5.0118723e-09 0.00020445717 0 0.0 0.0
5 6.3095734e-07 0.0002055076 0 0.0 0.0
5 6.3095734e-08 0.0004091653 0 0.0 0.0
5 6.3095734e-09 0.0002055076 0 0.0 0.0
5 7.9432823e-08 0.00041076196 0 0.0 0.0
5 7.9432823e-09 0.00040966817 0 0.0 0.0
5.5 1.9952623e-07 0.00020500205 0 0.0 0.0
5.5 1.9952623e-08 0.00020533881 0 0.0 0.0
5.5 1e-06 0.00041093076 0 0.0 0.0
5.5 1e-08 0.00020554985 0.00020554985 0 0.0
5.5 2.5118864e-07 0.00020554985 0 0.0 0.0
5.5 3.1622777e-09 0.00022747953 0 0.0 0.0
5.5 3.9810717e-07 0.00020610058 0 0.0 0.0
5.5 3.9810717e-09 0.00028208745 0 0.0 0.0
5.5 5.0118723e-07 0.00020618557 0 0.0 0.0
5.5 5.0118723e-08 0.00023277467 0 0.0 0.0
5.5 5.0118723e-09 0.00022872827 0 0.0 0.0
5.5 6.3095734e-07 0.00020542317 0 0.0 0.0
5.5 6.3095734e-08 0.00020618557 0 0.0 0.0
5.5 7.9432823e-08 0.00041034058 0 0.0 0.0
6 1.5848932e-07 0.00020571899 0 0.0 0.0
6 1e-08 0.00020571899 0 0.0 0.0
6 2.5118864e-07 0.00020580366 0.00020580366 0 0.0
6 3.9810717e-07 0.00044033465 0 0.0 0.0
6 5.0118723e-07 0.000486618 0 0.0 0.0
6 5.0118723e-08 0.00020588841 0 0.0 0.0
6 7.9432823e-07 0.00020576132 0 0.0 0.0
6 7.9432823e-08 0.00020567668 0 0.0 0.0
6.5 1.5848932e-07 0.00093501636 0 0.0 0.0
6.5 1e-08 0.00061349693 0 0.0 0.0
6.5 2.5118864e-08 0.00061652281 0 0.0 0.0
6.5 3.1622777e-08 0.00020512821 0 0.0 0.0
6.5 3.1622777e-09 0.00020567668 0 0.0 0.0
6.5 3.9810717e-07 0.00020504408 0 0.0 0.0
6.5 5.0118723e-08 0.00020627063 0 0.0 0.0
7 1.2589254e-08 0.000220022 0 0.0 0.0
7 1.9952623e-07 0.00040924903 0 0.0 0.0
7 5.0118723e-08 0.00020508614 0 0.0 0.0
8 3.1622777e-07 0.00028433324 0.00028433324 0 0.0
8 6.3095734e-08 0.00020403999 0 0.0 0.0
8 6.3095734e-09 0.00022207417 0 0.0 0.0
9 1.9952623e-07 0.00020333469 0 0.0 0.0
9 2.5118864e-08 0.00020308692 0 0.0 0.0
9 3.1622777e-08 0.00022381379 0 0.0 0.0
9 3.9810717e-08 0.00024301337 0 0.0 0.0
9 6.3095734e-09 0.00022825839 0 0.0 0.0
