0.002 0.00012589254 1.232806e+10
0.002 0.00015848932 2.3182927e+10
0.002 0.00019952623 3.5995927e+10
0.002 0.0001 6.394708e+09
0.002 0.00025118864 4.8874772e+10
0.002 0.00031622777 5.9734479e+10
0.002 1.2589254e-05 2256166.4
0.002 1.2589254e-06 234.70601
0.002 1.2589254e-07 0.022910411
0.002 1.2589254e-08 2.3395643e-06
0.002 1.2589254e-09 2.2316644e-10
0.002 1.5848932e-05 5550637.6
0.002 1.5848932e-06 600.67855
0.002 1.5848932e-07 0.056476614
0.002 1.5848932e-08 5.5444417e-06
0.002 1.5848932e-09 5.6226933e-10
0.002 1.9952623e-05 13946882
0.002 1.9952623e-06 1489.5015
0.002 1.9952623e-07 0.14312217
0.002 1.9952623e-08 1.4609786e-05
0.002 1.9952623e-09 1.4306618e-09
0.002 1e-05 879060.42
0.002 1e-06 90.566
0.002 1e-07 0.0088444123
0.002 1e-08 9.2905672e-07
0.002 1e-09 9.1758128e-11
0.002 2.5118864e-05 35474049
0.002 2.5118864e-06 3691.043
0.002 2.5118864e-07 0.36915184
0.002 2.5118864e-08 3.6870308e-05
0.002 2.5118864e-09 3.4703532e-09
0.002 3.1622777e-05 90527585
0.002 3.1622777e-07 0.88066498
0.002 3.1622777e-08 9.2687116e-05
0.002 3.1622777e-09 8.9376914e-09
0.002 3.9810717e-05 2.1611262e+08
0.002 3.9810717e-06 22229.565
0.002 3.9810717e-07 2.1220788
0.002 3.9810717e-08 0.00022707081
0.002 3.9810717e-09 2.2069473e-08
0.002 5.0118723e-05 5.2913394e+08
0.002 5.0118723e-06 56842.908
0.002 5.0118723e-07 5.8775477
0.002 5.0118723e-08 0.00059508628
0.002 5.0118723e-09 5.9302282e-08
0.002 6.3095734e-05 1.2981486e+09
0.002 6.3095734e-06 146495.87
0.002 6.3095734e-07 14.153268
0.002 6.3095734e-08 0.0014782121
0.002 6.3095734e-09 1.3910417e-07
0.002 7.9432823e-05 2.7375518e+09
0.002 7.9432823e-06 362595.92
0.002 7.9432823e-07 34.448733
0.002 7.9432823e-08 0.003668161
0.002 7.9432823e-09 3.5634892e-07
0.005 0.00012589254 9.3870088e+09
0.005 0.00015848932 7.9060285e+09
0.005 0.00019952623 5.9383733e+09
0.005 0.0001 7.5721417e+09
0.005 0.00025118864 2.5103998e+09
0.005 0.00031622777 6.6788937e+08
0.005 1.2589254e-05 13844616
0.005 1.2589254e-06 1422.9463
0.005 1.2589254e-07 0.1489745
0.005 1.2589254e-08 1.4579453e-05
0.005 1.2589254e-09 1.4374963e-09
0.005 1.5848932e-05 33134542
0.005 1.5848932e-06 3705.5227
0.005 1.5848932e-07 0.35787823
0.005 1.5848932e-08 3.643179e-05
0.005 1.5848932e-09 3.7362256e-09
0.005 1.9952623e-05 82031074
0.005 1.9952623e-06 9072.1586
0.005 1.9952623e-07 0.96430907
0.005 1.9952623e-09 9.1073095e-09
0.005 1e-05 5752325.5
0.005 1e-06 591.98188
0.005 1e-07 0.056441721
0.005 1e-08 5.6471648e-06
0.005 2.5118864e-05 1.9383825e+08
0.005 2.5118864e-06 23573.5
0.005 2.5118864e-09 2.3087945e-08
0.005 3.1622777e-05 4.6132536e+08
0.005 3.1622777e-06 58285.665
0.005 3.1622777e-07 5.737786
0.005 3.1622777e-08 0.00059210829
0.005 3.1622777e-09 5.8661303e-08
0.005 3.9810717e-05 9.630062e+08
0.005 3.9810717e-06 140620.96
0.005 3.9810717e-07 14.960759
0.005 3.9810717e-08 0.0014305599
0.005 3.9810717e-09 1.4610362e-07
0.005 5.0118723e-05 2.0744234e+09
0.005 5.0118723e-06 364794.5
0.005 5.0118723e-07 34.650213
0.005 5.0118723e-08 0.0035083687
0.005 5.0118723e-09 3.633777e-07
0.005 6.3095734e-05 3.6130514e+09
0.005 6.3095734e-06 938356.76
0.005 6.3095734e-07 87.593189
0.005 6.3095734e-08 0.0092140722
0.005 6.3095734e-09 9.0611522e-07
0.005 7.9432823e-05 5.8549188e+09
0.005 7.9432823e-06 2256343.9
0.005 7.9432823e-07 230.44996
0.005 7.9432823e-08 0.024551836
0.005 7.9432823e-09 2.3308149e-06
0.01 0.00012589254 6.1899338e+08
0.01 0.00015848932 1.7172107e+08
0.01 0.00019952623 19698454
0.01 0.0001 1.4544516e+09
0.01 0.00025118864 475037.43
0.01 0.00031622777 875.73651
0.01 1.2589254e-05 47113350
0.01 1.2589254e-06 5667.9815
0.01 1.2589254e-07 0.58236175
0.01 1.2589254e-08 5.7911601e-05
0.01 1.2589254e-09 5.9040472e-09
0.01 1.5848932e-06 14125.974
0.01 1.5848932e-08 0.00014371074
0.01 1.9952623e-05 2.4887334e+08
0.01 1.9952623e-06 36084.652
0.01 1.9952623e-07 3.6809703
0.01 1.9952623e-08 0.00034834148
0.01 1.9952623e-09 3.7524829e-08
0.01 1e-05 20287710
0.01 1e-07 0.23370421
0.01 1e-08 2.3202215e-05
0.01 1e-09 2.303572e-09
0.01 2.5118864e-05 5.1279948e+08
0.01 2.5118864e-06 90084.58
0.01 2.5118864e-07 9.2311312
0.01 3.1622777e-05 9.0576785e+08
0.01 3.1622777e-06 224351.61
0.01 3.1622777e-07 22.431716
0.01 3.1622777e-08 0.0023283153
0.01 3.1622777e-09 2.2361805e-07
0.01 3.9810717e-05 1.4372185e+09
0.01 3.9810717e-06 577271.61
0.01 3.9810717e-07 58.079704
0.01 3.9810717e-08 0.0056053351
0.01 3.9810717e-09 5.721308e-07
0.01 5.0118723e-05 2.0289238e+09
0.01 5.0118723e-06 1459885.4
0.01 5.0118723e-07 140.57815
0.01 5.0118723e-08 0.014596124
0.01 5.0118723e-09 1.411792e-06
0.01 6.3095734e-05 2.3367653e+09
0.01 6.3095734e-06 3694762.4
0.01 6.3095734e-07 367.04484
0.01 6.3095734e-08 0.034835879
0.01 6.3095734e-09 3.6256042e-06
0.01 7.9432823e-05 2.1409717e+09
0.01 7.9432823e-07 944.86213
0.01 7.9432823e-08 0.088486501
0.01 7.9432823e-09 9.4303603e-06
0.05 0.00012589254 4.7767561e-21
0.05 0.00015848932 0
0.05 0.00019952623 0
0.05 0.0001 2.1476869e-10
0.05 0.00025118864 0
0.05 0.00031622777 0
0.05 1.2589254e-05 85489261
0.05 1.2589254e-06 140921.75
0.05 1.2589254e-07 14.488728
0.05 1.2589254e-08 0.0013821955
0.05 1.2589254e-09 1.498078e-07
0.05 1.5848932e-05 87705318
0.05 1.5848932e-06 337214.15
0.05 1.5848932e-07 36.467592
0.05 1.5848932e-08 0.0035660378
0.05 1.5848932e-09 3.7008012e-07
0.05 1.9952623e-05 61401789
0.05 1.9952623e-06 791036.2
0.05 1.9952623e-07 96.277214
0.05 1.9952623e-09 8.8112483e-07
0.05 1e-05 79173414
0.05 1e-06 53103.113
0.05 1e-07 5.9474433
0.05 1e-08 0.00060298916
0.05 1e-09 5.5281032e-08
0.05 2.5118864e-05 25416751
0.05 2.5118864e-06 1949096.2
0.05 2.5118864e-07 232.96522
0.05 2.5118864e-08 0.021424725
0.05 2.5118864e-09 2.2978189e-06
0.05 3.1622777e-05 5919493.3
0.05 3.1622777e-06 4384989.2
0.05 3.1622777e-08 0.054116264
0.05 3.1622777e-09 5.85942e-06
0.05 3.9810717e-05 532895.83
0.05 3.9810717e-06 10270490
0.05 3.9810717e-07 1465.9933
0.05 3.9810717e-08 0.14949694
0.05 3.9810717e-09 1.4436206e-05
0.05 5.0118723e-05 17970.466
0.05 5.0118723e-06 19270209
0.05 5.0118723e-07 3628.7427
0.05 5.0118723e-08 0.35775224
0.05 5.0118723e-09 3.5658891e-05
0.05 6.3095734e-06 36225573
0.05 6.3095734e-07 9164.5674
0.05 6.3095734e-08 0.87402035
0.05 6.3095734e-09 9.4497009e-05
0.05 7.9432823e-05 0.0032660759
0.05 7.9432823e-06 56906289
0.05 7.9432823e-08 2.3152054
0.05 7.9432823e-09 0.00022751609
0.1 0.00012589254 0
0.1 0.00015848932 0
0.1 0.00019952623 0
0.1 0.0001 0
0.1 0.00025118864 0
0.1 0.00031622777 0
0.1 1.2589254e-05 6379981.6
0.1 1.2589254e-06 481185.98
0.1 1.2589254e-07 57.01393
0.1 1.2589254e-08 0.0058438503
0.1 1.2589254e-09 5.8034991e-07
0.1 1.5848932e-05 1648419.1
0.1 1.5848932e-06 1154170.3
0.1 1.5848932e-07 142.57849
0.1 1.5848932e-08 0.014000816
0.1 1.5848932e-09 1.495467e-06
0.1 1.9952623e-05 192964.23
0.1 1.9952623e-06 2369397.3
0.1 1.9952623e-07 357.18462
0.1 1.9952623e-08 0.0349091
0.1 1.9952623e-09 3.7063555e-06
0.1 1e-05 12963007
0.1 1e-06 199222.53
0.1 1e-07 22.158981
0.1 1e-08 0.0022811047
0.1 1e-09 2.239413e-07
0.1 2.5118864e-05 3656.7794
0.1 2.5118864e-06 5077788.9
0.1 2.5118864e-07 824.69602
0.1 2.5118864e-08 0.093477317
0.1 2.5118864e-09 9.0153901e-06
0.1 3.1622777e-05 3.9936793
0.1 3.1622777e-07 2148.4521
0.1 3.1622777e-08 0.22143603
0.1 3.1622777e-09 2.2041297e-05
0.1 3.9810717e-05 0.00046797196
0.1 3.9810717e-06 15205829
0.1 3.9810717e-07 5665.1147
0.1 3.9810717e-08 0.57474546
0.1 3.9810717e-09 5.6123384e-05
0.1 5.0118723e-05 1.8253548e-10
0.1 5.0118723e-07 14618.447
0.1 5.0118723e-08 1.4565005
0.1 5.0118723e-09 0.0001417051
0.1 6.3095734e-05 2.6430837e-21
0.1 6.3095734e-06 21458131
0.1 6.3095734e-07 34261.914
0.1 6.3095734e-08 3.6740807
0.1 6.3095734e-09 0.00034844579
0.1 7.9432823e-05 5.4912246e-38
0.1 7.9432823e-06 21004659
0.1 7.9432823e-07 82638.798
0.1 7.9432823e-08 8.7602111
0.1 7.9432823e-09 0.00088832107
0.15 0.00012589254 0
0.15 0.00015848932 0
0.15 0.00019952623 0
0.15 0.0001 0
0.15 0.00025118864 0
0.15 0.00031622777 0
0.15 1.2589254e-05 141608.76
0.15 1.2589254e-07 129.34459
0.15 1.2589254e-08 0.013266705
0.15 1.2589254e-09 1.2813998e-06
0.15 1.5848932e-05 3212.4532
0.15 1.5848932e-06 1913626.1
0.15 1.5848932e-07 322.24584
0.15 1.5848932e-08 0.03395074
0.15 1.9952623e-05 16.918107
0.15 1.9952623e-06 3425928.2
0.15 1.9952623e-07 805.07565
0.15 1.9952623e-08 0.080717007
0.15 1.9952623e-09 8.1778098e-06
0.15 1e-05 1126054.4
0.15 1e-06 399958.03
0.15 1e-07 50.324327
0.15 1e-08 0.0049696663
0.15 1e-09 5.0578941e-07
0.15 2.5118864e-05 0.0036556387
0.15 2.5118864e-06 5341588.1
0.15 2.5118864e-07 1998.5874
0.15 2.5118864e-08 0.2092218
0.15 2.5118864e-09 1.9938699e-05
0.15 3.1622777e-05 9.7430376e-10
0.15 3.1622777e-06 8430335.7
0.15 3.1622777e-07 4973.9147
0.15 3.1622777e-09 4.8476431e-05
0.15 3.9810717e-05 6.2507659e-18
0.15 3.9810717e-06 10110651
0.15 3.9810717e-07 12584.096
0.15 3.9810717e-08 1.2659416
0.15 3.9810717e-09 0.00012565096
0.15 5.0118723e-07 29909.443
0.15 5.0118723e-08 3.2622694
0.15 5.0118723e-09 0.00032434344
0.15 6.3095734e-05 0
0.15 6.3095734e-07 74544.438
0.15 6.3095734e-09 0.00083288374
0.15 7.9432823e-05 0
0.15 7.9432823e-06 3450042.5
0.15 7.9432823e-07 179405.2
0.15 7.9432823e-08 19.553269
0.15 7.9432823e-09 0.0019145618
0.2 0.00015848932 0
0.2 0.00019952623 0
0.2 0.0001 0
0.2 0.00025118864 0
0.2 0.00031622777 0
0.2 1.2589254e-05 783.71551
0.2 1.2589254e-06 1217738
0.2 1.2589254e-07 212.89222
0.2 1.2589254e-08 0.022008702
0.2 1.2589254e-09 2.2057122e-06
0.2 1.5848932e-05 2.6320338
0.2 1.5848932e-06 2186624.3
0.2 1.5848932e-07 538.66234
0.2 1.5848932e-08 0.055993794
0.2 1.5848932e-09 5.6213877e-06
0.2 1.9952623e-05 0.00021447962
0.2 1.9952623e-06 3682554.3
0.2 1.9952623e-07 1408.156
0.2 1.9952623e-08 0.13451014
0.2 1.9952623e-09 1.3173886e-05
0.2 1e-07 87.495045
0.2 1e-08 0.0087806104
0.2 1e-09 9.1078789e-07
0.2 2.5118864e-05 1.5065535e-11
0.2 2.5118864e-06 4944337.7
0.2 2.5118864e-07 3288.8492
0.2 2.5118864e-08 0.3487796
0.2 2.5118864e-09 3.3268258e-05
0.2 3.1622777e-05 5.4494391e-22
0.2 3.1622777e-06 5613909.2
0.2 3.1622777e-07 8704.6875
0.2 3.1622777e-08 0.84674678
0.2 3.1622777e-09 8.6247086e-05
0.2 3.9810717e-05 1.372412e-38
0.2 3.9810717e-06 5386874.1
0.2 3.9810717e-07 20932.327
0.2 3.9810717e-08 2.1525332
0.2 3.9810717e-09 0.0002211741
0.2 5.0118723e-05 0
0.2 5.0118723e-06 3531423.6
0.2 6.3095734e-06 1583292.8
0.2 6.3095734e-09 0.0014351476
0.2 7.9432823e-05 0
0.2 7.9432823e-06 359525.91
0.2 7.9432823e-07 259283.01
0.2 7.9432823e-08 36.324937
0.2 7.9432823e-09 0.0034163303
0.25 0.00012589254 0
0.25 0.00015848932 0
0.25 0.00019952623 0
0.25 0.0001 0
0.25 0.00025118864 0
0.25 1.2589254e-07 1143.9266
0.25 1.2589254e-09 1.2008714e-05
0.25 1.5848932e-05 5.3834546e-13
0.25 1.5848932e-06 3579423.1
0.25 1.5848932e-07 2798.5701
0.25 1.5848932e-08 0.30423386
0.25 1.5848932e-09 2.7826994e-05
0.25 1.9952623e-08 0.70618239
0.25 1.9952623e-09 7.2582469e-05
0.25 1e-05 0.47373862
0.25 1e-07 461.74183
0.25 1e-08 0.045356847
0.25 2.5118864e-05 0
0.25 2.5118864e-06 3307494.5
0.25 2.5118864e-07 16964.182
0.25 2.5118864e-08 1.7796337
0.25 2.5118864e-09 0.00018374839
0.25 3.1622777e-05 0
0.25 3.1622777e-06 2502694.4
0.25 3.1622777e-08 4.5595318
0.25 3.1622777e-09 0.00046791896
0.25 3.9810717e-05 0
0.25 3.9810717e-06 1020802.4
0.25 3.9810717e-07 98763.628
0.25 3.9810717e-09 0.0011059175
0.25 5.0118723e-05 0
0.25 5.0118723e-07 216078.15
0.25 5.0118723e-08 28.883842
0.25 6.3095734e-06 17463.04
0.25 6.3095734e-08 73.316277
0.25 6.3095734e-09 0.0072719285
0.25 7.9432823e-05 0
0.25 7.9432823e-06 282.78207
0.25 7.9432823e-07 932554.16
0.25 7.9432823e-08 178.11279
0.25 7.9432823e-09 0.017744202
0.3 0.00012589254 0
0.3 0.00015848932 0
0.3 0.00019952623 0
0.3 0.0001 0
0.3 0.00031622777 0
0.3 1.2589254e-05 6.234564e-14
0.3 1.2589254e-06 2223914.5
0.3 1.2589254e-07 1656.191
0.3 1.5848932e-05 4.3687833e-25
0.3 1.5848932e-06 2592075.2
0.3 1.5848932e-07 4339.8419
0.3 1.5848932e-08 0.45140549
0.3 1.5848932e-09 4.727593e-05
0.3 1.9952623e-05 0
0.3 1.9952623e-08 1.097304
0.3 1.9952623e-09 0.00011249917
0.3 1e-05 5.32995e-06
0.3 1e-06 1720994.7
0.3 1e-07 695.43813
0.3 1e-08 0.069067913
0.3 1e-09 6.7852224e-06
0.3 2.5118864e-05 0
0.3 2.5118864e-06 1474996
0.3 2.5118864e-07 25392.47
0.3 2.5118864e-08 2.7909528
0.3 2.5118864e-09 0.00028793337
0.3 3.1622777e-05 0
0.3 3.1622777e-06 774782.07
0.3 3.1622777e-07 62730.061
0.3 3.1622777e-09 0.00070941933
0.3 3.9810717e-05 0
0.3 3.9810717e-06 153426.66
0.3 3.9810717e-07 134521.86
0.3 3.9810717e-08 17.443999
0.3 3.9810717e-09 0.0017363383
0.3 5.0118723e-05 0
0.3 5.0118723e-06 12176.078
0.3 5.0118723e-08 44.026106
0.3 5.0118723e-09 0.0045025104
0.3 6.3095734e-05 0
0.3 6.3095734e-06 212.48516
0.3 6.3095734e-07 597173.75
0.3 6.3095734e-08 111.00674
0.3 6.3095734e-09 0.011324321
0.3 7.9432823e-05 0
0.3 7.9432823e-07 1101697.8
0.3 7.9432823e-08 278.81473
0.3 7.9432823e-09 0.028604342
0.35 0.00012589254 0
0.35 0.00015848932 0
0.35 0.00019952623 0
0.35 0.0001 0
0.35 0.00025118864 0
0.35 0.00031622777 0
0.35 1.2589254e-05 1.0774127e-21
0.35 1.2589254e-06 1750247.4
0.35 1.2589254e-07 2269.5721
0.35 1.2589254e-08 0.23853898
0.35 1.2589254e-09 2.3939325e-05
0.35 1.5848932e-06 1868919.8
0.35 1.5848932e-07 5782.6097
0.35 1.9952623e-06 1209263.4
0.35 1.9952623e-07 13819.902
0.35 1.9952623e-08 1.5869094
0.35 1.9952623e-09 0.00015634237
0.35 1e-06 1484562
0.35 1e-08 0.098229311
0.35 1e-09 9.9338826e-06
0.35 2.5118864e-07 32762.462
0.35 2.5118864e-08 3.8445113
0.35 2.5118864e-09 0.00038435889
0.35 3.1622777e-05 0
0.35 3.1622777e-06 178665.61
0.35 3.1622777e-07 73165.272
0.35 3.1622777e-08 9.7246787
0.35 3.1622777e-09 0.00095938484
0.35 3.9810717e-05 0
0.35 3.9810717e-06 21618.972
0.35 3.9810717e-08 23.805927
0.35 3.9810717e-09 0.0024632818
0.35 5.0118723e-05 0
0.35 5.0118723e-07 345418.08
0.35 5.0118723e-08 61.185812
0.35 6.3095734e-06 1.738999
0.35 6.3095734e-07 641745.85
0.35 6.3095734e-08 151.76929
0.35 6.3095734e-09 0.015040697
0.35 7.9432823e-05 0
0.35 7.9432823e-06 0.00036970258
0.35 7.9432823e-07 1074294
0.35 7.9432823e-09 0.039170699
0.4 0.00012589254 0
0.4 0.00019952623 0
0.4 0.00031622777 0
0.4 1.2589254e-05 3.5563093e-33
0.4 1.2589254e-06 1335966.4
0.4 1.2589254e-07 3387.3859
0.4 1.2589254e-08 0.36489117
0.4 1.2589254e-09 3.6202433e-05
0.4 1.5848932e-05 0
0.4 1.5848932e-06 1063391
0.4 1.5848932e-07 8622.8114
0.4 1.9952623e-05 0
0.4 1.9952623e-06 530990.24
0.4 1.9952623e-09 0.00022629872
0.4 1e-05 1.7815595e-18
0.4 1e-06 1298555.5
0.4 1e-08 0.14320461
0.4 2.5118864e-08 5.6320914
0.4 2.5118864e-09 0.00054598964
0.4 3.1622777e-05 0
0.4 3.1622777e-06 27868.382
0.4 3.1622777e-07 99664.891
0.4 3.1622777e-08 13.605886
0.4 3.1622777e-09 0.0014136428
0.4 3.9810717e-05 0
0.4 3.9810717e-07 225211.42
0.4 5.0118723e-06 2.9940024
0.4 5.0118723e-07 442769.17
0.4 5.0118723e-08 89.728177
0.4 5.0118723e-09 0.0089694188
0.4 6.3095734e-05 0
0.4 6.3095734e-06 0.00077687005
0.4 6.3095734e-07 722547.6
0.4 6.3095734e-08 227.47308
0.4 6.3095734e-09 0.023437606
0.4 7.9432823e-05 0
0.4 7.9432823e-06 6.370173e-09
0.4 7.9432823e-07 1070293.7
0.4 7.9432823e-08 563.90591
0.4 7.9432823e-09 0.060818875
0.45 0.00012589254 0
0.45 0.00015848932 0
0.45 0.00019952623 0
0.45 0.0001 0
0.45 0.00025118864 0
0.45 0.00031622777 0
0.45 1.2589254e-06 904189.82
0.45 1.2589254e-07 4812.0182
0.45 1.2589254e-08 0.48802744
0.45 1.2589254e-09 5.2465427e-05
0.45 1.5848932e-05 0
0.45 1.5848932e-06 582732.75
0.45 1.5848932e-07 11209.644
0.45 1.5848932e-08 1.2922662
0.45 1.9952623e-09 0.00033158514
0.45 1e-05 7.4156787e-28
0.45 1e-06 1021939.4
0.45 1e-07 1999.4155
0.45 1e-08 0.19815073
0.45 2.5118864e-05 0
0.45 2.5118864e-06 36081.261
0.45 2.5118864e-07 64201.49
0.45 2.5118864e-08 8.1293793
0.45 2.5118864e-09 0.00082484255
0.45 3.1622777e-05 0
0.45 3.1622777e-06 2568.0513
0.45 3.1622777e-07 133662.77
0.45 3.1622777e-09 0.0022070027
0.45 3.9810717e-05 0
0.45 3.9810717e-06 36.417025
0.45 3.9810717e-07 268069.51
0.45 3.9810717e-08 53.724364
0.45 3.9810717e-09 0.0053726357
0.45 5.0118723e-05 0
0.45 5.0118723e-06 0.035818625
0.45 5.0118723e-07 479175.04
0.45 5.0118723e-08 127.51992
0.45 5.0118723e-09 0.012740907
0.45 6.3095734e-05 0
0.45 6.3095734e-06 3.4497864e-07
0.45 6.3095734e-07 730581.54
0.45 6.3095734e-08 333.20148
0.45 6.3095734e-09 0.031452324
0.45 7.9432823e-05 0
0.45 7.9432823e-06 3.4619144e-15
0.45 7.9432823e-07 979405.56
0.45 7.9432823e-08 762.93657
0.45 7.9432823e-09 0.081809658
0.5 0.00012589254 0
0.5 0.00015848932 0
0.5 0.00019952623 0
0.5 0.0001 0
0.5 0.00025118864 0
0.5 0.00031622777 0
0.5 1.2589254e-06 551129.74
0.5 1.2589254e-09 6.9479862e-05
0.5 1.5848932e-05 0
0.5 1.5848932e-07 15704.083
0.5 1.5848932e-08 1.7145197
0.5 1.5848932e-09 0.00017039853
0.5 1.9952623e-05 0
0.5 1.9952623e-06 63592.239
0.5 1.9952623e-07 37052.984
0.5 1.9952623e-09 0.00042126391
0.5 1e-08 0.27309914
0.5 1e-09 2.8658814e-05
0.5 2.5118864e-05 0
0.5 2.5118864e-06 6472.0329
0.5 2.5118864e-08 10.798135
0.5 2.5118864e-09 0.0010613034
0.5 3.1622777e-05 0
0.5 3.9810717e-05 0
0.5 3.9810717e-06 0.78065502
0.5 3.9810717e-07 293770.85
0.5 3.9810717e-08 71.025545
0.5 3.9810717e-09 0.0070397241
0.5 5.0118723e-06 5.9318311e-05
0.5 5.0118723e-07 525417.38
0.5 6.3095734e-07 701586.65
0.5 6.3095734e-08 406.60992
0.5 6.3095734e-09 0.043141805
0.5 7.9432823e-05 0
0.5 7.9432823e-06 8.4204052e-23
0.5 7.9432823e-07 868169.58
0.55 1.2589254e-06 296576.6
0.55 1.2589254e-07 9150.7082
0.55 1.2589254e-08 1.0246215
0.55 1.5848932e-05 0
0.55 1.9952623e-06 16507.253
0.55 1.9952623e-07 44981.361
0.55 1.9952623e-08 6.2865427
0.55 1e-05 0
0.55 1e-07 3753.6146
0.55 1e-08 0.41618707
0.55 2.5118864e-07 101934.74
0.55 2.5118864e-08 16.029506
0.55 3.1622777e-06 4.4742502
0.55 3.1622777e-07 192954.59
0.55 3.1622777e-08 41.413683
0.55 3.1622777e-09 0.0039535551
0.55 3.9810717e-06 0.0019449034
0.55 3.9810717e-07 341235.45
0.55 3.9810717e-08 100.75485
0.55 3.9810717e-09 0.010148228
0.55 5.0118723e-06 1.2557209e-09
0.55 5.0118723e-07 516669.36
0.55 5.0118723e-08 264.15389
0.55 5.0118723e-09 0.024793089
0.55 6.3095734e-06 2.924291e-19
0.55 6.3095734e-07 661369.04
0.55 6.3095734e-08 629.7259
0.55 6.3095734e-09 0.059807134
0.55 7.9432823e-06 1.6193709e-33
0.55 7.9432823e-07 656090.14
0.55 7.9432823e-08 1548.6302
0.55 7.9432823e-09 0.16406362
0.6 1.2589254e-05 0
0.6 1.2589254e-07 13290.132
0.6 1.5848932e-06 21673.666
0.6 1.5848932e-07 32318.109
0.6 1.5848932e-08 4.044824
0.6 1.9952623e-05 0
0.6 1.9952623e-06 1040.7716
0.6 1.9952623e-07 66003.139
0.6 1.9952623e-08 10.142009
0.6 1e-05 0
0.6 1e-06 299964.08
0.6 2.5118864e-07 138973.8
0.6 2.5118864e-08 26.784939
0.6 3.1622777e-05 0
0.6 3.1622777e-06 0.0081730198
0.6 3.1622777e-07 247319.02
0.6 3.1622777e-08 66.10405
0.6 3.9810717e-09 0.016102729
0.6 5.0118723e-06 1.1621248e-15
0.6 5.0118723e-07 475654.94
0.6 6.3095734e-09 0.10669637
0.6 7.9432823e-06 0
0.6 7.9432823e-07 483168.81
0.6 7.9432823e-08 2475.559
0.6 7.9432823e-09 0.261571
0.65 1.2589254e-05 0
0.65 1.2589254e-06 18164.313
0.65 1.5848932e-05 0
0.65 1.5848932e-08 8.5929697
0.65 1.9952623e-05 0
0.65 1.9952623e-06 11.125352
0.65 1.9952623e-07 114290.03
0.65 1.9952623e-08 19.883554
0.65 1e-05 0
0.65 1e-06 100190.28
0.65 2.5118864e-07 211283.74
0.65 2.5118864e-08 55.141146
0.65 3.1622777e-05 0
0.65 3.1622777e-06 4.4411327e-08
0.65 3.1622777e-07 320718.09
0.65 3.1622777e-08 138.43628
0.65 3.1622777e-09 0.014226619
0.65 3.9810717e-06 1.521894e-15
0.65 3.9810717e-07 446425.32
0.65 3.9810717e-08 332.25164
0.65 3.9810717e-09 0.03305013
0.65 5.0118723e-06 5.1183655e-30
0.65 5.0118723e-07 466642.41
0.65 6.3095734e-07 423094.21
0.65 6.3095734e-09 0.20409652
0.65 7.9432823e-06 0
0.65 7.9432823e-07 254711.03
0.65 7.9432823e-08 4994.5924
0.65 7.9432823e-09 0.55694594
0.7 1.2589254e-05 0
0.7 1.2589254e-06 367.03358
0.7 1.2589254e-07 54827.931
0.7 1.2589254e-08 9.2393969
0.7 1.5848932e-06 2.5626068
0.7 1.5848932e-07 114835.98
0.7 1.5848932e-08 21.927706
0.7 1.9952623e-06 0.00098138597
0.7 1e-05 0
0.7 1e-06 8556.5664
0.7 1e-07 25957.436
0.7 1e-08 3.8301083
0.7 2.5118864e-05 0
0.7 3.1622777e-06 8.7321985e-19
0.7 3.1622777e-07 391874.22
0.7 3.1622777e-09 0.033936053
0.7 3.9810717e-06 7.0027132e-33
0.7 3.9810717e-07 379644.13
0.7 3.9810717e-08 842.15258
0.7 3.9810717e-09 0.090357768
0.7 5.0118723e-06 0
0.7 5.0118723e-07 357994.28
0.7 5.0118723e-08 2011.4207
0.7 5.0118723e-09 0.23677752
0.7 6.3095734e-06 0
0.7 6.3095734e-08 5096.3651
0.7 6.3095734e-09 0.54268385
0.7 7.9432823e-06 0
0.7 7.9432823e-07 66019.095
0.7 7.9432823e-08 11252.859
0.7 7.9432823e-09 1.3990498
0.75 1.2589254e-08 21.52824
0.75 1.5848932e-05 0
0.75 1.5848932e-06 2.1631482e-05
0.75 1.5848932e-07 185374.67
0.75 1.5848932e-08 54.792675
0.75 1.9952623e-05 0
0.75 1.9952623e-06 1.3994547e-11
0.75 1.9952623e-07 270637.44
0.75 1e-06 100.89732
0.75 2.5118864e-05 0
0.75 2.5118864e-06 3.960816e-21
0.75 2.5118864e-08 355.82
0.75 3.1622777e-08 932.00404
0.75 3.1622777e-09 0.090722727
0.75 3.9810717e-07 260089.94
0.75 3.9810717e-08 2120.372
0.75 5.0118723e-06 0
0.75 5.0118723e-07 131727.03
0.75 5.0118723e-08 5389.1398
0.75 5.0118723e-09 0.58885766
0.75 6.3095734e-06 0
0.75 6.3095734e-07 33658.685
0.75 6.3095734e-08 11932.37
0.75 6.3095734e-09 1.6408095
0.75 7.9432823e-06 0
0.75 7.9432823e-07 3531.6162
0.75 7.9432823e-08 27755.213
0.75 7.9432823e-09 3.8785535
0.8 1.2589254e-05 0
0.8 1.2589254e-06 0.24272686
0.8 1.2589254e-07 94060.624
0.8 1.2589254e-08 19.786684
0.8 1.5848932e-05 0
0.8 1.5848932e-06 8.7216401e-05
0.8 1.5848932e-07 159205.52
0.8 1.5848932e-08 45.733314
0.8 1.9952623e-05 0
0.8 1.9952623e-06 5.8143356e-11
0.8 1.9952623e-07 237459.31
0.8 1.9952623e-08 118.82276
0.8 1e-05 0
0.8 1e-06 212.3578
0.8 1e-07 46379.615
0.8 1e-08 7.2712664
0.8 2.5118864e-05 0
0.8 2.5118864e-06 3.6876062e-20
0.8 2.5118864e-07 320693.07
0.8 2.5118864e-08 287.26107
0.8 3.1622777e-05 0
0.8 3.1622777e-06 1.8624079e-37
0.8 3.1622777e-07 285917.41
0.8 3.1622777e-08 668.1187
0.8 3.1622777e-09 0.075992333
0.8 3.9810717e-06 0
0.8 3.9810717e-07 215615.28
0.8 5.0118723e-08 3769.9219
0.8 5.0118723e-09 0.4744721
0.8 6.3095734e-07 37341.321
0.8 6.3095734e-08 10421.157
0.8 7.9432823e-06 0
0.8 7.9432823e-07 4014.8911
0.8 7.9432823e-08 23037.514
0.8 7.9432823e-09 2.8101553
0.81 1.2589254e-05 0
0.81 1.2589254e-06 2.7753001
0.81 1.2589254e-07 78117.411
0.81 1.2589254e-08 14.815711
0.81 1.5848932e-05 0
0.81 1.5848932e-06 0.00046457482
0.81 1.5848932e-07 128397.21
0.81 1.5848932e-08 34.533073
0.81 1.9952623e-05 0
0.81 1.9952623e-06 2.6286164e-09
0.81 1.9952623e-07 205281.1
0.81 1.9952623e-08 90.150123
0.81 1e-05 0
0.81 1e-06 375.38194
0.81 1e-07 38350.675
0.81 1e-08 6.1257929
0.81 2.5118864e-06 2.3745645e-19
0.81 2.5118864e-08 237.10283
0.81 3.1622777e-05 0
0.81 3.1622777e-06 6.1140548e-32
0.81 3.1622777e-07 296136.87
0.81 3.1622777e-08 566.3033
0.81 3.1622777e-09 0.062306878
0.81 3.9810717e-06 0
0.81 3.9810717e-07 250044.66
0.81 3.9810717e-08 1406.3135
0.81 3.9810717e-09 0.14164617
0.81 5.0118723e-06 0
0.81 5.0118723e-07 155610.61
0.81 5.0118723e-08 3115.328
0.81 5.0118723e-09 0.34593463
0.81 6.3095734e-06 0
0.81 6.3095734e-08 7335.6336
0.81 6.3095734e-09 0.9434237
0.81 7.9432823e-06 0
0.81 7.9432823e-07 9076.9692
0.81 7.9432823e-08 18553.536
0.81 7.9432823e-09 2.3268699
0.82 1.2589254e-05 0
0.82 1.2589254e-06 6.4687687
0.82 1.5848932e-06 0.013579774
0.82 1.5848932e-07 114365.77
0.82 1.5848932e-08 29.649102
0.82 1.9952623e-06 1.7731904e-07
0.82 1.9952623e-07 185250.28
0.82 1.9952623e-08 74.000839
0.82 1e-05 0
0.82 1e-06 583.07264
0.82 1e-07 32561.863
0.82 1e-08 4.7869542
0.82 2.5118864e-05 0
0.82 2.5118864e-06 2.9068938e-16
0.82 2.5118864e-07 253285.84
0.82 2.5118864e-08 171.46032
0.82 3.1622777e-05 0
0.82 3.1622777e-06 1.1950553e-28
0.82 3.1622777e-07 285446.85
0.82 3.1622777e-08 457.30156
0.82 3.1622777e-09 0.047064935
0.82 3.9810717e-06 0
0.82 3.9810717e-07 259907.65
0.82 3.9810717e-08 1116.7735
0.82 3.9810717e-09 0.12324085
0.82 5.0118723e-06 0
0.82 5.0118723e-07 144259.87
0.82 5.0118723e-08 2870.6522
0.82 5.0118723e-09 0.29093255
0.82 6.3095734e-07 68130.198
0.82 6.3095734e-08 5765.5365
0.82 6.3095734e-09 0.78479082
0.82 7.9432823e-06 0
0.82 7.9432823e-07 10495.947
0.82 7.9432823e-08 14935.102
0.82 7.9432823e-09 1.9271966
0.83 1.2589254e-05 0
0.83 1.2589254e-06 4.5425156
0.83 1.2589254e-07 53730.551
0.83 1.2589254e-08 10.718379
0.83 1.5848932e-05 0
0.83 1.9952623e-06 7.6050648e-08
0.83 1.9952623e-07 169382.83
0.83 1.9952623e-08 70.416059
0.83 1e-05 0
0.83 1e-06 794.20693
0.83 1e-08 4.4250091
0.83 2.5118864e-05 0
0.83 3.1622777e-06 3.3014857e-26
0.83 3.9810717e-07 246598.01
0.83 3.9810717e-08 958.7852
0.83 3.9810717e-09 0.10568921
0.83 5.0118723e-06 0
0.83 5.0118723e-07 148725.8
0.83 5.0118723e-08 2468.0583
0.83 5.0118723e-09 0.26844276
0.83 6.3095734e-06 0
0.83 6.3095734e-07 64019.187
0.83 6.3095734e-09 0.70754975
0.83 7.9432823e-09 1.6203864
0.84 1.2589254e-05 0
0.84 1.2589254e-06 54.630556
0.84 1.2589254e-07 47087.428
0.84 1.2589254e-08 8.6383752
0.84 1.5848932e-05 0
0.84 1.5848932e-06 0.049262271
0.84 1.5848932e-07 88647.013
0.84 1.9952623e-05 0
0.84 1.9952623e-06 1.45234e-06
0.84 1e-05 0
0.84 1e-07 23332.231
0.84 1e-08 3.5145244
0.84 2.5118864e-05 0
0.84 2.5118864e-06 1.0290128e-12
0.84 2.5118864e-07 218244.66
0.84 2.5118864e-08 130.44967
0.84 3.1622777e-05 0
0.84 3.1622777e-06 5.3576747e-24
0.84 3.1622777e-07 274590.57
0.84 3.9810717e-06 0
0.84 3.9810717e-09 0.083471115
0.84 5.0118723e-06 0
0.84 5.0118723e-07 186678.8
0.84 5.0118723e-08 1877.6739
0.84 5.0118723e-09 0.22096298
0.84 6.3095734e-06 0
0.84 6.3095734e-07 73299.046
0.84 6.3095734e-08 4707.6042
0.84 6.3095734e-09 0.52444947
0.84 7.9432823e-06 0
0.84 7.9432823e-07 16861.29
0.84 7.9432823e-08 10941.464
0.85 1.2589254e-08 5.9685204
0.85 1.5848932e-05 0
0.85 1.5848932e-06 0.24371221
0.85 1.5848932e-07 78737.057
0.85 1.5848932e-08 16.117353
0.85 1.9952623e-05 0
0.85 1.9952623e-06 4.2135433e-05
0.85 1.9952623e-07 123044.66
0.85 1.9952623e-08 34.786343
0.85 1e-05 0
0.85 1e-06 2959.141
0.85 1e-07 18832.588
0.85 1e-08 2.464349
0.85 2.5118864e-05 0
0.85 2.5118864e-07 176528.77
0.85 2.5118864e-08 94.845071
0.85 3.1622777e-08 227.13484
0.85 3.1622777e-09 0.024658678
0.85 3.9810717e-06 2.0873186e-37
0.85 3.9810717e-09 0.059947124
0.85 5.0118723e-08 1475.3
0.85 5.0118723e-09 0.15951689
0.85 6.3095734e-06 0
0.85 6.3095734e-07 78621.414
0.85 7.9432823e-06 0
0.85 7.9432823e-08 8283.2082
0.86 1.2589254e-05 0
0.86 1.2589254e-06 58.129375
0.86 1.2589254e-07 34580.187
0.86 1.2589254e-08 5.8795315
0.86 1.5848932e-05 0
0.86 1.5848932e-06 0.19724119
0.86 1.5848932e-07 61066.498
0.86 1.9952623e-05 0
0.86 1.9952623e-08 38.4374
0.86 1e-06 1903.6846
0.86 1e-07 17108.192
0.86 2.5118864e-06 4.8221546e-12
0.86 2.5118864e-08 96.703515
0.86 3.1622777e-06 1.4434214e-22
0.86 3.1622777e-07 219887.85
0.86 3.1622777e-08 228.72569
0.86 3.1622777e-09 0.02283433
0.86 3.9810717e-06 0
0.86 3.9810717e-07 215663.69
0.86 3.9810717e-08 590.71286
0.86 3.9810717e-09 0.062970631
0.86 5.0118723e-07 163236.81
0.86 5.0118723e-09 0.13977938
0.86 6.3095734e-07 69183.536
0.86 6.3095734e-09 0.4029506
0.86 7.9432823e-06 0
0.86 7.9432823e-07 19061.234
0.86 7.9432823e-08 7719.9583
0.86 7.9432823e-09 0.92550081
0.87 1.2589254e-05 0
0.87 1.2589254e-07 25915.727
0.87 1.5848932e-05 0
0.87 1.9952623e-05 0
0.87 1.9952623e-06 0.0001226774
0.87 1.9952623e-07 88904.799
0.87 1.9952623e-08 26.056839
0.87 1e-07 11900.392
0.87 2.5118864e-07 127707.7
0.87 3.1622777e-05 0
0.87 3.1622777e-06 1.8456183e-19
0.87 3.1622777e-07 180561.24
0.87 3.1622777e-08 149.49096
0.87 3.1622777e-09 0.016743851
0.87 3.9810717e-07 179589.19
0.87 3.9810717e-09 0.043412569
0.87 5.0118723e-08 942.07214
0.87 5.0118723e-09 0.1099975
0.87 6.3095734e-06 0
0.87 6.3095734e-07 93470.433
0.87 6.3095734e-08 2219.5919
0.87 6.3095734e-09 0.24768399
0.88 1.2589254e-05 0
0.88 1.2589254e-07 22625.269
0.88 1.2589254e-08 3.627512
0.88 1.5848932e-05 0
0.88 1.5848932e-07 44063.338
0.88 1.5848932e-08 8.4569848
0.88 1.9952623e-05 0
0.88 1.9952623e-06 0.00047069459
0.88 1.9952623e-07 79855.778
0.88 1.9952623e-08 21.914769
0.88 2.5118864e-05 0
0.88 2.5118864e-06 1.8204483e-09
0.88 2.5118864e-07 118451.56
0.88 2.5118864e-08 54.22484
0.88 3.1622777e-06 3.4273455e-19
0.88 3.1622777e-07 150409.3
0.88 3.1622777e-08 131.86691
0.88 3.1622777e-09 0.013905803
0.88 3.9810717e-06 9.4602988e-32
0.88 3.9810717e-07 165792.12
0.88 3.9810717e-08 327.19333
0.88 3.9810717e-09 0.031522699
0.88 5.0118723e-06 0
0.88 5.0118723e-07 137337.58
0.88 5.0118723e-08 742.89124
0.88 5.0118723e-09 0.086142524
0.88 6.3095734e-07 80101.799
0.88 7.9432823e-07 29162.235
0.88 7.9432823e-08 4814.2438
0.88 7.9432823e-09 0.54878112
0.89 1.2589254e-05 0
0.89 1.2589254e-06 257.92313
0.89 1.2589254e-07 17235.409
0.89 1.2589254e-08 2.6485914
0.89 1.5848932e-05 0
0.89 1.5848932e-06 1.8937003
0.89 1.5848932e-07 37300.822
0.89 1.5848932e-08 6.4828019
0.89 1.9952623e-05 0
0.89 1.9952623e-06 0.00084004146
0.89 1.9952623e-07 64740.422
0.89 1.9952623e-08 16.209133
0.89 1e-05 0
0.89 1e-06 4759.7725
0.89 1e-07 8309.9705
0.89 2.5118864e-08 40.873772
0.89 3.1622777e-05 0
0.89 3.1622777e-06 9.7796962e-17
0.89 3.1622777e-07 141647.61
0.89 3.1622777e-08 105.42803
0.89 3.9810717e-09 0.028200988
0.89 5.0118723e-06 0
0.89 5.0118723e-07 124082.72
0.89 5.0118723e-08 659.97761
0.89 5.0118723e-09 0.069214154
0.89 6.3095734e-06 0
0.89 6.3095734e-07 80377.433
0.89 6.3095734e-08 1511.3279
0.89 6.3095734e-09 0.18800961
0.89 7.9432823e-06 0
0.89 7.9432823e-07 28744.844
0.9 1.2589254e-06 307.21726
0.9 1.2589254e-07 16169.323
0.9 1.2589254e-08 2.4594473
0.9 1.5848932e-05 0
0.9 1.5848932e-07 30288.683
0.9 1.5848932e-08 5.7334986
0.9 1.9952623e-05 0
0.9 1.9952623e-06 0.0014444567
0.9 1.9952623e-07 57491.794
0.9 1.9952623e-08 14.718909
0.9 1e-05 0
0.9 1e-06 4615.2447
0.9 1e-07 6941.0035
0.9 1e-08 0.92517905
0.9 2.5118864e-05 0
0.9 3.1622777e-06 6.8848001e-17
0.9 3.1622777e-07 125595.38
0.9 3.1622777e-08 87.047557
0.9 3.1622777e-09 0.0096035635
0.9 3.9810717e-06 2.5635973e-30
0.9 3.9810717e-08 217.37696
0.9 5.0118723e-08 547.28689
0.9 5.0118723e-09 0.060927173
0.9 6.3095734e-06 0
0.9 6.3095734e-07 71622.822
0.9 6.3095734e-08 1390.0168
0.9 6.3095734e-09 0.15259514
0.9 7.9432823e-08 3111.2297
0.9 7.9432823e-09 0.38197026
0.95 1.2589254e-07 7890.2539
0.95 1.2589254e-08 1.1674315
0.95 1.5848932e-05 0
0.95 1.5848932e-06 3.0902116
0.95 1.5848932e-07 15901.043
0.95 1.9952623e-07 29855.068
0.95 1e-05 0
0.95 1e-06 3719.8963
0.95 1e-07 3615.8086
0.95 1e-08 0.44650978
0.95 2.5118864e-05 0
0.95 2.5118864e-06 6.8998476e-08
0.95 2.5118864e-07 47645.068
0.95 2.5118864e-08 18.822356
0.95 3.1622777e-05 0
0.95 3.1622777e-06 8.3866425e-16
0.95 3.1622777e-07 69982.103
0.95 3.1622777e-08 40.604874
0.95 3.1622777e-09 0.004762676
0.95 3.9810717e-06 5.7644038e-28
0.95 3.9810717e-07 81858.059
0.95 3.9810717e-08 111.76862
0.95 3.9810717e-09 0.011901761
0.95 5.0118723e-06 0
0.95 5.0118723e-07 66821.077
0.95 5.0118723e-08 274.89345
0.95 5.0118723e-09 0.029249265
0.95 6.3095734e-06 0
0.95 6.3095734e-07 46999.485
0.95 6.3095734e-08 658.12263
0.95 6.3095734e-09 0.078111354
0.95 7.9432823e-06 0
0.95 7.9432823e-07 18801.997
0.95 7.9432823e-08 1558.1457
0.95 7.9432823e-09 0.18880238
1 1.2589254e-05 0
1 1.2589254e-06 58.100567
1 1.2589254e-07 5979.5381
1 1.2589254e-08 0.8869314
1 1.5848932e-05 0
1 1.5848932e-06 0.54168715
1 1.5848932e-07 11045.193
1 1.5848932e-08 2.2280712
1 1.9952623e-05 0
1 1.9952623e-06 9.9887138e-05
1 1.9952623e-07 21696.366
1 1e-08 0.3444877
1 2.5118864e-05 0
1 2.5118864e-06 1.0142324e-10
1 2.5118864e-07 33655.133
1 2.5118864e-08 13.341891
1 3.1622777e-05 0
1 3.1622777e-06 8.5217568e-19
1 3.1622777e-07 41103.908
1 3.1622777e-08 37.93905
1 3.9810717e-09 0.0086798656
1 5.0118723e-06 0
1 5.0118723e-07 35855.093
1 5.0118723e-08 196.90403
1 5.0118723e-09 0.02358428
1 6.3095734e-06 0
1 6.3095734e-07 23327.018
1 6.3095734e-08 483.90603
1 6.3095734e-09 0.057560661
1 7.9432823e-06 0
1 7.9432823e-07 7582.7629
1 7.9432823e-08 1263.5218
1 7.9432823e-09 0.13448089
1.1 1.2589254e-05 0
1.1 1.2589254e-07 2260.2034
1.1 1.2589254e-08 0.38446223
1.1 1.5848932e-06 0.052966081
1.1 1.5848932e-07 4366.0452
1.1 1.5848932e-08 0.87048335
1.1 1.9952623e-05 0
1.1 1.9952623e-06 5.9029117e-06
1.1 1.9952623e-08 2.2006447
1.1 1e-05 0
1.1 1e-06 342.54663
1.1 1e-07 1133.5206
1.1 1e-08 0.14604831
1.1 2.5118864e-05 0
1.1 2.5118864e-06 1.150808e-11
1.1 2.5118864e-07 12481.63
1.1 2.5118864e-08 5.7127262
1.1 3.1622777e-05 0
1.1 3.1622777e-06 9.308325e-22
1.1 3.1622777e-07 16937.401
1.1 3.1622777e-08 14.340618
1.1 3.1622777e-09 0.0014803934
1.1 3.9810717e-06 6.6095475e-36
1.1 5.0118723e-08 84.985735
1.1 5.0118723e-09 0.0086805977
1.1 6.3095734e-06 0
1.1 6.3095734e-07 7643.219
1.1 6.3095734e-08 200.04679
1.1 6.3095734e-09 0.02419022
1.1 7.9432823e-06 0
1.1 7.9432823e-07 2041.2551
1.1 7.9432823e-08 463.35918
1.1 7.9432823e-09 0.060903806
1.2 1.2589254e-05 0
1.2 1.2589254e-06 0.59741436
1.2 1.2589254e-07 1184.0868
1.2 1.2589254e-08 0.20539101
1.2 1.5848932e-05 0
1.2 1.9952623e-07 3783.9005
1.2 1.9952623e-08 1.2716166
1.2 1e-05 0
1.2 1e-06 38.986569
1.2 1e-07 584.29917
1.2 1e-08 0.081459396
1.2 2.5118864e-05 0
1.2 2.5118864e-06 3.2430593e-15
1.2 2.5118864e-07 5674.0417
1.2 2.5118864e-08 3.0351809
1.2 3.1622777e-05 0
1.2 3.1622777e-06 6.1924001e-27
1.2 3.1622777e-07 7138.0948
1.2 3.1622777e-08 8.2067156
1.2 3.1622777e-09 0.00085110137
1.2 3.9810717e-06 0
1.2 3.9810717e-07 6119.9735
1.2 3.9810717e-08 19.389695
1.2 3.9810717e-09 0.0021020241
1.2 5.0118723e-06 0
1.2 5.0118723e-07 4993.4282
1.2 5.0118723e-09 0.0053040606
1.2 6.3095734e-06 0
1.2 6.3095734e-07 1935.0108
1.2 6.3095734e-08 120.58358
1.2 6.3095734e-09 0.013406385
1.2 7.9432823e-06 0
1.2 7.9432823e-07 374.49358
1.2 7.9432823e-09 0.036194035
1.3 1.2589254e-05 0
1.3 1.2589254e-06 0.020580476
1.3 1.2589254e-07 777.27354
1.3 1.2589254e-08 0.1408026
1.3 1.5848932e-05 0
1.3 1.5848932e-06 5.4170149e-06
1.3 1.5848932e-07 1395.6825
1.3 1.9952623e-05 0
1.3 1.9952623e-06 5.7420822e-12
1.3 1.9952623e-07 2095.987
1.3 1.9952623e-08 0.93034605
1.3 1e-05 0
1.3 1e-06 1.618744
1.3 1e-07 390.20277
1.3 1e-08 0.059889715
1.3 2.5118864e-05 0
1.3 2.5118864e-06 5.5210518e-24
1.3 2.5118864e-07 2740.9435
1.3 2.5118864e-08 2.32933
1.3 3.1622777e-05 0
1.3 3.1622777e-06 2.7089883e-34
1.3 3.1622777e-07 2988.9486
1.3 3.1622777e-08 5.1938424
1.3 3.9810717e-06 0
1.3 3.9810717e-07 2597.2971
1.3 3.9810717e-08 12.922269
1.3 3.9810717e-09 0.0014030009
1.3 5.0118723e-08 31.54247
1.3 5.0118723e-09 0.0035707279
1.3 6.3095734e-06 0
1.3 6.3095734e-07 464.97768
1.3 6.3095734e-08 75.055437
1.3 7.9432823e-06 0
1.3 7.9432823e-07 73.818465
1.3 7.9432823e-08 180.99618
1.4 1.2589254e-05 0
1.4 1.2589254e-08 0.11228032
1.4 1.5848932e-06 5.9856582e-10
1.4 1.5848932e-08 0.27151586
1.4 1.9952623e-05 0
1.4 1.9952623e-06 8.6465323e-17
1.4 1.9952623e-07 1211.1754
1.4 1e-05 0
1.4 1e-07 272.41539
1.4 1e-08 0.044834999
1.4 2.5118864e-06 7.8444733e-30
1.4 2.5118864e-07 1261.9892
1.4 2.5118864e-08 1.8049408
1.4 3.1622777e-05 0
1.4 3.1622777e-06 0
1.4 3.1622777e-07 1265.9207
1.4 3.1622777e-09 0.0004579241
1.4 3.9810717e-07 885.56068
1.4 3.9810717e-08 11.561908
1.4 5.0118723e-06 0
1.4 5.0118723e-07 339.55327
1.4 5.0118723e-09 0.0030036825
1.4 6.3095734e-06 0
1.4 6.3095734e-08 56.491045
1.4 6.3095734e-09 0.0073536716
1.4 7.9432823e-06 0
1.4 7.9432823e-08 129.87125
1.4 7.9432823e-09 0.018267068
1.5 1.2589254e-05 0
1.5 1.2589254e-06 8.6385897e-08
1.5 1.2589254e-07 335.5431
1.5 1.2589254e-08 0.095262732
1.5 1.5848932e-05 0
1.5 1.5848932e-06 6.4130119e-14
1.5 1.5848932e-07 498.54212
1.5 1.9952623e-05 0
1.5 1.9952623e-06 1.7504971e-24
1.5 1.9952623e-07 660.72612
1.5 1.9952623e-08 0.53458512
1.5 1e-05 0
1.5 1e-06 0.00037481168
1.5 1e-07 190.86896
1.5 2.5118864e-05 0
1.5 2.5118864e-06 0
1.5 2.5118864e-07 733.72766
1.5 3.1622777e-05 0
1.5 3.1622777e-06 0
1.5 3.1622777e-07 573.90482
1.5 3.1622777e-08 3.4275454
1.5 3.1622777e-09 0.00038335146
1.5 3.9810717e-08 8.5723524
1.5 3.9810717e-09 0.00094366322
1.5 5.0118723e-06 0
1.5 5.0118723e-07 77.647895
1.5 5.0118723e-09 0.0026154116
1.5 6.3095734e-06 0
1.5 6.3095734e-07 11.72196
1.5 6.3095734e-08 44.33088
1.5 7.9432823e-06 0
1.5 7.9432823e-07 0.15278087
1.5 7.9432823e-08 93.915543
1.5 7.9432823e-09 0.014889921
1.6 1.2589254e-06 5.4018387e-10
1.6 1.2589254e-07 192.30365
1.6 1.2589254e-08 0.070796503
1.6 1.5848932e-06 1.4246696e-17
1.6 1.5848932e-07 280.42329
1.6 1.5848932e-08 0.16607523
1.6 1.9952623e-07 369.75515
1.6 1.9952623e-08 0.40592596
1.6 1e-06 7.1701456e-06
1.6 1e-07 122.29772
1.6 1e-08 0.027465906
1.6 2.5118864e-06 0
1.6 2.5118864e-07 309.00483
1.6 2.5118864e-08 0.97301565
1.6 3.1622777e-06 0
1.6 3.1622777e-07 211.13662
1.6 3.1622777e-09 0.00028063685
1.6 3.9810717e-07 93.950555
1.6 3.9810717e-08 6.5384884
1.6 3.9810717e-09 0.00072556918
1.6 5.0118723e-08 14.901566
1.6 5.0118723e-09 0.0016265191
1.6 6.3095734e-07 1.5059098
1.6 6.3095734e-08 30.688057
1.6 6.3095734e-09 0.0038170733
1.6 7.9432823e-08 61.564762
1.7 1.2589254e-06 1.4063839e-12
1.7 1.2589254e-07 113.71142
1.7 1.2589254e-08 0.047745544
1.7 1.5848932e-07 171.21579
1.7 1.5848932e-08 0.11357016
1.7 1.9952623e-06 9.8659886e-37
1.7 1.9952623e-08 0.28913477
1.7 1e-06 2.2580691e-07
1.7 1e-07 71.693551
1.7 1e-08 0.020250698
1.7 2.5118864e-06 0
1.7 2.5118864e-07 162.9402
1.7 3.1622777e-08 1.7590223
1.7 3.1622777e-09 0.00019548585
1.7 3.9810717e-08 4.065261
1.7 3.9810717e-09 0.00048579508
1.7 5.0118723e-07 3.8917074
1.7 5.0118723e-08 9.2381363
1.7 5.0118723e-09 0.0012766271
1.7 6.3095734e-07 0.18876407
1.7 7.9432823e-07 0.0016087887
1.7 7.9432823e-09 0.0075020249
1.8 1.2589254e-06 2.0109303e-15
1.8 1.2589254e-07 70.938581
1.8 1.2589254e-08 0.026161978
1.8 1.5848932e-06 2.3741314e-24
1.8 1.5848932e-07 93.036935
1.8 1.5848932e-08 0.072033803
1.8 1.9952623e-06 4.1625559e-38
1.8 1.9952623e-07 91.560849
1.8 1.9952623e-08 0.18413037
1.8 1e-06 5.8876433e-08
1.8 1e-07 44.180461
1.8 1e-08 0.011271901
1.8 2.5118864e-06 0
1.8 2.5118864e-08 0.44210401
1.8 3.1622777e-06 0
1.8 3.1622777e-07 43.162217
1.8 3.1622777e-08 1.07055
1.8 3.1622777e-09 0.00012104342
1.8 3.9810717e-07 16.508873
1.8 3.9810717e-08 2.4741529
1.8 3.9810717e-09 0.00029829341
1.8 5.0118723e-07 1.6403507
1.8 5.0118723e-08 5.2471568
1.8 5.0118723e-09 0.00076191731
1.8 6.3095734e-07 0.05813553
1.8 6.3095734e-09 0.0018391715
1.8 7.9432823e-07 0.00024442933
1.8 7.9432823e-08 24.831647
1.8 7.9432823e-09 0.0045632694
1.9 1.2589254e-06 4.2823371e-14
1.9 1.2589254e-08 0.015749497
1.9 1.5848932e-06 5.6784308e-25
1.9 1.5848932e-07 55.987012
1.9 1.5848932e-08 0.04226313
1.9 1.9952623e-06 0
1.9 1.9952623e-07 59.844225
1.9 1e-06 1.8692674e-08
1.9 1e-07 25.832589
1.9 1e-08 0.0068087368
1.9 2.5118864e-06 0
1.9 2.5118864e-07 44.388369
1.9 2.5118864e-08 0.25225358
1.9 3.1622777e-06 0
1.9 3.1622777e-07 27.366757
1.9 3.1622777e-08 0.5995741
1.9 3.1622777e-09 6.983023e-05
1.9 3.9810717e-07 8.2639168
1.9 3.9810717e-08 1.4822629
1.9 3.9810717e-09 0.00016048148
1.9 5.0118723e-07 0.89298545
1.9 5.0118723e-08 3.0758189
1.9 5.0118723e-09 0.00041398076
1.9 6.3095734e-07 0.038152653
1.9 6.3095734e-08 6.3549951
1.9 6.3095734e-09 0.00096124902
1.9 7.9432823e-07 0.0002068492
1.9 7.9432823e-08 12.367595
1.9 7.9432823e-09 0.0025327932
2 1.2589254e-06 1.8327026e-17
2 1.2589254e-07 25.752008
2 1.2589254e-08 0.012873897
2 1.5848932e-06 2.0074444e-30
2 1.5848932e-07 33.826094
2 1.5848932e-08 0.027473787
2 1.9952623e-06 0
2 1.9952623e-07 36.643252
2 1.9952623e-08 0.072446192
2 1e-06 3.7114755e-10
2 1e-07 18.310665
2 1e-08 0.0052613183
2 2.5118864e-06 0
2 2.5118864e-07 23.265353
2 2.5118864e-08 0.17871937
2 3.1622777e-06 0
2 3.1622777e-07 9.4062243
2 3.1622777e-08 0.48306625
2 3.1622777e-09 4.9365998e-05
2 3.9810717e-07 2.4306658
2 3.9810717e-08 1.0513355
2 3.9810717e-09 0.00011997739
2 5.0118723e-07 0.16198283
2 5.0118723e-08 2.3039983
2 5.0118723e-09 0.00031266368
2 6.3095734e-07 0.0033408248
2 6.3095734e-08 4.7205285
2 6.3095734e-09 0.00081222472
2 7.9432823e-07 6.2072261e-06
2 7.9432823e-08 9.4890705
2.1 1.2589254e-06 2.299499e-19
2.1 1.2589254e-07 15.095904
2.1 1.2589254e-08 0.0099124089
2.1 1.5848932e-06 5.5963569e-33
2.1 1.5848932e-08 0.020908958
2.1 1.9952623e-06 0
2.1 1.9952623e-07 18.031668
2.1 1.9952623e-08 0.052504246
2.1 1e-06 7.5216661e-13
2.1 1e-07 12.090899
2.1 1e-08 0.0038348135
2.1 2.5118864e-06 0
2.1 2.5118864e-07 12.199926
2.1 2.5118864e-08 0.12479146
2.1 3.1622777e-06 0
2.1 3.1622777e-07 4.8786928
2.1 3.1622777e-08 0.34187213
2.1 3.1622777e-09 3.4753568e-05
2.1 3.9810717e-07 1.0281566
2.1 3.9810717e-09 9.5011456e-05
2.1 5.0118723e-07 0.054552595
2.1 5.0118723e-08 1.6664053
2.1 5.0118723e-09 0.00022854563
2.1 6.3095734e-07 0.00073403283
2.1 6.3095734e-08 3.5791458
2.1 6.3095734e-09 0.00063294714
2.1 7.9432823e-07 6.7044399e-07
2.1 7.9432823e-08 6.7169176
2.1 7.9432823e-09 0.0014435516
2.2 1.2589254e-06 3.1629746e-23
2.2 1.2589254e-07 9.8034132
2.2 1.2589254e-08 0.0064582241
2.2 1.5848932e-06 1.1630073e-36
2.2 1.5848932e-07 13.269049
2.2 1.5848932e-08 0.018037304
2.2 1.9952623e-06 0
2.2 1.9952623e-07 10.794099
2.2 1.9952623e-08 0.042448613
2.2 1e-06 1.280655e-14
2.2 1e-07 7.563921
2.2 1e-08 0.0026124285
2.2 2.5118864e-06 0
2.2 2.5118864e-07 6.9666003
2.2 2.5118864e-08 0.094867918
2.2 3.1622777e-06 0
2.2 3.1622777e-07 2.7647471
2.2 3.1622777e-08 0.22889887
2.2 3.1622777e-09 2.7279069e-05
2.2 3.9810717e-07 0.29240833
2.2 3.9810717e-08 0.56507696
2.2 3.9810717e-09 6.8885214e-05
2.2 5.0118723e-07 0.012544743
2.2 5.0118723e-08 1.1740777
2.2 5.0118723e-09 0.00018413805
2.2 6.3095734e-07 7.4583025e-05
2.2 6.3095734e-08 2.4639601
2.2 6.3095734e-09 0.00042830851
2.2 7.9432823e-07 2.5681015e-08
2.2 7.9432823e-08 4.0252607
2.2 7.9432823e-09 0.00099793516
2.3 1.2589254e-06 2.9699011e-25
2.3 1.2589254e-08 0.0049397322
2.3 1.5848932e-06 2.3467547e-42
2.3 1.5848932e-07 7.581644
2.3 1.5848932e-08 0.012620487
2.3 1.9952623e-06 0
2.3 1.9952623e-07 6.2065927
2.3 1.9952623e-08 0.027674892
2.3 1e-06 2.3760802e-16
2.3 1e-07 5.1163252
2.3 1e-08 0.0020460261
2.3 2.5118864e-06 0
2.3 2.5118864e-07 3.4723449
2.3 2.5118864e-08 0.069918889
2.3 3.1622777e-06 0
2.3 3.1622777e-07 0.86579915
2.3 3.1622777e-08 0.16331009
2.3 3.9810717e-07 0.11769203
2.3 3.9810717e-08 0.37621078
2.3 3.9810717e-09 5.114903e-05
2.3 5.0118723e-07 0.0043488716
2.3 5.0118723e-09 0.00013382946
2.3 6.3095734e-08 1.6896267
2.3 6.3095734e-09 0.00030969612
2.3 7.9432823e-07 8.0518848e-10
2.3 7.9432823e-08 3.0352115
2.3 7.9432823e-09 0.00082434086
2.4 1.2589254e-06 1.7130689e-27
2.4 1.2589254e-07 4.6703974
2.4 1.2589254e-08 0.0034931927
2.4 1.5848932e-06 0
2.4 1.5848932e-07 4.6222507
2.4 1.5848932e-08 0.0092264431
2.4 1.9952623e-06 0
2.4 1.9952623e-08 0.021907638
2.4 1e-06 2.1452954e-17
2.4 1e-07 3.480783
2.4 1e-08 0.0014823965
2.4 2.5118864e-06 0
2.4 2.5118864e-07 1.8841272
2.4 2.5118864e-08 0.050840041
2.4 3.1622777e-06 0
2.4 3.1622777e-07 0.57129614
2.4 3.1622777e-08 0.12844921
2.4 3.1622777e-09 1.4860634e-05
2.4 3.9810717e-07 0.045397979
2.4 3.9810717e-08 0.26327065
2.4 3.9810717e-09 4.0760314e-05
2.4 5.0118723e-07 0.0012674372
2.4 5.0118723e-08 0.6087726
2.4 5.0118723e-09 9.456133e-05
2.4 6.3095734e-07 1.7309814e-06
2.4 6.3095734e-08 1.1862942
2.4 6.3095734e-09 0.00023635483
2.4 7.9432823e-07 1.0049352e-10
2.4 7.9432823e-08 2.1780515
2.4 7.9432823e-09 0.00058554059
2.5 1.2589254e-06 2.9040409e-30
2.5 1.2589254e-07 3.0263733
2.5 1.2589254e-08 0.0027000251
2.5 1.5848932e-06 0
2.5 1.5848932e-07 3.4831603
2.5 1.5848932e-08 0.0067597369
2.5 1.9952623e-06 0
2.5 1.9952623e-07 2.243963
2.5 1.9952623e-08 0.015988438
2.5 1e-06 1.7586623e-18
2.5 1e-08 0.0011443528
2.5 2.5118864e-06 0
2.5 2.5118864e-07 1.1269585
2.5 2.5118864e-08 0.039398386
2.5 3.1622777e-06 0
2.5 3.1622777e-07 0.24162373
2.5 3.1622777e-08 0.094751934
2.5 3.1622777e-09 1.0883212e-05
2.5 3.9810717e-07 0.016020734
2.5 3.9810717e-08 0.1954079
2.5 3.9810717e-09 3.1672755e-05
2.5 5.0118723e-07 0.00047398741
2.5 5.0118723e-08 0.47428569
2.5 5.0118723e-09 7.1648216e-05
2.5 6.3095734e-07 5.2078526e-07
2.5 6.3095734e-08 0.80618268
2.5 6.3095734e-09 0.00017783163
2.5 7.9432823e-07 3.227415e-12
2.5 7.9432823e-08 1.5149659
2.5 7.9432823e-09 0.00039366361
2.6 1.2589254e-06 1.4369009e-34
2.6 1.2589254e-07 2.1669319
2.6 1.2589254e-08 0.0021304099
2.6 1.5848932e-06 0
2.6 1.5848932e-07 2.1878763
2.6 1.5848932e-08 0.0050552559
2.6 1.9952623e-06 0
2.6 1.9952623e-07 1.3091389
2.6 1.9952623e-08 0.012760849
2.6 1e-06 1.1883221e-20
2.6 1e-07 1.6725781
2.6 1e-08 0.00073184691
2.6 2.5118864e-06 0
2.6 2.5118864e-07 0.57638005
2.6 3.1622777e-06 0
2.6 3.1622777e-07 0.10959799
2.6 3.1622777e-08 0.067114079
2.6 3.1622777e-09 8.3867184e-06
2.6 3.9810717e-07 0.0063201881
2.6 3.9810717e-08 0.14245346
2.6 3.9810717e-09 2.1458027e-05
2.6 5.0118723e-07 7.9579981e-05
2.6 5.0118723e-08 0.33052379
2.6 5.0118723e-09 5.8232428e-05
2.6 6.3095734e-07 5.1937949e-08
2.6 6.3095734e-08 0.58155441
2.6 6.3095734e-09 0.00012904065
2.6 7.9432823e-07 1.1980143e-12
2.6 7.9432823e-08 1.0847156
2.7 1.2589254e-06 1.2190574e-36
2.7 1.2589254e-07 1.4682072
2.7 1.2589254e-08 0.0016314632
2.7 1.5848932e-06 0
2.7 1.5848932e-07 1.279851
2.7 1.5848932e-08 0.0034870082
2.7 1.9952623e-06 0
2.7 1.9952623e-07 0.85241562
2.7 1.9952623e-08 0.0080611257
2.7 1e-06 4.6131784e-22
2.7 1e-07 1.2388234
2.7 1e-08 0.00062391784
2.7 2.5118864e-06 0
2.7 2.5118864e-07 0.26421904
2.7 2.5118864e-08 0.023720316
2.7 3.1622777e-06 0
2.7 3.1622777e-07 0.055884705
2.7 3.1622777e-08 0.048979298
2.7 3.1622777e-09 5.3857043e-06
2.7 3.9810717e-07 0.002957958
2.7 3.9810717e-08 0.11981195
2.7 3.9810717e-09 1.4031079e-05
2.7 5.0118723e-07 2.6999717e-05
2.7 5.0118723e-08 0.216116
2.7 5.0118723e-09 3.7567003e-05
2.7 6.3095734e-07 8.9656069e-09
2.7 6.3095734e-08 0.42778259
2.7 6.3095734e-09 0.00010150606
2.7 7.9432823e-07 6.5310493e-14
2.7 7.9432823e-09 0.0002360439
2.8 1.2589254e-06 2.7009269e-36
2.8 1.2589254e-08 0.0011162989
2.8 1.5848932e-06 0
2.8 1.5848932e-07 0.94434418
2.8 1.5848932e-08 0.0026497066
2.8 1.9952623e-06 0
2.8 1.9952623e-07 0.53295105
2.8 1.9952623e-08 0.0073445671
2.8 1e-06 4.8775836e-23
2.8 1e-07 0.73093347
2.8 1e-08 0.00045094507
2.8 2.5118864e-06 0
2.8 2.5118864e-07 0.18894792
2.8 2.5118864e-08 0.016031541
2.8 3.1622777e-06 0
2.8 3.1622777e-07 0.041447482
2.8 3.1622777e-08 0.033777828
2.8 3.9810717e-07 0.0016797917
2.8 3.9810717e-08 0.075105282
2.8 5.0118723e-09 2.8401879e-05
2.8 6.3095734e-07 2.2011439e-09
2.8 6.3095734e-08 0.32858415
2.8 6.3095734e-09 7.5128991e-05
2.8 7.9432823e-07 1.7405527e-14
2.8 7.9432823e-09 0.00019125871
2.9 1.2589254e-06 1.3587481e-42
2.9 1.2589254e-07 0.59612591
2.9 1.2589254e-08 0.00086767373
2.9 1.5848932e-06 0
2.9 1.5848932e-07 0.59341091
2.9 1.5848932e-08 0.0017210676
2.9 1.9952623e-06 0
2.9 1.9952623e-07 0.35783974
2.9 1.9952623e-08 0.0052819817
2.9 1e-06 6.616595e-25
2.9 1e-07 0.56346364
2.9 1e-08 0.00037402701
2.9 2.5118864e-06 0
2.9 2.5118864e-07 0.1022304
2.9 2.5118864e-08 0.012270273
2.9 3.1622777e-06 0
2.9 3.1622777e-07 0.019028096
2.9 3.1622777e-08 0.025433077
2.9 3.1622777e-09 3.6974138e-06
2.9 3.9810717e-07 0.00042386465
2.9 3.9810717e-08 0.067405887
2.9 3.9810717e-09 8.4185142e-06
2.9 5.0118723e-07 1.7462797e-06
2.9 5.0118723e-08 0.12302349
2.9 5.0118723e-09 2.3893651e-05
2.9 6.3095734e-07 6.9757028e-10
2.9 6.3095734e-08 0.26273622
2.9 6.3095734e-09 5.8945663e-05
2.9 7.9432823e-07 5.476256e-16
2.9 7.9432823e-08 0.40344844
2.9 7.9432823e-09 0.000129944
