0.002 0.00012589254 5000 5000 5000 1469 1383
0.002 0.00015848932 4000 4000 4000 1216 1140
0.002 0.00019952623 5000 5000 5000 1445 1370
0.002 0.0001 5000 5000 5000 1565 1489
0.002 0.00025118864 5000 5000 5000 1477 1382
0.002 0.00031622777 4000 4000 4000 1250 1181
0.002 1.2589254e-05 4000 4000 4000 1219 1150
0.002 1.2589254e-06 5000 5000 5000 1532 1451
0.002 1.2589254e-07 5000 5000 5000 1503 1416
0.002 1.2589254e-08 4000 4000 4000 1257 1180
0.002 1.2589254e-09 5000 5000 5000 1458 1376
0.002 1.5848932e-05 4000 4000 4000 1208 1154
0.002 1.5848932e-06 4000 4000 4000 1266 1191
0.002 1.5848932e-07 5000 5000 5000 1529 1428
0.002 1.5848932e-08 5000 5000 5000 1485 1402
0.002 1.5848932e-09 5000 5000 5000 1460 1374
0.002 1.9952623e-05 5000 5000 5000 1484 1404
0.002 1.9952623e-06 5000 5000 5000 1599 1503
0.002 1.9952623e-07 5000 5000 5000 1507 1440
0.002 1.9952623e-08 5000 5000 5000 1522 1450
0.002 1.9952623e-09 4000 4000 4000 1199 1129
0.002 1e-05 5000 5000 5000 1457 1377
0.002 1e-06 5000 5000 5000 1521 1444
0.002 1e-07 5000 5000 5000 1470 1394
0.002 1e-08 4000 4000 4000 1211 1143
0.002 1e-09 5000 5000 5000 1523 1448
0.002 2.5118864e-05 4000 4000 4000 1251 1182
0.002 2.5118864e-06 5000 5000 5000 1541 1471
0.002 2.5118864e-07 5000 5000 5000 1518 1432
0.002 2.5118864e-08 5000 5000 5000 1537 1454
0.002 2.5118864e-09 5000 5000 5000 1458 1371
0.002 3.1622777e-05 5000 5000 5000 1539 1448
0.002 3.1622777e-07 5000 5000 5000 1479 1387
0.002 3.1622777e-08 4000 4000 4000 1249 1171
0.002 3.1622777e-09 5000 5000 5000 1501 1418
0.002 3.9810717e-05 5000 5000 5000 1545 1456
0.002 3.9810717e-06 4000 4000 4000 1192 1108
0.002 3.9810717e-07 5000 5000 5000 1452 1360
0.002 3.9810717e-08 5000 5000 5000 1496 1414
0.002 3.9810717e-09 5000 5000 5000 1496 1391
0.002 5.0118723e-05 4000 4000 4000 1208 1138
0.002 5.0118723e-06 5000 5000 5000 1513 1436
0.002 5.0118723e-07 4000 4000 4000 1248 1175
0.002 5.0118723e-08 5000 5000 5000 1557 1477
0.002 5.0118723e-09 4000 4000 4000 1251 1173
0.002 6.3095734e-05 4000 4000 4000 1267 1192
0.002 6.3095734e-06 5000 5000 5000 1541 1450
0.002 6.3095734e-07 5000 5000 5000 1477 1380
0.002 6.3095734e-08 4000 4000 4000 1220 1153
0.002 6.3095734e-09 5000 5000 5000 1461 1370
0.002 7.9432823e-05 5000 5000 5000 1494 1401
0.002 7.9432823e-06 4000 4000 4000 1231 1162
0.002 7.9432823e-07 5000 5000 5000 1449 1373
0.002 7.9432823e-08 5000 5000 5000 1497 1421
0.002 7.9432823e-09 5000 5000 5000 1458 1386
0.005 0.00012589254 4000 4000 4000 1230 1158
0.005 0.00015848932 5000 5000 5000 1465 1362
0.005 0.00019952623 5000 5000 5000 1546 1449
0.005 0.0001 5000 5000 5000 1450 1350
0.005 0.00025118864 5000 5000 5000 1502 1396
0.005 0.00031622777 4000 4000 4000 1178 1106
0.005 1.2589254e-05 5000 5000 5000 1463 1386
0.005 1.2589254e-06 4000 4000 4000 1179 1113
0.005 1.2589254e-07 5000 5000 5000 1578 1489
0.005 1.2589254e-08 5000 5000 5000 1523 1435
0.005 1.2589254e-09 4000 4000 4000 1231 1160
0.005 1.5848932e-05 5000 5000 5000 1475 1389
0.005 1.5848932e-06 5000 5000 5000 1544 1455
0.005 1.5848932e-07 5000 5000 5000 1509 1402
0.005 1.5848932e-08 5000 5000 5000 1514 1422
0.005 1.5848932e-09 5000 5000 5000 1543 1445
0.005 1.9952623e-05 4000 4000 4000 1169 1103
0.005 1.9952623e-06 5000 5000 5000 1496 1396
0.005 1.9952623e-07 4000 4000 4000 1260 1189
0.005 1.9952623e-09 5000 5000 5000 1496 1395
0.005 1e-05 5000 5000 5000 1549 1457
0.005 1e-06 5000 5000 5000 1596 1490
0.005 1e-07 5000 5000 5000 1466 1390
0.005 1e-08 4000 4000 4000 1231 1158
0.005 2.5118864e-05 5000 5000 5000 1503 1406
0.005 2.5118864e-06 4000 4000 4000 1232 1148
0.005 2.5118864e-09 4000 4000 4000 1222 1138
0.005 3.1622777e-05 5000 5000 5000 1536 1456
0.005 3.1622777e-06 4000 4000 4000 1230 1160
0.005 3.1622777e-07 5000 5000 5000 1514 1421
0.005 3.1622777e-08 5000 5000 5000 1556 1447
0.005 3.1622777e-09 5000 5000 5000 1497 1404
0.005 3.9810717e-05 5000 5000 5000 1454 1374
0.005 3.9810717e-06 5000 5000 5000 1496 1412
0.005 3.9810717e-07 5000 5000 5000 1554 1477
0.005 3.9810717e-08 4000 4000 4000 1166 1081
0.005 3.9810717e-09 4000 4000 4000 1224 1145
0.005 5.0118723e-05 4000 4000 4000 1246 1169
0.005 5.0118723e-06 5000 5000 5000 1525 1441
0.005 5.0118723e-07 5000 5000 5000 1452 1361
0.005 5.0118723e-08 5000 5000 5000 1447 1348
0.005 5.0118723e-09 5000 5000 5000 1491 1417
0.005 6.3095734e-05 4000 4000 4000 1187 1113
0.005 6.3095734e-06 5000 5000 5000 1545 1453
0.005 6.3095734e-07 5000 5000 5000 1466 1371
0.005 6.3095734e-08 4000 4000 4000 1224 1157
0.005 6.3095734e-09 4000 4000 4000 1213 1134
0.005 7.9432823e-06 5000 5000 5000 1479 1386
0.005 7.9432823e-07 5000 5000 5000 1491 1394
0.005 7.9432823e-08 4000 4000 4000 1254 1194
0.005 7.9432823e-09 4000 4000 4000 1187 1132
0.01 0.00012589254 5000 5000 5000 1541 1429
0.01 0.00015848932 5000 5000 5000 1527 1428
0.01 0.00019952623 5000 5000 5000 1518 1404
0.01 0.0001 4000 4000 4000 1227 1141
0.01 0.00025118864 4000 4000 4000 1200 1125
0.01 0.00031622777 5000 5000 5000 1463 1358
0.01 1.2589254e-05 4000 4000 4000 1163 1084
0.01 1.2589254e-06 5000 5000 5000 1495 1397
0.01 1.2589254e-07 4000 4000 4000 1235 1147
0.01 1.2589254e-08 4000 4000 4000 1224 1132
0.01 1.2589254e-09 5000 5000 5000 1548 1450
0.01 1.5848932e-06 5000 5000 5000 1501 1390
0.01 1.5848932e-08 4000 4000 4000 1166 1077
0.01 1.9952623e-05 5000 5000 5000 1525 1413
0.01 1.9952623e-06 5000 5000 5000 1521 1396
0.01 1.9952623e-07 5000 5000 5000 1545 1443
0.01 1.9952623e-08 5000 5000 5000 1482 1367
0.01 1.9952623e-09 5000 5000 5000 1512 1422
0.01 1e-05 5000 5000 5000 1501 1391
0.01 1e-07 4000 4000 4000 1222 1127
0.01 1e-08 4000 4000 4000 1210 1119
0.01 1e-09 5000 5000 5000 1518 1406
0.01 2.5118864e-05 5000 5000 5000 1539 1436
0.01 2.5118864e-06 4000 4000 4000 1215 1123
0.01 2.5118864e-07 5000 5000 5000 1537 1443
0.01 3.1622777e-05 4000 4000 4000 1198 1102
0.01 3.1622777e-06 5000 5000 5000 1508 1405
0.01 3.1622777e-07 5000 5000 5000 1497 1387
0.01 3.1622777e-08 5000 5000 5000 1490 1406
0.01 3.1622777e-09 5000 5000 5000 1488 1380
0.01 3.9810717e-05 5000 5000 5000 1512 1380
0.01 3.9810717e-06 4000 4000 4000 1247 1157
0.01 3.9810717e-07 5000 5000 5000 1516 1410
0.01 3.9810717e-08 4000 4000 4000 1182 1110
0.01 3.9810717e-09 4000 4000 4000 1223 1129
0.01 5.0118723e-05 5000 5000 5000 1525 1427
0.01 5.0118723e-06 5000 5000 5000 1535 1415
0.01 5.0118723e-07 5000 5000 5000 1454 1348
0.01 5.0118723e-08 4000 4000 4000 1221 1148
0.01 5.0118723e-09 4000 4000 4000 1175 1109
0.01 6.3095734e-05 5000 5000 5000 1551 1446
0.01 6.3095734e-06 4000 4000 4000 1237 1156
0.01 6.3095734e-07 5000 5000 5000 1514 1410
0.01 6.3095734e-08 5000 5000 5000 1465 1367
0.01 6.3095734e-09 4000 4000 4000 1185 1096
0.01 7.9432823e-05 5000 5000 5000 1543 1418
0.01 7.9432823e-07 4000 4000 4000 1236 1164
0.01 7.9432823e-08 5000 5000 5000 1524 1405
0.01 7.9432823e-09 4000 4000 4000 1234 1145
0.05 0.00012589254 5000 5000 4993 1507 1405
0.05 0.00015848932 5000 5000 4991 1528 1410
0.05 0.00019952623 5000 5000 4988 1525 1415
0.05 0.0001 5000 5000 4994 1482 1377
0.05 0.00025118864 5000 5000 4994 1528 1426
0.05 0.00031622777 5000 5000 4991 1520 1415
0.05 1.2589254e-05 5000 5000 4992 1516 1392
0.05 1.2589254e-06 5000 5000 4989 1546 1423
0.05 1.2589254e-07 5000 5000 4996 1474 1377
0.05 1.2589254e-08 5000 5000 4994 1512 1394
0.05 1.2589254e-09 5000 5000 4992 1554 1464
0.05 1.5848932e-05 5000 5000 4997 1544 1437
0.05 1.5848932e-06 5000 5000 4991 1521 1417
0.05 1.5848932e-07 5000 5000 4991 1514 1405
0.05 1.5848932e-08 4000 4000 3999 1203 1122
0.05 1.5848932e-09 5000 5000 4987 1565 1443
0.05 1.9952623e-05 5000 5000 4990 1503 1402
0.05 1.9952623e-06 5000 5000 4988 1491 1380
0.05 1.9952623e-07 5000 5000 4991 1555 1464
0.05 1.9952623e-09 5000 5000 4995 1483 1373
0.05 1e-05 4000 4000 3999 1227 1138
0.05 1e-06 4000 4000 3995 1180 1080
0.05 1e-07 5000 5000 4997 1550 1460
0.05 1e-08 5000 5000 4989 1587 1468
0.05 1e-09 5000 5000 4993 1486 1385
0.05 2.5118864e-05 5000 5000 4995 1544 1430
0.05 2.5118864e-06 5000 5000 4990 1477 1384
0.05 2.5118864e-07 5000 5000 4993 1530 1434
0.05 2.5118864e-08 5000 5000 4998 1473 1353
0.05 2.5118864e-09 5000 5000 4993 1508 1398
0.05 3.1622777e-05 5000 5000 4994 1533 1438
0.05 3.1622777e-06 5000 5000 4993 1522 1405
0.05 3.1622777e-08 5000 5000 4993 1462 1356
0.05 3.1622777e-09 5000 5000 4991 1534 1434
0.05 3.9810717e-05 4000 4000 3996 1231 1140
0.05 3.9810717e-06 4000 4000 3996 1268 1180
0.05 3.9810717e-07 5000 5000 4989 1549 1444
0.05 3.9810717e-08 5000 5000 4994 1566 1464
0.05 3.9810717e-09 5000 5000 4991 1511 1405
0.05 5.0118723e-05 4000 4000 3988 1144 1059
0.05 5.0118723e-06 5000 5000 4991 1480 1362
0.05 5.0118723e-07 5000 5000 4993 1542 1429
0.05 5.0118723e-08 5000 5000 4994 1498 1393
0.05 5.0118723e-09 4000 4000 3995 1202 1106
0.05 6.3095734e-06 5000 5000 4992 1500 1398
0.05 6.3095734e-07 4000 4000 3995 1208 1126
0.05 6.3095734e-08 5000 5000 4996 1451 1366
0.05 6.3095734e-09 4000 4000 3996 1212 1150
0.05 7.9432823e-05 5000 5000 4996 1502 1401
0.05 7.9432823e-06 5000 5000 4993 1465 1369
0.05 7.9432823e-08 5000 5000 4993 1558 1444
0.05 7.9432823e-09 5000 5000 4994 1532 1416
0.1 0.00012589254 5000 5000 4993 1493 1385
0.1 0.00015848932 5000 5000 4994 1496 1384
0.1 0.00019952623 5000 5000 4994 1527 1415
0.1 0.0001 4000 4000 3995 1211 1112
0.1 0.00025118864 5000 5000 4992 1507 1393
0.1 0.00031622777 5000 5000 4991 1483 1362
0.1 1.2589254e-05 4000 4000 3993 1161 1086
0.1 1.2589254e-06 5000 5000 4990 1510 1393
0.1 1.2589254e-07 5000 5000 4987 1513 1412
0.1 1.2589254e-08 5000 5000 4992 1508 1388
0.1 1.2589254e-09 5000 5000 4996 1549 1418
0.1 1.5848932e-05 5000 5000 4992 1416 1304
0.1 1.5848932e-06 4000 4000 3993 1248 1159
0.1 1.5848932e-07 5000 5000 4997 1490 1374
0.1 1.5848932e-08 5000 5000 4993 1471 1371
0.1 1.5848932e-09 5000 5000 4992 1551 1451
0.1 1.9952623e-05 5000 5000 4990 1549 1436
0.1 1.9952623e-06 5000 5000 4989 1484 1372
0.1 1.9952623e-07 5000 5000 4992 1514 1409
0.1 1.9952623e-08 5000 5000 4988 1453 1351
0.1 1.9952623e-09 4000 4000 3996 1211 1133
0.1 1e-05 5000 5000 4991 1480 1392
0.1 1e-06 5000 5000 4989 1462 1354
0.1 1e-07 5000 5000 4992 1490 1368
0.1 1e-08 4000 4000 3992 1194 1126
0.1 1e-09 5000 5000 4992 1480 1377
0.1 2.5118864e-05 5000 5000 4998 1488 1380
0.1 2.5118864e-06 5000 5000 4990 1524 1413
0.1 2.5118864e-07 5000 5000 4987 1415 1293
0.1 2.5118864e-08 5000 5000 4991 1529 1432
0.1 2.5118864e-09 5000 5000 4996 1531 1413
0.1 3.1622777e-05 5000 5000 4987 1534 1434
0.1 3.1622777e-07 5000 5000 4993 1419 1311
0.1 3.1622777e-08 5000 5000 4986 1490 1383
0.1 3.1622777e-09 5000 5000 4993 1483 1382
0.1 3.9810717e-05 5000 5000 4992 1534 1423
0.1 3.9810717e-06 4000 4000 3994 1250 1165
0.1 3.9810717e-07 4000 4000 3997 1202 1111
0.1 3.9810717e-08 5000 5000 4993 1485 1383
0.1 3.9810717e-09 5000 5000 4988 1487 1376
0.1 5.0118723e-05 4000 4000 3993 1181 1086
0.1 5.0118723e-07 5000 5000 4994 1539 1442
0.1 5.0118723e-08 5000 5000 4991 1523 1422
0.1 5.0118723e-09 4000 4000 3994 1200 1123
0.1 6.3095734e-05 4000 4000 3993 1254 1172
0.1 6.3095734e-06 5000 5000 4996 1492 1375
0.1 6.3095734e-07 5000 5000 4985 1503 1398
0.1 6.3095734e-08 5000 5000 4988 1549 1417
0.1 6.3095734e-09 5000 5000 4991 1497 1371
0.1 7.9432823e-05 5000 5000 4989 1510 1391
0.1 7.9432823e-06 5000 5000 4987 1483 1388
0.1 7.9432823e-07 5000 5000 4992 1445 1349
0.1 7.9432823e-08 5000 5000 4991 1482 1379
0.1 7.9432823e-09 5000 5000 4993 1485 1377
0.15 0.00012589254 5000 5000 4991 1457 1361
0.15 0.00015848932 5000 5000 4996 1446 1327
0.15 0.00019952623 5000 5000 4995 1503 1405
0.15 0.0001 5000 5000 4994 1520 1410
0.15 0.00025118864 5000 5000 4984 1506 1398
0.15 0.00031622777 5000 5000 4991 1516 1420
0.15 1.2589254e-05 5000 5000 4992 1505 1405
0.15 1.2589254e-07 5000 5000 4988 1487 1397
0.15 1.2589254e-08 5000 5000 4995 1542 1433
0.15 1.2589254e-09 5000 5000 4993 1510 1407
0.15 1.5848932e-05 5000 5000 4994 1453 1352
0.15 1.5848932e-06 5000 5000 4993 1516 1418
0.15 1.5848932e-07 5000 5000 4992 1517 1413
0.15 1.5848932e-08 5000 5000 4994 1568 1459
0.15 1.9952623e-05 5000 5000 4990 1425 1325
0.15 1.9952623e-06 5000 5000 4997 1478 1357
0.15 1.9952623e-07 5000 5000 4993 1522 1402
0.15 1.9952623e-08 5000 5000 4989 1506 1398
0.15 1.9952623e-09 5000 5000 4990 1525 1426
0.15 1e-05 5000 5000 4989 1535 1426
0.15 1e-06 4000 4000 3996 1205 1126
0.15 1e-07 5000 5000 4990 1471 1374
0.15 1e-08 5000 5000 4994 1494 1378
0.15 1e-09 5000 5000 4993 1489 1384
0.15 2.5118864e-05 5000 5000 4991 1485 1380
0.15 2.5118864e-06 5000 5000 4993 1392 1286
0.15 2.5118864e-07 5000 5000 4990 1527 1426
0.15 2.5118864e-08 5000 5000 4992 1524 1416
0.15 2.5118864e-09 5000 5000 4993 1478 1385
0.15 3.1622777e-05 5000 5000 4992 1456 1363
0.15 3.1622777e-06 4000 4000 3993 1220 1134
0.15 3.1622777e-07 5000 5000 4994 1496 1382
0.15 3.1622777e-09 5000 5000 4990 1440 1337
0.15 3.9810717e-05 5000 5000 4990 1532 1423
0.15 3.9810717e-06 5000 5000 4994 1469 1374
0.15 3.9810717e-07 5000 5000 4990 1497 1403
0.15 3.9810717e-08 5000 5000 4993 1516 1401
0.15 3.9810717e-09 5000 5000 4991 1480 1378
0.15 5.0118723e-07 5000 5000 4991 1490 1392
0.15 5.0118723e-08 5000 5000 4991 1537 1411
0.15 5.0118723e-09 5000 5000 4988 1484 1384
0.15 6.3095734e-05 5000 5000 4986 1504 1416
0.15 6.3095734e-07 4000 4000 3994 1217 1138
0.15 6.3095734e-09 5000 5000 4986 1534 1432
0.15 7.9432823e-05 5000 5000 4992 1508 1393
0.15 7.9432823e-06 5000 5000 4991 1512 1409
0.15 7.9432823e-07 5000 5000 4992 1514 1420
0.15 7.9432823e-08 4000 4000 3994 1172 1085
0.15 7.9432823e-09 5000 5000 4990 1457 1338
0.2 0.00015848932 4000 4000 3996 1195 1129
0.2 0.00019952623 5000 5000 4991 1472 1369
0.2 0.0001 5000 5000 4988 1475 1340
0.2 0.00025118864 4000 4000 3993 1175 1098
0.2 0.00031622777 4000 4000 3993 1190 1104
0.2 1.2589254e-05 5000 5000 4989 1444 1344
0.2 1.2589254e-06 5000 5000 4993 1491 1380
0.2 1.2589254e-07 4000 4000 3989 1144 1058
0.2 1.2589254e-08 4000 4000 3996 1189 1105
0.2 1.2589254e-09 4000 4000 3997 1183 1109
0.2 1.5848932e-05 5000 5000 4988 1444 1353
0.2 1.5848932e-06 5000 5000 4987 1439 1335
0.2 1.5848932e-07 4000 4000 3988 1143 1081
0.2 1.5848932e-08 4000 4000 3988 1178 1087
0.2 1.5848932e-09 4000 4000 3997 1200 1129
0.2 1.9952623e-05 5000 5000 4994 1526 1426
0.2 1.9952623e-06 4000 4000 3992 1205 1126
0.2 1.9952623e-07 4000 4000 3995 1197 1117
0.2 1.9952623e-08 5000 5000 4992 1414 1324
0.2 1.9952623e-09 4000 4000 3985 1126 1050
0.2 1e-07 5000 5000 4986 1511 1376
0.2 1e-08 5000 5000 4988 1468 1357
0.2 1e-09 4000 4000 3994 1228 1126
0.2 2.5118864e-05 5000 5000 4990 1496 1389
0.2 2.5118864e-06 5000 5000 4993 1467 1378
0.2 2.5118864e-07 4000 4000 3995 1132 1058
0.2 2.5118864e-08 4000 4000 3994 1159 1099
0.2 2.5118864e-09 4000 4000 3996 1137 1059
0.2 3.1622777e-05 5000 5000 4993 1511 1419
0.2 3.1622777e-06 5000 5000 4990 1466 1389
0.2 3.1622777e-07 4000 4000 3995 1215 1126
0.2 3.1622777e-08 4000 4000 3994 1134 1056
0.2 3.1622777e-09 4000 4000 3994 1150 1073
0.2 3.9810717e-05 5000 5000 4992 1539 1421
0.2 3.9810717e-06 5000 5000 4990 1488 1396
0.2 3.9810717e-07 5000 5000 4990 1484 1390
0.2 3.9810717e-08 4000 4000 3992 1155 1067
0.2 3.9810717e-09 5000 5000 4987 1459 1368
0.2 5.0118723e-05 5000 5000 4987 1485 1370
0.2 5.0118723e-06 5000 5000 4995 1480 1367
0.2 6.3095734e-06 5000 5000 4992 1497 1395
0.2 6.3095734e-09 5000 5000 4995 1523 1416
0.2 7.9432823e-05 5000 5000 4992 1460 1359
0.2 7.9432823e-06 5000 5000 4992 1509 1403
0.2 7.9432823e-07 4000 4000 3996 1123 1037
0.2 7.9432823e-08 4000 4000 3993 1209 1134
0.2 7.9432823e-09 4000 4000 3996 1179 1083
0.25 0.00012589254 5000 5000 4995 1473 1385
0.25 0.00015848932 5000 5000 4994 1427 1337
0.25 0.00019952623 5000 5000 4996 1464 1367
0.25 0.0001 5000 5000 4996 1477 1397
0.25 0.00025118864 5000 5000 4994 1510 1385
0.25 1.2589254e-07 5000 5000 4996 1466 1384
0.25 1.2589254e-09 5000 5000 4997 1497 1407
0.25 1.5848932e-05 5000 5000 4997 1517 1398
0.25 1.5848932e-06 5000 5000 4993 1429 1333
0.25 1.5848932e-07 5000 5000 4994 1437 1351
0.25 1.5848932e-08 5000 5000 4990 1523 1422
0.25 1.5848932e-09 5000 5000 4992 1425 1334
0.25 1.9952623e-08 5000 5000 4997 1440 1343
0.25 1.9952623e-09 5000 5000 4995 1485 1382
0.25 1e-05 5000 5000 4997 1506 1384
0.25 1e-07 5000 5000 4991 1483 1393
0.25 1e-08 5000 5000 4993 1481 1381
0.25 2.5118864e-05 5000 5000 4994 1450 1343
0.25 2.5118864e-06 5000 5000 4995 1430 1327
0.25 2.5118864e-07 5000 5000 4997 1444 1357
0.25 2.5118864e-08 5000 5000 4996 1451 1343
0.25 2.5118864e-09 5000 5000 4991 1472 1359
0.25 3.1622777e-05 5000 5000 4996 1548 1440
0.25 3.1622777e-06 5000 5000 4999 1484 1385
0.25 3.1622777e-08 5000 5000 4995 1473 1376
0.25 3.1622777e-09 5000 5000 4996 1472 1364
0.25 3.9810717e-05 5000 5000 4996 1465 1369
0.25 3.9810717e-06 5000 5000 4992 1485 1395
0.25 3.9810717e-07 5000 5000 4992 1512 1413
0.25 3.9810717e-09 5000 5000 4999 1427 1323
0.25 5.0118723e-05 5000 5000 4992 1469 1376
0.25 5.0118723e-07 5000 5000 4995 1437 1334
0.25 5.0118723e-08 5000 5000 4996 1453 1366
0.25 6.3095734e-06 5000 5000 4996 1456 1366
0.25 6.3095734e-08 5000 5000 4995 1495 1377
0.25 6.3095734e-09 5000 5000 4997 1463 1357
0.25 7.9432823e-05 5000 5000 4995 1424 1342
0.25 7.9432823e-06 5000 5000 4995 1418 1335
0.25 7.9432823e-07 5000 5000 4996 1426 1330
0.25 7.9432823e-08 5000 5000 4995 1422 1337
0.25 7.9432823e-09 5000 5000 4996 1449 1337
0.3 0.00012589254 5000 5000 4996 1478 1381
0.3 0.00015848932 5000 5000 5000 1423 1326
0.3 0.00019952623 5000 5000 4997 1394 1321
0.3 0.0001 5000 5000 4996 1426 1343
0.3 0.00031622777 5000 5000 4992 1494 1398
0.3 1.2589254e-05 5000 5000 4994 1481 1405
0.3 1.2589254e-06 5000 5000 4995 1412 1307
0.3 1.2589254e-07 5000 5000 4997 1396 1298
0.3 1.5848932e-05 5000 5000 4997 1482 1369
0.3 1.5848932e-06 5000 5000 4990 1416 1330
0.3 1.5848932e-07 5000 5000 4993 1449 1360
0.3 1.5848932e-08 5000 5000 4994 1446 1344
0.3 1.5848932e-09 5000 5000 4995 1501 1393
0.3 1.9952623e-05 5000 5000 4998 1426 1345
0.3 1.9952623e-08 5000 5000 4993 1430 1329
0.3 1.9952623e-09 5000 5000 4995 1457 1369
0.3 1e-05 5000 5000 4996 1458 1361
0.3 1e-06 5000 5000 4995 1463 1346
0.3 1e-07 5000 5000 4993 1430 1336
0.3 1e-08 5000 5000 4993 1434 1332
0.3 1e-09 5000 5000 4996 1404 1305
0.3 2.5118864e-05 5000 5000 4996 1453 1347
0.3 2.5118864e-06 5000 5000 4995 1431 1342
0.3 2.5118864e-07 5000 5000 4995 1440 1355
0.3 2.5118864e-08 5000 5000 4996 1438 1350
0.3 2.5118864e-09 5000 5000 4993 1475 1378
0.3 3.1622777e-05 5000 5000 4999 1442 1329
0.3 3.1622777e-06 5000 5000 4993 1504 1382
0.3 3.1622777e-07 5000 5000 4993 1467 1377
0.3 3.1622777e-09 5000 5000 4998 1447 1350
0.3 3.9810717e-05 5000 5000 4995 1457 1333
0.3 3.9810717e-06 5000 5000 4999 1423 1335
0.3 3.9810717e-07 5000 5000 4998 1418 1324
0.3 3.9810717e-08 5000 5000 4994 1393 1301
0.3 3.9810717e-09 5000 5000 4995 1436 1342
0.3 5.0118723e-05 5000 5000 4993 1473 1394
0.3 5.0118723e-06 5000 5000 4994 1380 1271
0.3 5.0118723e-08 5000 5000 4996 1439 1342
0.3 5.0118723e-09 5000 5000 4996 1435 1346
0.3 6.3095734e-05 5000 5000 4996 1471 1395
0.3 6.3095734e-06 5000 5000 4995 1456 1371
0.3 6.3095734e-07 5000 5000 4992 1419 1326
0.3 6.3095734e-08 5000 5000 4994 1398 1322
0.3 6.3095734e-09 5000 5000 4995 1422 1337
0.3 7.9432823e-05 5000 5000 4996 1445 1345
0.3 7.9432823e-07 5000 5000 4997 1446 1358
0.3 7.9432823e-08 5000 5000 4994 1431 1344
0.3 7.9432823e-09 5000 5000 4997 1451 1355
0.35 0.00012589254 5000 5000 4998 1451 1347
0.35 0.00015848932 5000 5000 4994 1403 1317
0.35 0.00019952623 5000 5000 4997 1417 1315
0.35 0.0001 5000 5000 4996 1433 1341
0.35 0.00025118864 5000 5000 4997 1420 1316
0.35 0.00031622777 5000 5000 4994 1399 1294
0.35 1.2589254e-05 5000 5000 4995 1460 1370
0.35 1.2589254e-06 5000 5000 4998 1418 1329
0.35 1.2589254e-07 5000 5000 4995 1382 1286
0.35 1.2589254e-08 5000 5000 4999 1405 1301
0.35 1.2589254e-09 5000 5000 4995 1426 1335
0.35 1.5848932e-06 5000 5000 4996 1477 1368
0.35 1.5848932e-07 5000 5000 4998 1414 1331
0.35 1.9952623e-06 5000 5000 4997 1450 1332
0.35 1.9952623e-07 5000 5000 4998 1415 1331
0.35 1.9952623e-08 5000 5000 4998 1466 1372
0.35 1.9952623e-09 5000 5000 4991 1467 1373
0.35 1e-06 5000 5000 4996 1375 1283
0.35 1e-08 5000 5000 4998 1458 1356
0.35 1e-09 5000 5000 4994 1467 1384
0.35 2.5118864e-07 5000 5000 4997 1413 1322
0.35 2.5118864e-08 5000 5000 4996 1404 1308
0.35 2.5118864e-09 5000 5000 4998 1424 1329
0.35 3.1622777e-05 5000 5000 4997 1368 1288
0.35 3.1622777e-06 5000 5000 4993 1411 1326
0.35 3.1622777e-07 5000 5000 4997 1375 1289
0.35 3.1622777e-08 5000 5000 4997 1471 1375
0.35 3.1622777e-09 5000 5000 4998 1414 1318
0.35 3.9810717e-05 5000 5000 4997 1418 1321
0.35 3.9810717e-06 5000 5000 4996 1422 1330
0.35 3.9810717e-08 5000 5000 4991 1401 1321
0.35 3.9810717e-09 5000 5000 4992 1447 1354
0.35 5.0118723e-05 5000 5000 4998 1396 1304
0.35 5.0118723e-07 5000 5000 4999 1409 1315
0.35 5.0118723e-08 5000 5000 4993 1424 1348
0.35 6.3095734e-06 5000 5000 4992 1458 1368
0.35 6.3095734e-07 5000 5000 4999 1406 1305
0.35 6.3095734e-08 5000 5000 4993 1438 1343
0.35 6.3095734e-09 5000 5000 4998 1425 1333
0.35 7.9432823e-05 5000 5000 4994 1437 1358
0.35 7.9432823e-06 5000 5000 4994 1408 1303
0.35 7.9432823e-07 5000 5000 4997 1377 1296
0.35 7.9432823e-09 5000 5000 4994 1416 1338
0.4 0.00012589254 5000 5000 4998 1407 1314
0.4 0.00019952623 5000 5000 4993 1337 1263
0.4 0.00031622777 5000 5000 4998 1373 1293
0.4 1.2589254e-05 5000 5000 4996 1371 1281
0.4 1.2589254e-06 5000 5000 4992 1382 1306
0.4 1.2589254e-07 5000 5000 4998 1374 1274
0.4 1.2589254e-08 5000 5000 4993 1388 1295
0.4 1.2589254e-09 5000 5000 4994 1353 1270
0.4 1.5848932e-05 5000 5000 4994 1398 1310
0.4 1.5848932e-06 5000 5000 4995 1408 1333
0.4 1.5848932e-07 5000 5000 4998 1413 1316
0.4 1.9952623e-05 5000 5000 4996 1379 1282
0.4 1.9952623e-06 5000 5000 4998 1368 1289
0.4 1.9952623e-09 5000 5000 4996 1385 1296
0.4 1e-05 5000 5000 4994 1309 1222
0.4 1e-06 5000 5000 4996 1384 1263
0.4 1e-08 5000 5000 4996 1388 1287
0.4 2.5118864e-08 5000 5000 4995 1333 1239
0.4 2.5118864e-09 5000 5000 4996 1327 1228
0.4 3.1622777e-05 5000 5000 4997 1383 1308
0.4 3.1622777e-06 5000 5000 4997 1371 1282
0.4 3.1622777e-07 5000 5000 4996 1327 1231
0.4 3.1622777e-08 5000 5000 4994 1333 1244
0.4 3.1622777e-09 5000 5000 4994 1366 1280
0.4 3.9810717e-05 5000 5000 4994 1377 1294
0.4 3.9810717e-07 5000 5000 4994 1383 1296
0.4 5.0118723e-06 5000 5000 4998 1398 1300
0.4 5.0118723e-07 5000 5000 4996 1416 1316
0.4 5.0118723e-08 5000 5000 4994 1351 1253
0.4 5.0118723e-09 2000 2000 1998 519 482
0.4 6.3095734e-05 5000 5000 4996 1371 1295
0.4 6.3095734e-06 5000 5000 4997 1371 1282
0.4 6.3095734e-07 5000 5000 4994 1381 1281
0.4 6.3095734e-08 5000 5000 4995 1376 1282
0.4 6.3095734e-09 5000 5000 4998 1372 1302
0.4 7.9432823e-05 5000 5000 4993 1352 1270
0.4 7.9432823e-06 5000 5000 4993 1408 1311
0.4 7.9432823e-07 5000 5000 4995 1382 1298
0.4 7.9432823e-08 5000 5000 4998 1426 1340
0.4 7.9432823e-09 5000 5000 4998 1477 1386
0.45 0.00012589254 5000 5000 4995 1334 1256
0.45 0.00015848932 5000 5000 4999 1387 1301
0.45 0.00019952623 5000 5000 4999 1302 1233
0.45 0.0001 5000 5000 4997 1388 1309
0.45 0.00025118864 5000 5000 4998 1365 1288
0.45 0.00031622777 5000 5000 4993 1329 1241
0.45 1.2589254e-06 5000 5000 4991 1361 1279
0.45 1.2589254e-07 5000 5000 4997 1349 1266
0.45 1.2589254e-08 5000 5000 4997 1319 1229
0.45 1.2589254e-09 5000 5000 4998 1420 1320
0.45 1.5848932e-05 5000 5000 4995 1344 1256
0.45 1.5848932e-06 5000 5000 4996 1377 1298
0.45 1.5848932e-07 5000 5000 4993 1293 1218
0.45 1.5848932e-08 5000 5000 4997 1379 1270
0.45 1.9952623e-09 5000 5000 4994 1386 1292
0.45 1e-05 5000 5000 4997 1316 1229
0.45 1e-06 5000 5000 4998 1362 1265
0.45 1e-07 5000 5000 4998 1424 1335
0.45 1e-08 5000 5000 4995 1328 1242
0.45 2.5118864e-05 5000 5000 4997 1373 1278
0.45 2.5118864e-06 5000 5000 4999 1322 1235
0.45 2.5118864e-07 5000 5000 4995 1355 1275
0.45 2.5118864e-08 5000 5000 4995 1361 1280
0.45 2.5118864e-09 5000 5000 4997 1383 1296
0.45 3.1622777e-05 5000 5000 4993 1285 1208
0.45 3.1622777e-06 5000 5000 4995 1368 1267
0.45 3.1622777e-07 5000 5000 4996 1367 1263
0.45 3.1622777e-09 5000 5000 4996 1428 1340
0.45 3.9810717e-05 5000 5000 4998 1333 1246
0.45 3.9810717e-06 5000 5000 4999 1312 1218
0.45 3.9810717e-07 5000 5000 4997 1355 1279
0.45 3.9810717e-08 5000 5000 4997 1430 1338
0.45 3.9810717e-09 4000 4000 3997 1119 1051
0.45 5.0118723e-05 5000 5000 4993 1365 1269
0.45 5.0118723e-06 5000 5000 4996 1355 1269
0.45 5.0118723e-07 5000 5000 4996 1359 1279
0.45 5.0118723e-08 5000 5000 4995 1342 1257
0.45 5.0118723e-09 4000 4000 3996 1101 1021
0.45 6.3095734e-05 5000 5000 4995 1379 1293
0.45 6.3095734e-06 5000 5000 4994 1350 1267
0.45 6.3095734e-07 5000 5000 4999 1347 1252
0.45 6.3095734e-08 5000 5000 4995 1399 1310
0.45 6.3095734e-09 5000 5000 4997 1310 1227
0.45 7.9432823e-05 5000 5000 4994 1357 1253
0.45 7.9432823e-06 5000 5000 4996 1356 1272
0.45 7.9432823e-07 5000 5000 4997 1377 1292
0.45 7.9432823e-08 5000 5000 4996 1327 1232
0.45 7.9432823e-09 5000 5000 4998 1411 1310
0.5 0.00012589254 5000 5000 4996 1342 1240
0.5 0.00015848932 5000 5000 4995 1345 1271
0.5 0.00019952623 4000 4000 3995 1075 1010
0.5 0.0001 5000 5000 4997 1311 1208
0.5 0.00025118864 4000 4000 3995 993 934
0.5 0.00031622777 5000 5000 4999 1310 1232
0.5 1.2589254e-06 5000 5000 4995 1303 1221
0.5 1.2589254e-09 5000 5000 4992 1300 1214
0.5 1.5848932e-05 4000 4000 3996 984 929
0.5 1.5848932e-07 5000 5000 4998 1345 1261
0.5 1.5848932e-08 5000 5000 4996 1314 1228
0.5 1.5848932e-09 5000 5000 4996 1295 1206
0.5 1.9952623e-05 5000 5000 4997 1329 1241
0.5 1.9952623e-06 5000 5000 4994 1269 1189
0.5 1.9952623e-07 5000 5000 4998 1389 1292
0.5 1.9952623e-09 5000 5000 4998 1309 1216
0.5 1e-08 5000 5000 4995 1293 1203
0.5 1e-09 5000 5000 4992 1359 1277
0.5 2.5118864e-05 5000 5000 4999 1296 1213
0.5 2.5118864e-06 5000 5000 4993 1260 1176
0.5 2.5118864e-08 5000 5000 4997 1326 1232
0.5 2.5118864e-09 5000 5000 4998 1293 1202
0.5 3.1622777e-05 5000 5000 4991 1333 1247
0.5 3.9810717e-05 5000 5000 4989 1380 1287
0.5 3.9810717e-06 4000 4000 3995 1066 999
0.5 3.9810717e-07 5000 5000 4996 1294 1204
0.5 3.9810717e-08 5000 5000 4993 1315 1240
0.5 3.9810717e-09 5000 5000 4999 1319 1243
0.5 5.0118723e-06 5000 5000 4996 1367 1288
0.5 5.0118723e-07 5000 5000 4997 1344 1272
0.5 6.3095734e-07 5000 5000 4994 1308 1217
0.5 6.3095734e-08 5000 5000 4998 1274 1188
0.5 6.3095734e-09 5000 5000 4998 1322 1234
0.5 7.9432823e-05 5000 5000 4998 1338 1259
0.5 7.9432823e-06 5000 5000 4999 1316 1228
0.5 7.9432823e-07 5000 5000 4991 1339 1248
0.55 1.2589254e-06 5000 5000 4995 1251 1175
0.55 1.2589254e-07 5000 5000 4999 1303 1215
0.55 1.2589254e-08 5000 5000 4998 1319 1220
0.55 1.5848932e-05 4000 4000 3996 1070 1008
0.55 1.9952623e-06 5000 5000 4994 1302 1207
0.55 1.9952623e-07 5000 5000 4998 1215 1121
0.55 1.9952623e-08 5000 5000 4993 1286 1190
0.55 1e-05 5000 5000 4998 1311 1226
0.55 1e-07 5000 5000 4994 1260 1185
0.55 1e-08 5000 5000 4997 1341 1252
0.55 2.5118864e-07 5000 5000 4997 1303 1216
0.55 2.5118864e-08 5000 5000 4997 1263 1161
0.55 3.1622777e-06 5000 5000 4999 1305 1216
0.55 3.1622777e-07 5000 5000 4995 1274 1195
0.55 3.1622777e-08 5000 5000 4996 1302 1217
0.55 3.1622777e-09 5000 5000 4996 1230 1152
0.55 3.9810717e-06 5000 5000 4994 1306 1212
0.55 3.9810717e-07 5000 5000 4998 1243 1176
0.55 3.9810717e-08 5000 5000 4996 1256 1183
0.55 3.9810717e-09 5000 5000 4997 1284 1212
0.55 5.0118723e-06 5000 5000 4999 1301 1221
0.55 5.0118723e-07 5000 5000 4999 1279 1203
0.55 5.0118723e-08 5000 5000 4995 1316 1251
0.55 5.0118723e-09 5000 5000 4993 1276 1198
0.55 6.3095734e-06 5000 5000 4994 1233 1163
0.55 6.3095734e-07 4000 4000 3997 1013 951
0.55 6.3095734e-08 5000 5000 4997 1290 1209
0.55 6.3095734e-09 5000 5000 4998 1247 1157
0.55 7.9432823e-06 4000 4000 3998 983 919
0.55 7.9432823e-07 5000 5000 4996 1223 1141
0.55 7.9432823e-08 5000 5000 4998 1285 1206
0.55 7.9432823e-09 5000 5000 4996 1349 1257
0.6 1.2589254e-05 5000 5000 4998 1252 1165
0.6 1.2589254e-07 5000 5000 4996 1238 1150
0.6 1.5848932e-06 5000 5000 4996 1305 1218
0.6 1.5848932e-07 5000 5000 4998 1253 1171
0.6 1.5848932e-08 5000 5000 4998 1205 1113
0.6 1.9952623e-05 5000 5000 4997 1229 1156
0.6 1.9952623e-06 5000 5000 4997 1274 1180
0.6 1.9952623e-07 5000 5000 4995 1184 1113
0.6 1.9952623e-08 5000 5000 4994 1196 1110
0.6 1e-05 5000 5000 4999 1264 1174
0.6 1e-06 5000 5000 4996 1237 1161
0.6 2.5118864e-07 5000 5000 4998 1256 1188
0.6 2.5118864e-08 5000 5000 4998 1258 1181
0.6 3.1622777e-05 5000 5000 4997 1191 1112
0.6 3.1622777e-06 5000 5000 4998 1242 1167
0.6 3.1622777e-07 5000 5000 4997 1251 1174
0.6 3.1622777e-08 5000 5000 4999 1246 1165
0.6 3.9810717e-09 5000 5000 4997 1184 1103
0.6 5.0118723e-06 5000 5000 4999 1241 1155
0.6 5.0118723e-07 5000 5000 4998 1198 1119
0.6 5.0118723e-08 5000 5000 4997 1283 1201
0.6 6.3095734e-09 5000 5000 4997 1248 1153
0.6 7.9432823e-06 5000 5000 4998 1260 1179
0.6 7.9432823e-07 5000 5000 4996 1188 1105
0.6 7.9432823e-08 5000 5000 4993 1254 1164
0.6 7.9432823e-09 5000 5000 4997 1210 1146
0.65 1.2589254e-05 5000 5000 4994 1223 1141
0.65 1.2589254e-06 5000 5000 4999 1217 1133
0.65 1.5848932e-05 4000 4000 3999 958 880
0.65 1.5848932e-08 5000 5000 4994 1193 1106
0.65 1.9952623e-05 5000 5000 4995 1227 1149
0.65 1.9952623e-06 5000 5000 4998 1186 1108
0.65 1.9952623e-07 5000 5000 4996 1209 1124
0.65 1.9952623e-08 5000 5000 5000 1187 1108
0.65 1e-05 5000 5000 4998 1151 1063
0.65 1e-06 5000 5000 4998 1196 1125
0.65 2.5118864e-07 5000 5000 4996 1242 1152
0.65 2.5118864e-08 5000 5000 4999 1185 1108
0.65 3.1622777e-05 5000 5000 5000 1216 1134
0.65 3.1622777e-06 5000 5000 4998 1151 1074
0.65 3.1622777e-07 5000 5000 4998 1192 1117
0.65 3.1622777e-08 5000 5000 4995 1234 1151
0.65 3.1622777e-09 5000 5000 4994 1228 1144
0.65 3.9810717e-06 5000 5000 4996 1164 1083
0.65 3.9810717e-07 5000 5000 4996 1186 1101
0.65 3.9810717e-08 5000 5000 4998 1215 1146
0.65 3.9810717e-09 5000 5000 4997 1160 1086
0.65 5.0118723e-06 5000 5000 4998 1213 1122
0.65 5.0118723e-07 5000 5000 4999 1218 1130
0.65 6.3095734e-07 5000 5000 4998 1139 1053
0.65 6.3095734e-09 5000 5000 4998 1148 1064
0.65 7.9432823e-06 5000 5000 4998 1194 1116
0.65 7.9432823e-07 5000 5000 5000 1237 1152
0.65 7.9432823e-08 5000 5000 4997 1220 1135
0.65 7.9432823e-09 5000 5000 4997 1193 1124
0.7 1.2589254e-05 5000 5000 4994 1015 930
0.7 1.2589254e-06 5000 5000 4997 1079 1001
0.7 1.2589254e-07 4000 4000 3997 832 773
0.7 1.2589254e-08 5000 5000 4997 1083 1008
0.7 1.5848932e-06 5000 5000 4999 1107 1030
0.7 1.5848932e-07 5000 5000 4996 1091 1016
0.7 1.5848932e-08 5000 5000 4996 1107 1022
0.7 1.9952623e-06 5000 5000 4996 1060 988
0.7 1e-05 5000 5000 4995 1161 1076
0.7 1e-06 5000 5000 4992 1100 994
0.7 1e-07 5000 5000 4996 1069 981
0.7 1e-08 4000 4000 4000 879 819
0.7 2.5118864e-05 5000 5000 4997 1095 1015
0.7 3.1622777e-06 5000 5000 4998 1137 1045
0.7 3.1622777e-07 5000 5000 4998 1093 1018
0.7 3.1622777e-09 5000 5000 4999 1099 1016
0.7 3.9810717e-06 5000 5000 4998 1054 963
0.7 3.9810717e-07 5000 5000 4999 1029 955
0.7 3.9810717e-08 4000 4000 4000 859 808
0.7 3.9810717e-09 5000 5000 4997 1102 1016
0.7 5.0118723e-06 5000 5000 4998 1066 988
0.7 5.0118723e-07 5000 5000 4996 1051 985
0.7 5.0118723e-08 5000 5000 4994 1097 1015
0.7 5.0118723e-09 5000 5000 4997 1149 1053
0.7 6.3095734e-06 5000 5000 4995 1059 968
0.7 6.3095734e-08 5000 5000 4997 1052 969
0.7 6.3095734e-09 5000 5000 4993 1029 953
0.7 7.9432823e-06 5000 5000 4998 1144 1068
0.7 7.9432823e-07 5000 5000 4999 1105 1048
0.7 7.9432823e-08 5000 5000 4997 1055 996
0.7 7.9432823e-09 4000 4000 3999 883 825
0.75 1.2589254e-08 5000 5000 4995 956 887
0.75 1.5848932e-05 5000 5000 4994 1005 929
0.75 1.5848932e-06 5000 5000 4997 1040 961
0.75 1.5848932e-07 4000 4000 3990 794 746
0.75 1.5848932e-08 5000 5000 4993 994 917
0.75 1.9952623e-05 5000 5000 4993 980 919
0.75 1.9952623e-06 5000 5000 4996 953 868
0.75 1.9952623e-07 5000 5000 4997 983 909
0.75 1e-06 5000 5000 4994 1002 923
0.75 2.5118864e-05 5000 5000 4997 971 893
0.75 2.5118864e-06 5000 5000 4995 1099 1035
0.75 2.5118864e-08 4000 4000 3993 815 758
0.75 3.1622777e-08 5000 5000 4991 984 906
0.75 3.1622777e-09 4000 4000 3997 812 739
0.75 3.9810717e-07 4000 4000 3991 782 713
0.75 3.9810717e-08 5000 5000 4995 997 928
0.75 5.0118723e-06 5000 5000 4996 1045 976
0.75 5.0118723e-07 4000 4000 3998 818 760
0.75 5.0118723e-08 5000 5000 4994 1044 961
0.75 5.0118723e-09 5000 5000 4988 975 897
0.75 6.3095734e-06 5000 5000 4998 937 861
0.75 6.3095734e-07 4000 4000 3998 801 747
0.75 6.3095734e-08 5000 5000 4994 964 894
0.75 6.3095734e-09 5000 5000 4997 1006 942
0.75 7.9432823e-06 4000 4000 3996 829 761
0.75 7.9432823e-07 4000 4000 3994 839 771
0.75 7.9432823e-08 5000 5000 4997 1004 930
0.75 7.9432823e-09 5000 5000 4997 1005 920
0.8 1.2589254e-05 4000 4000 3997 764 716
0.8 1.2589254e-06 5000 5000 4996 1011 931
0.8 1.2589254e-07 4000 4000 3996 823 761
0.8 1.2589254e-08 4000 4000 3999 812 768
0.8 1.5848932e-05 5000 5000 4995 1029 952
0.8 1.5848932e-06 5000 5000 4997 1046 967
0.8 1.5848932e-07 5000 5000 4995 1065 989
0.8 1.5848932e-08 5000 5000 4999 968 890
0.8 1.9952623e-05 4000 4000 3996 847 786
0.8 1.9952623e-06 4000 4000 3999 871 817
0.8 1.9952623e-07 5000 5000 4998 1009 938
0.8 1.9952623e-08 5000 5000 4999 1048 982
0.8 1e-05 4000 4000 3997 798 738
0.8 1e-06 5000 5000 4998 1041 947
0.8 1e-07 4000 4000 3999 824 769
0.8 1e-08 4000 4000 3998 774 714
0.8 2.5118864e-05 5000 5000 4996 1045 970
0.8 2.5118864e-06 4000 4000 3995 837 777
0.8 2.5118864e-07 5000 5000 4995 1068 989
0.8 2.5118864e-08 5000 5000 4999 989 928
0.8 3.1622777e-05 5000 5000 4998 1043 962
0.8 3.1622777e-06 4000 4000 3995 830 781
0.8 3.1622777e-07 4000 4000 3999 768 711
0.8 3.1622777e-08 5000 5000 4996 1003 922
0.8 3.1622777e-09 5000 5000 4994 1061 978
0.8 3.9810717e-06 4000 4000 3995 843 782
0.8 3.9810717e-07 5000 5000 4995 1009 940
0.8 5.0118723e-08 5000 5000 4993 976 915
0.8 5.0118723e-09 5000 5000 4997 1046 960
0.8 6.3095734e-07 4000 4000 3998 820 766
0.8 6.3095734e-08 5000 5000 4996 1015 951
0.8 7.9432823e-06 5000 5000 4996 1055 994
0.8 7.9432823e-07 5000 5000 4997 1062 993
0.8 7.9432823e-08 4000 4000 3998 817 758
0.8 7.9432823e-09 4000 4000 3993 806 754
0.81 1.2589254e-05 4000 4000 3995 793 724
0.81 1.2589254e-06 4000 4000 3997 849 786
0.81 1.2589254e-07 5000 5000 4996 1078 999
0.81 1.2589254e-08 5000 5000 4995 1028 947
0.81 1.5848932e-05 5000 5000 4996 1032 956
0.81 1.5848932e-06 4000 4000 3996 817 757
0.81 1.5848932e-07 5000 5000 4996 1012 943
0.81 1.5848932e-08 5000 5000 4996 1014 942
0.81 1.9952623e-05 5000 5000 4994 1013 927
0.81 1.9952623e-06 5000 5000 4996 1050 976
0.81 1.9952623e-07 5000 5000 4998 1036 955
0.81 1.9952623e-08 5000 5000 4997 1029 954
0.81 1e-05 5000 5000 4995 1038 962
0.81 1e-06 5000 5000 5000 1048 960
0.81 1e-07 5000 5000 4991 996 916
0.81 1e-08 5000 5000 4996 1069 992
0.81 2.5118864e-06 4000 4000 3999 782 724
0.81 2.5118864e-08 5000 5000 4994 1060 988
0.81 3.1622777e-05 5000 5000 4993 1037 950
0.81 3.1622777e-06 5000 5000 4998 1062 992
0.81 3.1622777e-07 5000 5000 4997 1037 961
0.81 3.1622777e-08 5000 5000 4994 1060 977
0.81 3.1622777e-09 5000 5000 4998 1067 1001
0.81 3.9810717e-06 4000 4000 3998 825 768
0.81 3.9810717e-07 5000 5000 4998 1027 973
0.81 3.9810717e-08 5000 5000 4998 1003 925
0.81 3.9810717e-09 5000 5000 4995 1006 926
0.81 5.0118723e-06 4000 4000 3995 853 787
0.81 5.0118723e-07 5000 5000 4995 1033 976
0.81 5.0118723e-08 5000 5000 4997 1007 922
0.81 5.0118723e-09 5000 5000 4991 987 923
0.81 6.3095734e-06 5000 5000 4999 983 910
0.81 6.3095734e-08 5000 5000 4994 998 925
0.81 6.3095734e-09 5000 5000 4996 1054 967
0.81 7.9432823e-06 4000 4000 3995 822 759
0.81 7.9432823e-07 5000 5000 4998 1059 977
0.81 7.9432823e-08 5000 5000 4997 1029 958
0.81 7.9432823e-09 5000 5000 4999 1014 938
0.82 1.2589254e-05 5000 5000 4996 1043 954
0.82 1.2589254e-06 4000 4000 3999 903 846
0.82 1.5848932e-06 4000 4000 3994 802 732
0.82 1.5848932e-07 3000 3000 2996 604 551
0.82 1.5848932e-08 5000 5000 4995 1010 944
0.82 1.9952623e-06 5000 5000 4998 1003 926
0.82 1.9952623e-07 5000 5000 4996 1020 933
0.82 1.9952623e-08 5000 5000 4995 1034 973
0.82 1e-05 5000 5000 4995 1005 924
0.82 1e-06 4000 4000 3998 866 798
0.82 1e-07 4000 4000 3999 841 792
0.82 1e-08 5000 5000 4999 1081 1005
0.82 2.5118864e-05 5000 5000 4996 1019 941
0.82 2.5118864e-06 5000 5000 4995 1027 968
0.82 2.5118864e-07 3000 3000 2999 617 576
0.82 2.5118864e-08 4000 4000 3998 781 728
0.82 3.1622777e-05 5000 5000 4993 1045 971
0.82 3.1622777e-06 5000 5000 4997 997 928
0.82 3.1622777e-07 4000 4000 3996 849 801
0.82 3.1622777e-08 4000 4000 3996 815 753
0.82 3.1622777e-09 4000 4000 3997 834 776
0.82 3.9810717e-06 5000 5000 4998 1027 969
0.82 3.9810717e-07 4000 4000 3998 887 823
0.82 3.9810717e-08 5000 5000 4997 1050 957
0.82 3.9810717e-09 5000 5000 4996 1028 946
0.82 5.0118723e-06 5000 5000 4997 982 917
0.82 5.0118723e-07 4000 4000 3997 792 731
0.82 5.0118723e-08 5000 5000 4997 1063 990
0.82 5.0118723e-09 5000 5000 4998 970 902
0.82 6.3095734e-07 4000 4000 3997 869 796
0.82 6.3095734e-08 5000 5000 4997 1034 956
0.82 6.3095734e-09 5000 5000 4995 1025 953
0.82 7.9432823e-06 5000 5000 4999 1046 962
0.82 7.9432823e-07 3000 3000 2998 619 568
0.82 7.9432823e-08 4000 4000 3996 821 775
0.82 7.9432823e-09 4000 4000 4000 851 777
0.83 1.2589254e-05 5000 5000 4999 1071 996
0.83 1.2589254e-06 4000 4000 3997 842 765
0.83 1.2589254e-07 4000 4000 3996 843 765
0.83 1.2589254e-08 5000 5000 4995 1058 985
0.83 1.5848932e-05 5000 5000 4998 1045 968
0.83 1.9952623e-06 5000 5000 4994 1106 1016
0.83 1.9952623e-07 5000 5000 4999 1059 980
0.83 1.9952623e-08 5000 5000 4996 1072 997
0.83 1e-05 3000 3000 3000 620 578
0.83 1e-06 5000 5000 4999 1042 966
0.83 1e-08 4000 4000 3997 859 800
0.83 2.5118864e-05 5000 5000 4993 1002 924
0.83 3.1622777e-06 5000 5000 4998 1071 1007
0.83 3.9810717e-07 5000 5000 4992 1041 972
0.83 3.9810717e-08 5000 5000 4997 1064 982
0.83 3.9810717e-09 5000 5000 4995 1044 978
0.83 5.0118723e-06 4000 4000 4000 832 764
0.83 5.0118723e-07 5000 5000 4997 1034 960
0.83 5.0118723e-08 5000 5000 4997 1104 1032
0.83 5.0118723e-09 4000 4000 3999 839 782
0.83 6.3095734e-06 5000 5000 4997 1084 1005
0.83 6.3095734e-07 5000 5000 5000 1069 995
0.83 6.3095734e-09 5000 5000 4998 1067 995
0.83 7.9432823e-09 4000 4000 3999 863 806
0.84 1.2589254e-05 5000 5000 4998 1096 1020
0.84 1.2589254e-06 4000 4000 4000 884 827
0.84 1.2589254e-07 5000 5000 4998 1066 1003
0.84 1.2589254e-08 5000 5000 4996 1061 987
0.84 1.5848932e-05 5000 5000 4999 1025 956
0.84 1.5848932e-06 5000 5000 4997 1034 969
0.84 1.5848932e-07 5000 5000 4996 1062 989
0.84 1.9952623e-05 5000 5000 4998 1045 971
0.84 1.9952623e-06 5000 5000 4995 1048 976
0.84 1e-05 5000 5000 4999 1032 974
0.84 1e-07 5000 5000 4996 1026 961
0.84 1e-08 4000 4000 3999 870 804
0.84 2.5118864e-05 4000 4000 4000 879 805
0.84 2.5118864e-06 4000 4000 3998 873 802
0.84 2.5118864e-07 5000 5000 4997 1047 977
0.84 2.5118864e-08 5000 5000 4998 1095 1029
0.84 3.1622777e-05 5000 5000 5000 1041 965
0.84 3.1622777e-06 5000 5000 4996 1058 976
0.84 3.1622777e-07 5000 5000 4998 1081 1000
0.84 3.9810717e-06 4000 4000 4000 828 774
0.84 3.9810717e-09 5000 5000 4995 1062 980
0.84 5.0118723e-06 5000 5000 4997 1020 936
0.84 5.0118723e-07 5000 5000 4995 1084 1017
0.84 5.0118723e-08 5000 5000 4997 1053 973
0.84 5.0118723e-09 5000 5000 5000 1071 992
0.84 6.3095734e-06 5000 5000 4996 1017 925
0.84 6.3095734e-07 5000 5000 4993 1108 1026
0.84 6.3095734e-08 5000 5000 4996 1051 982
0.84 6.3095734e-09 5000 5000 4996 1062 976
0.84 7.9432823e-06 5000 5000 4997 1068 993
0.84 7.9432823e-07 5000 5000 4998 1085 987
0.84 7.9432823e-08 5000 5000 4998 1065 1002
0.85 1.2589254e-08 5000 5000 4999 1030 963
0.85 1.5848932e-05 5000 5000 4998 1101 1033
0.85 1.5848932e-06 5000 5000 4998 1119 1046
0.85 1.5848932e-07 5000 5000 4998 1098 1019
0.85 1.5848932e-08 5000 5000 4999 1087 1008
0.85 1.9952623e-05 4000 4000 3996 848 786
0.85 1.9952623e-06 5000 5000 4996 1060 994
0.85 1.9952623e-07 5000 5000 4997 1053 972
0.85 1.9952623e-08 5000 5000 4996 1029 954
0.85 1e-05 5000 5000 4998 1057 980
0.85 1e-06 4000 4000 3995 898 832
0.85 1e-07 4000 4000 3999 878 814
0.85 1e-08 5000 5000 5000 1069 991
0.85 2.5118864e-05 5000 5000 4998 1019 952
0.85 2.5118864e-07 5000 5000 5000 1018 946
0.85 2.5118864e-08 4000 4000 3998 855 798
0.85 3.1622777e-08 5000 5000 4999 1066 985
0.85 3.1622777e-09 5000 5000 4995 1047 984
0.85 3.9810717e-06 5000 5000 4997 1066 988
0.85 3.9810717e-09 5000 5000 4998 1006 928
0.85 5.0118723e-08 5000 5000 5000 1056 999
0.85 5.0118723e-09 5000 5000 4997 1086 1012
0.85 6.3095734e-06 5000 5000 4999 1099 1026
0.85 6.3095734e-07 4000 4000 3999 911 842
0.85 7.9432823e-06 4000 4000 3999 898 836
0.85 7.9432823e-08 5000 5000 4999 1135 1059
0.86 1.2589254e-05 5000 5000 5000 1102 1031
0.86 1.2589254e-06 5000 5000 4995 1066 1009
0.86 1.2589254e-07 5000 5000 4998 1069 993
0.86 1.2589254e-08 5000 5000 4998 1121 1038
0.86 1.5848932e-05 5000 5000 4997 1046 988
0.86 1.5848932e-06 5000 5000 4998 1053 977
0.86 1.5848932e-07 5000 5000 4998 986 904
0.86 1.9952623e-05 5000 5000 4996 1055 969
0.86 1.9952623e-08 5000 5000 4996 1084 1009
0.86 1e-06 5000 5000 4998 1099 1028
0.86 1e-07 5000 5000 4998 1092 1002
0.86 2.5118864e-06 3000 3000 2998 658 613
0.86 2.5118864e-08 5000 5000 4997 1079 1003
0.86 3.1622777e-06 5000 5000 4998 1020 953
0.86 3.1622777e-07 5000 5000 4997 1113 1033
0.86 3.1622777e-08 4000 4000 4000 848 786
0.86 3.1622777e-09 5000 5000 4998 1078 987
0.86 3.9810717e-06 4000 4000 3999 867 800
0.86 3.9810717e-07 5000 5000 4998 1047 976
0.86 3.9810717e-08 4000 4000 3997 882 828
0.86 3.9810717e-09 5000 5000 4998 1098 1029
0.86 5.0118723e-07 4000 4000 3997 858 803
0.86 5.0118723e-09 5000 5000 4999 1043 945
0.86 6.3095734e-07 5000 5000 4998 1076 983
0.86 6.3095734e-09 5000 5000 4995 1108 1031
0.86 7.9432823e-06 4000 4000 3997 876 805
0.86 7.9432823e-07 4000 4000 3997 828 779
0.86 7.9432823e-08 5000 5000 4998 1087 1013
0.86 7.9432823e-09 5000 5000 4999 1062 991
0.87 1.2589254e-05 5000 5000 4999 1139 1056
0.87 1.2589254e-07 4000 4000 3998 867 814
0.87 1.5848932e-05 5000 5000 4997 1066 993
0.87 1.9952623e-05 5000 5000 4997 1092 1024
0.87 1.9952623e-06 5000 5000 4996 1091 1007
0.87 1.9952623e-07 5000 5000 4997 1049 976
0.87 1.9952623e-08 5000 5000 4997 1070 1012
0.87 1e-07 5000 5000 4997 1049 980
0.87 2.5118864e-07 5000 5000 4999 1030 936
0.87 3.1622777e-05 5000 5000 4999 1113 1035
0.87 3.1622777e-06 5000 5000 4997 1092 1011
0.87 3.1622777e-07 5000 5000 4996 1119 1037
0.87 3.1622777e-08 5000 5000 4998 1017 951
0.87 3.1622777e-09 5000 5000 4995 1062 993
0.87 3.9810717e-07 5000 5000 5000 1038 968
0.87 3.9810717e-09 4000 4000 3998 901 840
0.87 5.0118723e-08 5000 5000 4997 1050 986
0.87 5.0118723e-09 5000 5000 4999 1133 1063
0.87 6.3095734e-06 5000 5000 4998 1049 979
0.87 6.3095734e-07 5000 5000 4995 1110 1023
0.87 6.3095734e-08 5000 5000 5000 1077 1006
0.87 6.3095734e-09 5000 5000 4998 1052 988
0.88 1.2589254e-05 5000 5000 4998 1124 1050
0.88 1.2589254e-07 5000 5000 4995 1113 1033
0.88 1.2589254e-08 4000 4000 3998 891 830
0.88 1.5848932e-05 5000 5000 4998 1103 1024
0.88 1.5848932e-07 5000 5000 4996 1104 1031
0.88 1.5848932e-08 5000 5000 4997 1070 1005
0.88 1.9952623e-05 5000 5000 4999 1051 973
0.88 1.9952623e-06 5000 5000 4993 1160 1081
0.88 1.9952623e-07 5000 5000 4997 1091 1015
0.88 1.9952623e-08 5000 5000 4997 1072 1004
0.88 2.5118864e-05 5000 5000 4997 1095 1015
0.88 2.5118864e-06 5000 5000 4998 1111 1030
0.88 2.5118864e-07 5000 5000 4997 1057 990
0.88 2.5118864e-08 5000 5000 4997 1136 1063
0.88 3.1622777e-06 5000 5000 4997 1108 1027
0.88 3.1622777e-07 5000 5000 4995 1041 966
0.88 3.1622777e-08 5000 5000 4996 1094 1017
0.88 3.1622777e-09 5000 5000 4995 1048 997
0.88 3.9810717e-06 5000 5000 4999 1110 1039
0.88 3.9810717e-07 5000 5000 4999 1088 1015
0.88 3.9810717e-08 5000 5000 4994 1025 945
0.88 3.9810717e-09 5000 5000 4998 1014 948
0.88 5.0118723e-06 5000 5000 4999 1102 1033
0.88 5.0118723e-07 4000 4000 3997 890 816
0.88 5.0118723e-08 5000 5000 5000 1055 985
0.88 5.0118723e-09 5000 5000 4997 1074 1002
0.88 6.3095734e-07 5000 5000 4997 1099 1028
0.88 7.9432823e-07 5000 5000 4999 1099 1027
0.88 7.9432823e-08 5000 5000 4995 1098 1019
0.88 7.9432823e-09 5000 5000 4996 1118 1045
0.89 1.2589254e-05 4000 4000 3999 901 846
0.89 1.2589254e-06 4000 4000 3998 878 816
0.89 1.2589254e-07 5000 5000 4995 1063 993
0.89 1.2589254e-08 4000 4000 3999 887 819
0.89 1.5848932e-05 4000 4000 3995 894 828
0.89 1.5848932e-06 4000 4000 3997 889 835
0.89 1.5848932e-07 5000 5000 4997 1125 1043
0.89 1.5848932e-08 5000 5000 4993 1060 983
0.89 1.9952623e-05 4000 4000 3998 889 833
0.89 1.9952623e-06 5000 5000 4999 1067 1011
0.89 1.9952623e-07 5000 5000 4997 1106 1024
0.89 1.9952623e-08 5000 5000 4997 1099 1025
0.89 1e-05 5000 5000 4999 1070 1001
0.89 1e-06 5000 5000 4997 1123 1039
0.89 1e-07 4000 4000 3999 844 790
0.89 2.5118864e-08 4000 4000 3996 863 796
0.89 3.1622777e-05 4000 4000 3999 890 841
0.89 3.1622777e-06 5000 5000 5000 1147 1072
0.89 3.1622777e-07 4000 4000 3999 904 861
0.89 3.1622777e-08 5000 5000 4995 1134 1043
0.89 3.9810717e-09 4000 4000 3998 907 839
0.89 5.0118723e-06 3000 3000 2999 631 595
0.89 5.0118723e-07 4000 4000 3997 831 769
0.89 5.0118723e-08 5000 5000 4997 1137 1056
0.89 5.0118723e-09 5000 5000 4999 1098 1032
0.89 6.3095734e-06 4000 4000 3998 888 816
0.89 6.3095734e-07 4000 4000 4000 891 837
0.89 6.3095734e-08 5000 5000 4997 1110 1031
0.89 6.3095734e-09 4000 4000 3999 927 865
0.89 7.9432823e-06 5000 5000 4996 1129 1051
0.89 7.9432823e-07 5000 5000 4996 1143 1067
0.9 1.2589254e-06 4000 4000 3997 911 851
0.9 1.2589254e-07 5000 5000 4996 1115 1047
0.9 1.2589254e-08 5000 5000 4994 1125 1048
0.9 1.5848932e-05 5000 5000 4995 1123 1046
0.9 1.5848932e-07 5000 5000 4999 1050 978
0.9 1.5848932e-08 5000 5000 4995 1061 993
0.9 1.9952623e-05 5000 5000 4996 1129 1055
0.9 1.9952623e-06 3000 3000 2997 660 608
0.9 1.9952623e-07 5000 5000 4996 1134 1051
0.9 1.9952623e-08 5000 5000 4998 1115 1051
0.9 1e-05 4000 4000 3997 885 816
0.9 1e-06 5000 5000 4997 1113 1035
0.9 1e-07 4000 4000 3996 883 813
0.9 1e-08 5000 5000 4998 1109 1038
0.9 2.5118864e-05 5000 5000 4996 1075 1007
0.9 3.1622777e-06 5000 5000 4999 1128 1059
0.9 3.1622777e-07 5000 5000 4998 1117 1046
0.9 3.1622777e-08 4000 4000 3998 866 797
0.9 3.1622777e-09 5000 5000 4998 1148 1075
0.9 3.9810717e-06 4000 4000 3999 930 858
0.9 3.9810717e-08 5000 5000 4996 1098 1022
0.9 5.0118723e-08 5000 5000 4999 1099 1026
0.9 5.0118723e-09 4000 4000 3996 912 852
0.9 6.3095734e-06 4000 4000 3995 861 800
0.9 6.3095734e-07 5000 5000 4996 1117 1052
0.9 6.3095734e-08 5000 5000 4996 1133 1051
0.9 6.3095734e-09 5000 5000 4995 1120 1050
0.9 7.9432823e-08 5000 5000 4992 1071 999
0.9 7.9432823e-09 4000 4000 3997 874 826
0.95 1.2589254e-07 5000 5000 4995 1142 1073
0.95 1.2589254e-08 5000 5000 4996 1134 1062
0.95 1.5848932e-05 5000 5000 4996 1094 1020
0.95 1.5848932e-06 4000 4000 3998 905 840
0.95 1.5848932e-07 4000 4000 3999 916 840
0.95 1.9952623e-07 4000 4000 3998 900 830
0.95 1e-05 5000 5000 4995 1122 1060
0.95 1e-06 5000 5000 4996 1111 1039
0.95 1e-07 3000 3000 2996 684 639
0.95 1e-08 5000 5000 4998 1050 991
0.95 2.5118864e-05 4000 4000 3998 923 871
0.95 2.5118864e-06 5000 5000 4995 1126 1057
0.95 2.5118864e-07 5000 5000 5000 1086 1008
0.95 2.5118864e-08 5000 5000 4995 1143 1057
0.95 3.1622777e-05 5000 5000 4992 1090 1015
0.95 3.1622777e-06 3000 3000 2998 669 611
0.95 3.1622777e-07 5000 5000 4996 1115 1047
0.95 3.1622777e-08 5000 5000 4997 1031 965
0.95 3.1622777e-09 5000 5000 4995 1136 1063
0.95 3.9810717e-06 5000 5000 4999 1143 1067
0.95 3.9810717e-07 5000 5000 4999 1168 1091
0.95 3.9810717e-08 5000 5000 4993 1084 1020
0.95 3.9810717e-09 5000 5000 4998 1130 1055
0.95 5.0118723e-06 4000 4000 3998 889 827
0.95 5.0118723e-07 4000 4000 3999 856 788
0.95 5.0118723e-08 5000 5000 4999 1129 1063
0.95 5.0118723e-09 5000 5000 4998 1088 1024
0.95 6.3095734e-06 5000 5000 4997 1156 1091
0.95 6.3095734e-07 5000 5000 4996 1131 1045
0.95 6.3095734e-08 5000 5000 4998 1105 1037
0.95 6.3095734e-09 5000 5000 5000 1160 1081
0.95 7.9432823e-06 4000 4000 4000 867 805
0.95 7.9432823e-07 5000 5000 4997 1148 1085
0.95 7.9432823e-08 5000 5000 4999 1081 1018
0.95 7.9432823e-09 5000 5000 4997 1133 1061
1 1.2589254e-05 5000 5000 4998 1031 949
1 1.2589254e-06 5000 5000 4993 1043 978
1 1.2589254e-07 5000 5000 4997 1112 1036
1 1.2589254e-08 5000 5000 4999 1097 1018
1 1.5848932e-05 5000 5000 4993 1026 956
1 1.5848932e-06 5000 5000 4999 1039 968
1 1.5848932e-07 5000 5000 4995 1064 983
1 1.5848932e-08 5000 5000 4999 1084 1003
1 1.9952623e-05 5000 5000 4996 1076 997
1 1.9952623e-06 5000 5000 4996 1086 1016
1 1.9952623e-07 5000 5000 4999 1140 1045
1 1e-08 5000 5000 4998 1086 1014
1 2.5118864e-05 5000 5000 4999 1082 998
1 2.5118864e-06 5000 5000 4997 1089 1020
1 2.5118864e-07 5000 5000 4999 1111 1040
1 2.5118864e-08 5000 5000 4997 1025 947
1 3.1622777e-05 5000 5000 4996 1095 1015
1 3.1622777e-06 5000 5000 4996 1052 976
1 3.1622777e-07 5000 5000 4998 1061 988
1 3.1622777e-08 5000 5000 5000 1116 1042
1 3.9810717e-09 5000 5000 4995 1069 989
1 5.0118723e-06 5000 5000 4998 1038 946
1 5.0118723e-07 5000 5000 4998 1014 944
1 5.0118723e-08 5000 5000 4998 1041 963
1 5.0118723e-09 5000 5000 5000 1094 1021
1 6.3095734e-06 5000 5000 4996 1038 966
1 6.3095734e-07 5000 5000 4993 1090 1019
1 6.3095734e-08 5000 5000 4994 1078 988
1 6.3095734e-09 5000 5000 4998 1071 1005
1 7.9432823e-06 5000 5000 4997 1124 1025
1 7.9432823e-07 5000 5000 4995 1072 995
1 7.9432823e-08 5000 5000 4995 1105 1041
1 7.9432823e-09 5000 5000 4996 998 925
1.1 1.2589254e-05 5000 5000 4997 1051 969
1.1 1.2589254e-07 5000 5000 4998 1022 952
1.1 1.2589254e-08 5000 5000 4996 1088 1012
1.1 1.5848932e-06 5000 5000 4999 1058 993
1.1 1.5848932e-07 5000 5000 4997 1019 945
1.1 1.5848932e-08 5000 5000 4994 1003 930
1.1 1.9952623e-05 5000 5000 4997 1088 1000
1.1 1.9952623e-06 5000 5000 4995 1092 1027
1.1 1.9952623e-08 5000 5000 4992 1074 995
1.1 1e-05 5000 5000 4996 1082 1005
1.1 1e-06 5000 5000 4995 1052 981
1.1 1e-07 5000 5000 4996 1081 1008
1.1 1e-08 5000 5000 4997 1096 1005
1.1 2.5118864e-05 5000 5000 4996 1046 968
1.1 2.5118864e-06 5000 5000 4999 1084 1005
1.1 2.5118864e-07 5000 5000 4997 1069 982
1.1 2.5118864e-08 5000 5000 4998 1062 977
1.1 3.1622777e-05 5000 5000 4999 1002 931
1.1 3.1622777e-06 5000 5000 4995 1037 955
1.1 3.1622777e-07 5000 5000 4994 1102 1032
1.1 3.1622777e-08 5000 5000 5000 1071 1001
1.1 3.1622777e-09 5000 5000 4991 1056 993
1.1 3.9810717e-06 5000 5000 4998 1078 1000
1.1 5.0118723e-08 5000 5000 4998 1023 956
1.1 5.0118723e-09 5000 5000 4999 1000 924
1.1 6.3095734e-06 5000 5000 4998 1016 943
1.1 6.3095734e-07 5000 5000 4993 1034 977
1.1 6.3095734e-08 5000 5000 4992 1039 973
1.1 6.3095734e-09 5000 5000 4993 1062 995
1.1 7.9432823e-06 5000 5000 4997 1000 924
1.1 7.9432823e-07 5000 5000 4996 1034 966
1.1 7.9432823e-08 5000 5000 4993 1026 961
1.1 7.9432823e-09 5000 5000 4995 1115 1032
1.2 1.2589254e-05 5000 5000 4995 975 908
1.2 1.2589254e-06 5000 5000 4998 1028 963
1.2 1.2589254e-07 5000 5000 4993 962 896
1.2 1.2589254e-08 5000 5000 4998 997 926
1.2 1.5848932e-05 5000 5000 4997 1006 951
1.2 1.5848932e-06 5000 5000 4998 1001 920
1.2 1.9952623e-07 5000 5000 4998 970 894
1.2 1.9952623e-08 5000 5000 4997 1000 928
1.2 1e-05 5000 5000 4998 1038 964
1.2 1e-06 5000 5000 4996 1072 995
1.2 1e-07 5000 5000 4997 992 928
1.2 1e-08 5000 5000 4998 1005 926
1.2 2.5118864e-05 5000 5000 4997 1027 950
1.2 2.5118864e-06 5000 5000 4998 1032 957
1.2 2.5118864e-07 5000 5000 5000 979 916
1.2 2.5118864e-08 5000 5000 4999 965 891
1.2 3.1622777e-05 5000 5000 4996 1000 924
1.2 3.1622777e-06 5000 5000 4998 1008 933
1.2 3.1622777e-07 5000 5000 4997 1042 973
1.2 3.1622777e-08 5000 5000 4997 998 925
1.2 3.1622777e-09 5000 5000 5000 998 931
1.2 3.9810717e-06 5000 5000 4997 1015 931
1.2 3.9810717e-07 5000 5000 4995 1004 930
1.2 3.9810717e-08 5000 5000 4998 984 929
1.2 3.9810717e-09 5000 5000 4998 1017 941
1.2 5.0118723e-06 5000 5000 4997 1057 983
1.2 5.0118723e-07 5000 5000 4997 1055 970
1.2 5.0118723e-09 5000 5000 4999 1033 957
1.2 6.3095734e-06 5000 5000 4995 973 902
1.2 6.3095734e-07 5000 5000 4999 955 886
1.2 6.3095734e-08 5000 5000 4996 1035 966
1.2 6.3095734e-09 5000 5000 4998 1028 948
1.2 7.9432823e-06 5000 5000 4996 1004 934
1.2 7.9432823e-07 5000 5000 4999 1000 914
1.2 7.9432823e-09 5000 5000 4997 1088 1024
1.3 1.2589254e-05 5000 5000 4996 940 864
1.3 1.2589254e-06 5000 5000 4997 940 878
1.3 1.2589254e-07 5000 5000 4998 1006 936
1.3 1.2589254e-08 5000 5000 4997 955 898
1.3 1.5848932e-05 5000 5000 4996 962 893
1.3 1.5848932e-06 5000 5000 4997 948 891
1.3 1.5848932e-07 5000 5000 4997 1001 935
1.3 1.9952623e-05 5000 5000 4998 1015 933
1.3 1.9952623e-06 5000 5000 4997 940 869
1.3 1.9952623e-07 5000 5000 4997 968 900
1.3 1.9952623e-08 5000 5000 4999 1013 957
1.3 1e-05 5000 5000 4999 1001 935
1.3 1e-06 5000 5000 4996 967 916
1.3 1e-07 5000 5000 4995 993 926
1.3 1e-08 5000 5000 4998 981 909
1.3 2.5118864e-05 5000 5000 4994 980 922
1.3 2.5118864e-06 5000 5000 4996 974 895
1.3 2.5118864e-07 5000 5000 4999 936 860
1.3 2.5118864e-08 5000 5000 4995 959 887
1.3 3.1622777e-05 5000 5000 4995 997 922
1.3 3.1622777e-06 5000 5000 4995 970 894
1.3 3.1622777e-07 5000 5000 4999 966 894
1.3 3.1622777e-08 5000 5000 4995 978 902
1.3 3.9810717e-06 5000 5000 4997 975 903
1.3 3.9810717e-07 5000 5000 4997 977 891
1.3 3.9810717e-08 5000 5000 4998 938 870
1.3 3.9810717e-09 5000 5000 4996 979 915
1.3 5.0118723e-08 5000 5000 5000 963 875
1.3 5.0118723e-09 5000 5000 4998 963 899
1.3 6.3095734e-06 5000 5000 4998 977 909
1.3 6.3095734e-07 5000 5000 4998 977 903
1.3 6.3095734e-08 5000 5000 4998 1013 928
1.3 7.9432823e-06 5000 5000 4998 986 918
1.3 7.9432823e-07 5000 5000 4997 970 900
1.3 7.9432823e-08 5000 5000 4995 1003 933
1.4 1.2589254e-05 5000 5000 4998 947 889
1.4 1.2589254e-08 5000 5000 4997 931 847
1.4 1.5848932e-06 5000 5000 4998 947 867
1.4 1.5848932e-08 5000 5000 4998 897 819
1.4 1.9952623e-05 5000 5000 5000 934 861
1.4 1.9952623e-06 5000 5000 4997 970 888
1.4 1.9952623e-07 5000 5000 4997 949 875
1.4 1e-05 5000 5000 4999 973 894
1.4 1e-07 5000 5000 4996 955 877
1.4 1e-08 5000 5000 4998 924 857
1.4 2.5118864e-06 5000 5000 4999 902 835
1.4 2.5118864e-07 5000 5000 4995 896 825
1.4 2.5118864e-08 5000 5000 4993 971 898
1.4 3.1622777e-05 5000 5000 4997 954 892
1.4 3.1622777e-06 5000 5000 4996 918 853
1.4 3.1622777e-07 5000 5000 4999 977 899
1.4 3.1622777e-09 5000 5000 4997 985 914
1.4 3.9810717e-07 5000 5000 4998 994 925
1.4 3.9810717e-08 5000 5000 4997 1041 948
1.4 5.0118723e-06 5000 5000 4999 924 855
1.4 5.0118723e-07 5000 5000 5000 952 882
1.4 5.0118723e-09 5000 5000 4999 963 895
1.4 6.3095734e-06 5000 5000 4997 904 846
1.4 6.3095734e-08 5000 5000 4995 948 878
1.4 6.3095734e-09 5000 5000 4994 928 852
1.4 7.9432823e-06 5000 5000 4998 948 878
1.4 7.9432823e-08 5000 5000 4998 956 896
1.4 7.9432823e-09 5000 5000 4996 930 861
1.5 1.2589254e-05 5000 5000 4997 894 830
1.5 1.2589254e-06 5000 5000 4998 893 833
1.5 1.2589254e-07 5000 5000 4999 920 841
1.5 1.2589254e-08 5000 5000 4995 867 798
1.5 1.5848932e-05 5000 5000 5000 899 823
1.5 1.5848932e-06 5000 5000 4998 936 866
1.5 1.5848932e-07 5000 5000 4996 891 816
1.5 1.9952623e-05 5000 5000 4999 899 819
1.5 1.9952623e-06 5000 5000 4996 948 870
1.5 1.9952623e-07 4000 4000 3998 736 680
1.5 1.9952623e-08 4000 4000 4000 685 620
1.5 1e-05 5000 5000 4999 915 858
1.5 1e-06 5000 5000 4998 914 849
1.5 1e-07 5000 5000 4995 927 851
1.5 2.5118864e-05 5000 5000 4999 922 854
1.5 2.5118864e-06 5000 5000 4994 891 834
1.5 2.5118864e-07 5000 5000 4997 960 896
1.5 3.1622777e-05 5000 5000 4997 953 887
1.5 3.1622777e-06 5000 5000 4997 969 899
1.5 3.1622777e-07 4000 4000 3996 731 665
1.5 3.1622777e-08 5000 5000 4999 893 824
1.5 3.1622777e-09 4000 4000 3999 721 665
1.5 3.9810717e-08 5000 5000 4999 920 833
1.5 3.9810717e-09 5000 5000 4997 884 818
1.5 5.0118723e-06 5000 5000 4997 922 842
1.5 5.0118723e-07 5000 5000 4998 902 843
1.5 5.0118723e-09 4000 4000 3999 761 711
1.5 6.3095734e-06 5000 5000 4996 892 819
1.5 6.3095734e-07 5000 5000 4997 902 829
1.5 6.3095734e-08 5000 5000 4998 911 836
1.5 7.9432823e-06 5000 5000 4997 923 847
1.5 7.9432823e-07 5000 5000 4999 871 807
1.5 7.9432823e-08 5000 5000 4997 925 839
1.5 7.9432823e-09 5000 5000 4995 896 815
1.6 1.2589254e-06 5000 5000 4999 870 798
1.6 1.2589254e-07 5000 5000 4998 859 800
1.6 1.2589254e-08 4000 4000 3998 725 670
1.6 1.5848932e-06 5000 5000 4996 919 846
1.6 1.5848932e-07 4000 4000 4000 710 657
1.6 1.5848932e-08 5000 5000 4997 875 804
1.6 1.9952623e-07 5000 5000 4998 880 822
1.6 1.9952623e-08 4000 4000 3997 722 662
1.6 1e-06 5000 5000 4997 879 815
1.6 1e-07 5000 5000 4997 926 846
1.6 1e-08 5000 5000 5000 880 810
1.6 2.5118864e-06 5000 5000 4996 851 784
1.6 2.5118864e-07 5000 5000 4998 885 805
1.6 2.5118864e-08 5000 5000 4996 869 801
1.6 3.1622777e-06 3000 3000 2999 524 479
1.6 3.1622777e-07 4000 4000 3997 680 627
1.6 3.1622777e-09 5000 5000 5000 908 848
1.6 3.9810717e-07 5000 5000 4999 843 770
1.6 3.9810717e-08 5000 5000 5000 886 831
1.6 3.9810717e-09 5000 5000 4999 931 859
1.6 5.0118723e-08 5000 5000 4997 936 872
1.6 5.0118723e-09 5000 5000 5000 883 805
1.6 6.3095734e-07 3000 3000 2999 529 484
1.6 6.3095734e-08 5000 5000 4994 886 829
1.6 6.3095734e-09 5000 5000 4997 846 777
1.6 7.9432823e-08 4000 4000 4000 707 644
1.7 1.2589254e-06 5000 5000 4999 865 797
1.7 1.2589254e-07 5000 5000 4998 843 786
1.7 1.2589254e-08 5000 5000 4996 873 794
1.7 1.5848932e-07 5000 5000 4999 856 792
1.7 1.5848932e-08 5000 5000 4999 827 758
1.7 1.9952623e-06 5000 5000 4998 831 760
1.7 1.9952623e-08 5000 5000 4999 844 767
1.7 1e-06 5000 5000 4996 866 789
1.7 1e-07 5000 5000 4999 815 751
1.7 1e-08 5000 5000 4998 847 782
1.7 2.5118864e-06 5000 5000 4999 880 817
1.7 2.5118864e-07 5000 5000 4999 822 763
1.7 3.1622777e-08 5000 5000 4993 859 793
1.7 3.1622777e-09 5000 5000 4998 870 807
1.7 3.9810717e-08 5000 5000 4996 870 804
1.7 3.9810717e-09 5000 5000 4997 829 767
1.7 5.0118723e-07 5000 5000 4998 814 755
1.7 5.0118723e-08 5000 5000 4997 829 765
1.7 5.0118723e-09 5000 5000 4999 837 754
1.7 6.3095734e-07 5000 5000 5000 845 781
1.7 7.9432823e-07 5000 5000 5000 865 809
1.7 7.9432823e-09 5000 5000 4998 849 769
1.8 1.2589254e-06 5000 5000 4999 769 693
1.8 1.2589254e-07 5000 5000 4996 868 797
1.8 1.2589254e-08 5000 5000 4999 793 734
1.8 1.5848932e-06 5000 5000 5000 872 809
1.8 1.5848932e-07 5000 5000 4998 836 754
1.8 1.5848932e-08 5000 5000 4998 826 768
1.8 1.9952623e-06 5000 5000 5000 786 732
1.8 1.9952623e-07 5000 5000 4999 824 764
1.8 1.9952623e-08 5000 5000 4999 870 797
1.8 1e-06 5000 5000 4997 825 763
1.8 1e-07 5000 5000 4994 850 775
1.8 1e-08 5000 5000 4998 830 760
1.8 2.5118864e-06 5000 5000 4997 807 745
1.8 2.5118864e-08 5000 5000 4997 817 760
1.8 3.1622777e-06 5000 5000 4998 841 775
1.8 3.1622777e-07 5000 5000 4997 817 749
1.8 3.1622777e-08 5000 5000 4999 820 765
1.8 3.1622777e-09 3000 3000 2999 512 466
1.8 3.9810717e-07 5000 5000 4998 865 798
1.8 3.9810717e-08 5000 5000 4998 841 771
1.8 3.9810717e-09 4000 4000 3998 667 614
1.8 5.0118723e-07 5000 5000 4999 830 773
1.8 5.0118723e-08 5000 5000 5000 783 729
1.8 5.0118723e-09 5000 5000 4997 851 784
1.8 6.3095734e-07 5000 5000 4998 835 769
1.8 6.3095734e-09 4000 4000 3996 659 600
1.8 7.9432823e-07 5000 5000 4998 815 746
1.8 7.9432823e-08 5000 5000 4999 869 800
1.8 7.9432823e-09 5000 5000 5000 827 764
1.9 1.2589254e-06 5000 5000 4997 761 707
1.9 1.2589254e-08 5000 5000 4996 789 728
1.9 1.5848932e-06 5000 5000 4997 840 782
1.9 1.5848932e-07 5000 5000 4997 822 765
1.9 1.5848932e-08 5000 5000 4997 825 757
1.9 1.9952623e-06 4000 4000 3999 692 630
1.9 1.9952623e-07 5000 5000 4999 792 728
1.9 1e-06 5000 5000 4997 803 754
1.9 1e-07 5000 5000 4996 852 784
1.9 1e-08 4000 4000 3996 682 638
1.9 2.5118864e-06 5000 5000 4999 826 765
1.9 2.5118864e-07 5000 5000 4996 823 761
1.9 2.5118864e-08 5000 5000 4997 828 765
1.9 3.1622777e-06 5000 5000 4999 807 747
1.9 3.1622777e-07 5000 5000 4998 837 777
1.9 3.1622777e-08 5000 5000 4996 799 739
1.9 3.1622777e-09 5000 5000 4998 824 755
1.9 3.9810717e-07 5000 5000 4996 838 775
1.9 3.9810717e-08 5000 5000 4998 818 759
1.9 3.9810717e-09 5000 5000 4998 804 742
1.9 5.0118723e-07 5000 5000 4997 834 770
1.9 5.0118723e-08 5000 5000 4991 831 769
1.9 5.0118723e-09 5000 5000 4997 830 760
1.9 6.3095734e-07 5000 5000 4995 799 724
1.9 6.3095734e-08 5000 5000 4997 774 728
1.9 6.3095734e-09 5000 5000 4997 750 686
1.9 7.9432823e-07 5000 5000 5000 806 739
1.9 7.9432823e-08 5000 5000 5000 761 701
1.9 7.9432823e-09 4000 4000 3998 652 611
2 1.2589254e-06 5000 5000 4999 789 726
2 1.2589254e-07 5000 5000 4996 763 715
2 1.2589254e-08 5000 5000 4994 772 710
2 1.5848932e-06 5000 5000 4997 807 738
2 1.5848932e-07 5000 5000 4999 800 741
2 1.5848932e-08 5000 5000 4999 725 669
2 1.9952623e-06 4000 4000 3999 670 618
2 1.9952623e-07 5000 5000 4998 865 794
2 1.9952623e-08 5000 5000 4998 797 732
2 1e-06 5000 5000 4997 819 753
2 1e-07 5000 5000 4996 817 752
2 1e-08 5000 5000 4998 827 770
2 2.5118864e-06 5000 5000 4997 805 748
2 2.5118864e-07 5000 5000 4998 767 705
2 2.5118864e-08 5000 5000 4999 764 694
2 3.1622777e-06 5000 5000 4995 773 717
2 3.1622777e-07 5000 5000 4997 749 683
2 3.1622777e-08 5000 5000 4996 792 731
2 3.1622777e-09 5000 5000 4999 772 732
2 3.9810717e-07 5000 5000 4998 808 745
2 3.9810717e-08 5000 5000 4998 813 750
2 3.9810717e-09 5000 5000 4998 816 744
2 5.0118723e-07 5000 5000 4999 786 717
2 5.0118723e-08 5000 5000 4998 776 722
2 5.0118723e-09 5000 5000 4999 802 740
2 6.3095734e-07 5000 5000 4998 777 714
2 6.3095734e-08 5000 5000 4993 787 732
2 6.3095734e-09 5000 5000 4998 808 739
2 7.9432823e-07 5000 5000 4998 801 748
2 7.9432823e-08 4000 4000 3998 605 564
2.1 1.2589254e-06 5000 5000 4997 808 749
2.1 1.2589254e-07 5000 5000 4998 747 696
2.1 1.2589254e-08 5000 5000 4994 787 744
2.1 1.5848932e-06 5000 5000 4998 759 699
2.1 1.5848932e-08 5000 5000 4998 739 683
2.1 1.9952623e-06 5000 5000 4999 756 691
2.1 1.9952623e-07 5000 5000 4999 759 708
2.1 1.9952623e-08 5000 5000 4998 734 672
2.1 1e-06 5000 5000 4998 793 726
2.1 1e-07 5000 5000 4997 816 754
2.1 1e-08 5000 5000 4999 803 743
2.1 2.5118864e-06 5000 5000 4999 776 714
2.1 2.5118864e-07 5000 5000 4995 775 720
2.1 2.5118864e-08 5000 5000 4998 718 660
2.1 3.1622777e-06 5000 5000 4998 749 686
2.1 3.1622777e-07 5000 5000 5000 761 707
2.1 3.1622777e-08 5000 5000 4997 760 700
2.1 3.1622777e-09 5000 5000 4999 791 722
2.1 3.9810717e-07 5000 5000 4998 748 703
2.1 3.9810717e-09 5000 5000 4998 766 701
2.1 5.0118723e-07 5000 5000 4995 772 718
2.1 5.0118723e-08 5000 5000 5000 774 718
2.1 5.0118723e-09 5000 5000 4998 750 680
2.1 6.3095734e-07 5000 5000 4997 774 714
2.1 6.3095734e-08 5000 5000 5000 753 691
2.1 6.3095734e-09 5000 5000 4998 780 718
2.1 7.9432823e-07 5000 5000 4999 772 710
2.1 7.9432823e-08 5000 5000 4997 760 704
2.1 7.9432823e-09 5000 5000 4999 759 699
2.2 1.2589254e-06 5000 5000 4999 777 715
2.2 1.2589254e-07 5000 5000 4997 717 643
2.2 1.2589254e-08 5000 5000 4999 721 660
2.2 1.5848932e-06 5000 5000 4998 717 669
2.2 1.5848932e-07 5000 5000 4999 739 693
2.2 1.5848932e-08 5000 5000 4998 730 689
2.2 1.9952623e-06 5000 5000 5000 717 653
2.2 1.9952623e-07 5000 5000 4997 721 663
2.2 1.9952623e-08 5000 5000 4997 732 685
2.2 1e-06 5000 5000 4995 724 673
2.2 1e-07 5000 5000 4999 734 682
2.2 1e-08 5000 5000 4999 715 660
2.2 2.5118864e-06 5000 5000 4997 756 700
2.2 2.5118864e-07 5000 5000 4997 787 723
2.2 2.5118864e-08 5000 5000 4996 714 648
2.2 3.1622777e-06 5000 5000 4996 737 679
2.2 3.1622777e-07 5000 5000 4999 769 709
2.2 3.1622777e-08 5000 5000 4998 713 651
2.2 3.1622777e-09 5000 5000 4999 729 670
2.2 3.9810717e-07 5000 5000 4996 754 707
2.2 3.9810717e-08 4000 4000 3996 589 568
2.2 3.9810717e-09 5000 5000 4998 743 674
2.2 5.0118723e-07 5000 5000 4997 704 649
2.2 5.0118723e-08 5000 5000 4999 707 654
2.2 5.0118723e-09 5000 5000 4996 775 711
2.2 6.3095734e-07 5000 5000 4998 753 697
2.2 6.3095734e-08 5000 5000 4998 738 682
2.2 6.3095734e-09 5000 5000 4996 699 633
2.2 7.9432823e-07 5000 5000 4997 723 674
2.2 7.9432823e-08 4000 4000 4000 540 494
2.2 7.9432823e-09 5000 5000 4995 736 668
2.3 1.2589254e-06 4000 4000 3999 563 521
2.3 1.2589254e-08 5000 5000 4998 713 652
2.3 1.5848932e-06 4000 4000 3999 553 509
2.3 1.5848932e-07 5000 5000 5000 733 672
2.3 1.5848932e-08 5000 5000 4997 756 695
2.3 1.9952623e-06 5000 5000 4997 714 661
2.3 1.9952623e-07 5000 5000 4997 707 663
2.3 1.9952623e-08 4000 4000 3998 533 497
2.3 1e-06 5000 5000 4996 713 661
2.3 1e-07 5000 5000 4999 703 645
2.3 1e-08 4000 4000 3999 566 511
2.3 2.5118864e-06 4000 4000 3999 593 549
2.3 2.5118864e-07 5000 5000 5000 670 619
2.3 2.5118864e-08 5000 5000 4997 703 648
2.3 3.1622777e-06 5000 5000 4996 714 664
2.3 3.1622777e-07 5000 5000 4998 741 677
2.3 3.1622777e-08 5000 5000 4998 712 655
2.3 3.9810717e-07 5000 5000 4998 696 639
2.3 3.9810717e-08 5000 5000 4996 704 650
2.3 3.9810717e-09 5000 5000 4994 756 696
2.3 5.0118723e-07 5000 5000 4997 696 647
2.3 5.0118723e-09 5000 5000 4999 747 692
2.3 6.3095734e-08 5000 5000 4997 707 651
2.3 6.3095734e-09 5000 5000 5000 714 668
2.3 7.9432823e-07 4000 4000 3998 581 535
2.3 7.9432823e-08 5000 5000 4996 693 642
2.3 7.9432823e-09 5000 5000 5000 693 641
2.4 1.2589254e-06 5000 5000 4998 716 646
2.4 1.2589254e-07 5000 5000 4995 695 639
2.4 1.2589254e-08 5000 5000 4998 720 661
2.4 1.5848932e-06 5000 5000 4999 713 648
2.4 1.5848932e-07 5000 5000 4999 717 666
2.4 1.5848932e-08 5000 5000 4996 721 659
2.4 1.9952623e-06 5000 5000 4998 705 640
2.4 1.9952623e-08 5000 5000 4998 702 645
2.4 1e-06 4000 4000 3998 587 536
2.4 1e-07 5000 5000 4997 745 684
2.4 1e-08 5000 5000 4999 697 650
2.4 2.5118864e-06 5000 5000 4996 701 639
2.4 2.5118864e-07 5000 5000 4996 707 631
2.4 2.5118864e-08 5000 5000 4997 709 636
2.4 3.1622777e-06 5000 5000 4995 727 677
2.4 3.1622777e-07 5000 5000 4998 685 630
2.4 3.1622777e-08 5000 5000 4997 718 656
2.4 3.1622777e-09 4000 4000 3996 573 521
2.4 3.9810717e-07 5000 5000 4993 693 630
2.4 3.9810717e-08 5000 5000 4997 681 630
2.4 3.9810717e-09 5000 5000 4998 743 695
2.4 5.0118723e-07 5000 5000 5000 652 600
2.4 5.0118723e-08 5000 5000 4995 685 625
2.4 5.0118723e-09 5000 5000 4994 710 642
2.4 6.3095734e-07 5000 5000 4997 691 626
2.4 6.3095734e-08 5000 5000 4996 681 630
2.4 6.3095734e-09 5000 5000 4998 722 656
2.4 7.9432823e-07 5000 5000 5000 707 654
2.4 7.9432823e-08 4000 4000 3996 579 538
2.4 7.9432823e-09 5000 5000 4996 689 626
2.5 1.2589254e-06 5000 5000 4995 698 636
2.5 1.2589254e-07 5000 5000 4997 682 613
2.5 1.2589254e-08 4000 4000 3998 548 499
2.5 1.5848932e-06 4000 4000 3997 540 492
2.5 1.5848932e-07 5000 5000 4999 694 627
2.5 1.5848932e-08 5000 5000 4996 643 598
2.5 1.9952623e-06 5000 5000 4999 701 632
2.5 1.9952623e-07 5000 5000 4997 685 627
2.5 1.9952623e-08 5000 5000 4998 655 604
2.5 1e-06 5000 5000 4997 705 650
2.5 1e-08 5000 5000 4999 686 637
2.5 2.5118864e-06 5000 5000 4997 712 647
2.5 2.5118864e-07 5000 5000 4998 695 638
2.5 2.5118864e-08 5000 5000 4997 683 620
2.5 3.1622777e-06 5000 5000 4996 608 556
2.5 3.1622777e-07 5000 5000 4999 707 644
2.5 3.1622777e-08 5000 5000 4999 705 652
2.5 3.1622777e-09 5000 5000 4997 669 613
2.5 3.9810717e-07 5000 5000 4998 689 634
2.5 3.9810717e-08 4000 4000 3999 530 491
2.5 3.9810717e-09 5000 5000 4995 729 676
2.5 5.0118723e-07 5000 5000 4996 699 635
2.5 5.0118723e-08 5000 5000 4999 673 634
2.5 5.0118723e-09 5000 5000 4995 693 622
2.5 6.3095734e-07 5000 5000 4999 686 621
2.5 6.3095734e-08 5000 5000 4999 616 569
2.5 6.3095734e-09 5000 5000 4998 706 643
2.5 7.9432823e-07 5000 5000 4996 674 617
2.5 7.9432823e-08 5000 5000 4997 664 607
2.5 7.9432823e-09 5000 5000 4996 664 623
2.6 1.2589254e-06 5000 5000 4998 665 605
2.6 1.2589254e-07 5000 5000 4996 670 622
2.6 1.2589254e-08 5000 5000 4999 678 612
2.6 1.5848932e-06 5000 5000 4998 644 585
2.6 1.5848932e-07 4000 4000 3998 560 514
2.6 1.5848932e-08 5000 5000 4999 679 627
2.6 1.9952623e-06 5000 5000 4998 654 603
2.6 1.9952623e-07 5000 5000 4998 637 587
2.6 1.9952623e-08 5000 5000 4998 726 652
2.6 1e-06 5000 5000 4996 644 591
2.6 1e-07 5000 5000 4998 663 618
2.6 1e-08 5000 5000 4999 626 568
2.6 2.5118864e-06 5000 5000 4994 650 603
2.6 2.5118864e-07 5000 5000 4998 663 602
2.6 3.1622777e-06 4000 4000 3999 532 492
2.6 3.1622777e-07 5000 5000 4999 700 633
2.6 3.1622777e-08 5000 5000 4999 678 617
2.6 3.1622777e-09 5000 5000 4998 665 610
2.6 3.9810717e-07 5000 5000 4997 703 633
2.6 3.9810717e-08 5000 5000 4996 621 563
2.6 3.9810717e-09 5000 5000 4999 675 626
2.6 5.0118723e-07 5000 5000 4998 691 641
2.6 5.0118723e-08 5000 5000 4998 672 624
2.6 5.0118723e-09 4000 4000 3999 581 529
2.6 6.3095734e-07 5000 5000 4997 679 635
2.6 6.3095734e-08 5000 5000 4998 661 596
2.6 6.3095734e-09 5000 5000 4997 664 603
2.6 7.9432823e-07 4000 4000 3997 518 471
2.6 7.9432823e-08 5000 5000 4997 654 609
2.7 1.2589254e-06 4000 4000 3999 503 469
2.7 1.2589254e-07 5000 5000 4990 636 590
2.7 1.2589254e-08 5000 5000 4999 674 618
2.7 1.5848932e-06 5000 5000 4993 667 608
2.7 1.5848932e-07 5000 5000 4998 642 596
2.7 1.5848932e-08 5000 5000 4996 623 578
2.7 1.9952623e-06 5000 5000 4997 617 563
2.7 1.9952623e-07 5000 5000 4996 586 531
2.7 1.9952623e-08 5000 5000 4995 603 561
2.7 1e-06 5000 5000 4999 633 584
2.7 1e-07 5000 5000 4998 726 663
2.7 1e-08 5000 5000 4999 637 586
2.7 2.5118864e-06 5000 5000 4997 644 586
2.7 2.5118864e-07 4000 4000 3996 501 459
2.7 2.5118864e-08 4000 4000 3998 533 486
2.7 3.1622777e-06 5000 5000 4998 644 585
2.7 3.1622777e-07 4000 4000 3994 535 495
2.7 3.1622777e-08 5000 5000 4996 651 595
2.7 3.1622777e-09 4000 4000 3998 483 440
2.7 3.9810717e-07 5000 5000 4997 636 586
2.7 3.9810717e-08 5000 5000 4997 653 612
2.7 3.9810717e-09 3324 3324 3323 417 387
2.7 5.0118723e-07 4000 4000 3998 515 467
2.7 5.0118723e-08 5000 5000 4997 616 568
2.7 5.0118723e-09 5000 5000 4998 663 622
2.7 6.3095734e-07 5000 5000 4999 623 563
2.7 6.3095734e-08 3000 3000 3000 385 358
2.7 6.3095734e-09 3000 3000 2999 397 369
2.7 7.9432823e-07 5000 5000 4999 633 589
2.7 7.9432823e-09 3000 3000 3000 366 339
2.8 1.2589254e-06 4000 4000 3998 495 457
2.8 1.2589254e-08 5000 5000 4994 638 588
2.8 1.5848932e-06 4000 4000 4000 474 431
2.8 1.5848932e-07 5000 5000 4996 649 595
2.8 1.5848932e-08 5000 5000 4998 623 579
2.8 1.9952623e-06 5000 5000 4996 581 536
2.8 1.9952623e-07 5000 5000 4996 621 567
2.8 1.9952623e-08 5000 5000 4993 692 632
2.8 1e-06 5000 5000 5000 619 568
2.8 1e-07 5000 5000 4998 609 555
2.8 1e-08 5000 5000 4999 635 584
2.8 2.5118864e-06 5000 5000 4995 670 616
2.8 2.5118864e-07 4000 4000 3996 489 437
2.8 2.5118864e-08 5000 5000 4998 630 574
2.8 3.1622777e-06 4000 4000 3997 503 461
2.8 3.1622777e-07 5000 5000 4999 626 580
2.8 3.1622777e-08 5000 5000 4995 628 575
2.8 3.9810717e-07 4000 4000 3997 508 470
2.8 3.9810717e-08 4000 4000 3995 486 442
2.8 5.0118723e-09 4000 4000 3998 539 491
2.8 6.3095734e-07 5000 5000 4995 620 577
2.8 6.3095734e-08 5000 5000 4997 632 587
2.8 6.3095734e-09 5000 5000 4996 646 596
2.8 7.9432823e-07 5000 5000 4998 661 610
2.8 7.9432823e-09 5000 5000 5000 664 608
2.9 1.2589254e-06 5000 5000 4995 608 548
2.9 1.2589254e-07 5000 5000 4997 620 558
2.9 1.2589254e-08 5000 5000 4996 629 573
2.9 1.5848932e-06 5000 5000 4998 629 574
2.9 1.5848932e-07 5000 5000 4999 634 575
2.9 1.5848932e-08 4000 4000 3999 445 400
2.9 1.9952623e-06 4000 4000 3998 475 438
2.9 1.9952623e-07 5000 5000 4996 610 543
2.9 1.9952623e-08 5000 5000 4994 610 556
2.9 1e-06 4000 4000 3997 517 461
2.9 1e-07 5000 5000 4995 615 571
2.9 1e-08 4000 4000 3998 542 492
2.9 2.5118864e-06 4000 4000 3998 517 471
2.9 2.5118864e-07 5000 5000 4999 605 557
2.9 2.5118864e-08 4000 4000 3999 495 450
2.9 3.1622777e-06 5000 5000 5000 654 605
2.9 3.1622777e-07 5000 5000 4997 584 541
2.9 3.1622777e-08 5000 5000 4995 610 556
2.9 3.1622777e-09 5000 5000 4994 644 588
2.9 3.9810717e-07 4000 4000 3997 499 461
2.9 3.9810717e-08 5000 5000 4995 677 621
2.9 3.9810717e-09 5000 5000 4997 571 527
2.9 5.0118723e-07 5000 5000 4995 616 571
2.9 5.0118723e-08 5000 5000 4997 610 560
2.9 5.0118723e-09 4000 4000 3997 516 470
2.9 6.3095734e-07 5000 5000 4995 604 551
2.9 6.3095734e-08 5000 5000 4997 680 617
2.9 6.3095734e-09 4000 4000 3996 506 467
2.9 7.9432823e-07 5000 5000 5000 636 585
2.9 7.9432823e-08 4000 4000 3998 493 448
2.9 7.9432823e-09 4000 4000 3996 477 443
