lowest error 0.002 0.00117776596513
0.002 0.00117776596513 1.3051015749e-05
0.002 0.00117776325322 0.000408111154661
0.002 0.00117776867704 0.000434136079119
0.002 0.00117776054133 0.000829350446042
0.002 0.00117777138895 0.000855144049453
0.002 0.00117775782944 0.00125066687278
0.002 0.00117777410087 0.00127607494117
0.002 0.00117775511755 0.00167206044892
0.002 0.0011777768128 0.00169692876826
0.002 0.00117775240567 0.00209353118834
0.002 0.00117777952474 0.00211770554457
0.002 0.0011777496938 0.0025150791056
lowest error 0.002 6.36905501095e-08
0.002 6.36905501095e-08 7.03791695633e-06
0.002 6.36904034567e-08 1.30381162382e-05
0.002 6.36906967625e-08 2.71141253898e-05
0.002 6.36902568043e-08 3.31139741951e-05
0.002 6.3690843416e-08 4.7190509064e-05
0.002 6.36901101522e-08 5.31896569167e-05
0.002 6.36909900697e-08 6.7267067962e-05
0.002 6.36899635005e-08 7.32651643864e-05
0.002 6.36911367238e-08 8.73438021212e-05
0.002 6.36898168491e-08 9.33404966408e-05
0.002 6.36912833782e-08 0.000107420711525
0.002 6.36896701981e-08 0.000113415653664
lowest error 0.005 0.000515217967472
0.005 0.000515217967472 2.05822008117e-05
0.005 0.000515219153807 0.000162190108314
0.005 0.00051521678114 0.00020336903511
0.005 0.000515220340144 0.000344947893335
0.005 0.000515215594811 0.000386170395879
0.005 0.000515221526484 0.000527691155349
0.005 0.000515214408485 0.000568986284224
0.005 0.000515222712827 0.000710419895642
0.005 0.000515213222161 0.000751816701177
0.005 0.000515223899172 0.000893134115313
0.005 0.00051521203584 0.000934661648092
0.005 0.000515225085521 0.0010758338155
lowest error 0.005 4.09248409266e-08
0.005 4.09248409266e-08 3.55891664494e-06
0.005 4.09247466938e-08 2.09500320842e-05
0.005 4.09249351596e-08 2.80681265461e-05
0.005 4.09246524612e-08 4.54587196455e-05
0.005 4.09250293929e-08 5.2577597621e-05
0.005 4.09245582288e-08 6.99671460405e-05
0.005 4.09251236264e-08 7.70873298515e-05
0.005 4.09244639966e-08 9.44753112511e-05
0.005 4.092521786e-08 0.000101597323283
0.005 4.09243697647e-08 0.000118983215323
0.005 4.09253120939e-08 0.000126107577897
0.005 4.09242755329e-08 0.000143490858238
lowest error 0.01 0.000267939041849
0.01 0.000267939041849 2.35107849855e-06
0.01 0.000267939658803 0.00012521176933
0.01 0.000267938424898 0.000129921001673
0.01 0.000267940275757 0.00025276754232
0.01 0.000267937807947 0.000257498000531
0.01 0.000267940892713 0.000380316240803
0.01 0.000267937190998 0.000385082075407
0.01 0.00026794150967 0.000507857865174
0.01 0.000267936574051 0.000512673226805
0.01 0.000267942126629 0.000635392415768
0.01 0.000267935957105 0.000640271455063
0.01 0.00026794274359 0.000762919893092
lowest error 0.01 3.70636341197e-08
0.01 3.70636341197e-08 3.76373045143e-05
0.01 3.70635487776e-08 4.58830739198e-05
0.01 3.70637194619e-08 0.000121160715902
0.01 3.70634634357e-08 0.000129400419437
0.01 3.70638048044e-08 0.000204687160353
0.01 3.7063378094e-08 0.000212914732294
0.01 3.70638901471e-08 0.000288216637978
0.01 3.70632927525e-08 0.000296426012529
0.01 3.70639754899e-08 0.000371749148886
0.01 3.70632074113e-08 0.000379934260251
0.01 3.7064060833e-08 0.000455284693115
0.01 3.70631220702e-08 0.00046343947557
lowest error 0.05 5.2529346751e-05
0.05 5.2529346751e-05 3.73369105398e-05
0.05 5.25292257979e-05 0.000347598916211
0.05 5.25294677045e-05 0.000422208322856
0.05 5.2529104845e-05 0.000732599168178
0.05 5.25295886582e-05 0.000807015331517
0.05 5.25289838924e-05 0.00111766385614
0.05 5.25297096122e-05 0.00119175794729
0.05 5.25288629401e-05 0.00150279299055
0.05 5.25298305664e-05 0.00157643618063
0.05 5.25287419881e-05 0.00188798658287
0.05 5.2529951521e-05 0.00196105004299
0.05 5.25286210363e-05 0.00227324464354
lowest error 0.05 1.41893989654e-08
0.05 1.41893989654e-08 5.19397745702e-06
0.05 1.41894316377e-08 1.58044359471e-05
0.05 1.41893662931e-08 2.61921991713e-05
0.05 1.41894643101e-08 3.68030410804e-05
0.05 1.41893336209e-08 4.71902291781e-05
0.05 1.41894969826e-08 5.78018379263e-05
0.05 1.41893009488e-08 6.818806748e-05
0.05 1.41895296552e-08 7.88008264858e-05
0.05 1.41892682768e-08 8.91857140779e-05
0.05 1.41895623278e-08 9.98000067618e-05
0.05 1.41892356048e-08 0.000110183168974
0.05 1.41895950005e-08 0.000120799378755
lowest error 0.1 2.66446487859e-05
0.1 2.66446487859e-05 0.000181259170031
0.1 2.66447101375e-05 0.000314441159229
0.1 2.66445874344e-05 0.000677066348171
0.1 2.66447714893e-05 0.000810034662645
0.1 2.6644526083e-05 0.00117298039778
0.1 2.66448328412e-05 0.00130552136323
0.1 2.66444647318e-05 0.00166900134277
0.1 2.66448941933e-05 0.001800901284
0.1 2.66444033807e-05 0.00216512920574
0.1 2.66449555455e-05 0.00229617444754
0.1 2.66443420298e-05 0.00266136400974
0.1 2.66450168979e-05 0.00279134087772
lowest error 0.1 1.4553887046e-08
0.1 1.4553887046e-08 8.19701907906e-06
0.1 1.45538535344e-08 1.15413089778e-05
0.1 1.45539205576e-08 2.79355165285e-05
0.1 1.4553820023e-08 3.12794676436e-05
0.1 1.45539540693e-08 4.7674183373e-05
0.1 1.45537865116e-08 5.1017456919e-05
0.1 1.4553987581e-08 6.74130196128e-05
0.1 1.45537530003e-08 7.07552767887e-05
0.1 1.45540210928e-08 8.71520252321e-05
0.1 1.45537194891e-08 9.04929272885e-05
0.1 1.45540546048e-08 0.000106891200268
0.1 1.4553685978e-08 0.000110230408403
lowest error 0.15 1.49250226885e-05
0.15 1.49250226885e-05 1.68909193641e-05
0.15 1.49249883224e-05 0.00017234250541
0.15 1.49250570546e-05 0.000206108776048
0.15 1.49249539563e-05 0.000361591499553
0.15 1.49250914209e-05 0.000395311065923
0.15 1.49249195904e-05 0.000550856064349
0.15 1.49251257872e-05 0.000584497790102
0.15 1.49248852246e-05 0.000740136200909
0.15 1.49251601536e-05 0.000773668950202
0.15 1.49248508588e-05 0.00092943191085
0.15 1.49251945201e-05 0.000962824547334
0.15 1.49248164931e-05 0.00111874319529
lowest error 0.15 1.68379416427e-08
0.15 1.68379416427e-08 9.46743391861e-06
0.15 1.6837902872e-08 1.03273169478e-05
0.15 1.68379804136e-08 2.92623551301e-05
0.15 1.68378641013e-08 3.01218974532e-05
0.15 1.68380191845e-08 4.90574467236e-05
0.15 1.68378253308e-08 4.99163075989e-05
0.15 1.68380579555e-08 6.88527086821e-05
0.15 1.68377865603e-08 6.97105473866e-05
0.15 1.68380967266e-08 8.86481410078e-05
0.15 1.68377477899e-08 8.95046168177e-05
0.15 1.68381354978e-08 0.000108443743701
0.15 1.68377090196e-08 0.000109298515893
lowest error 0.2 1.11714359528e-05
0.2 1.11714359528e-05 9.35109083944e-07
0.2 1.1171461676e-05 0.000190477148334
0.2 1.11714102297e-05 0.000192363297669
0.2 1.11714873993e-05 0.00038187347574
0.2 1.11713845066e-05 0.000383807418749
0.2 1.11715131226e-05 0.000573253874799
0.2 1.11713587835e-05 0.000575267473649
0.2 1.1171538846e-05 0.000764618346667
0.2 1.11713330606e-05 0.000766743463697
0.2 1.11715645695e-05 0.000955966892669
0.2 1.11713073376e-05 0.000958235390046
0.2 1.1171590293e-05 0.00114729951413
lowest error 0.2 1.45016693957e-08
0.2 1.45016693957e-08 8.06506524942e-06
0.2 1.45016360044e-08 1.52852341238e-05
0.2 1.4501702787e-08 3.14156016841e-05
0.2 1.45016026132e-08 3.8635296439e-05
0.2 1.45017361785e-08 5.47663751607e-05
0.2 1.4501569222e-08 6.19851216976e-05
0.2 1.450176957e-08 7.81173857241e-05
0.2 1.4501535831e-08 8.53347099028e-05
0.2 1.45018029616e-08 0.000101468633356
0.2 1.450150244e-08 0.000108684061057
0.2 1.45018363533e-08 0.000124820118058
0.2 1.45014690491e-08 0.000132033175141
lowest error 0.25 6.88408144836e-06
0.25 6.88408144836e-06 1.20892155415e-05
0.25 6.88406559719e-06 0.000175152440035
0.25 6.88409729956e-06 0.000199315629045
0.25 6.88404974606e-06 0.000362409338926
0.25 6.8841131508e-06 0.000386526801719
0.25 6.88403389497e-06 0.000549681482207
0.25 6.88412900207e-06 0.000573722734797
0.25 6.88401804392e-06 0.000736968871448
0.25 6.88414485338e-06 0.000760903429528
0.25 6.8840021929e-06 0.000924271507729
0.25 6.88416070473e-06 0.000948068886982
0.25 6.88398634192e-06 0.00111158939229
lowest error 0.25 1.17525741515e-08
0.25 1.17525741515e-08 8.81832600719e-07
0.25 1.17525470902e-08 2.05639889428e-05
0.25 1.17526012128e-08 2.23278541132e-05
0.25 1.1752520029e-08 4.200961052e-05
0.25 1.17526282742e-08 4.37740755768e-05
0.25 1.17524929679e-08 6.34550321328e-05
0.25 1.17526553357e-08 6.52204970311e-05
0.25 1.17524659068e-08 8.49002537828e-05
0.25 1.17526823972e-08 8.66671184596e-05
0.25 1.17524388458e-08 0.000106345275452
0.25 1.17527094588e-08 0.000108113939865
0.25 1.17524117848e-08 0.000127790097182
lowest error 0.3 5.15755656792e-06
0.3 5.15755656792e-06 5.11818819082e-05
0.3 5.15754469222e-06 9.72770501924e-05
0.3 5.15756844365e-06 0.000199631231915
0.3 5.15753281655e-06 0.00024574556527
0.3 5.1575803194e-06 0.000348071000312
0.3 5.15752094091e-06 0.000394223663815
0.3 5.15759219519e-06 0.000496501187718
0.3 5.15750906529e-06 0.000542711346439
0.3 5.15760407099e-06 0.000644921794755
0.3 5.1574971897e-06 0.000691208613768
0.3 5.15761594683e-06 0.000793332822036
0.3 5.15748531414e-06 0.000839715466415
lowest error 0.3 1.11871123593e-08
0.3 1.11871123593e-08 3.86258577612e-06
0.3 1.11871381186e-08 2.23099703032e-05
0.3 1.11870866001e-08 3.0034844031e-05
0.3 1.1187163878e-08 4.848282421e-05
0.3 1.11870608409e-08 5.62068044649e-05
0.3 1.11871896374e-08 7.46559759244e-05
0.3 1.11870350818e-08 8.23784670807e-05
0.3 1.11872153969e-08 0.000100829425497
0.3 1.11870093227e-08 0.00010854983186
0.3 1.11872411565e-08 0.000127003172908
0.3 1.11869835637e-08 0.000134720898851
0.3 1.11872669161e-08 0.000153177218159
lowest error 0.35 4.45482860853e-06
0.35 4.45482860853e-06 6.58289812794e-06
0.35 4.45483886616e-06 9.08344175135e-05
0.35 4.45481835092e-06 0.000104004340164
0.35 4.45484912382e-06 0.000188247607108
0.35 4.45480809333e-06 0.000201429908682
0.35 4.4548593815e-06 0.000285656670744
0.35 4.45479783577e-06 0.000298859603858
0.35 4.45486963921e-06 0.000383061608597
0.35 4.45478757823e-06 0.000396293425866
0.35 4.45487989694e-06 0.00048046242084
0.35 4.45477732072e-06 0.000493731374882
0.35 4.45489015469e-06 0.000577859107651
lowest error 0.35 1.16232612681e-08
0.35 1.16232612681e-08 1.99013906554e-06
0.35 1.16232880317e-08 2.1983486123e-05
0.35 1.16232345046e-08 2.59635143722e-05
0.35 1.16233147953e-08 4.59573611966e-05
0.35 1.16232077411e-08 4.99366397992e-05
0.35 1.1623341559e-08 6.9931486137e-05
0.35 1.16231809777e-08 7.39095153488e-05
0.35 1.16233683228e-08 9.39058609877e-05
0.35 1.16231542144e-08 9.78821410027e-05
0.35 1.16233950866e-08 0.000117880485732
0.35 1.16231274511e-08 0.000121854516806
0.35 1.16234218505e-08 0.000141855360371
lowest error 0.4 4.04493921806e-06
0.4 4.04493921806e-06 2.6868061755e-05
0.4 4.04494853188e-06 0.000276377937731
0.4 4.04492990425e-06 0.000330154048117
0.4 4.04495784573e-06 0.000579583956159
0.4 4.04492059047e-06 0.000633480026356
0.4 4.0449671596e-06 0.000882749998526
0.4 4.0449112767e-06 0.000936846001743
0.4 4.0449764735e-06 0.0011858760701
0.4 4.04490196296e-06 0.00124025197955
0.4 4.04498578741e-06 0.00148896217616
0.4 4.04489264924e-06 0.00154369796505
0.4 4.04499510134e-06 0.00179200832197
lowest error 0.4 1.266105805e-08
0.4 1.266105805e-08 3.77229409043e-07
0.4 1.26610288969e-08 2.16254268937e-05
0.4 1.26610872032e-08 2.23800961998e-05
0.4 1.26609997438e-08 4.36278727114e-05
0.4 1.26611163565e-08 4.43831734604e-05
0.4 1.26609705908e-08 6.56301080455e-05
0.4 1.26611455098e-08 6.63864612322e-05
0.4 1.26609414379e-08 8.76321328978e-05
0.4 1.26611746632e-08 8.83899594979e-05
0.4 1.2660912285e-08 0.000109633947271
0.4 1.26612038167e-08 0.000110393668259
0.4 1.26608831322e-08 0.000131635551146
lowest error 0.45 2.81078741265e-06
0.45 2.81078741265e-06 2.78521892803e-05
0.45 2.81078094058e-06 8.21496893528e-05
0.45 2.81079388474e-06 0.000137848807051
0.45 2.81077446853e-06 0.000192156829001
0.45 2.81080035684e-06 0.000247840164212
0.45 2.81076799649e-06 0.00030216923011
0.45 2.81080682895e-06 0.000357826261015
0.45 2.81076152446e-06 0.000412186892837
0.45 2.81081330108e-06 0.000467807097712
0.45 2.81075505245e-06 0.000522209817431
0.45 2.81081977323e-06 0.000577782674457
0.45 2.81074858046e-06 0.000632238004145
lowest error 0.45 1.52266722582e-08
0.45 1.52266722582e-08 1.12394961871e-06
0.45 1.52266371975e-08 1.91773171805e-05
0.45 1.5226707319e-08 2.14253956297e-05
0.45 1.5226602137e-08 3.94784048061e-05
0.45 1.52267423798e-08 4.17270208355e-05
0.45 1.52265670765e-08 5.97793132413e-05
0.45 1.52267774407e-08 6.20288252375e-05
0.45 1.5226532016e-08 8.00800424878e-05
0.45 1.52268125017e-08 8.2330808838e-05
0.45 1.52264969557e-08 0.000100380592547
0.45 1.52268475628e-08 0.000102632971638
0.45 1.52264618954e-08 0.000120680963421
lowest error 0.5 2.3285737642e-06
0.5 2.3285737642e-06 2.61951753755e-05
0.5 2.32857912594e-06 6.11436203655e-05
0.5 2.32856840247e-06 0.000113537287755
0.5 2.3285844877e-06 0.000148479099595
0.5 2.32856304075e-06 0.000200882716899
0.5 2.32858984947e-06 0.000235811262359
0.5 2.32855767904e-06 0.000288231462933
0.5 2.32859521125e-06 0.000323140108941
0.5 2.32855231734e-06 0.000375583525983
0.5 2.32860057305e-06 0.000410465639389
0.5 2.32854695566e-06 0.000462938906097
0.5 2.32860593486e-06 0.000497787853828
lowest error 0.5 1.96480294312e-08
0.5 1.96480294312e-08 6.15812535987e-06
0.5 1.96480746725e-08 1.48376248958e-05
0.5 1.964798419e-08 2.71536839733e-05
0.5 1.96481199139e-08 3.5833566832e-05
0.5 1.96479389489e-08 4.8149050929e-05
0.5 1.96481651554e-08 5.68297004322e-05
0.5 1.96478937079e-08 6.91442262273e-05
0.5 1.96482103971e-08 7.78260256973e-05
0.5 1.9647848467e-08 9.01392098704e-05
0.5 1.96482556388e-08 9.88225426304e-05
0.5 1.96478032262e-08 0.000111134001861
0.5 1.96483008806e-08 0.000119819251232
lowest error 0.55 1.78787437571e-06
0.55 1.78787437571e-06 2.63174401511e-05
0.55 1.78787025898e-06 6.36954695628e-05
0.55 1.78787849244e-06 0.000116326827214
0.55 1.78786614226e-06 0.000153711901988
0.55 1.78788260919e-06 0.000206332691763
0.55 1.78786202555e-06 0.000243731857419
0.55 1.78788672595e-06 0.000296335033935
0.55 1.78785790885e-06 0.000333755335917
0.55 1.78789084271e-06 0.000386333853869
0.55 1.78785379216e-06 0.000423782337618
0.55 1.78789495949e-06 0.000476329151622
0.55 1.78784967548e-06 0.000513812862661
lowest error 0.55 2.43256245831e-08
0.55 2.43256245831e-08 2.39185305118e-06
0.55 2.43255685714e-08 1.84717998772e-05
0.55 2.4325680595e-08 2.32556952384e-05
0.55 2.43255125597e-08 3.9335263549e-05
0.55 2.4325736607e-08 4.41197266681e-05
0.55 2.43254565482e-08 6.01985379647e-05
0.55 2.43257926192e-08 6.49839473787e-05
0.55 2.43254005369e-08 8.10616231268e-05
0.55 2.43258486314e-08 8.58483573531e-05
0.55 2.43253445256e-08 0.000101924519019
0.55 2.43259046438e-08 0.000106712956593
0.55 2.43252885145e-08 0.000122787225678
lowest error 0.6 1.45763235584e-06
0.6 1.45763235584e-06 1.26937059148e-05
0.6 1.45763571216e-06 3.68888396949e-05
0.6 1.45762899952e-06 6.22773204229e-05
0.6 1.4576390685e-06 8.64703163841e-05
0.6 1.45762564321e-06 0.000111862003854
0.6 1.45764242484e-06 0.000136050724264
0.6 1.4576222869e-06 0.000161447756231
0.6 1.45764578119e-06 0.000185630063314
0.6 1.45761893061e-06 0.000211034577575
0.6 1.45764913754e-06 0.000235208333557
0.6 1.45761557432e-06 0.000260622467867
0.6 1.45765249391e-06 0.000284785535015
lowest error 0.6 2.93351288414e-08
0.6 2.93351288414e-08 2.54772285091e-06
0.6 2.93350612948e-08 1.74063495724e-05
0.6 2.93351963881e-08 2.25019684081e-05
0.6 2.93349937484e-08 3.73602488981e-05
0.6 2.9335263935e-08 4.24563870833e-05
0.6 2.93349262022e-08 5.73139751103e-05
0.6 2.9335331482e-08 6.24109788783e-05
0.6 2.93348586561e-08 7.72675282104e-05
0.6 2.93353990291e-08 8.23657437943e-05
0.6 2.93347911102e-08 9.72209082004e-05
0.6 2.93354665765e-08 0.000102320681833
0.6 2.93347235644e-08 0.000117174115081
lowest error 0.65 1.02278653053e-06
0.65 1.02278653053e-06 1.04764216622e-05
0.65 1.02278888558e-06 5.16902419427e-05
0.65 1.02278417548e-06 7.26447656065e-05
0.65 1.02279124065e-06 0.000113855225254
0.65 1.02278182043e-06 0.000134814789936
0.65 1.02279359571e-06 0.000176018528315
0.65 1.02277946539e-06 0.00019698649464
0.65 1.02279595078e-06 0.000238180151119
0.65 1.02277711036e-06 0.000259159879876
0.65 1.02279830586e-06 0.00030034009382
0.65 1.02277475533e-06 0.000321334945632
0.65 1.02280066094e-06 0.000362498356408
lowest error 0.65 3.9436466926e-08
0.65 3.9436466926e-08 4.66656999665e-06
0.65 3.9436557732e-08 1.51870795229e-05
0.65 3.94363761203e-08 2.45200481404e-05
0.65 3.94366485381e-08 3.50409004199e-05
0.65 3.94362853148e-08 4.43733549091e-05
0.65 3.94367393444e-08 5.48948926782e-05
0.65 3.94361945095e-08 6.42264903052e-05
0.65 3.9436830151e-08 7.47490563344e-05
0.65 3.94361037044e-08 8.40794543118e-05
0.65 3.94369209578e-08 9.46033913731e-05
0.65 3.94360128995e-08 0.000103932246966
0.65 3.94370117647e-08 0.000114457897795
lowest error 0.7 6.44184098231e-07
0.7 6.44184098231e-07 1.78306717613e-06
0.7 6.44185581522e-07 5.97313500372e-05
0.7 6.44182614944e-07 6.32991296587e-05
0.7 6.44187064816e-07 0.000121244122023
0.7 6.44181131661e-07 0.000124816837401
0.7 6.44188548113e-07 0.000182755248828
0.7 6.44179648381e-07 0.000186336190557
0.7 6.44190031414e-07 0.000244264730493
0.7 6.44178165104e-07 0.000247857189114
0.7 6.44191514718e-07 0.000305772567008
0.7 6.44176681831e-07 0.000309379833119
0.7 6.44192998025e-07 0.00036727875853
lowest error 0.7 4.07723740668e-08
0.7 4.07723740668e-08 7.65436979977e-06
0.7 4.07722801851e-08 1.19041548348e-05
0.7 4.07724679488e-08 2.7213060755e-05
0.7 4.07721863035e-08 3.14625131494e-05
0.7 4.0772561831e-08 4.67719180324e-05
0.7 4.07720924222e-08 5.10207051292e-05
0.7 4.07726557134e-08 6.63309416331e-05
0.7 4.07719985411e-08 7.057873081e-05
0.7 4.0772749596e-08 8.58901315417e-05
0.7 4.07719046602e-08 9.01365901749e-05
0.7 4.07728434788e-08 0.000105449487795
0.7 4.07718107795e-08 0.000109694283227
lowest error 0.75 4.18758851475e-07
0.75 4.18758851475e-07 1.57845811133e-06
0.75 4.18759815704e-07 2.6935469549e-05
0.75 4.18757887248e-07 3.00927392733e-05
0.75 4.18760779935e-07 5.54490436873e-05
0.75 4.18756923024e-07 5.86073739419e-05
0.75 4.18761744169e-07 8.39622643576e-05
0.75 4.18755958801e-07 8.71223621202e-05
0.75 4.18762708404e-07 0.00011247513154
0.75 4.18754994581e-07 0.000115637703813
0.75 4.18763672642e-07 0.000140987645238
0.75 4.18754030363e-07 0.000144153399
0.75 4.18764636882e-07 0.000169499805456
lowest error 0.75 4.25908198416e-08
0.75 4.25908198416e-08 7.76084149834e-06
0.75 4.25907217727e-08 9.07272798845e-06
0.75 4.25909179107e-08 2.45945341897e-05
0.75 4.25906237041e-08 2.5906174272e-05
0.75 4.259101598e-08 4.14283500714e-05
0.75 4.25905256357e-08 4.27394973523e-05
0.75 4.25911140496e-08 5.82622891745e-05
0.75 4.25904275675e-08 5.95726972321e-05
0.75 4.25912121194e-08 7.50963514848e-05
0.75 4.25903294995e-08 7.64057738953e-05
0.75 4.25913101894e-08 9.19305370028e-05
0.75 4.25902314318e-08 9.32387273735e-05
lowest error 0.8 3.95493181095e-07
0.8 3.95493181095e-07 6.73492867298e-06
0.8 3.9549227044e-07 1.41434682734e-05
0.8 3.95494091753e-07 2.76131360764e-05
0.8 3.95491359786e-07 3.50220547447e-05
0.8 3.95495002413e-07 4.84911539766e-05
0.8 3.95490449135e-07 5.59008307435e-05
0.8 3.95495913075e-07 6.93689823561e-05
0.8 3.95489538485e-07 7.67797962715e-05
0.8 3.95496823739e-07 9.02466212174e-05
0.8 3.95488627838e-07 9.76589513297e-05
0.8 3.95497734405e-07 0.000111124070561
0.8 3.95487717193e-07 0.000118538295902
lowest error 0.8 5.46552644523e-08
0.8 5.46552644523e-08 6.13598688304e-06
0.8 5.46553903009e-08 8.7275609042e-06
0.8 5.46551386041e-08 2.09994386031e-05
0.8 5.46555161497e-08 2.35912047462e-05
0.8 5.46550127561e-08 3.58627942831e-05
0.8 5.46556419988e-08 3.84549446437e-05
0.8 5.46548869084e-08 5.07260539102e-05
0.8 5.46557678482e-08 5.33187805964e-05
0.8 5.46547610611e-08 6.55892174857e-05
0.8 5.46558936979e-08 6.81827126061e-05
0.8 5.4654635214e-08 8.04522850091e-05
0.8 5.46560195479e-08 8.30467406598e-05
lowest error 0.81 3.82962279919e-07
0.81 3.82962279919e-07 1.11808146874e-06
0.81 3.82963161723e-07 2.74309820796e-05
0.81 3.82961398116e-07 2.966749939e-05
0.81 3.82964043529e-07 5.59796912589e-05
0.81 3.82960516316e-07 5.82172716643e-05
0.81 3.82964925337e-07 8.45280460733e-05
0.81 3.82959634518e-07 8.67673983453e-05
0.81 3.82965807148e-07 0.000113076046528
0.81 3.82958752722e-07 0.000115317879414
0.81 3.8296668896e-07 0.000141623692601
0.81 3.82957870928e-07 0.000143868714872
0.81 3.82967570774e-07 0.000170170984349
lowest error 0.81 5.89947004081e-08
0.81 5.89947004081e-08 6.74428060954e-06
0.81 5.8994564568e-08 1.01246438828e-05
0.81 5.89948362486e-08 2.36133288092e-05
0.81 5.89944287281e-08 2.69934446533e-05
0.81 5.89949720894e-08 4.04825007481e-05
0.81 5.89942928886e-08 4.38621217036e-05
0.81 5.89951079305e-08 5.73517964106e-05
0.81 5.89941570493e-08 6.07306750338e-05
0.81 5.89952437719e-08 7.42212157987e-05
0.81 5.89940212104e-08 7.75991046451e-05
0.81 5.89953796136e-08 9.10907589131e-05
0.81 5.89938853718e-08 9.44674105385e-05
lowest error 0.82 4.29337674883e-07
0.82 4.29337674883e-07 2.2180630963e-06
0.82 4.2933866347e-07 2.38826405057e-05
0.82 4.29336686297e-07 2.83190629191e-05
0.82 3.23314364303e-05 4.42567712726e-05
0.82 4.2933965206e-07 4.99830479366e-05
0.82 4.29335697714e-07 5.44203589423e-05
0.82 4.29340640653e-07 7.60831591773e-05
0.82 4.29334709133e-07 8.0521951169e-05
0.82 4.29341629247e-07 0.00010218297423
0.82 4.29333720555e-07 0.000106623839603
0.82 4.29342617844e-07 0.0001282824931
0.82 4.29332731979e-07 0.000132726024249
lowest error 0.82 6.28946927687e-08
0.82 6.28946927687e-08 6.80848688583e-06
0.82 6.28948375893e-08 9.03144843134e-06
0.82 6.28945479485e-08 2.26483131152e-05
0.82 6.28949824101e-08 2.48714928377e-05
0.82 6.28944031286e-08 3.84880302429e-05
0.82 6.28951272314e-08 4.07116463337e-05
0.82 6.28942583091e-08 5.43276382983e-05
0.82 6.28952720529e-08 5.65519089197e-05
0.82 6.28941134899e-08 7.0167137268e-05
0.82 6.28954168748e-08 7.23922805967e-05
0.82 6.2893968671e-08 8.60065271526e-05
0.82 6.2895561697e-08 8.82327613518e-05
lowest error 0.83 4.16762850713e-07
0.83 4.16762850713e-07 1.04059222581e-05
0.83 4.16763810346e-07 1.11191028433e-05
0.83 4.16761891082e-07 3.19311487877e-05
0.83 4.16764769981e-07 3.26439264993e-05
0.83 4.16760931453e-07 5.34565767865e-05
0.83 4.16765729619e-07 5.41685487114e-05
0.83 4.16759971827e-07 7.49822062356e-05
0.83 4.16766689258e-07 7.56929694825e-05
0.83 4.16759012203e-07 9.65080371378e-05
0.83 4.167676489e-07 9.72171888134e-05
0.83 4.16758052581e-07 0.000118034069495
0.83 4.16768608544e-07 0.000118741206687
lowest error 0.83 6.81387245505e-08
0.83 6.81387245505e-08 4.09209040297e-06
0.83 6.81388814459e-08 8.82128498247e-06
0.83 6.81385676555e-08 1.70053932869e-05
0.83 6.81390383417e-08 2.17347328597e-05
0.83 6.81384107608e-08 2.99186236696e-05
0.83 6.81391952378e-08 3.46482532509e-05
0.83 6.81382538665e-08 4.28317815508e-05
0.83 6.81393521342e-08 4.75618461451e-05
0.83 6.81380969726e-08 5.57448669314e-05
0.83 6.81395090311e-08 6.04755115434e-05
0.83 6.8137940079e-08 6.86578797997e-05
0.83 6.81396659283e-08 7.3389249446e-05
lowest error 0.84 4.20644291939e-07
0.84 4.20644291939e-07 7.00128473818e-06
0.84 4.20643323371e-07 1.77696869361e-05
0.84 4.20645260509e-07 3.17719896317e-05
0.84 4.20642354805e-07 4.25409253948e-05
0.84 4.20646229082e-07 5.65424277252e-05
0.84 4.20641386241e-07 6.73124306401e-05
0.84 4.20647197657e-07 8.13125990655e-05
0.84 4.2064041768e-07 9.2084202675e-05
0.84 4.20648166234e-07 0.000106082503633
0.84 4.2063944912e-07 0.00011685624148
0.84 4.20649134813e-07 0.000130852141432
0.84 4.20638480563e-07 0.000141628547103
lowest error 0.84 7.53574163269e-08
0.84 7.53574163269e-08 3.80742810924e-06
0.84 7.53572428103e-08 9.51082003642e-06
0.84 7.5357589844e-08 1.7125753387e-05
0.84 7.5357069294e-08 2.28289910744e-05
0.84 7.53577633615e-08 3.04441557852e-05
0.84 7.53568957782e-08 3.61470849928e-05
0.84 7.53579368793e-08 4.37626353045e-05
0.84 7.53567222627e-08 4.94651017919e-05
0.84 7.53581103976e-08 5.7081191946e-05
0.84 7.53565487476e-08 6.27830414732e-05
0.84 7.53582839163e-08 7.0399825709e-05
0.84 7.5356375233e-08 7.61009040362e-05
lowest error 0.85 4.36902973031e-07
0.85 4.36902973031e-07 5.15502288057e-06
0.85 4.36901967025e-07 1.41068869723e-05
0.85 4.36903979038e-07 2.44167714212e-05
0.85 4.36900961023e-07 3.33689581389e-05
0.85 4.36904985048e-07 4.36783586331e-05
0.85 4.36899955022e-07 5.26311906213e-05
0.85 4.3690599106e-07 6.29397845526e-05
0.85 4.36898949024e-07 7.18935844199e-05
0.85 4.36906997074e-07 8.22010491635e-05
0.85 4.36897943028e-07 9.11561395194e-05
0.85 4.36908003091e-07 0.000101462152467
0.85 4.36896937035e-07 0.000110418855956
lowest error 0.85 8.3647891839e-08
0.85 8.3647891839e-08 2.70674866121e-06
0.85 8.36476992329e-08 1.06535354929e-05
0.85 8.36480844456e-08 1.60671104226e-05
0.85 8.36475066271e-08 2.40137420389e-05
0.85 8.36482770527e-08 2.94275497805e-05
0.85 8.36473140219e-08 3.7373870978e-05
0.85 8.36484696602e-08 4.27880667591e-05
0.85 8.3647121417e-08 5.07339223117e-05
0.85 8.36486622681e-08 5.61486613466e-05
0.85 8.36469288126e-08 6.40938960266e-05
0.85 8.36488548765e-08 6.95093335441e-05
0.85 8.36467362087e-08 7.74537921475e-05
lowest error 0.86 3.89172370749e-07
0.86 3.89172370749e-07 4.67081248967e-06
0.86 3.89171474647e-07 9.84356444045e-06
0.86 3.89173266852e-07 1.91850978264e-05
0.86 3.89170578548e-07 2.43580329657e-05
0.86 3.89174162958e-07 3.36992915564e-05
0.86 3.89169682451e-07 3.88725930858e-05
0.86 3.89175059066e-07 4.82133937063e-05
0.86 3.89168786355e-07 5.33872448019e-05
0.86 3.89175955175e-07 6.27274042646e-05
0.86 3.89167890262e-07 6.79019881016e-05
0.86 3.89176851287e-07 7.72413232308e-05
0.86 3.89166994171e-07 8.24168230107e-05
lowest error 0.86 9.28006461235e-08
0.86 9.28006461235e-08 3.91259406651e-07
0.86 9.28008598051e-08 1.16621065596e-05
0.86 9.28004324424e-08 1.24445622061e-05
0.86 9.28010734872e-08 2.37155356815e-05
0.86 9.28002187617e-08 2.44978018396e-05
0.86 9.28012871699e-08 3.57690279813e-05
0.86 9.28000050816e-08 3.65509783071e-05
0.86 9.2801500853e-08 4.78225834488e-05
0.86 9.27997914019e-08 4.86040916088e-05
0.86 9.28017145366e-08 5.9876202084e-05
0.86 9.27995777227e-08 6.06571417459e-05
0.86 9.28019282207e-08 7.19298838869e-05
lowest error 0.87 4.16147222157e-07
0.87 4.16147222157e-07 8.97733574101e-06
0.87 4.16148180372e-07 1.64715155679e-05
0.87 4.16146263944e-07 3.44264686136e-05
0.87 4.1614913859e-07 4.19200852932e-05
0.87 4.16145305733e-07 5.98758830983e-05
0.87 4.1615009681e-07 6.73683734389e-05
0.87 4.16144347524e-07 8.53255791755e-05
0.87 4.16151055032e-07 9.28163800071e-05
0.87 4.16143389317e-07 0.000110775556848
0.87 4.16152013256e-07 0.000118264105001
0.87 4.16142431113e-07 0.00013622581612
0.87 4.16152971483e-07 0.000143711548402
lowest error 0.87 1.05685887803e-07
0.87 1.05685887803e-07 5.96665920538e-06
0.87 1.05686131154e-07 6.11058013922e-06
0.87 1.05685644453e-07 1.80438351332e-05
0.87 1.05686374506e-07 1.81878829011e-05
0.87 1.05685401103e-07 3.0120947633e-05
0.87 1.05686617858e-07 3.02652490807e-05
0.87 1.05685157753e-07 4.21979967271e-05
0.87 1.05686861211e-07 4.23426786784e-05
0.87 1.05684914405e-07 5.42749824053e-05
0.87 1.05687104564e-07 5.44201716952e-05
0.87 1.05684671056e-07 6.63519046675e-05
0.87 1.05687347918e-07 6.64977281195e-05
lowest error 0.88 3.71175241696e-07
0.88 3.71175241696e-07 1.82171978524e-06
0.88 3.7117609636e-07 7.58379735277e-06
0.88 3.71174387034e-07 1.12272753863e-05
0.88 3.71176951025e-07 1.69892760287e-05
0.88 3.71173532375e-07 2.06328694503e-05
0.88 3.71177805693e-07 2.6394716234e-05
0.88 3.71172677717e-07 3.00385019769e-05
0.88 3.71178660362e-07 3.58001179857e-05
0.88 3.71171823061e-07 3.94441729581e-05
0.88 3.71179515034e-07 4.52054812752e-05
0.88 3.71170968408e-07 4.88498824112e-05
0.88 3.71180369707e-07 5.46108061026e-05
lowest error 0.88 1.25997520866e-07
0.88 1.25997520866e-07 2.00125353222e-06
0.88 1.25997230746e-07 8.07408537673e-06
0.88 1.25997810986e-07 1.20766365868e-05
0.88 1.25996940627e-07 1.81493801596e-05
0.88 1.25998101107e-07 2.21520637771e-05
0.88 1.25996650509e-07 2.82246308068e-05
0.88 1.25998391229e-07 3.22275351041e-05
0.88 1.25996360391e-07 3.82998373176e-05
0.88 1.25998681351e-07 4.23030505678e-05
0.88 1.25996070274e-07 4.8374999694e-05
0.88 1.25998971474e-07 5.23786101683e-05
0.88 1.25995780158e-07 5.8450117935e-05
lowest error 0.89 3.39554116581e-07
0.89 3.39554116581e-07 4.3632436153e-06
0.89 3.39554898434e-07 4.94182860811e-06
0.89 3.3955333473e-07 1.36683534842e-05
0.89 3.39555680289e-07 1.42468631776e-05
0.89 3.3955255288e-07 2.2973500998e-05
0.89 3.39556462146e-07 2.35518601102e-05
0.89 3.39551771033e-07 3.22786861582e-05
0.89 3.39557244005e-07 3.28568193977e-05
0.89 3.39550989187e-07 4.15839089638e-05
0.89 3.39558025865e-07 4.21617410402e-05
0.89 3.39550207343e-07 5.08891694158e-05
0.89 3.39558807727e-07 5.14666250386e-05
lowest error 0.89 1.52168584238e-07
0.89 1.52168584238e-07 3.58174456805e-06
0.89 1.52168934619e-07 4.99404891841e-06
0.89 1.52168233857e-07 1.21575060708e-05
0.89 1.52169285001e-07 1.35698743806e-05
0.89 1.52167883477e-07 2.07332356061e-05
0.89 1.52169635385e-07 2.21457318186e-05
0.89 1.52167533098e-07 2.93089331653e-05
0.89 1.52169985769e-07 3.07216212327e-05
0.89 1.5216718272e-07 3.78845987496e-05
0.89 1.52170336153e-07 3.92975426231e-05
0.89 1.52166832342e-07 4.64602323587e-05
0.89 1.52170686539e-07 4.78734959817e-05
