2.00000E-03 1.258925400E-04 3.343838143E+11
2.00000E-03 1.584893200E-04 3.869444124E+11
2.00000E-03 1.995262300E-04 3.516584082E+11
2.00000E-03 1.000000000E-04 2.722134350E+11
2.00000E-03 2.511886400E-04 2.788544943E+11
2.00000E-03 3.162277700E-04 2.015066282E+11
2.00000E-03 1.000000000E-03 4.767453903E+08
2.00000E-03 3.162277700E-03 8.839090700E-18
2.00000E-03 1.258925400E-05 6.944229752E+08
2.00000E-03 1.258925400E-06 7.998694219E+04
2.00000E-03 1.258925400E-07 8.474208346E+00
2.00000E-03 1.258925400E-08 8.205846121E-04
2.00000E-03 1.258925400E-09 7.605872178E-08
2.00000E-03 1.584893200E-05 1.859302577E+09
2.00000E-03 1.584893200E-06 1.846564705E+05
2.00000E-03 1.584893200E-07 2.069746777E+01
2.00000E-03 1.584893200E-08 1.969339773E-03
2.00000E-03 1.584893200E-09 1.954877932E-07
2.00000E-03 1.995262300E-05 4.053972011E+09
2.00000E-03 1.995262300E-06 5.499002286E+05
2.00000E-03 1.995262300E-07 4.672620209E+01
2.00000E-03 1.995262300E-08 5.009813460E-03
2.00000E-03 1.995262300E-09 5.037205245E-07
2.00000E-03 1.000000000E-05 3.288483528E+08
2.00000E-03 1.000000000E-06 3.325420795E+04
2.00000E-03 1.000000000E-07 3.131549297E+00
2.00000E-03 1.000000000E-08 3.117357263E-04
2.00000E-03 1.000000000E-09 3.028433939E-08
2.00000E-03 2.511886400E-05 1.008692794E+10
2.00000E-03 2.511886400E-06 1.332484549E+06
2.00000E-03 2.511886400E-07 1.299351506E+02
2.00000E-03 2.511886400E-08 1.195222542E-02
2.00000E-03 2.511886400E-09 1.319624979E-06
2.00000E-03 3.162277700E-05 2.080751243E+10
2.00000E-03 3.162277700E-06 2.956697267E+06
2.00000E-03 3.162277700E-07 3.348759754E+02
2.00000E-03 3.162277700E-08 2.910879695E-02
2.00000E-03 3.162277700E-09 3.039505079E-06
2.00000E-03 3.981071700E-05 4.117152518E+10
2.00000E-03 3.981071700E-06 7.931340994E+06
2.00000E-03 3.981071700E-07 8.549004976E+02
2.00000E-03 3.981071700E-08 7.951251841E-02
2.00000E-03 3.981071700E-09 8.028624289E-06
2.00000E-03 5.011872300E-05 7.742299959E+10
2.00000E-03 5.011872300E-06 1.942816909E+07
2.00000E-03 5.011872300E-07 1.692679684E+03
2.00000E-03 5.011872300E-08 1.879344878E-01
2.00000E-03 5.011872300E-09 2.087845623E-05
2.00000E-03 6.309573400E-05 1.360119575E+11
2.00000E-03 6.309573400E-06 5.050066271E+07
2.00000E-03 6.309573400E-07 4.963031489E+03
2.00000E-03 6.309573400E-08 5.065202574E-01
2.00000E-03 6.309573400E-09 4.661042312E-05
2.00000E-03 7.943282300E-05 2.008228255E+11
2.00000E-03 7.943282300E-06 1.218244859E+08
2.00000E-03 7.943282300E-07 1.121283817E+04
2.00000E-03 7.943282300E-08 1.233622376E+00
2.00000E-03 7.943282300E-09 1.234475543E-04
5.00000E-03 1.258925400E-04 3.024375503E+10
5.00000E-03 1.584893200E-04 1.578735724E+10
5.00000E-03 1.995262300E-04 9.669077115E+09
5.00000E-03 2.511886400E-04 3.801493595E+09
5.00000E-03 3.162277700E-04 6.965949862E+08
5.00000E-03 1.000000000E-03 6.596607053E-08
5.00000E-03 1.258925400E-06 4.328808981E+05
5.00000E-03 1.258925400E-07 4.749667797E+01
5.00000E-03 1.258925400E-08 4.958968855E-03
5.00000E-03 1.258925400E-09 4.925257210E-07
5.00000E-03 1.584893200E-05 5.706038591E+09
5.00000E-03 1.584893200E-06 1.242476554E+06
5.00000E-03 1.584893200E-07 1.211419726E+02
5.00000E-03 1.584893200E-08 1.168005563E-02
5.00000E-03 1.584893200E-09 1.284916942E-06
5.00000E-03 1.995262300E-05 1.148769816E+10
5.00000E-03 1.995262300E-06 3.144736076E+06
5.00000E-03 1.995262300E-07 3.054962375E+02
5.00000E-03 1.995262300E-08 3.054952065E-02
5.00000E-03 1.995262300E-09 2.961596340E-06
5.00000E-03 1.000000000E-05 1.485874701E+09
5.00000E-03 1.000000000E-06 1.993166579E+05
5.00000E-03 1.000000000E-07 1.931955761E+01
5.00000E-03 1.000000000E-08 1.832468559E-03
5.00000E-03 1.000000000E-09 1.971883509E-07
5.00000E-03 2.511886400E-05 1.950542349E+10
5.00000E-03 2.511886400E-06 8.462107314E+06
5.00000E-03 2.511886400E-07 7.622862959E+02
5.00000E-03 2.511886400E-08 8.413397306E-02
5.00000E-03 2.511886400E-09 7.695062322E-06
5.00000E-03 3.162277700E-05 2.970452882E+10
5.00000E-03 3.162277700E-06 1.906019189E+07
5.00000E-03 3.162277700E-07 1.907387649E+03
5.00000E-03 3.162277700E-08 1.917166415E-01
5.00000E-03 3.162277700E-09 2.010777927E-05
5.00000E-03 3.981071700E-05 4.280229276E+10
5.00000E-03 3.981071700E-06 4.662253604E+07
5.00000E-03 3.981071700E-07 4.881590687E+03
5.00000E-03 3.981071700E-08 4.745209799E-01
5.00000E-03 3.981071700E-09 4.490834208E-05
5.00000E-03 5.011872300E-05 5.060977158E+10
5.00000E-03 5.011872300E-06 1.044183703E+08
5.00000E-03 5.011872300E-07 1.234391497E+04
5.00000E-03 5.011872300E-08 1.323853645E+00
5.00000E-03 5.011872300E-09 1.305150465E-04
5.00000E-03 6.309573400E-05 5.466001375E+10
5.00000E-03 6.309573400E-06 2.586347367E+08
5.00000E-03 6.309573400E-07 3.221606709E+04
5.00000E-03 6.309573400E-08 3.220342027E+00
5.00000E-03 6.309573400E-09 2.954907209E-04
5.00000E-03 7.943282300E-05 4.963395063E+10
5.00000E-03 7.943282300E-06 6.001193403E+08
5.00000E-03 7.943282300E-07 7.619314861E+04
5.00000E-03 7.943282300E-08 7.846980800E+00
5.00000E-03 7.943282300E-09 7.219250534E-04
1.00000E-02 1.258925400E-04 7.315142144E+08
1.00000E-02 1.584893200E-04 1.308211183E+08
1.00000E-02 1.995262300E-04 1.468410496E+07
1.00000E-02 1.000000000E-04 1.793542433E+09
1.00000E-02 2.511886400E-04 4.189649914E+05
1.00000E-02 1.258925400E-05 4.799622118E+09
1.00000E-02 1.258925400E-06 1.827419746E+06
1.00000E-02 1.258925400E-07 1.846093617E+02
1.00000E-02 1.258925400E-08 1.958038892E-02
1.00000E-02 1.258925400E-09 2.055476911E-06
1.00000E-02 1.584893200E-06 4.836122375E+06
1.00000E-02 1.584893200E-07 4.830811068E+02
1.00000E-02 1.584893200E-08 4.696769282E-02
1.00000E-02 1.584893200E-09 5.110124382E-06
1.00000E-02 1.995262300E-05 1.028684230E+10
1.00000E-02 1.995262300E-06 1.185455634E+07
1.00000E-02 1.995262300E-07 1.322724073E+03
1.00000E-02 1.995262300E-08 1.108162643E-01
1.00000E-02 1.000000000E-05 2.962954400E+09
1.00000E-02 1.000000000E-07 9.142549127E+01
1.00000E-02 1.000000000E-08 7.940365284E-03
1.00000E-02 1.000000000E-09 8.088830613E-07
1.00000E-02 2.511886400E-05 1.269765483E+10
1.00000E-02 2.511886400E-06 2.876769001E+07
1.00000E-02 2.511886400E-07 2.759380079E+03
1.00000E-02 2.511886400E-08 3.588485863E-01
1.00000E-02 2.511886400E-09 3.128599406E-05
1.00000E-02 3.162277700E-05 1.473313987E+10
1.00000E-02 3.162277700E-06 6.567203555E+07
1.00000E-02 3.162277700E-08 3.805323352E-02
1.00000E-02 3.162277700E-09 7.126961782E-05
1.00000E-02 3.981071700E-05 1.299019233E+10
1.00000E-02 3.981071700E-06 1.476870873E+08
1.00000E-02 3.981071700E-07 1.980900290E+04
1.00000E-02 3.981071700E-08 1.654347619E+00
1.00000E-02 3.981071700E-09 1.902209161E-04
1.00000E-02 5.011872300E-05 1.101076663E+10
1.00000E-02 5.011872300E-06 3.606374548E+08
1.00000E-02 5.011872300E-07 4.765283559E+04
1.00000E-02 5.011872300E-08 4.755250188E+00
1.00000E-02 5.011872300E-09 5.076817489E-04
1.00000E-02 6.309573400E-05 9.259288262E+09
1.00000E-02 6.309573400E-06 7.051079495E+08
1.00000E-02 6.309573400E-07 1.198241127E+05
1.00000E-02 6.309573400E-08 1.244827937E+01
1.00000E-02 6.309573400E-09 1.221461249E-03
1.00000E-02 7.943282300E-05 5.466954543E+09
1.00000E-02 7.943282300E-06 1.442675887E+09
1.00000E-02 7.943282300E-07 3.039657408E+05
1.00000E-02 7.943282300E-08 3.099265379E+01
1.00000E-02 7.943282300E-09 3.092226913E-03
5.00000E-02 1.000000000E-04 5.113944762E-10
5.00000E-02 1.258925400E-06 2.264873143E+07
5.00000E-02 1.258925400E-08 3.326389880E-01
5.00000E-02 1.258925400E-09 3.362520077E-05
5.00000E-02 1.584893200E-05 1.489790029E+08
5.00000E-02 1.584893200E-06 4.380097604E+07
5.00000E-02 1.584893200E-07 7.863815962E+03
5.00000E-02 1.584893200E-08 8.441830369E-01
5.00000E-02 1.584893200E-09 7.833934009E-05
5.00000E-02 1.995262300E-05 6.605725085E+07
5.00000E-02 1.995262300E-06 7.974745895E+07
5.00000E-02 1.995262300E-07 2.176010385E+04
5.00000E-02 1.995262300E-08 2.104648265E+00
5.00000E-02 1.000000000E-05 3.447146022E+08
5.00000E-02 1.000000000E-07 1.276774372E+03
5.00000E-02 1.000000000E-08 1.232443486E-01
5.00000E-02 1.000000000E-09 1.305341712E-05
5.00000E-02 2.511886400E-05 3.033453790E+07
5.00000E-02 2.511886400E-06 1.415862887E+08
5.00000E-02 2.511886400E-07 5.013268992E+04
5.00000E-02 2.511886400E-09 5.339310909E-04
5.00000E-02 3.162277700E-05 6.748019059E+06
5.00000E-02 3.162277700E-06 2.259359636E+08
5.00000E-02 3.162277700E-07 1.194727241E+05
5.00000E-02 3.162277700E-08 1.185610398E+01
5.00000E-02 3.162277700E-09 1.396413561E-03
5.00000E-02 3.981071700E-05 8.885586857E+05
5.00000E-02 3.981071700E-06 3.053042873E+08
5.00000E-02 3.981071700E-07 3.199323697E+05
5.00000E-02 3.981071700E-08 3.161926345E+01
5.00000E-02 3.981071700E-09 3.652293115E-03
5.00000E-02 5.011872300E-05 1.685002565E+04
5.00000E-02 5.011872300E-08 9.103591033E+01
5.00000E-02 5.011872300E-09 8.221162541E-03
5.00000E-02 6.309573400E-05 4.121738874E+01
5.00000E-02 6.309573400E-07 1.848939856E+06
5.00000E-02 6.309573400E-08 2.113893704E+02
5.00000E-02 6.309573400E-09 1.999534057E-02
5.00000E-02 7.943282300E-05 1.994197232E-03
5.00000E-02 7.943282300E-06 3.660727095E+08
5.00000E-02 7.943282300E-07 4.310298414E+06
5.00000E-02 7.943282300E-08 5.365832656E+02
1.00000E-01 1.258925400E-05 6.876024324E+06
1.00000E-01 1.258925400E-06 8.960133014E+06
1.00000E-01 1.258925400E-07 7.833524076E+02
1.00000E-01 1.258925400E-08 2.728288717E-01
1.00000E-01 1.258925400E-09 2.745869225E-05
1.00000E-01 1.584893200E-05 1.718449998E+06
1.00000E-01 1.584893200E-06 1.514215336E+07
1.00000E-01 1.584893200E-07 6.188842131E+03
1.00000E-01 1.584893200E-08 6.730890488E-01
1.00000E-01 1.584893200E-09 6.996935571E-05
1.00000E-01 1.995262300E-05 1.237344482E+05
1.00000E-01 1.995262300E-06 2.262190070E+07
1.00000E-01 1.995262300E-07 1.549111029E+04
1.00000E-01 1.995262300E-08 1.643610314E+00
1.00000E-01 1.995262300E-09 1.638520451E-04
1.00000E-01 1.000000000E-05 1.725312453E+07
1.00000E-01 1.000000000E-06 5.002813361E+06
1.00000E-01 1.000000000E-07 1.039462790E+03
1.00000E-01 1.000000000E-08 1.029359015E-01
1.00000E-01 1.000000000E-09 1.073774959E-05
1.00000E-01 2.511886400E-05 3.824455541E+03
1.00000E-01 2.511886400E-06 3.030114303E+07
1.00000E-01 2.511886400E-07 3.854445590E+04
1.00000E-01 2.511886400E-08 4.319642183E+00
1.00000E-01 2.511886400E-09 4.079713403E-04
1.00000E-01 3.162277700E-05 7.239241534E+00
1.00000E-01 3.162277700E-07 9.895319650E+04
1.00000E-01 3.981071700E-05 6.190855867E-04
1.00000E-01 3.981071700E-06 4.034922874E+07
1.00000E-01 3.981071700E-07 2.221395471E+05
1.00000E-01 3.981071700E-08 2.728988895E+01
1.00000E-01 3.981071700E-09 2.574371902E-03
1.00000E-01 5.011872300E-05 1.155563600E-10
1.00000E-01 5.011872300E-06 4.119659872E+07
1.00000E-01 5.011872300E-07 5.572938200E+05
1.00000E-01 5.011872300E-08 6.392935877E+01
1.00000E-01 5.011872300E-09 6.447318113E-03
1.00000E-01 6.309573400E-06 3.665873523E+07
1.00000E-01 6.309573400E-07 1.192149820E+06
1.00000E-01 6.309573400E-08 1.625120270E+02
1.00000E-01 6.309573400E-09 1.660747924E-02
1.00000E-01 7.943282300E-06 2.628257302E+07
1.00000E-01 7.943282300E-07 2.529445407E+06
1.00000E-01 7.943282300E-08 4.520747574E+02
1.00000E-01 7.943282300E-09 1.372171948E-02
1.50000E-01 1.258925400E-05 1.708073896E+05
1.50000E-01 1.258925400E-06 4.058833990E+06
1.50000E-01 1.258925400E-07 1.589890520E+03
1.50000E-01 1.258925400E-08 1.695853351E-01
1.50000E-01 1.258925400E-09 1.711907861E-05
1.50000E-01 1.584893200E-06 5.972203747E+06
1.50000E-01 1.584893200E-07 4.175826188E+03
1.50000E-01 1.584893200E-08 4.185199461E-01
1.50000E-01 1.584893200E-09 4.257168841E-05
1.50000E-01 1.995262300E-05 1.177190743E+01
1.50000E-01 1.995262300E-06 8.627912056E+06
1.50000E-01 1.995262300E-07 1.073638710E+04
1.50000E-01 1.995262300E-08 1.053792174E+00
1.50000E-01 1.995262300E-09 1.060314354E-04
1.50000E-01 1.000000000E-05 1.224321510E+06
1.50000E-01 1.000000000E-07 6.982944045E+02
1.50000E-01 1.000000000E-08 6.887950370E-02
1.50000E-01 1.000000000E-09 6.920853259E-06
1.50000E-01 2.511886400E-05 4.203523066E-03
1.50000E-01 2.511886400E-07 2.627358837E+04
1.50000E-01 2.511886400E-08 2.569579106E+00
1.50000E-01 2.511886400E-09 2.738297144E-04
1.50000E-01 3.162277700E-05 7.960454200E-09
1.50000E-01 3.162277700E-06 1.293321517E+07
1.50000E-01 3.162277700E-07 5.938578450E+04
1.50000E-01 3.162277700E-08 7.378026731E+00
1.50000E-01 3.162277700E-09 6.746712732E-04
1.50000E-01 3.981071700E-05 4.049052700E-18
1.50000E-01 3.981071700E-06 1.321925018E+07
1.50000E-01 3.981071700E-07 1.405105437E+05
1.50000E-01 3.981071700E-08 1.731620092E+01
1.50000E-01 3.981071700E-09 1.863134083E-03
1.50000E-01 5.011872300E-06 1.147208176E+07
1.50000E-01 5.011872300E-07 3.002381294E+05
1.50000E-01 5.011872300E-08 4.410992487E+01
1.50000E-01 5.011872300E-09 4.218594923E-03
1.50000E-01 6.309573400E-06 8.544710876E+06
1.50000E-01 6.309573400E-08 9.888555327E+01
1.50000E-01 6.309573400E-09 1.075580356E-02
1.50000E-01 7.943282300E-06 4.055784075E+06
1.50000E-01 7.943282300E-07 1.301998418E+06
1.50000E-01 7.943282300E-08 2.702755692E+02
1.50000E-01 7.943282300E-09 2.735041373E-02
2.00000E-01 1.258925400E-05 7.752258471E+02
2.00000E-01 1.258925400E-06 3.416133570E+06
2.00000E-01 1.258925400E-07 2.529515191E+03
2.00000E-01 1.258925400E-08 2.667850600E-01
2.00000E-01 1.258925400E-09 2.806569680E-05
2.00000E-01 1.584893200E-05 1.279994986E+00
2.00000E-01 1.584893200E-06 5.062742784E+06
2.00000E-01 1.584893200E-07 6.014182499E+03
2.00000E-01 1.584893200E-08 6.835030195E-01
2.00000E-01 1.584893200E-09 6.664440213E-05
2.00000E-01 1.995262300E-05 1.816502325E-04
2.00000E-01 1.995262300E-06 6.522009075E+06
2.00000E-01 1.995262300E-08 1.840590019E+00
2.00000E-01 1.995262300E-09 1.655737698E-04
2.00000E-01 1.000000000E-05 4.324032025E+04
2.00000E-01 1.000000000E-06 8.988514790E+05
2.00000E-01 1.000000000E-07 2.195727762E+02
2.00000E-01 1.000000000E-08 1.150830305E-01
2.00000E-01 1.000000000E-09 1.068139348E-05
2.00000E-01 2.511886400E-05 2.694542500E-11
2.00000E-01 2.511886400E-06 7.621017987E+06
2.00000E-01 2.511886400E-08 4.203452723E+00
2.00000E-01 2.511886400E-09 4.444489102E-04
2.00000E-01 3.162277700E-05 1.074873700E-22
2.00000E-01 3.162277700E-06 7.578290902E+06
2.00000E-01 3.162277700E-07 7.944960151E+04
2.00000E-01 3.162277700E-08 1.054101560E+01
2.00000E-01 3.162277700E-09 1.039477676E-03
2.00000E-01 3.981071700E-06 6.408167298E+06
2.00000E-01 3.981071700E-07 1.861365446E+05
2.00000E-01 3.981071700E-08 2.882408292E+01
2.00000E-01 3.981071700E-09 2.670416965E-03
2.00000E-01 5.011872300E-06 4.369394149E+06
2.00000E-01 5.011872300E-07 3.752385051E+05
2.00000E-01 5.011872300E-08 6.581029602E+01
2.00000E-01 6.309573400E-06 1.946567121E+06
2.00000E-01 6.309573400E-07 7.025699504E+05
2.00000E-01 6.309573400E-08 1.785440128E+02
2.00000E-01 6.309573400E-09 1.718891720E-02
2.00000E-01 7.943282300E-06 4.116921830E+05
2.00000E-01 7.943282300E-07 1.362934568E+06
2.00000E-01 7.943282300E-08 4.011252587E+02
2.00000E-01 7.943282300E-09 4.190146064E-02
2.50000E-01 1.122018454E-05 4.286966161E-03
2.50000E-01 1.258925400E-05 1.597790700E-05
2.50000E-01 1.258925400E-06 2.513773525E+06
2.50000E-01 1.258925400E-07 6.075857735E+03
2.50000E-01 1.258925400E-08 6.965994133E-01
2.50000E-01 1.258925400E-09 6.914126876E-05
2.50000E-01 1.412537545E-05 2.765981401E-09
2.50000E-01 1.584893200E-05 6.832105100E-13
2.50000E-01 1.584893200E-06 3.003584089E+06
2.50000E-01 1.584893200E-07 1.444667026E+04
2.50000E-01 1.584893200E-08 1.709446191E+00
2.50000E-01 1.584893200E-09 1.711624621E-04
2.50000E-01 1.778279410E-05 5.261649300E-18
2.50000E-01 1.995262300E-05 9.793732200E-25
2.50000E-01 1.995262300E-06 3.168728350E+06
2.50000E-01 1.995262300E-07 3.235929454E+04
2.50000E-01 1.995262300E-08 4.195159644E+00
2.50000E-01 1.995262300E-09 4.313013530E-04
2.50000E-01 1.000000000E-05 3.103173443E-01
2.50000E-01 1.000000000E-06 2.036233852E+06
2.50000E-01 1.000000000E-07 2.562126704E+03
2.50000E-01 1.000000000E-08 2.799309399E-01
2.50000E-01 1.000000000E-09 2.722432014E-05
2.50000E-01 2.511886400E-06 2.507943955E+06
2.50000E-01 2.511886400E-08 1.126674547E+01
2.50000E-01 3.162277700E-06 1.699681957E+06
2.50000E-01 3.162277700E-07 1.553895246E+05
2.50000E-01 3.162277700E-08 2.814871677E+01
2.50000E-01 3.162277700E-09 2.743114273E-03
2.50000E-01 3.981071700E-06 6.522534836E+05
2.50000E-01 3.981071700E-08 6.879056217E+01
2.50000E-01 3.981071700E-09 6.693797453E-03
2.50000E-01 5.011872300E-06 1.514273667E+05
2.50000E-01 5.011872300E-07 5.423605862E+05
2.50000E-01 5.011872300E-08 1.745979129E+02
2.50000E-01 5.011872300E-09 1.771416970E-02
2.50000E-01 6.309573400E-06 1.125593353E+04
2.50000E-01 6.309573400E-07 9.069201437E+05
2.50000E-01 6.309573400E-08 4.195877497E+02
2.50000E-01 6.309573400E-09 4.501495440E-02
2.50000E-01 7.943282300E-06 1.898167347E+02
2.50000E-01 7.943282300E-07 1.435547042E+06
2.50000E-01 7.943282300E-08 1.007684343E+03
2.50000E-01 7.943282300E-09 1.104149585E-01
3.00000E-01 1.258925400E-05 3.002841400E-13
3.00000E-01 1.258925400E-06 2.135152886E+06
3.00000E-01 1.258925400E-07 7.052751983E+03
3.00000E-01 1.258925400E-08 8.391905813E-01
3.00000E-01 1.258925400E-09 8.088296710E-05
3.00000E-01 1.584893200E-06 2.049914265E+06
3.00000E-01 1.584893200E-07 1.652744605E+04
3.00000E-01 1.584893200E-08 2.003761218E+00
3.00000E-01 1.584893200E-09 1.990843081E-04
3.00000E-01 1.995262300E-06 1.824335203E+06
3.00000E-01 1.995262300E-07 3.535406431E+04
3.00000E-01 1.995262300E-08 5.293252406E+00
3.00000E-01 1.995262300E-09 5.061257880E-04
3.00000E-01 1.000000000E-05 3.893404204E-06
3.00000E-01 1.000000000E-06 1.651117143E+06
3.00000E-01 1.000000000E-07 2.979977223E+03
3.00000E-01 1.000000000E-08 3.276895891E-01
3.00000E-01 1.000000000E-09 3.292823227E-05
3.00000E-01 2.511886400E-06 1.281214722E+06
3.00000E-01 2.511886400E-07 7.457745997E+04
3.00000E-01 2.511886400E-08 1.333441061E+01
3.00000E-01 2.511886400E-09 1.296755539E-03
3.00000E-01 3.162277700E-06 5.908732631E+05
3.00000E-01 3.162277700E-07 1.522404636E+05
3.00000E-01 3.162277700E-08 3.247257529E+01
3.00000E-01 3.981071700E-06 1.418247390E+05
3.00000E-01 3.981071700E-07 2.919589149E+05
3.00000E-01 3.981071700E-08 8.526582744E+01
3.00000E-01 3.981071700E-09 8.272539301E-03
3.00000E-01 5.011872300E-06 5.585099880E+03
3.00000E-01 5.011872300E-07 5.106422737E+05
3.00000E-01 5.011872300E-08 2.044686509E+02
3.00000E-01 5.011872300E-09 2.100842013E-02
3.00000E-01 6.309573400E-06 1.620392674E+02
3.00000E-01 6.309573400E-07 8.228020296E+05
3.00000E-01 6.309573400E-09 5.072343683E-02
3.00000E-01 7.943282300E-06 1.967075409E-01
3.00000E-01 7.943282300E-07 1.241914744E+06
3.00000E-01 7.943282300E-08 1.258287579E+03
3.00000E-01 7.943282300E-09 1.297126460E-01
3.50000E-01 1.258925400E-06 1.682419209E+06
3.50000E-01 1.258925400E-07 6.889718261E+03
3.50000E-01 1.258925400E-08 8.353847127E-01
3.50000E-01 1.258925400E-09 8.411774120E-05
3.50000E-01 1.584893200E-06 1.627173272E+06
3.50000E-01 1.584893200E-07 1.563827134E+04
3.50000E-01 1.584893200E-08 1.921874850E+00
3.50000E-01 1.584893200E-09 2.012269077E-04
3.50000E-01 1.995262300E-06 1.158308634E+06
3.50000E-01 1.995262300E-07 3.511996120E+04
3.50000E-01 1.995262300E-08 5.228114733E+00
3.50000E-01 1.995262300E-09 5.024764969E-04
3.50000E-01 1.000000000E-05 5.638105600E-11
3.50000E-01 1.000000000E-06 1.559210858E+06
3.50000E-01 1.000000000E-07 2.828273834E+03
3.50000E-01 1.000000000E-08 3.137670089E-01
3.50000E-01 2.511886400E-06 5.480708512E+05
3.50000E-01 2.511886400E-07 7.080433527E+04
3.50000E-01 2.511886400E-08 1.273668294E+01
3.50000E-01 2.511886400E-09 1.300672296E-03
3.50000E-01 3.162277700E-06 1.409735872E+05
3.50000E-01 3.162277700E-07 1.483557950E+05
3.50000E-01 3.162277700E-08 3.207880942E+01
3.50000E-01 3.162277700E-09 3.236528162E-03
3.50000E-01 3.981071700E-06 1.638902881E+04
3.50000E-01 3.981071700E-07 2.667829429E+05
3.50000E-01 3.981071700E-08 8.106276598E+01
3.50000E-01 3.981071700E-09 8.425783548E-03
3.50000E-01 5.011872300E-06 3.763750548E+02
3.50000E-01 5.011872300E-07 4.887059146E+05
3.50000E-01 5.011872300E-08 1.946165734E+02
3.50000E-01 5.011872300E-09 2.050335393E-02
3.50000E-01 6.309573400E-06 5.728028596E-01
3.50000E-01 6.309573400E-07 7.827579361E+05
3.50000E-01 6.309573400E-08 4.856866133E+02
3.50000E-01 6.309573400E-09 5.132256017E-02
3.50000E-01 7.943282300E-06 4.193518814E-05
3.50000E-01 7.943282300E-07 1.183618387E+06
3.50000E-01 7.943282300E-08 1.183862630E+03
3.50000E-01 7.943282300E-09 1.284435370E-01
4.00000E-01 1.258925400E-06 1.399349920E+06
4.00000E-01 1.258925400E-07 6.636410903E+03
4.00000E-01 1.258925400E-08 8.325697161E-01
4.00000E-01 1.258925400E-09 8.202524988E-05
4.00000E-01 1.584893200E-06 1.128019731E+06
4.00000E-01 1.584893200E-07 1.580319348E+04
4.00000E-01 1.584893200E-08 2.083821491E+00
4.00000E-01 1.584893200E-09 2.029162879E-04
4.00000E-01 1.995262300E-06 5.446485206E+05
4.00000E-01 1.995262300E-07 3.396744713E+04
4.00000E-01 1.995262300E-08 5.203333949E+00
4.00000E-01 1.995262300E-09 5.146006351E-04
4.00000E-01 1.000000000E-05 5.828992708E-19
4.00000E-01 1.000000000E-06 1.367830241E+06
4.00000E-01 1.000000000E-07 2.884508114E+03
4.00000E-01 1.000000000E-08 3.277425739E-01
4.00000E-01 1.000000000E-09 3.326739112E-05
4.00000E-01 2.511886400E-06 1.924699787E+05
4.00000E-01 2.511886400E-07 7.488472907E+04
4.00000E-01 2.511886400E-08 1.290266635E+01
4.00000E-01 2.511886400E-09 1.294246303E-03
4.00000E-01 3.162277700E-06 2.444629825E+04
4.00000E-01 3.162277700E-07 1.467710406E+05
4.00000E-01 3.162277700E-08 3.242005802E+01
4.00000E-01 3.162277700E-09 3.262878839E-03
4.00000E-01 3.981071700E-06 9.038135235E+02
4.00000E-01 3.981071700E-07 2.864550216E+05
4.00000E-01 3.981071700E-08 7.916408101E+01
4.00000E-01 3.981071700E-09 8.419855834E-03
4.00000E-01 5.011872300E-06 5.129070466E+00
4.00000E-01 5.011872300E-07 5.187811684E+05
4.00000E-01 5.011872300E-08 1.708901884E+02
4.00000E-01 5.011872300E-09 2.146625313E-02
4.00000E-01 6.309573400E-06 1.783787947E-03
4.00000E-01 6.309573400E-07 7.984630897E+05
4.00000E-01 6.309573400E-08 5.061148785E+02
4.00000E-01 6.309573400E-09 5.162630759E-02
4.00000E-01 7.943282300E-06 4.175239813E-09
4.00000E-01 7.943282300E-07 1.159536822E+06
4.00000E-01 7.943282300E-08 7.524993220E+02
4.00000E-01 7.943282300E-09 1.259643387E-01
4.50000E-01 1.258925400E-06 1.141643751E+06
4.50000E-01 1.258925400E-07 7.476740545E+03
4.50000E-01 1.258925400E-08 8.969999290E-01
4.50000E-01 1.258925400E-09 8.834852020E-05
4.50000E-01 1.584893200E-06 7.093598045E+05
4.50000E-01 1.584893200E-07 1.830127915E+04
4.50000E-01 1.584893200E-08 2.248782856E+00
4.50000E-01 1.584893200E-09 2.213741378E-04
4.50000E-01 1.995262300E-06 2.696015413E+05
4.50000E-01 1.995262300E-07 3.876876186E+04
4.50000E-01 1.995262300E-08 5.414976154E+00
4.50000E-01 1.995262300E-09 5.587166711E-04
4.50000E-01 1.000000000E-06 1.295269985E+06
4.50000E-01 1.000000000E-07 3.284544461E+03
4.50000E-01 1.000000000E-08 3.439331246E-01
4.50000E-01 1.000000000E-09 3.693250397E-05
4.50000E-01 2.511886400E-06 4.300256534E+04
4.50000E-01 2.511886400E-07 8.608889091E+04
4.50000E-01 2.511886400E-08 1.388760645E+01
4.50000E-01 2.511886400E-09 1.397754118E-03
4.50000E-01 3.162277700E-06 3.204783182E+03
4.50000E-01 3.162277700E-07 1.759054452E+05
4.50000E-01 3.162277700E-08 3.468879250E+01
4.50000E-01 3.162277700E-09 3.512567429E-03
4.50000E-01 3.981071700E-06 3.764265914E+01
4.50000E-01 3.981071700E-07 3.513036783E+05
4.50000E-01 3.981071700E-08 8.557613430E+01
4.50000E-01 3.981071700E-09 8.689894440E-03
4.50000E-01 5.011872300E-06 3.770909346E-02
4.50000E-01 5.011872300E-07 6.158842451E+05
4.50000E-01 5.011872300E-08 2.056497190E+02
4.50000E-01 5.011872300E-09 2.251706507E-02
4.50000E-01 6.309573400E-06 9.894547612E-07
4.50000E-01 6.309573400E-07 9.186657005E+05
4.50000E-01 6.309573400E-08 5.377004896E+02
4.50000E-01 6.309573400E-09 5.732758687E-02
4.50000E-01 7.943282300E-06 1.838625900E-15
4.50000E-01 7.943282300E-07 1.177919626E+06
4.50000E-01 7.943282300E-08 1.288390974E+03
4.50000E-01 7.943282300E-09 1.417256785E-01
5.00000E-01 1.258925400E-06 8.876210985E+05
5.00000E-01 1.258925400E-07 1.024440215E+04
5.00000E-01 1.258925400E-08 1.182674555E+00
5.00000E-01 1.258925400E-09 1.218402442E-04
5.00000E-01 1.584893200E-06 3.795445155E+05
5.00000E-01 1.584893200E-07 2.462249072E+04
5.00000E-01 1.584893200E-08 2.784156754E+00
5.00000E-01 1.584893200E-09 3.251921969E-04
5.00000E-01 1.995262300E-06 1.083133990E+05
5.00000E-01 1.995262300E-07 5.466343968E+04
5.00000E-01 1.995262300E-08 7.300726984E+00
5.00000E-01 1.995262300E-09 7.677132004E-04
5.00000E-01 1.000000000E-06 1.314791451E+06
5.00000E-01 1.000000000E-07 4.273490566E+03
5.00000E-01 1.000000000E-08 4.893128627E-01
5.00000E-01 1.000000000E-09 4.831060892E-05
5.00000E-01 2.511886400E-06 9.009799920E+03
5.00000E-01 2.511886400E-07 1.208640711E+05
5.00000E-01 2.511886400E-08 1.936184691E+01
5.00000E-01 2.511886400E-09 1.936958422E-03
5.00000E-01 3.162277700E-06 2.582965755E+02
5.00000E-01 3.162277700E-07 2.495119562E+05
5.00000E-01 3.162277700E-08 4.522177440E+01
5.00000E-01 3.162277700E-09 4.896103233E-03
5.00000E-01 3.981071700E-06 5.862407287E-01
5.00000E-01 3.981071700E-07 4.481558375E+05
5.00000E-01 3.981071700E-08 1.096543659E+02
5.00000E-01 3.981071700E-09 1.245006888E-02
5.00000E-01 5.011872300E-06 6.471284775E-05
5.00000E-01 5.011872300E-07 7.712672525E+05
5.00000E-01 5.011872300E-08 2.859498796E+02
5.00000E-01 5.011872300E-09 3.054579650E-02
5.00000E-01 6.309573400E-06 1.880985100E-11
5.00000E-01 6.309573400E-07 1.065585322E+06
5.00000E-01 6.309573400E-09 7.626581329E-02
5.00000E-01 7.943282300E-06 5.627954400E-22
5.00000E-01 7.943282300E-07 1.334791656E+06
5.00000E-01 7.943282300E-08 1.747865452E+03
5.00000E-01 7.943282300E-09 1.912228941E-01
5.50000E-01 1.258925400E-06 5.788692812E+05
5.50000E-01 1.258925400E-07 1.828280609E+04
5.50000E-01 1.258925400E-08 2.129463894E+00
5.50000E-01 1.584893200E-06 2.046694491E+05
5.50000E-01 1.584893200E-07 4.185109487E+04
5.50000E-01 1.584893200E-08 5.090528704E+00
5.50000E-01 1.995262300E-06 3.278316737E+04
5.50000E-01 1.995262300E-07 9.612800822E+04
5.50000E-01 1.995262300E-08 1.258908754E+01
5.50000E-01 1.000000000E-06 1.138168137E+06
5.50000E-01 1.000000000E-07 7.606831054E+03
5.50000E-01 1.000000000E-08 8.217760433E-01
5.50000E-01 2.511886400E-06 1.309793312E+03
5.50000E-01 2.511886400E-07 2.030956871E+05
5.50000E-01 2.511886400E-08 3.213171138E+01
5.50000E-01 3.162277700E-06 1.098152445E+01
5.50000E-01 3.162277700E-07 3.912624084E+05
5.50000E-01 3.162277700E-08 8.268755152E+01
5.50000E-01 3.981071700E-06 1.355379000E-03
5.50000E-01 3.981071700E-07 6.583039714E+05
5.50000E-01 3.981071700E-08 1.995631179E+02
5.50000E-01 3.981071700E-09 2.145251860E-02
5.50000E-01 5.011872300E-06 3.393134400E-09
5.50000E-01 5.011872300E-07 1.071816725E+06
5.50000E-01 5.011872300E-08 5.248376051E+02
5.50000E-01 5.011872300E-09 5.239605762E-02
5.50000E-01 6.309573400E-06 6.652512400E-18
5.50000E-01 6.309573400E-07 1.373392113E+06
5.50000E-01 6.309573400E-09 1.359912840E-01
5.50000E-01 7.943282300E-07 1.350793463E+06
5.50000E-01 7.943282300E-08 3.247341058E+03
5.50000E-01 7.943282300E-09 3.406752303E-01
6.00000E-01 1.258925400E-06 3.218920062E+05
6.00000E-01 1.258925400E-07 3.568405566E+04
6.00000E-01 1.258925400E-08 4.269619084E+00
6.00000E-01 1.584893200E-06 5.600975984E+04
6.00000E-01 1.584893200E-07 8.115729799E+04
6.00000E-01 1.584893200E-08 1.068415265E+01
6.00000E-01 1.995262300E-06 3.867255989E+03
6.00000E-01 1.995262300E-07 1.788490565E+05
6.00000E-01 1.995262300E-08 2.727346594E+01
6.00000E-01 1.000000000E-06 7.710575844E+05
6.00000E-01 1.000000000E-07 1.499119905E+04
6.00000E-01 1.000000000E-08 1.626164268E+00
6.00000E-01 2.511886400E-06 6.350928053E+01
6.00000E-01 2.511886400E-07 3.690995940E+05
6.00000E-01 2.511886400E-08 6.791238679E+01
6.00000E-01 3.162277700E-06 4.775117800E-02
6.00000E-01 3.162277700E-07 6.448255837E+05
6.00000E-01 3.162277700E-08 1.677028850E+02
6.00000E-01 3.162277700E-09 1.713429599E-02
6.00000E-01 3.981071700E-06 3.191470900E-07
6.00000E-01 3.981071700E-07 1.029429260E+06
6.00000E-01 3.981071700E-09 4.434762415E-02
6.00000E-01 5.011872300E-06 2.101364900E-14
6.00000E-01 5.011872300E-07 1.324840193E+06
6.00000E-01 5.011872300E-08 1.041940391E+03
6.00000E-01 5.011872300E-09 1.120820951E-01
6.00000E-01 6.309573400E-06 4.305653500E-27
6.00000E-01 6.309573400E-07 1.478070174E+06
6.00000E-01 6.309573400E-08 2.640418634E+03
6.00000E-01 6.309573400E-09 2.786040428E-01
6.00000E-01 7.943282300E-07 1.266042708E+06
6.00000E-01 7.943282300E-08 6.008119251E+03
6.00000E-01 7.943282300E-09 6.973907574E-01
6.50000E-01 1.122018454E-06 1.830649580E+05
6.50000E-01 1.258925400E-06 7.783808491E+04
6.50000E-01 1.258925400E-07 9.034061931E+04
6.50000E-01 1.258925400E-08 1.165251325E+01
6.50000E-01 1.412537545E-06 2.000835851E+04
6.50000E-01 1.584893200E-06 4.477112141E+03
6.50000E-01 1.584893200E-07 1.954435208E+05
6.50000E-01 1.584893200E-08 2.962785014E+01
6.50000E-01 1.778279410E-06 6.446566258E+02
6.50000E-01 1.995262300E-06 5.928802894E+01
6.50000E-01 1.995262300E-07 3.994453764E+05
6.50000E-01 1.995262300E-08 7.177800657E+01
6.50000E-01 1.000000000E-06 3.493218429E+05
6.50000E-01 1.000000000E-08 4.722139098E+00
6.50000E-01 2.238721139E-06 2.359037069E+00
6.50000E-01 2.511886400E-06 1.759995834E-02
6.50000E-01 2.511886400E-07 7.226371904E+05
6.50000E-01 2.511886400E-08 1.840227268E+02
6.50000E-01 2.818382931E-06 3.737787301E-04
6.50000E-01 3.162277700E-06 1.315295700E-07
6.50000E-01 3.162277700E-07 1.167628323E+06
6.50000E-01 3.162277700E-08 4.549627555E+02
6.50000E-01 3.162277700E-09 4.839779105E-02
6.50000E-01 3.548133892E-06 2.947784200E-11
6.50000E-01 3.981071700E-06 3.128037700E-15
6.50000E-01 3.981071700E-07 1.582987643E+06
6.50000E-01 3.981071700E-08 1.168841397E+03
6.50000E-01 3.981071700E-09 1.135317788E-01
6.50000E-01 5.011872300E-07 1.755829491E+06
6.50000E-01 5.011872300E-08 2.855362362E+03
6.50000E-01 5.011872300E-09 3.057410370E-01
6.50000E-01 6.309573400E-07 1.593800522E+06
6.50000E-01 6.309573400E-08 7.304537748E+03
6.50000E-01 6.309573400E-09 7.474703369E-01
6.50000E-01 7.943282300E-07 8.586164863E+05
6.50000E-01 7.943282300E-08 1.714884022E+04
6.50000E-01 7.943282300E-09 1.866320924E+00
7.00000E-01 1.258925400E-06 2.237803511E+03
7.00000E-01 1.258925400E-07 2.911770002E+05
7.00000E-01 1.258925400E-08 4.835663587E+01
7.00000E-01 1.584893200E-06 1.141904001E+01
7.00000E-01 1.584893200E-07 5.861105369E+05
7.00000E-01 1.584893200E-08 1.221947636E+02
7.00000E-01 1.995262300E-06 8.032812800E-03
7.00000E-01 1.995262300E-07 1.035479106E+06
7.00000E-01 1.995262300E-08 2.930693684E+02
7.00000E-01 1.000000000E-06 5.981085725E+04
7.00000E-01 1.000000000E-07 1.370436246E+05
7.00000E-01 2.511886400E-06 1.841478700E-08
7.00000E-01 2.511886400E-07 1.590707884E+06
7.00000E-01 2.511886400E-08 7.307647459E+02
7.00000E-01 3.162277700E-06 3.274842200E-18
7.00000E-01 3.162277700E-07 1.932856578E+06
7.00000E-01 3.162277700E-08 1.703140780E+03
7.00000E-01 3.162277700E-09 1.892987757E-01
7.00000E-01 3.981071700E-07 2.111971698E+06
7.00000E-01 3.981071700E-08 4.526889873E+03
7.00000E-01 3.981071700E-09 4.332161221E-01
7.00000E-01 5.011872300E-07 1.976497022E+06
7.00000E-01 5.011872300E-08 1.093356492E+04
7.00000E-01 5.011872300E-09 1.052865303E+00
7.00000E-01 6.309573400E-07 1.056250751E+06
7.00000E-01 6.309573400E-08 2.666381617E+04
7.00000E-01 6.309573400E-09 3.073800322E+00
7.00000E-01 7.943282300E-07 3.877690831E+05
7.00000E-01 7.943282300E-08 6.509162003E+04
7.00000E-01 7.943282300E-09 7.061554220E+00
7.50000E-01 1.122018454E-06 2.313558401E+02
7.50000E-01 1.258925400E-06 1.325015800E+01
7.50000E-01 1.258925400E-07 3.231534387E+06
7.50000E-01 1.258925400E-08 6.423408307E+02
7.50000E-01 1.412537545E-06 1.803823100E-01
7.50000E-01 1.584893200E-06 1.105621800E-03
7.50000E-01 1.584893200E-07 5.645527869E+06
7.50000E-01 1.584893200E-08 1.648284321E+03
7.50000E-01 1.778279410E-06 3.880941800E-06
7.50000E-01 1.995262300E-06 4.053949000E-10
7.50000E-01 1.995262300E-07 7.512780388E+06
7.50000E-01 1.995262300E-08 4.246831250E+03
7.50000E-01 1.000000000E-06 3.028760800E+03
7.50000E-01 1.000000000E-07 1.510497466E+06
7.50000E-01 1.000000000E-08 2.635544072E+02
7.50000E-01 2.238721139E-06 1.847967400E-13
7.50000E-01 2.511886400E-06 1.143494500E-19
7.50000E-01 2.511886400E-07 9.195673256E+06
7.50000E-01 2.511886400E-08 9.465218022E+03
7.50000E-01 3.162277700E-07 9.608416241E+06
7.50000E-01 3.162277700E-08 2.485213717E+04
7.50000E-01 3.162277700E-09 2.597817837E+00
7.50000E-01 3.981071700E-07 6.732203694E+06
7.50000E-01 3.981071700E-08 5.860140955E+04
7.50000E-01 3.981071700E-09 6.393949744E+00
7.50000E-01 5.011872300E-07 3.799189503E+06
7.50000E-01 5.011872300E-08 1.451462408E+05
7.50000E-01 5.011872300E-09 1.680260148E+01
7.50000E-01 6.309573400E-07 1.013833041E+06
7.50000E-01 6.309573400E-08 3.339838482E+05
7.50000E-01 6.309573400E-09 4.088438016E+01
7.50000E-01 7.943282300E-07 1.278635406E+05
7.50000E-01 7.943282300E-08 8.184577781E+05
7.50000E-01 7.943282300E-09 1.083979846E+02
7.00000E-01 2.511886400E-07 1.590707884E+06
8.00000E-01 1.258925400E-06 1.299124200E+01
8.00000E-01 1.258925400E-07 1.809033745E+06
8.00000E-01 1.258925400E-08 3.391393262E+02
8.00000E-01 1.584893200E-06 3.287053200E-03
8.00000E-01 1.584893200E-07 2.853576473E+06
8.00000E-01 1.584893200E-08 8.784575784E+02
8.00000E-01 1.995262300E-06 1.529708000E-09
8.00000E-01 1.995262300E-07 4.539870446E+06
8.00000E-01 1.995262300E-08 2.158093614E+03
8.00000E-01 1.000000000E-06 3.256311828E+03
8.00000E-01 1.000000000E-07 9.026459049E+05
8.00000E-01 1.000000000E-08 1.423393957E+02
8.00000E-01 2.511886400E-06 1.763125400E-19
8.00000E-01 2.511886400E-07 5.358343262E+06
8.00000E-01 2.511886400E-08 5.539560837E+03
8.00000E-01 3.162277700E-07 5.820358264E+06
8.00000E-01 3.162277700E-08 1.362384064E+04
8.00000E-01 3.162277700E-09 1.354680147E+00
8.00000E-01 3.981071700E-07 4.484698934E+06
8.00000E-01 3.981071700E-08 3.532311571E+04
8.00000E-01 3.981071700E-09 3.410309657E+00
8.00000E-01 5.011872300E-07 2.429310788E+06
8.00000E-01 5.011872300E-08 7.735809837E+04
8.00000E-01 5.011872300E-09 8.761866235E+00
8.00000E-01 6.309573400E-07 7.620016261E+05
8.00000E-01 6.309573400E-08 1.793182685E+05
8.00000E-01 6.309573400E-09 2.295615179E+01
8.00000E-01 7.943282300E-07 8.035272326E+04
8.00000E-01 7.943282300E-08 4.017031485E+05
8.00000E-01 7.943282300E-09 5.610031239E+01
8.10000E-01 1.122018454E-06 5.334561467E+02
8.10000E-01 1.258925400E-06 2.552886600E+01
8.10000E-01 1.258925400E-07 1.083272050E+06
8.10000E-01 1.258925400E-08 2.079083517E+02
8.10000E-01 1.412537545E-06 6.749480537E-01
8.10000E-01 1.584893200E-06 9.233334201E-03
8.10000E-01 1.584893200E-08 5.487926008E+02
8.10000E-01 1.778279410E-06 1.518157900E-04
8.10000E-01 1.995262300E-06 1.232184500E-07
8.10000E-01 1.995262300E-07 2.736317003E+06
8.10000E-01 1.995262300E-08 1.300284623E+03
8.10000E-01 1.000000000E-06 5.001195904E+03
8.10000E-01 1.000000000E-07 5.345758495E+05
8.10000E-01 1.000000000E-08 7.719895548E+01
8.10000E-01 2.238721139E-06 6.821801400E-12
8.10000E-01 2.511886400E-06 1.247148100E-16
8.10000E-01 2.511886400E-07 3.955288700E+06
8.10000E-01 2.511886400E-08 3.152886333E+03
8.10000E-01 3.162277700E-07 4.153340780E+06
8.10000E-01 3.162277700E-08 7.928206286E+03
8.10000E-01 3.162277700E-09 8.568204254E-01
8.10000E-01 3.981071700E-07 3.757620861E+06
8.10000E-01 3.981071700E-08 1.869424844E+04
8.10000E-01 3.981071700E-09 2.083297135E+00
8.10000E-01 5.011872300E-07 2.095956110E+06
8.10000E-01 5.011872300E-08 4.719124351E+04
8.10000E-01 5.011872300E-09 5.122967632E+00
8.10000E-01 6.309573400E-07 7.339763242E+05
8.10000E-01 6.309573400E-08 1.120043549E+05
8.10000E-01 6.309573400E-09 1.231373008E+01
8.10000E-01 7.943282300E-07 1.090322515E+05
8.10000E-01 7.943282300E-08 2.516607616E+05
8.10000E-01 7.943282300E-09 3.316915635E+01
8.20000E-01 1.122018454E-06 1.152336807E+03
8.20000E-01 1.258925400E-06 7.502558000E+01
8.20000E-01 1.258925400E-07 7.156115957E+05
8.20000E-01 1.258925400E-08 1.336794529E+02
8.20000E-01 1.412537545E-06 1.875066800E+00
8.20000E-01 1.584893200E-06 7.303721000E-02
8.20000E-01 1.584893200E-07 1.332574177E+06
8.20000E-01 1.584893200E-08 3.449503440E+02
8.20000E-01 1.778279410E-06 4.800502400E-04
8.20000E-01 1.995262300E-06 5.394497200E-07
8.20000E-01 1.995262300E-07 2.125336855E+06
8.20000E-01 1.995262300E-08 8.538327741E+02
8.20000E-01 1.000000000E-06 1.022048645E+04
8.20000E-01 1.000000000E-07 3.589060152E+05
8.20000E-01 1.000000000E-08 5.338573180E+01
8.20000E-01 2.238721139E-06 4.370495100E-10
8.20000E-01 2.511886400E-06 1.196615300E-14
8.20000E-01 2.511886400E-07 2.938115170E+06
8.20000E-01 2.511886400E-08 2.321891935E+03
8.20000E-01 2.818382931E-06 3.607402400E-21
8.20000E-01 3.162277700E-07 3.399904554E+06
8.20000E-01 3.162277700E-08 5.245119736E+03
8.20000E-01 3.162277700E-09 5.185960292E-01
8.20000E-01 3.981071700E-07 3.004894040E+06
8.20000E-01 3.981071700E-08 1.288898266E+04
8.20000E-01 3.981071700E-09 1.352483897E+00
8.20000E-01 5.011872300E-07 1.838359095E+06
8.20000E-01 5.011872300E-08 3.175811025E+04
8.20000E-01 5.011872300E-09 3.386853682E+00
8.20000E-01 6.309573400E-07 6.994626410E+05
8.20000E-01 6.309573400E-08 7.360090072E+04
8.20000E-01 6.309573400E-09 8.638180850E+00
8.20000E-01 7.943282300E-07 1.410073642E+05
8.20000E-01 7.943282300E-08 1.770583122E+05
8.20000E-01 7.943282300E-09 2.210665451E+01
8.30000E-01 1.122018454E-06 2.290606617E+03
8.30000E-01 1.258925400E-06 9.640237708E+01
8.30000E-01 1.258925400E-07 5.764792182E+05
8.30000E-01 1.258925400E-08 1.069262151E+02
8.30000E-01 1.412537545E-06 9.524626100E+00
8.30000E-01 1.584893200E-06 2.557765900E-01
8.30000E-01 1.584893200E-07 1.038160772E+06
8.30000E-01 1.584893200E-08 2.587633347E+02
8.30000E-01 1.778279410E-06 1.631968101E-03
8.30000E-01 1.995262300E-06 5.367167500E-06
8.30000E-01 1.995262300E-07 1.613614257E+06
8.30000E-01 1.995262300E-08 6.106188576E+02
8.30000E-01 1.000000000E-06 1.074782123E+04
8.30000E-01 1.000000000E-07 2.730079891E+05
8.30000E-01 1.000000000E-08 4.090091159E+01
8.30000E-01 2.238721139E-06 2.333044600E-09
8.30000E-01 2.511886400E-06 4.432929500E-14
8.30000E-01 2.511886400E-07 2.259443478E+06
8.30000E-01 2.511886400E-08 1.480226083E+03
8.30000E-01 2.818382931E-06 1.507573300E-20
8.30000E-01 3.162277700E-07 2.765159863E+06
8.30000E-01 3.162277700E-08 3.747709938E+03
8.30000E-01 3.162277700E-09 3.949321505E-01
8.30000E-01 3.981071700E-07 2.648517179E+06
8.30000E-01 3.981071700E-08 9.606542858E+03
8.30000E-01 3.981071700E-09 9.752653145E-01
8.30000E-01 5.011872300E-07 1.628765902E+06
8.30000E-01 5.011872300E-08 2.356747859E+04
8.30000E-01 5.011872300E-09 2.500448553E+00
8.30000E-01 6.309573400E-07 7.045839069E+05
8.30000E-01 6.309573400E-08 5.356654305E+04
8.30000E-01 6.309573400E-09 5.989734936E+00
8.30000E-01 7.943282300E-07 1.433595367E+05
8.30000E-01 7.943282300E-08 1.266973529E+05
8.30000E-01 7.943282300E-09 1.461834338E+01
8.40000E-01 1.258925400E-06 4.388115505E+02
8.40000E-01 1.258925400E-07 4.365612600E+05
8.40000E-01 1.258925400E-08 7.273273915E+01
8.40000E-01 1.584893200E-06 5.430728300E-01
8.40000E-01 1.584893200E-07 8.683928753E+05
8.40000E-01 1.584893200E-08 1.780259764E+02
8.40000E-01 1.995262300E-06 3.497341500E-05
8.40000E-01 1.995262300E-07 1.323541105E+06
8.40000E-01 1.995262300E-08 4.669516390E+02
8.40000E-01 1.000000000E-06 1.312562319E+04
8.40000E-01 1.000000000E-07 2.113700770E+05
8.40000E-01 1.000000000E-08 3.010475190E+01
8.40000E-01 2.511886400E-06 2.058968100E-12
8.40000E-01 2.511886400E-07 2.050763186E+06
8.40000E-01 2.511886400E-08 1.209672777E+03
8.40000E-01 3.162277700E-07 2.383969509E+06
8.40000E-01 3.162277700E-08 2.937847879E+03
8.40000E-01 3.162277700E-09 2.945336519E-01
8.40000E-01 3.981071700E-07 2.435455273E+06
8.40000E-01 3.981071700E-08 7.254025676E+03
8.40000E-01 5.011872300E-07 1.464663768E+06
8.40000E-01 5.011872300E-08 1.765448682E+04
8.40000E-01 6.309573400E-07 8.249368846E+05
8.40000E-01 6.309573400E-08 4.044121717E+04
8.40000E-01 6.309573400E-09 4.808375214E+00
8.40000E-01 7.943282300E-07 1.715071945E+05
8.40000E-01 7.943282300E-08 9.539069488E+04
8.40000E-01 7.943282300E-09 1.183704825E+01
8.50000E-01 1.258925400E-06 8.196697270E+02
8.50000E-01 1.258925400E-07 3.530348742E+05
8.50000E-01 1.258925400E-08 5.809179187E+01
8.50000E-01 1.584893200E-06 3.656748012E+00
8.50000E-01 1.584893200E-07 6.704416046E+05
8.50000E-01 1.584893200E-08 1.430954236E+02
8.50000E-01 1.995262300E-06 6.039683300E-04
8.50000E-01 1.995262300E-07 1.112014749E+06
8.50000E-01 1.995262300E-08 3.608781253E+02
8.50000E-01 1.000000000E-06 2.700306961E+04
8.50000E-01 1.000000000E-07 1.558972356E+05
8.50000E-01 1.000000000E-08 2.129520959E+01
8.50000E-01 2.511886400E-06 4.800694400E-10
8.50000E-01 2.511886400E-07 1.715507661E+06
8.50000E-01 2.511886400E-08 9.074172771E+02
8.50000E-01 3.162277700E-06 1.321290100E-20
8.50000E-01 3.162277700E-08 2.143083627E+03
8.50000E-01 3.162277700E-09 2.215251729E-01
8.50000E-01 3.981071700E-07 2.228941289E+06
8.50000E-01 3.981071700E-08 5.265297259E+03
8.50000E-01 3.981071700E-09 5.617719228E-01
8.50000E-01 5.011872300E-07 1.619566944E+06
8.50000E-01 5.011872300E-08 1.262124950E+04
8.50000E-01 5.011872300E-09 1.422413396E+00
8.50000E-01 6.309573400E-07 8.289192236E+05
8.50000E-01 6.309573400E-08 3.129399451E+04
8.50000E-01 6.309573400E-09 3.505357959E+00
8.50000E-01 7.943282300E-07 2.143694674E+05
8.50000E-01 7.943282300E-08 7.180236873E+04
8.50000E-01 7.943282300E-09 8.869132768E+00
8.60000E-01 1.122018454E-06 4.241382904E+03
8.60000E-01 1.258925400E-06 3.659198100E+02
8.60000E-01 1.258925400E-07 2.786615955E+05
8.60000E-01 1.258925400E-08 5.145432540E+01
8.60000E-01 1.412537545E-06 3.987091012E+01
8.60000E-01 1.584893200E-06 1.537657000E+00
8.60000E-01 1.584893200E-07 5.620502406E+05
8.60000E-01 1.584893200E-08 1.266698623E+02
8.60000E-01 1.778279410E-06 1.164276100E-02
8.60000E-01 1.995262300E-06 7.514544100E-05
8.60000E-01 1.995262300E-07 9.281883872E+05
8.60000E-01 1.995262300E-08 3.121239619E+02
8.60000E-01 1.000000000E-06 1.720961255E+04
8.60000E-01 1.000000000E-07 1.428673783E+05
8.60000E-01 1.000000000E-08 2.009487997E+01
8.60000E-01 2.238721139E-06 4.791747900E-07
8.60000E-01 2.511886400E-06 6.094859500E-11
8.60000E-01 2.511886400E-07 1.397178613E+06
8.60000E-01 2.511886400E-08 7.465370225E+02
8.60000E-01 2.818382931E-06 9.229518100E-16
8.60000E-01 3.162277700E-06 1.403167500E-21
8.60000E-01 3.162277700E-07 1.709647375E+06
8.60000E-01 3.162277700E-08 1.916329923E+03
8.60000E-01 3.162277700E-09 2.028163219E-01
8.60000E-01 3.981071700E-07 1.670554098E+06
8.60000E-01 3.981071700E-08 4.735071282E+03
8.60000E-01 3.981071700E-09 4.890643109E-01
8.60000E-01 5.011872300E-07 1.329687482E+06
8.60000E-01 5.011872300E-08 1.200546120E+04
8.60000E-01 5.011872300E-09 1.260977678E+00
8.60000E-01 6.309573400E-07 6.129936370E+05
8.60000E-01 6.309573400E-08 2.794680959E+04
8.60000E-01 6.309573400E-09 3.035937185E+00
8.60000E-01 7.943282300E-07 1.565140377E+05
8.60000E-01 7.943282300E-08 6.210839906E+04
8.60000E-01 7.943282300E-09 7.734220301E+00
8.70000E-01 1.122018454E-06 8.133211253E+03
8.70000E-01 1.258925400E-06 1.443619801E+03
8.70000E-01 1.258925400E-07 2.335406020E+05
8.70000E-01 1.258925400E-08 3.686398694E+01
8.70000E-01 1.412537545E-06 1.608892701E+02
8.70000E-01 1.584893200E-06 8.611423100E+00
8.70000E-01 1.584893200E-07 4.882704416E+05
8.70000E-01 1.584893200E-08 9.553970677E+01
8.70000E-01 1.778279410E-06 1.759806901E-01
8.70000E-01 1.995262300E-06 2.197978600E-03
8.70000E-01 1.995262300E-07 8.229726862E+05
8.70000E-01 1.995262300E-08 2.279656693E+02
8.70000E-01 1.000000000E-06 3.732835455E+04
8.70000E-01 1.000000000E-07 1.103367958E+05
8.70000E-01 1.000000000E-08 1.512108269E+01
8.70000E-01 2.238721139E-06 1.127157800E-05
8.70000E-01 2.511886400E-06 9.065380000E-09
8.70000E-01 2.511886400E-07 1.323135980E+06
8.70000E-01 2.511886400E-08 5.860601134E+02
8.70000E-01 2.818382931E-06 1.230903800E-12
8.70000E-01 3.162277700E-06 5.515813600E-19
8.70000E-01 3.162277700E-07 1.725321836E+06
8.70000E-01 3.162277700E-08 1.516064509E+03
8.70000E-01 3.162277700E-09 1.587826852E-01
8.70000E-01 3.981071700E-08 3.690554665E+03
8.70000E-01 3.981071700E-09 3.957039167E-01
8.70000E-01 5.011872300E-07 1.417426934E+06
8.70000E-01 5.011872300E-08 9.010726907E+03
8.70000E-01 5.011872300E-09 9.397494440E-01
8.70000E-01 6.309573400E-07 6.970124026E+05
8.70000E-01 6.309573400E-08 2.229821979E+04
8.70000E-01 6.309573400E-09 2.317583560E+00
8.70000E-01 7.943282300E-07 3.066425897E+05
8.70000E-01 7.943282300E-08 5.069848236E+04
8.70000E-01 7.943282300E-09 5.810909135E+00
8.80000E-01 1.122018454E-06 1.033557309E+04
8.80000E-01 1.258925400E-06 1.894426805E+03
8.80000E-01 1.258925400E-07 2.100846999E+05
8.80000E-01 1.258925400E-08 3.308705429E+01
8.80000E-01 1.412537545E-06 1.792944201E+02
8.80000E-01 1.584893200E-06 1.257098310E+01
8.80000E-01 1.584893200E-07 4.076367025E+05
8.80000E-01 1.778279410E-06 2.132560700E-01
8.80000E-01 1.995262300E-07 7.002233553E+05
8.80000E-01 1.995262300E-08 1.951458818E+02
8.80000E-01 1.000000000E-06 3.725623385E+04
8.80000E-01 1.000000000E-07 9.198301453E+04
8.80000E-01 1.000000000E-08 1.336323256E+01
8.80000E-01 2.238721139E-06 4.912096400E-06
8.80000E-01 2.511886400E-06 7.887405900E-09
8.80000E-01 2.511886400E-07 1.119542794E+06
8.80000E-01 2.511886400E-08 4.774646444E+02
8.80000E-01 2.818382931E-06 6.650067900E-13
8.80000E-01 3.162277700E-06 1.213870900E-16
8.80000E-01 3.162277700E-07 1.559171111E+06
8.80000E-01 3.162277700E-08 1.287656931E+03
8.80000E-01 3.162277700E-09 1.274780026E-01
8.80000E-01 3.548133892E-06 1.169258600E-23
8.80000E-01 3.981071700E-07 1.627991237E+06
8.80000E-01 3.981071700E-08 2.932455735E+03
8.80000E-01 3.981071700E-09 3.434689382E-01
8.80000E-01 5.011872300E-07 1.333855176E+06
8.80000E-01 5.011872300E-08 7.469398299E+03
8.80000E-01 5.011872300E-09 7.646966843E-01
8.80000E-01 6.309573400E-07 7.930581747E+05
8.80000E-01 6.309573400E-08 1.737197758E+04
8.80000E-01 6.309573400E-09 2.037158408E+00
8.80000E-01 7.943282300E-07 2.209908792E+05
8.80000E-01 7.943282300E-08 4.312676845E+04
8.80000E-01 7.943282300E-09 5.386429823E+00
8.90000E-01 1.122018454E-06 1.604116007E+04
8.90000E-01 1.258925400E-06 3.069539901E+03
8.90000E-01 1.258925400E-07 1.839655210E+05
8.90000E-01 1.258925400E-08 2.680689024E+01
8.90000E-01 1.412537545E-06 3.070341270E+02
8.90000E-01 1.584893200E-06 2.814960411E+01
8.90000E-01 1.584893200E-07 3.595340539E+05
8.90000E-01 1.584893200E-08 6.904681422E+01
8.90000E-01 1.778279410E-06 1.296070302E+00
8.90000E-01 1.995262300E-06 5.275872300E-03
8.90000E-01 1.995262300E-07 6.327203949E+05
8.90000E-01 1.995262300E-08 1.777313593E+02
8.90000E-01 1.000000000E-06 4.579083920E+04
8.90000E-01 1.000000000E-07 8.813948441E+04
8.90000E-01 1.000000000E-08 9.909738343E+00
8.90000E-01 2.238721139E-06 1.070174800E-04
8.90000E-01 2.511886400E-06 9.754883000E-08
8.90000E-01 2.511886400E-07 1.008766430E+06
8.90000E-01 2.511886400E-08 4.370348985E+02
8.90000E-01 2.818382931E-06 2.600071500E-11
8.90000E-01 3.162277700E-06 5.189543800E-16
8.90000E-01 3.162277700E-07 1.432520903E+06
8.90000E-01 3.162277700E-08 1.039456134E+03
8.90000E-01 3.162277700E-09 1.089374382E-01
8.90000E-01 3.548133892E-06 7.527376000E-23
8.90000E-01 3.981071700E-07 1.477383203E+06
8.90000E-01 3.981071700E-08 2.630829914E+03
8.90000E-01 3.981071700E-09 2.673788127E-01
8.90000E-01 5.011872300E-07 1.360391674E+06
8.90000E-01 5.011872300E-08 6.274499653E+03
8.90000E-01 5.011872300E-09 6.714446472E-01
8.90000E-01 6.309573400E-07 8.409753642E+05
8.90000E-01 6.309573400E-08 1.559507600E+04
8.90000E-01 6.309573400E-09 1.601103376E+00
8.90000E-01 7.943282300E-07 3.345805738E+05
8.90000E-01 7.943282300E-08 3.525105234E+04
8.90000E-01 7.943282300E-09 4.140354623E+00
8.00000E-01 1.122018454E-06 4.097543100E+02
8.00000E-01 1.412537545E-06 3.493721200E-01
8.00000E-01 1.778279410E-06 1.623380200E-06
8.00000E-01 2.238721139E-06 4.285875600E-13
8.00000E-01 2.818382931E-06 2.307430300E-26
9.00000E-01 1.258925400E-06 2.132668203E+03
9.00000E-01 1.258925400E-07 1.602876345E+05
9.00000E-01 1.258925400E-08 2.438943212E+01
9.00000E-01 1.584893200E-06 1.810854800E+01
9.00000E-01 1.584893200E-07 3.222891918E+05
9.00000E-01 1.584893200E-08 6.092218868E+01
9.00000E-01 1.995262300E-06 1.821120700E-02
9.00000E-01 1.995262300E-07 5.856575875E+05
9.00000E-01 1.995262300E-08 1.476260535E+02
9.00000E-01 1.000000000E-06 5.030100231E+04
9.00000E-01 1.000000000E-07 7.608169266E+04
9.00000E-01 1.000000000E-08 9.625773865E+00
9.00000E-01 2.511886400E-06 1.050594600E-07
9.00000E-01 2.511886400E-07 9.148218387E+05
9.00000E-01 2.511886400E-08 3.690881776E+02
9.00000E-01 3.162277700E-06 7.275056148E-16
9.00000E-01 3.162277700E-07 1.263783519E+06
9.00000E-01 3.162277700E-08 9.327297638E+02
9.00000E-01 3.162277700E-09 9.305894152E-02
9.00000E-01 3.981071700E-07 1.490078794E+06
9.00000E-01 3.981071700E-08 2.265635875E+03
9.00000E-01 5.011872300E-07 1.132408261E+06
9.00000E-01 5.011872300E-08 5.484234138E+03
9.00000E-01 5.011872300E-09 5.918242907E-01
9.00000E-01 6.309573400E-07 7.970870029E+05
9.00000E-01 6.309573400E-08 1.331002793E+04
9.00000E-01 6.309573400E-09 1.507683845E+00
9.00000E-01 7.943282300E-07 3.329787233E+05
9.00000E-01 7.943282300E-08 3.099405994E+04
9.00000E-01 7.943282300E-09 3.601480747E+00
9.50000E-01 1.122018454E-06 1.475898700E+04
9.50000E-01 1.258925400E-07 9.664489133E+04
9.50000E-01 1.258925400E-08 1.461656047E+01
9.50000E-01 1.412537545E-06 6.305083900E+02
9.50000E-01 1.584893200E-06 2.612343500E+01
9.50000E-01 1.584893200E-07 1.921465420E+05
9.50000E-01 1.584893200E-08 3.582741908E+01
9.50000E-01 1.778279410E-06 2.400572700E+00
9.50000E-01 1.995262300E-06 3.055387400E-02
9.50000E-01 1.995262300E-07 3.706404826E+05
9.50000E-01 1.995262300E-08 8.812411980E+01
9.50000E-01 1.000000000E-06 4.936293601E+04
9.50000E-01 1.000000000E-07 4.642581677E+04
9.50000E-01 1.000000000E-08 6.057425483E+00
9.50000E-01 2.238721139E-06 1.103390100E-04
9.50000E-01 2.511886400E-06 1.436463700E-06
9.50000E-01 2.511886400E-07 6.067089128E+05
9.50000E-01 2.511886400E-08 2.339088870E+02
9.50000E-01 2.818382931E-06 1.048876500E-10
9.50000E-01 3.162277700E-07 7.910504025E+05
9.50000E-01 3.162277700E-08 5.477706670E+02
9.50000E-01 3.162277700E-09 5.820809174E-02
9.50000E-01 3.548133892E-06 2.009257400E-20
9.50000E-01 3.981071700E-06 1.899023900E-28
9.50000E-01 3.981071700E-07 1.005610302E+06
9.50000E-01 3.981071700E-08 1.357441638E+03
9.50000E-01 3.981071700E-09 1.464188947E-01
9.50000E-01 5.011872300E-07 8.879607508E+05
9.50000E-01 5.011872300E-08 3.571105993E+03
9.50000E-01 5.011872300E-09 3.743126216E-01
9.50000E-01 6.309573400E-07 5.577207603E+05
9.50000E-01 6.309573400E-08 8.159250285E+03
9.50000E-01 6.309573400E-09 8.949040503E-01
9.50000E-01 7.943282300E-07 2.489976900E+05
9.50000E-01 7.943282300E-08 1.895891140E+04
9.50000E-01 7.943282300E-09 2.327229275E+00
9.00000E-01 1.122018454E-06 1.558328003E+04
9.00000E-01 1.412537545E-06 3.596640603E+02
9.00000E-01 1.778279410E-06 1.695742000E+00
9.00000E-01 2.238721139E-06 1.595433900E-04
9.00000E-01 2.818382931E-06 2.803071200E-11
9.00000E-01 3.548133892E-06 1.234586200E-21
1.50000E+00 1.258925400E-06 7.454864747E-07
1.50000E+00 1.258925400E-07 4.248547751E+03
1.50000E+00 1.258925400E-08 1.107176117E+00
1.50000E+00 1.584893200E-06 5.447001512E-13
1.50000E+00 1.584893200E-07 6.272948555E+03
1.50000E+00 1.584893200E-08 2.915889701E+00
1.50000E+00 1.995262300E-06 1.608679800E-23
1.50000E+00 1.995262300E-07 8.211344444E+03
1.50000E+00 1.995262300E-08 7.372531740E+00
1.50000E+00 1.000000000E-06 1.087327127E-02
1.50000E+00 1.000000000E-08 4.879929100E-01
1.50000E+00 2.511886400E-07 8.410444849E+03
1.50000E+00 2.511886400E-08 1.755248346E+01
1.50000E+00 3.162277700E-07 6.594311475E+03
1.50000E+00 3.162277700E-08 4.350668583E+01
1.50000E+00 3.162277700E-09 4.829502363E-03
1.50000E+00 3.981071700E-07 3.319537165E+03
1.50000E+00 3.981071700E-08 1.051687454E+02
1.50000E+00 3.981071700E-09 1.196888657E-02
1.50000E+00 5.011872300E-07 1.011783804E+03
1.50000E+00 5.011872300E-08 2.461974496E+02
1.50000E+00 5.011872300E-09 2.970012082E-02
1.50000E+00 6.309573400E-07 9.251578916E+01
1.50000E+00 6.309573400E-08 5.176308352E+02
1.50000E+00 6.309573400E-09 7.582885897E-02
1.50000E+00 7.943282300E-07 2.623748009E+00
1.50000E+00 7.943282300E-08 1.233943604E+03
1.50000E+00 7.943282300E-09 1.924696118E-01
1.60000E+00 1.258925400E-06 1.452956812E-09
1.60000E+00 1.258925400E-07 1.425283983E+03
1.60000E+00 1.258925400E-08 4.521316034E-01
1.60000E+00 1.584893200E-06 1.561264002E-16
1.60000E+00 1.584893200E-07 2.043479975E+03
1.60000E+00 1.584893200E-08 1.170363414E+00
1.60000E+00 1.995262300E-06 1.343676505E-29
1.60000E+00 1.995262300E-07 2.403471749E+03
1.60000E+00 1.995262300E-08 2.903660946E+00
1.60000E+00 1.000000000E-06 2.076111175E-04
1.60000E+00 1.000000000E-07 8.451044054E+02
1.60000E+00 1.000000000E-08 1.966001829E-01
1.60000E+00 2.511886400E-07 2.339083631E+03
1.60000E+00 2.511886400E-08 7.292678774E+00
1.60000E+00 3.162277700E-07 1.729313895E+03
1.60000E+00 3.162277700E-08 1.748793844E+01
1.60000E+00 3.162277700E-09 1.988992343E-03
1.60000E+00 3.981071700E-08 4.430281987E+01
1.60000E+00 3.981071700E-09 4.911068356E-03
1.60000E+00 5.011872300E-07 1.251083353E+02
1.60000E+00 5.011872300E-08 9.101197240E+01
1.60000E+00 6.309573400E-07 1.019736597E+01
1.60000E+00 6.309573400E-08 2.077299008E+02
1.60000E+00 6.309573400E-09 3.191458480E-02
1.60000E+00 7.943282300E-07 1.692058797E-01
1.60000E+00 7.943282300E-08 4.326474752E+02
1.60000E+00 7.943282300E-09 8.090790584E-02
1.70000E+00 1.258925400E-07 5.766176772E+02
1.70000E+00 1.258925400E-08 2.242845115E-01
1.70000E+00 1.584893200E-06 1.224356590E-20
1.70000E+00 1.584893200E-07 8.116128755E+02
1.70000E+00 1.584893200E-08 5.838180819E-01
1.70000E+00 1.995262300E-07 9.364578137E+02
1.70000E+00 1.995262300E-08 1.359140287E+00
1.70000E+00 1.000000000E-06 1.299052437E-06
1.70000E+00 1.000000000E-07 3.499645294E+02
1.70000E+00 1.000000000E-08 9.377024710E-02
1.70000E+00 2.511886400E-07 8.848068765E+02
1.70000E+00 2.511886400E-08 3.146771662E+00
1.70000E+00 3.162277700E-07 4.232841552E+02
1.70000E+00 3.162277700E-08 8.501856310E+00
1.70000E+00 3.162277700E-09 8.688073390E-04
1.70000E+00 3.981071700E-07 1.392676061E+02
1.70000E+00 3.981071700E-08 1.913379824E+01
1.70000E+00 3.981071700E-09 2.226255076E-03
1.70000E+00 5.011872300E-07 1.861305779E+01
1.70000E+00 5.011872300E-08 4.263078175E+01
1.70000E+00 5.011872300E-09 5.824784080E-03
1.70000E+00 6.309573400E-07 7.167081878E-01
1.70000E+00 6.309573400E-08 9.841814840E+01
1.70000E+00 6.309573400E-09 1.412651646E-02
1.70000E+00 7.943282300E-08 1.982132750E+02
1.70000E+00 7.943282300E-09 3.765756530E-02
1.80000E+00 1.258925400E-06 2.920972072E-13
1.80000E+00 1.258925400E-07 2.754003022E+02
1.80000E+00 1.258925400E-08 1.127507680E-01
1.80000E+00 1.584893200E-06 1.088985300E-23
1.80000E+00 1.584893200E-07 3.306740299E+02
1.80000E+00 1.584893200E-08 2.743327276E-01
1.80000E+00 1.995262300E-07 3.799804330E+02
1.80000E+00 1.995262300E-08 7.206875570E-01
1.80000E+00 1.000000000E-06 1.288485085E-07
1.80000E+00 1.000000000E-07 1.744867367E+02
1.80000E+00 1.000000000E-08 4.354336710E-02
1.80000E+00 2.511886400E-07 3.323722788E+02
1.80000E+00 2.511886400E-08 1.618439653E+00
1.80000E+00 3.162277700E-07 1.758762739E+02
1.80000E+00 3.162277700E-08 4.068179570E+00
1.80000E+00 3.162277700E-09 4.476310820E-04
1.80000E+00 3.981071700E-07 5.387456481E+01
1.80000E+00 3.981071700E-08 8.946602740E+00
1.80000E+00 3.981071700E-09 1.141221834E-03
1.80000E+00 5.011872300E-07 4.945529792E+00
1.80000E+00 5.011872300E-08 2.210809802E+01
1.80000E+00 5.011872300E-09 2.785404908E-03
1.80000E+00 6.309573400E-07 3.508062363E-01
1.80000E+00 6.309573400E-08 4.544689650E+01
1.80000E+00 6.309573400E-09 7.001167150E-03
1.80000E+00 7.943282300E-07 1.202653074E-03
1.80000E+00 7.943282300E-08 9.404931760E+01
1.80000E+00 7.943282300E-09 1.703528344E-02
1.90000E+00 1.258925400E-06 3.639625140E-14
1.90000E+00 1.258925400E-07 1.398607515E+02
1.90000E+00 1.258925400E-08 5.753985720E-02
1.90000E+00 1.584893200E-06 1.649428573E-24
1.90000E+00 1.584893200E-07 1.842159082E+02
1.90000E+00 1.584893200E-08 1.421239707E-01
1.90000E+00 1.995262300E-07 1.938831839E+02
1.90000E+00 1.995262300E-08 3.410293390E-01
1.90000E+00 1.000000000E-06 2.892299562E-08
1.90000E+00 1.000000000E-08 2.248638050E-02
1.90000E+00 2.511886400E-07 1.767112411E+02
1.90000E+00 2.511886400E-08 8.493060170E-01
1.90000E+00 3.162277700E-07 8.950281703E+01
1.90000E+00 3.162277700E-08 2.054667372E+00
1.90000E+00 3.162277700E-09 2.399868930E-04
1.90000E+00 3.981071700E-07 2.613077521E+01
1.90000E+00 3.981071700E-09 5.752970300E-04
1.90000E+00 5.011872300E-07 3.585133761E+00
1.90000E+00 5.011872300E-08 1.020613549E+01
1.90000E+00 5.011872300E-09 1.380504796E-03
1.90000E+00 6.309573400E-07 1.015211064E-01
1.90000E+00 6.309573400E-08 2.413262136E+01
1.90000E+00 6.309573400E-09 3.734518410E-03
1.90000E+00 7.943282300E-07 5.202215118E-04
1.90000E+00 7.943282300E-08 4.689187110E+01
1.90000E+00 7.943282300E-09 9.101078500E-03
2.00000E+00 1.258925400E-06 6.424824189E-17
2.00000E+00 1.258925400E-07 7.113840490E+01
2.00000E+00 1.258925400E-08 3.670827650E-02
2.00000E+00 1.584893200E-06 1.380610004E-28
2.00000E+00 1.584893200E-07 8.865359070E+01
2.00000E+00 1.584893200E-08 8.636803440E-02
2.00000E+00 1.995262300E-07 9.265530410E+01
2.00000E+00 1.995262300E-08 2.027659490E-01
2.00000E+00 1.000000000E-06 1.051112727E-09
2.00000E+00 1.000000000E-07 4.820592580E+01
2.00000E+00 1.000000000E-08 1.458928500E-02
2.00000E+00 2.511886400E-07 6.564131179E+01
2.00000E+00 2.511886400E-08 5.137139890E-01
2.00000E+00 3.162277700E-07 3.012397364E+01
2.00000E+00 3.162277700E-08 1.283641238E+00
2.00000E+00 3.981071700E-07 6.757280394E+00
2.00000E+00 3.981071700E-09 3.812828810E-04
2.00000E+00 5.011872300E-07 5.127496233E-01
2.00000E+00 5.011872300E-08 6.579380320E+00
2.00000E+00 5.011872300E-09 8.858522420E-04
2.00000E+00 6.309573400E-07 1.292486073E-02
2.00000E+00 6.309573400E-08 1.380432638E+01
2.00000E+00 6.309573400E-09 2.248842780E-03
2.00000E+00 7.943282300E-07 2.144656420E-05
2.00000E+00 7.943282300E-08 2.950863940E+01
2.00000E+00 7.943282300E-09 5.107597190E-03
2.10000E+00 1.258925400E-06 2.860177952E-20
2.10000E+00 1.258925400E-07 4.043476830E+01
2.10000E+00 1.258925400E-08 2.421342960E-02
2.10000E+00 1.584893200E-06 5.047104741E-32
2.10000E+00 1.584893200E-07 4.701519660E+01
2.10000E+00 1.584893200E-08 5.956445660E-02
2.10000E+00 1.995262300E-07 4.432047770E+01
2.10000E+00 1.995262300E-08 1.428297640E-01
2.10000E+00 1.000000000E-06 1.701144664E-11
2.10000E+00 1.000000000E-07 2.786264760E+01
2.10000E+00 1.000000000E-08 9.717622100E-03
2.10000E+00 2.511886400E-07 2.843249253E+01
2.10000E+00 2.511886400E-08 3.337330430E-01
2.10000E+00 3.162277700E-07 1.037671387E+01
2.10000E+00 3.162277700E-08 8.135473700E-01
2.10000E+00 3.162277700E-09 9.978063800E-05
2.10000E+00 3.981071700E-07 1.811415728E+00
2.10000E+00 3.981071700E-08 1.874099060E+00
2.10000E+00 5.011872300E-07 1.015840979E-01
2.10000E+00 5.011872300E-08 4.299218340E+00
2.10000E+00 5.011872300E-09 6.479825700E-04
2.10000E+00 6.309573400E-07 1.327227120E-03
2.10000E+00 6.309573400E-08 8.908446090E+00
2.10000E+00 6.309573400E-09 1.474262250E-03
2.10000E+00 7.943282300E-07 1.151992064E-06
2.10000E+00 7.943282300E-08 1.699040010E+01
2.20000E+00 1.258925400E-06 1.378227520E-23
2.20000E+00 1.258925400E-07 2.303818480E+01
2.20000E+00 1.258925400E-08 1.656533150E-02
2.20000E+00 1.584893200E-06 6.603144114E-37
2.20000E+00 1.584893200E-07 2.594700430E+01
2.20000E+00 1.584893200E-08 3.968735530E-02
2.20000E+00 1.995262300E-07 2.246881909E+01
2.20000E+00 1.995262300E-08 9.893595000E-02
2.20000E+00 1.000000000E-06 9.303016199E-14
2.20000E+00 1.000000000E-07 1.658322710E+01
2.20000E+00 1.000000000E-08 6.773669400E-03
2.20000E+00 2.511886400E-07 1.247026839E+01
2.20000E+00 2.511886400E-08 2.355662430E-01
2.20000E+00 3.162277700E-07 4.447618244E+00
2.20000E+00 3.162277700E-08 5.566898000E-01
2.20000E+00 3.162277700E-09 6.637885000E-05
2.20000E+00 3.981071700E-07 6.853957637E-01
2.20000E+00 3.981071700E-08 1.295552080E+00
2.20000E+00 3.981071700E-09 1.678608950E-04
2.20000E+00 5.011872300E-07 2.431566567E-02
2.20000E+00 5.011872300E-08 2.738029480E+00
2.20000E+00 5.011872300E-09 4.306204050E-04
2.20000E+00 6.309573400E-07 2.045175212E-04
2.20000E+00 6.309573400E-08 5.824077720E+00
2.20000E+00 6.309573400E-09 1.055467620E-03
2.20000E+00 7.943282300E-07 3.987226263E-08
2.20000E+00 7.943282300E-08 1.072664660E+01
2.20000E+00 7.943282300E-09 2.646191190E-03
2.30000E+00 1.258925400E-06 6.205850970E-26
2.30000E+00 1.258925400E-07 1.302712170E+01
2.30000E+00 1.258925400E-08 1.143527370E-02
2.30000E+00 1.584893200E-06 3.352446726E-40
2.30000E+00 1.584893200E-07 1.541666780E+01
2.30000E+00 1.584893200E-08 2.716311990E-02
2.30000E+00 1.995262300E-07 1.171996340E+01
2.30000E+00 1.995262300E-08 6.659201200E-02
2.30000E+00 1.000000000E-06 4.047272078E-15
2.30000E+00 1.000000000E-07 1.028709160E+01
2.30000E+00 1.000000000E-08 4.965141400E-03
2.30000E+00 2.511886400E-07 7.358310470E+00
2.30000E+00 2.511886400E-08 1.664944160E-01
2.30000E+00 3.162277700E-07 2.102501586E+00
2.30000E+00 3.162277700E-08 3.894019260E-01
2.30000E+00 3.162277700E-09 4.459927200E-05
2.30000E+00 3.981071700E-07 2.607327144E-01
2.30000E+00 3.981071700E-08 8.305701100E-01
2.30000E+00 3.981071700E-09 1.198153420E-04
2.30000E+00 5.011872300E-07 1.009207817E-02
2.30000E+00 5.011872300E-08 1.833833980E+00
2.30000E+00 5.011872300E-09 2.743380020E-04
2.30000E+00 6.309573400E-07 6.115036611E-06
2.30000E+00 6.309573400E-08 3.942449070E+00
2.30000E+00 6.309573400E-09 7.256280200E-04
2.30000E+00 7.943282300E-07 1.803647830E-09
2.30000E+00 7.943282300E-08 6.396420360E+00
2.30000E+00 7.943282300E-09 2.004728960E-03
2.40000E+00 1.258925400E-06 1.149847200E-27
2.40000E+00 1.258925400E-07 8.689813420E+00
2.40000E+00 1.258925400E-08 8.830839500E-03
2.40000E+00 1.584893200E-07 8.895487030E+00
2.40000E+00 1.584893200E-08 2.147396640E-02
2.40000E+00 1.995262300E-07 7.091817930E+00
2.40000E+00 1.995262300E-08 5.064209900E-02
2.40000E+00 1.000000000E-06 1.492359759E-16
2.40000E+00 1.000000000E-07 6.785645240E+00
2.40000E+00 1.000000000E-08 3.361763720E-03
2.40000E+00 2.511886400E-07 2.807604730E+00
2.40000E+00 2.511886400E-08 1.226218850E-01
2.40000E+00 3.162277700E-07 7.574165110E-01
2.40000E+00 3.162277700E-08 2.766796010E-01
2.40000E+00 3.162277700E-09 3.381954900E-05
2.40000E+00 3.981071700E-07 7.997211560E-02
2.40000E+00 3.981071700E-08 6.258305600E-01
2.40000E+00 3.981071700E-09 8.977482400E-05
2.40000E+00 5.011872300E-07 1.763705734E-03
2.40000E+00 5.011872300E-08 1.290056240E+00
2.40000E+00 5.011872300E-09 2.216127040E-04
2.40000E+00 6.309573400E-07 4.686832381E-06
2.40000E+00 6.309573400E-08 2.379587970E+00
2.40000E+00 6.309573400E-09 5.673743700E-04
2.40000E+00 7.943282300E-07 2.400290266E-10
2.40000E+00 7.943282300E-08 4.475857250E+00
2.40000E+00 7.943282300E-09 1.440543190E-03
2.50000E+00 1.258925400E-06 6.037413002E-30
2.50000E+00 1.258925400E-07 5.352755820E+00
2.50000E+00 1.258925400E-08 6.263856300E-03
2.50000E+00 1.584893200E-07 5.595558010E+00
2.50000E+00 1.584893200E-08 1.682697200E-02
2.50000E+00 1.995262300E-07 3.410158460E+00
2.50000E+00 1.995262300E-08 3.760745000E-02
2.50000E+00 1.000000000E-06 4.238566761E-19
2.50000E+00 1.000000000E-07 4.519093370E+00
2.50000E+00 1.000000000E-08 2.624892260E-03
2.50000E+00 2.511886400E-07 1.345488127E+00
2.50000E+00 2.511886400E-08 8.810029200E-02
2.50000E+00 3.162277700E-07 3.304173388E-01
2.50000E+00 3.162277700E-08 2.081543180E-01
2.50000E+00 3.162277700E-09 2.623579990E-05
2.50000E+00 3.981071700E-07 2.313241759E-02
2.50000E+00 3.981071700E-08 4.624482900E-01
2.50000E+00 3.981071700E-09 6.781472300E-05
2.50000E+00 5.011872300E-07 4.046231443E-04
2.50000E+00 5.011872300E-08 9.845050900E-01
2.50000E+00 5.011872300E-09 1.690139270E-04
2.50000E+00 6.309573400E-07 5.708944116E-07
2.50000E+00 6.309573400E-08 1.816110570E+00
2.50000E+00 6.309573400E-09 4.384925800E-04
2.50000E+00 7.943282300E-07 1.888307493E-11
2.50000E+00 7.943282300E-08 3.150713060E+00
2.50000E+00 7.943282300E-09 1.002132420E-03
2.60000E+00 1.258925400E-06 5.296628702E-34
2.60000E+00 1.258925400E-07 3.595895240E+00
2.60000E+00 1.258925400E-08 5.211496500E-03
2.60000E+00 1.584893200E-07 3.562621710E+00
2.60000E+00 1.584893200E-08 1.239467890E-02
2.60000E+00 1.995262300E-07 1.889790280E+00
2.60000E+00 1.995262300E-08 2.890256200E-02
2.60000E+00 1.000000000E-06 2.731442217E-20
2.60000E+00 1.000000000E-07 3.110433820E+00
2.60000E+00 1.000000000E-08 2.029414230E-03
2.60000E+00 2.511886400E-07 7.898207690E-01
2.60000E+00 2.511886400E-08 6.624502100E-02
2.60000E+00 3.162277700E-07 1.436061748E-01
2.60000E+00 3.162277700E-08 1.507474120E-01
2.60000E+00 3.162277700E-09 2.184769710E-05
2.60000E+00 3.981071700E-07 1.029977334E-02
2.60000E+00 3.981071700E-08 3.525495100E-01
2.60000E+00 5.011872300E-07 1.089317620E-04
2.60000E+00 5.011872300E-08 7.289485700E-01
2.60000E+00 5.011872300E-09 1.289520960E-04
2.60000E+00 6.309573400E-07 3.104518143E-08
2.60000E+00 6.309573400E-08 1.328540540E+00
2.60000E+00 6.309573400E-09 3.299637700E-04
2.60000E+00 7.943282300E-07 5.639203822E-13
2.60000E+00 7.943282300E-08 2.122375300E+00
2.60000E+00 7.943282300E-09 8.113447200E-04
2.70000E+00 1.258925400E-06 1.048732503E-34
2.70000E+00 1.258925400E-07 2.490497680E+00
2.70000E+00 1.258925400E-08 3.857096800E-03
2.70000E+00 1.584893200E-07 2.133581900E+00
2.70000E+00 1.584893200E-08 9.788592500E-03
2.70000E+00 1.995262300E-07 1.450034390E+00
2.70000E+00 1.995262300E-08 2.325963400E-02
2.70000E+00 1.000000000E-06 1.216390398E-22
2.70000E+00 1.000000000E-07 2.180579690E+00
2.70000E+00 1.000000000E-08 1.723322110E-03
2.70000E+00 2.511886400E-07 5.021996750E-01
2.70000E+00 2.511886400E-08 5.737133200E-02
2.70000E+00 3.162277700E-07 9.427240460E-02
2.70000E+00 3.162277700E-08 1.243149370E-01
2.70000E+00 3.162277700E-09 1.791768720E-05
2.70000E+00 3.981071700E-07 2.937782737E-03
2.70000E+00 3.981071700E-08 2.704713600E-01
2.70000E+00 3.981071700E-09 4.271760600E-05
2.70000E+00 5.011872300E-07 3.334702986E-05
2.70000E+00 5.011872300E-08 5.388926000E-01
2.70000E+00 5.011872300E-09 1.071096360E-04
2.70000E+00 6.309573400E-07 1.898083571E-08
2.70000E+00 6.309573400E-08 9.600591600E-01
2.70000E+00 6.309573400E-09 2.620337000E-04
2.70000E+00 7.943282300E-07 3.596784354E-14
2.70000E+00 7.943282300E-08 1.633244030E+00
2.70000E+00 7.943282300E-09 6.689447000E-04
2.80000E+00 1.258925400E-06 7.937281290E-37
2.80000E+00 1.258925400E-07 1.726626680E+00
2.80000E+00 1.258925400E-08 3.251671300E-03
2.80000E+00 1.584893200E-07 1.433947160E+00
2.80000E+00 1.584893200E-08 7.713019400E-03
2.80000E+00 1.995262300E-07 9.318297770E-01
2.80000E+00 1.995262300E-08 1.981233230E-02
2.80000E+00 1.000000000E-06 2.733920698E-23
2.80000E+00 1.000000000E-07 1.567679020E+00
2.80000E+00 1.000000000E-08 1.303176060E-03
2.80000E+00 2.511886400E-08 4.469679900E-02
2.80000E+00 3.162277700E-07 4.607585790E-02
2.80000E+00 3.162277700E-08 9.805062900E-02
2.80000E+00 3.162277700E-09 1.350295260E-05
2.80000E+00 3.981071700E-07 1.747494874E-03
2.80000E+00 3.981071700E-08 2.044954580E-01
2.80000E+00 5.011872300E-07 1.144130471E-05
2.80000E+00 5.011872300E-08 4.238001200E-01
2.80000E+00 5.011872300E-09 8.492255200E-05
2.80000E+00 6.309573400E-08 7.436292700E-01
2.80000E+00 6.309573400E-09 2.059195800E-04
2.80000E+00 7.943282300E-07 2.534193997E-14
2.80000E+00 7.943282300E-08 1.194693130E+00
2.80000E+00 7.943282300E-09 5.293264500E-04
2.90000E+00 1.258925400E-07 1.175576360E+00
2.90000E+00 1.258925400E-08 2.804819100E-03
2.90000E+00 1.584893200E-07 1.003324380E+00
2.90000E+00 1.584893200E-08 6.213867600E-03
2.90000E+00 1.995262300E-07 5.120772890E-01
2.90000E+00 1.995262300E-08 1.514453910E-02
2.90000E+00 1.000000000E-06 3.963274731E-25
2.90000E+00 1.000000000E-07 1.088063840E+00
2.90000E+00 1.000000000E-08 1.111223850E-03
2.90000E+00 2.511886400E-07 1.574454250E-01
2.90000E+00 2.511886400E-08 3.783448100E-02
2.90000E+00 3.162277700E-07 1.798883277E-02
2.90000E+00 3.162277700E-08 8.233447600E-02
2.90000E+00 3.162277700E-09 1.196486180E-05
2.90000E+00 3.981071700E-07 8.711920450E-04
2.90000E+00 3.981071700E-08 1.718669350E-01
2.90000E+00 3.981071700E-09 3.035122600E-05
2.90000E+00 5.011872300E-07 2.659401852E-06
2.90000E+00 5.011872300E-08 3.249852600E-01
2.90000E+00 5.011872300E-09 7.480609500E-05
2.90000E+00 6.309573400E-07 6.539672298E-10
2.90000E+00 6.309573400E-08 5.791214900E-01
2.90000E+00 6.309573400E-09 1.784023090E-04
2.90000E+00 7.943282300E-07 2.948929330E-16
2.90000E+00 7.943282300E-08 8.659625100E-01
