2.00000E-03 1.258925400E-04 3.341324723E+11
2.00000E-03 1.584893200E-04 3.864582444E+11
2.00000E-03 1.995262300E-04 3.508963912E+11
2.00000E-03 1.000000000E-04 2.720951245E+11
2.00000E-03 2.511886400E-04 2.778135953E+11
2.00000E-03 3.162277700E-04 2.003476942E+11
2.00000E-03 1.000000000E-03 4.672806103E+08
2.00000E-03 3.162277700E-03 8.663433200E-18
2.00000E-03 1.258925400E-05 6.943780333E+08
2.00000E-03 1.258925400E-06 7.998236257E+04
2.00000E-03 1.258925400E-07 8.473755382E+00
2.00000E-03 1.258925400E-08 8.205399528E-04
2.00000E-03 1.258925400E-09 7.605425280E-08
2.00000E-03 1.584893200E-05 1.859190501E+09
2.00000E-03 1.584893200E-06 1.846451453E+05
2.00000E-03 1.584893200E-07 2.069630785E+01
2.00000E-03 1.584893200E-08 1.969224014E-03
2.00000E-03 1.584893200E-09 1.954764822E-07
2.00000E-03 1.995262300E-05 4.053696381E+09
2.00000E-03 1.995262300E-06 5.498705897E+05
2.00000E-03 1.995262300E-07 4.672325274E+01
2.00000E-03 1.995262300E-08 5.009522279E-03
2.00000E-03 1.995262300E-09 5.036920173E-07
2.00000E-03 1.000000000E-05 3.288301254E+08
2.00000E-03 1.000000000E-06 3.325233274E+04
2.00000E-03 1.000000000E-07 3.131367818E+00
2.00000E-03 1.000000000E-08 3.117175822E-04
2.00000E-03 1.000000000E-09 3.028255098E-08
2.00000E-03 2.511886400E-05 1.008622605E+10
2.00000E-03 2.511886400E-06 1.332412778E+06
2.00000E-03 2.511886400E-07 1.299276961E+02
2.00000E-03 2.511886400E-08 1.195152198E-02
2.00000E-03 2.511886400E-09 1.319550546E-06
2.00000E-03 3.162277700E-05 2.080578646E+10
2.00000E-03 3.162277700E-06 2.956511062E+06
2.00000E-03 3.162277700E-07 3.348571469E+02
2.00000E-03 3.162277700E-08 2.910704044E-02
2.00000E-03 3.162277700E-09 3.039318530E-06
2.00000E-03 3.981071700E-05 4.116702726E+10
2.00000E-03 3.981071700E-06 7.930872029E+06
2.00000E-03 3.981071700E-07 8.548511678E+02
2.00000E-03 3.981071700E-08 7.950766413E-02
2.00000E-03 3.981071700E-09 8.028179256E-06
2.00000E-03 5.011872300E-05 7.741241128E+10
2.00000E-03 5.011872300E-06 1.942701739E+07
2.00000E-03 5.011872300E-07 1.692566205E+03
2.00000E-03 5.011872300E-08 1.879228140E-01
2.00000E-03 5.011872300E-09 2.087731351E-05
2.00000E-03 6.309573400E-05 1.359866500E+11
2.00000E-03 6.309573400E-06 5.049774862E+07
2.00000E-03 6.309573400E-07 4.962733278E+03
2.00000E-03 6.309573400E-08 5.064914585E-01
2.00000E-03 6.309573400E-09 4.660758233E-05
2.00000E-03 7.943282300E-05 2.007662915E+11
2.00000E-03 7.943282300E-06 1.218170641E+08
2.00000E-03 7.943282300E-07 1.121207485E+04
2.00000E-03 7.943282300E-08 1.233553103E+00
2.00000E-03 7.943282300E-09 1.234408262E-04
5.00000E-03 1.258925400E-04 3.006611013E+10
5.00000E-03 1.584893200E-04 1.563150214E+10
5.00000E-03 1.995262300E-04 9.554598315E+09
5.00000E-03 2.511886400E-04 3.752524695E+09
5.00000E-03 3.162277700E-04 6.831212162E+08
5.00000E-03 1.000000000E-03 6.465142753E-08
5.00000E-03 1.258925400E-06 4.328544521E+05
5.00000E-03 1.258925400E-07 4.749404432E+01
5.00000E-03 1.258925400E-08 4.958697022E-03
5.00000E-03 1.258925400E-09 4.924978201E-07
5.00000E-03 1.584893200E-05 5.705393660E+09
5.00000E-03 1.584893200E-06 1.242409342E+06
5.00000E-03 1.584893200E-07 1.211348973E+02
5.00000E-03 1.584893200E-08 1.167933155E-02
5.00000E-03 1.584893200E-09 1.284844248E-06
5.00000E-03 1.995262300E-05 1.148611895E+10
5.00000E-03 1.995262300E-06 3.144559968E+06
5.00000E-03 1.995262300E-07 3.054791621E+02
5.00000E-03 1.995262300E-08 3.054774391E-02
5.00000E-03 1.995262300E-09 2.961420665E-06
5.00000E-03 1.000000000E-05 1.485774353E+09
5.00000E-03 1.000000000E-06 1.993053649E+05
5.00000E-03 1.000000000E-07 1.931845310E+01
5.00000E-03 1.000000000E-08 1.832357554E-03
5.00000E-03 1.000000000E-09 1.971771536E-07
5.00000E-03 2.511886400E-05 1.950158383E+10
5.00000E-03 2.511886400E-06 8.461663224E+06
5.00000E-03 2.511886400E-07 7.622417919E+02
5.00000E-03 2.511886400E-08 8.412955923E-02
5.00000E-03 2.511886400E-09 7.694612560E-06
5.00000E-03 3.162277700E-05 2.969601866E+10
5.00000E-03 3.162277700E-06 1.905913410E+07
5.00000E-03 3.162277700E-07 1.907273542E+03
5.00000E-03 3.162277700E-08 1.917050927E-01
5.00000E-03 3.162277700E-09 2.010668398E-05
5.00000E-03 3.981071700E-05 4.278406484E+10
5.00000E-03 3.981071700E-06 4.661983960E+07
5.00000E-03 3.981071700E-07 4.881307590E+03
5.00000E-03 3.981071700E-08 4.744915166E-01
5.00000E-03 3.981071700E-09 4.490573871E-05
5.00000E-03 5.011872300E-05 5.056932358E+10
5.00000E-03 5.011872300E-06 1.044114290E+08
5.00000E-03 5.011872300E-07 1.234317857E+04
5.00000E-03 5.011872300E-08 1.323786500E+00
5.00000E-03 5.011872300E-09 1.305078336E-04
5.00000E-03 6.309573400E-05 5.458690375E+10
5.00000E-03 6.309573400E-06 2.586176299E+08
5.00000E-03 6.309573400E-07 3.221428752E+04
5.00000E-03 6.309573400E-08 3.220164591E+00
5.00000E-03 6.309573400E-09 2.954737464E-04
5.00000E-03 7.943282300E-05 4.952205913E+10
5.00000E-03 7.943282300E-06 6.000790561E+08
5.00000E-03 7.943282300E-07 7.618883147E+04
5.00000E-03 7.943282300E-08 7.846558474E+00
5.00000E-03 7.943282300E-09 7.218808068E-04
1.00000E-02 1.258925400E-04 7.189032544E+08
1.00000E-02 1.584893200E-04 1.282035883E+08
1.00000E-02 1.995262300E-04 1.440676896E+07
1.00000E-02 1.000000000E-04 1.765875433E+09
1.00000E-02 2.511886400E-04 4.104606714E+05
1.00000E-02 1.258925400E-05 4.798696772E+09
1.00000E-02 1.258925400E-06 1.827311445E+06
1.00000E-02 1.258925400E-07 1.845978933E+02
1.00000E-02 1.258925400E-08 1.957931471E-02
1.00000E-02 1.258925400E-09 2.055366632E-06
1.00000E-02 1.584893200E-06 4.835839004E+06
1.00000E-02 1.584893200E-07 4.830534040E+02
1.00000E-02 1.584893200E-08 4.696469776E-02
1.00000E-02 1.584893200E-09 5.109847162E-06
1.00000E-02 1.995262300E-05 1.028204153E+10
1.00000E-02 1.995262300E-06 1.185388960E+07
1.00000E-02 1.995262300E-07 1.322656103E+03
1.00000E-02 1.995262300E-08 1.108090949E-01
1.00000E-02 1.000000000E-05 2.962533471E+09
1.00000E-02 1.000000000E-07 9.142124933E+01
1.00000E-02 1.000000000E-08 7.939918792E-03
1.00000E-02 1.000000000E-09 8.088399327E-07
1.00000E-02 2.511886400E-05 1.268779305E+10
1.00000E-02 2.511886400E-06 2.876588779E+07
1.00000E-02 2.511886400E-07 2.759206082E+03
1.00000E-02 2.511886400E-08 3.588306100E-01
1.00000E-02 2.511886400E-09 3.128419600E-05
1.00000E-02 3.162277700E-05 1.471526317E+10
1.00000E-02 3.162277700E-06 6.566740619E+07
1.00000E-02 3.162277700E-08 3.801140822E-02
1.00000E-02 3.162277700E-09 7.126527842E-05
1.00000E-02 3.981071700E-05 1.296108193E+10
1.00000E-02 3.981071700E-06 1.476762240E+08
1.00000E-02 3.981071700E-07 1.980792122E+04
1.00000E-02 3.981071700E-08 1.654240670E+00
1.00000E-02 3.981071700E-09 1.902095283E-04
1.00000E-02 5.011872300E-05 1.097122613E+10
1.00000E-02 5.011872300E-06 3.606100402E+08
1.00000E-02 5.011872300E-07 4.764989978E+04
1.00000E-02 5.011872300E-08 4.754972593E+00
1.00000E-02 5.011872300E-09 5.076544565E-04
1.00000E-02 6.309573400E-05 9.214519662E+09
1.00000E-02 6.309573400E-06 7.050411060E+08
1.00000E-02 6.309573400E-07 1.198171497E+05
1.00000E-02 6.309573400E-08 1.244758672E+01
1.00000E-02 6.309573400E-09 1.221392186E-03
1.00000E-02 7.943282300E-05 5.426070643E+09
1.00000E-02 7.943282300E-06 1.442511119E+09
1.00000E-02 7.943282300E-07 3.039486691E+05
1.00000E-02 7.943282300E-08 3.099085275E+01
1.00000E-02 7.943282300E-09 3.092050824E-03
5.00000E-02 1.000000000E-04 4.955913462E-10
5.00000E-02 1.258925400E-06 2.264463909E+07
5.00000E-02 1.258925400E-08 3.325970297E-01
5.00000E-02 1.258925400E-09 3.362093220E-05
5.00000E-02 1.584893200E-05 1.464033959E+08
5.00000E-02 1.584893200E-06 4.379064913E+07
5.00000E-02 1.584893200E-07 7.862670294E+03
5.00000E-02 1.584893200E-08 8.440761287E-01
5.00000E-02 1.584893200E-09 7.832860868E-05
5.00000E-02 1.995262300E-05 6.452111885E+07
5.00000E-02 1.995262300E-06 7.972220311E+07
5.00000E-02 1.995262300E-07 2.175739191E+04
5.00000E-02 1.995262300E-08 2.104380355E+00
5.00000E-02 1.000000000E-05 3.422317642E+08
5.00000E-02 1.000000000E-07 1.276604629E+03
5.00000E-02 1.000000000E-08 1.232274947E-01
5.00000E-02 1.000000000E-09 1.305172884E-05
5.00000E-02 2.511886400E-05 2.957361590E+07
5.00000E-02 2.511886400E-06 1.415286285E+08
5.00000E-02 2.511886400E-07 5.012571510E+04
5.00000E-02 2.511886400E-09 5.338651068E-04
5.00000E-02 3.162277700E-05 6.545473059E+06
5.00000E-02 3.162277700E-06 2.257989727E+08
5.00000E-02 3.162277700E-07 1.194548030E+05
5.00000E-02 3.162277700E-08 1.185437477E+01
5.00000E-02 3.162277700E-09 1.396248469E-03
5.00000E-02 3.981071700E-05 8.611547257E+05
5.00000E-02 3.981071700E-06 3.050142207E+08
5.00000E-02 3.981071700E-07 3.198908351E+05
5.00000E-02 3.981071700E-08 3.161515224E+01
5.00000E-02 3.981071700E-09 3.651860874E-03
5.00000E-02 5.011872300E-05 1.633353365E+04
5.00000E-02 5.011872300E-08 9.102574583E+01
5.00000E-02 5.011872300E-09 8.220073641E-03
5.00000E-02 6.309573400E-05 3.994366674E+01
5.00000E-02 6.309573400E-07 1.848672045E+06
5.00000E-02 6.309573400E-08 2.113615342E+02
5.00000E-02 6.309573400E-09 1.999264967E-02
5.00000E-02 7.943282300E-05 1.932571532E-03
5.00000E-02 7.943282300E-06 3.642699375E+08
5.00000E-02 7.943282300E-07 4.309661022E+06
5.00000E-02 7.943282300E-08 5.365144136E+02
1.00000E-01 1.258925400E-05 6.457780024E+06
1.00000E-01 1.258925400E-06 8.929405384E+06
1.00000E-01 1.258925400E-07 7.798358016E+02
1.00000E-01 1.258925400E-08 2.724740637E-01
1.00000E-01 1.258925400E-09 2.742281861E-05
1.00000E-01 1.584893200E-05 1.612423898E+06
1.00000E-01 1.584893200E-06 1.506986736E+07
1.00000E-01 1.584893200E-07 6.179482421E+03
1.00000E-01 1.584893200E-08 6.721988638E-01
1.00000E-01 1.584893200E-09 6.987638801E-05
1.00000E-01 1.995262300E-05 1.158818782E+05
1.00000E-01 1.995262300E-06 2.246395350E+07
1.00000E-01 1.995262300E-07 1.546903285E+04
1.00000E-01 1.995262300E-08 1.641404976E+00
1.00000E-01 1.995262300E-09 1.636274920E-04
1.00000E-01 1.000000000E-05 1.624212253E+07
1.00000E-01 1.000000000E-06 4.990193671E+06
1.00000E-01 1.000000000E-07 1.038070539E+03
1.00000E-01 1.000000000E-08 1.027906178E-01
1.00000E-01 1.000000000E-09 1.072374346E-05
1.00000E-01 2.511886400E-05 3.604350341E+03
1.00000E-01 2.511886400E-06 3.000293553E+07
1.00000E-01 2.511886400E-07 3.848766791E+04
1.00000E-01 2.511886400E-08 4.313871413E+00
1.00000E-01 2.511886400E-09 4.074130264E-04
1.00000E-01 3.162277700E-05 6.779424834E+00
1.00000E-01 3.162277700E-07 9.881327210E+04
1.00000E-01 3.981071700E-05 5.797630367E-04
1.00000E-01 3.981071700E-06 3.941111974E+07
1.00000E-01 3.981071700E-07 2.217805978E+05
1.00000E-01 3.981071700E-08 2.725231778E+01
1.00000E-01 3.981071700E-09 2.570670059E-03
1.00000E-01 5.011872300E-05 1.082165400E-10
1.00000E-01 5.011872300E-06 3.991706172E+07
1.00000E-01 5.011872300E-07 5.563906850E+05
1.00000E-01 5.011872300E-08 6.383878457E+01
1.00000E-01 5.011872300E-09 6.438033263E-03
1.00000E-01 6.309573400E-06 3.523008323E+07
1.00000E-01 6.309573400E-07 1.189931515E+06
1.00000E-01 6.309573400E-08 1.622817039E+02
1.00000E-01 6.309573400E-09 1.658565193E-02
1.00000E-01 7.943282300E-06 2.494309402E+07
1.00000E-01 7.943282300E-07 2.524043141E+06
1.00000E-01 7.943282300E-08 4.514982723E+02
1.00000E-01 7.943282300E-09 1.366786844E-02
1.50000E-01 1.258925400E-05 1.510244796E+05
1.50000E-01 1.258925400E-06 3.945718220E+06
1.50000E-01 1.258925400E-07 1.574326750E+03
1.50000E-01 1.258925400E-08 1.680428971E-01
1.50000E-01 1.258925400E-09 1.696158031E-05
1.50000E-01 1.584893200E-06 5.748413647E+06
1.50000E-01 1.584893200E-07 4.135705468E+03
1.50000E-01 1.584893200E-08 4.145271482E-01
1.50000E-01 1.584893200E-09 4.219241501E-05
1.50000E-01 1.995262300E-05 1.040470243E+01
1.50000E-01 1.995262300E-06 8.188992056E+06
1.50000E-01 1.995262300E-07 1.064077518E+04
1.50000E-01 1.995262300E-08 1.044431208E+00
1.50000E-01 1.995262300E-09 1.050592914E-04
1.50000E-01 1.000000000E-05 1.083397110E+06
1.50000E-01 1.000000000E-07 6.921026305E+02
1.50000E-01 1.000000000E-08 6.827223470E-02
1.50000E-01 1.000000000E-09 6.854582969E-06
1.50000E-01 2.511886400E-05 3.715318866E-03
1.50000E-01 2.511886400E-07 2.601779157E+04
1.50000E-01 2.511886400E-08 2.545440896E+00
1.50000E-01 2.511886400E-09 2.714571414E-04
1.50000E-01 3.162277700E-05 7.035911300E-09
1.50000E-01 3.162277700E-06 1.191460017E+07
1.50000E-01 3.162277700E-07 5.874636640E+04
1.50000E-01 3.162277700E-08 7.318040761E+00
1.50000E-01 3.162277700E-09 6.685317162E-04
1.50000E-01 3.981071700E-05 3.578787700E-18
1.50000E-01 3.981071700E-06 1.199291698E+07
1.50000E-01 3.981071700E-07 1.389752707E+05
1.50000E-01 3.981071700E-08 1.715851272E+01
1.50000E-01 3.981071700E-09 1.848533143E-03
1.50000E-01 5.011872300E-06 1.027848396E+07
1.50000E-01 5.011872300E-07 2.965655564E+05
1.50000E-01 5.011872300E-08 4.369980857E+01
1.50000E-01 5.011872300E-09 4.179172553E-03
1.50000E-01 6.309573400E-06 7.614094376E+06
1.50000E-01 6.309573400E-08 9.790433787E+01
1.50000E-01 6.309573400E-09 1.065926954E-02
1.50000E-01 7.943282300E-06 3.599218175E+06
1.50000E-01 7.943282300E-07 1.280959598E+06
1.50000E-01 7.943282300E-08 2.677004222E+02
1.50000E-01 7.943282300E-09 2.709518643E-02
2.00000E-01 1.258925400E-05 6.308291971E+02
2.00000E-01 1.258925400E-06 3.151548670E+06
2.00000E-01 1.258925400E-07 2.482372751E+03
2.00000E-01 1.258925400E-08 2.620624980E-01
2.00000E-01 1.258925400E-09 2.761044760E-05
2.00000E-01 1.584893200E-05 1.041573586E+00
2.00000E-01 1.584893200E-06 4.576349084E+06
2.00000E-01 1.584893200E-07 5.897382019E+03
2.00000E-01 1.584893200E-08 6.721321475E-01
2.00000E-01 1.584893200E-09 6.555304523E-05
2.00000E-01 1.995262300E-05 1.478148325E-04
2.00000E-01 1.995262300E-06 5.763859775E+06
2.00000E-01 1.995262300E-08 1.811108029E+00
2.00000E-01 1.995262300E-09 1.626324948E-04
2.00000E-01 1.000000000E-05 3.519723025E+04
2.00000E-01 1.000000000E-06 7.760349290E+05
2.00000E-01 1.000000000E-07 2.006804822E+02
2.00000E-01 1.000000000E-08 1.131933848E-01
2.00000E-01 1.000000000E-09 1.048940117E-05
2.00000E-01 2.511886400E-05 2.192636800E-11
2.00000E-01 2.511886400E-06 6.552244587E+06
2.00000E-01 2.511886400E-08 4.125802393E+00
2.00000E-01 2.511886400E-09 4.366135892E-04
2.00000E-01 3.162277700E-05 8.746596400E-23
2.00000E-01 3.162277700E-06 6.394204802E+06
2.00000E-01 3.162277700E-07 7.757159871E+04
2.00000E-01 3.162277700E-08 1.034671287E+01
2.00000E-01 3.162277700E-09 1.019784013E-03
2.00000E-01 3.981071700E-06 5.296864798E+06
2.00000E-01 3.981071700E-07 1.815086316E+05
2.00000E-01 3.981071700E-08 2.833159632E+01
2.00000E-01 3.981071700E-09 2.624883665E-03
2.00000E-01 5.011872300E-06 3.593635249E+06
2.00000E-01 5.011872300E-07 3.643631501E+05
2.00000E-01 5.011872300E-08 6.463920352E+01
2.00000E-01 6.309573400E-06 1.587478621E+06
2.00000E-01 6.309573400E-07 6.766426404E+05
2.00000E-01 6.309573400E-08 1.755168228E+02
2.00000E-01 6.309573400E-09 1.689360960E-02
2.00000E-01 7.943282300E-06 3.351154330E+05
2.00000E-01 7.943282300E-07 1.305365668E+06
2.00000E-01 7.943282300E-08 3.937281937E+02
2.00000E-01 7.943282300E-09 4.116715734E-02
2.50000E-01 1.122018454E-05 3.127091461E-03
2.50000E-01 1.258925400E-05 1.165495000E-05
2.50000E-01 1.258925400E-06 2.026345525E+06
2.50000E-01 1.258925400E-07 5.868242535E+03
2.50000E-01 1.258925400E-08 6.759423643E-01
2.50000E-01 1.258925400E-09 6.707135456E-05
2.50000E-01 1.412537545E-05 2.017621801E-09
2.50000E-01 1.584893200E-05 4.983621400E-13
2.50000E-01 1.584893200E-06 2.339199289E+06
2.50000E-01 1.584893200E-07 1.392820985E+04
2.50000E-01 1.584893200E-08 1.658268861E+00
2.50000E-01 1.584893200E-09 1.659077351E-04
2.50000E-01 1.778279410E-05 3.838065700E-18
2.50000E-01 1.995262300E-05 7.143955400E-25
2.50000E-01 1.995262300E-06 2.394870950E+06
2.50000E-01 1.995262300E-07 3.111357764E+04
2.50000E-01 1.995262300E-08 4.061206604E+00
2.50000E-01 1.995262300E-09 4.191193150E-04
2.50000E-01 1.000000000E-05 2.263606143E-01
2.50000E-01 1.000000000E-06 1.705075722E+06
2.50000E-01 1.000000000E-07 2.480101064E+03
2.50000E-01 1.000000000E-08 2.716750899E-01
2.50000E-01 1.000000000E-09 2.637959384E-05
2.50000E-01 2.511886400E-06 1.879705455E+06
2.50000E-01 2.511886400E-08 1.093150991E+01
2.50000E-01 3.162277700E-06 1.253813557E+06
2.50000E-01 3.162277700E-07 1.479369906E+05
2.50000E-01 3.162277700E-08 2.734840327E+01
2.50000E-01 3.162277700E-09 2.664268543E-03
2.50000E-01 3.981071700E-06 4.775372636E+05
2.50000E-01 3.981071700E-08 6.665882907E+01
2.50000E-01 3.981071700E-09 6.481454873E-03
2.50000E-01 5.011872300E-06 1.104814167E+05
2.50000E-01 5.011872300E-07 5.019199362E+05
2.50000E-01 5.011872300E-08 1.691718209E+02
2.50000E-01 5.011872300E-09 1.718125700E-02
2.50000E-01 6.309573400E-06 8.216786131E+03
2.50000E-01 6.309573400E-07 8.225572637E+05
2.50000E-01 6.309573400E-08 4.062231147E+02
2.50000E-01 6.309573400E-09 4.369948060E-02
2.50000E-01 7.943282300E-06 1.384620847E+02
2.50000E-01 7.943282300E-07 1.255583482E+06
2.50000E-01 7.943282300E-08 9.750451708E+02
2.50000E-01 7.943282300E-09 1.070898643E-01
3.00000E-01 1.258925400E-05 1.906732900E-13
3.00000E-01 1.258925400E-06 1.464364486E+06
3.00000E-01 1.258925400E-07 6.570034003E+03
3.00000E-01 1.258925400E-08 7.906522453E-01
3.00000E-01 1.258925400E-09 7.604843970E-05
3.00000E-01 1.584893200E-06 1.363195664E+06
3.00000E-01 1.584893200E-07 1.531453745E+04
3.00000E-01 1.584893200E-08 1.873525628E+00
3.00000E-01 1.584893200E-09 1.864310531E-04
3.00000E-01 1.995262300E-06 1.185376903E+06
3.00000E-01 1.995262300E-07 3.242540561E+04
3.00000E-01 1.995262300E-08 4.975606756E+00
3.00000E-01 1.995262300E-09 4.755971760E-04
3.00000E-01 1.000000000E-05 2.472219104E-06
3.00000E-01 1.000000000E-06 1.187926973E+06
3.00000E-01 1.000000000E-07 2.793116413E+03
3.00000E-01 1.000000000E-08 3.085035291E-01
3.00000E-01 1.000000000E-09 3.098376477E-05
3.00000E-01 2.511886400E-06 8.234857024E+05
3.00000E-01 2.511886400E-07 6.761153697E+04
3.00000E-01 2.511886400E-08 1.256504451E+01
3.00000E-01 2.511886400E-09 1.218118109E-03
3.00000E-01 3.162277700E-06 3.767264231E+05
3.00000E-01 3.162277700E-07 1.361804666E+05
3.00000E-01 3.162277700E-08 3.052970689E+01
3.00000E-01 3.981071700E-06 9.012211005E+04
3.00000E-01 3.981071700E-07 2.521796989E+05
3.00000E-01 3.981071700E-08 8.039467254E+01
3.00000E-01 3.981071700E-09 7.766484301E-03
3.00000E-01 5.011872300E-06 3.547361980E+03
3.00000E-01 5.011872300E-07 4.224520737E+05
3.00000E-01 5.011872300E-08 1.918879359E+02
3.00000E-01 5.011872300E-09 1.969926073E-02
3.00000E-01 6.309573400E-06 1.028930974E+02
3.00000E-01 6.309573400E-07 6.553435896E+05
3.00000E-01 6.309573400E-09 4.757370513E-02
3.00000E-01 7.943282300E-06 1.249046109E-01
3.00000E-01 7.943282300E-07 9.387325644E+05
3.00000E-01 7.943282300E-08 1.179291039E+03
3.00000E-01 7.943282300E-09 1.219244240E-01
3.50000E-01 1.258925400E-06 9.480320990E+05
3.50000E-01 1.258925400E-07 5.881141461E+03
3.50000E-01 1.258925400E-08 7.344348727E-01
3.50000E-01 1.258925400E-09 7.387145620E-05
3.50000E-01 1.584893200E-06 8.965544823E+05
3.50000E-01 1.584893200E-07 1.311806414E+04
3.50000E-01 1.584893200E-08 1.671329160E+00
3.50000E-01 1.584893200E-09 1.752851627E-04
3.50000E-01 1.995262300E-06 6.266099141E+05
3.50000E-01 1.995262300E-07 2.915730890E+04
3.50000E-01 1.995262300E-08 4.595608623E+00
3.50000E-01 1.995262300E-09 4.414164039E-04
3.50000E-01 1.000000000E-05 3.015115400E-11
3.50000E-01 1.000000000E-06 9.103289481E+05
3.50000E-01 1.000000000E-07 2.430410874E+03
3.50000E-01 1.000000000E-08 2.736981199E-01
3.50000E-01 2.511886400E-06 2.947328212E+05
3.50000E-01 2.511886400E-07 5.683896927E+04
3.50000E-01 2.511886400E-08 1.116352424E+01
3.50000E-01 2.511886400E-09 1.140120396E-03
3.50000E-01 3.162277700E-06 7.546072416E+04
3.50000E-01 3.162277700E-07 1.158563020E+05
3.50000E-01 3.162277700E-08 2.810397672E+01
3.50000E-01 3.162277700E-09 2.828604492E-03
3.50000E-01 3.981071700E-06 8.768400309E+03
3.50000E-01 3.981071700E-07 1.957730999E+05
3.50000E-01 3.981071700E-08 7.043365098E+01
3.50000E-01 3.981071700E-09 7.353654548E-03
3.50000E-01 5.011872300E-06 2.013326248E+02
3.50000E-01 5.011872300E-07 3.405546646E+05
3.50000E-01 5.011872300E-08 1.691603534E+02
3.50000E-01 5.011872300E-09 1.794835233E-02
3.50000E-01 6.309573400E-06 3.063456796E-01
3.50000E-01 6.309573400E-07 5.069593161E+05
3.50000E-01 6.309573400E-08 4.241463093E+02
3.50000E-01 6.309573400E-09 4.470397437E-02
3.50000E-01 7.943282300E-06 2.242587714E-05
3.50000E-01 7.943282300E-07 7.298988075E+05
3.50000E-01 7.943282300E-08 1.019333660E+03
3.50000E-01 7.943282300E-09 1.121768760E-01
4.00000E-01 1.258925400E-06 6.224322501E+05
4.00000E-01 1.258925400E-07 4.720462103E+03
4.00000E-01 1.258925400E-08 6.208341061E-01
4.00000E-01 1.258925400E-09 6.164430088E-05
4.00000E-01 1.584893200E-06 4.951943211E+05
4.00000E-01 1.584893200E-07 1.093720678E+04
4.00000E-01 1.584893200E-08 1.561026461E+00
4.00000E-01 1.584893200E-09 1.518428869E-04
4.00000E-01 1.995262300E-06 2.369902406E+05
4.00000E-01 1.995262300E-07 2.272536143E+04
4.00000E-01 1.995262300E-08 3.893213649E+00
4.00000E-01 1.995262300E-09 3.826363151E-04
4.00000E-01 1.000000000E-05 2.526765908E-19
4.00000E-01 1.000000000E-06 6.195344414E+05
4.00000E-01 1.000000000E-07 2.088981464E+03
4.00000E-01 1.000000000E-08 2.427373959E-01
4.00000E-01 1.000000000E-09 2.453078442E-05
4.00000E-01 2.511886400E-06 8.370538571E+04
4.00000E-01 2.511886400E-07 4.756182807E+04
4.00000E-01 2.511886400E-08 9.642223450E+00
4.00000E-01 2.511886400E-09 9.585600230E-04
4.00000E-01 3.162277700E-06 1.061247925E+04
4.00000E-01 3.162277700E-07 8.826747264E+04
4.00000E-01 3.162277700E-08 2.379631062E+01
4.00000E-01 3.162277700E-09 2.428083019E-03
4.00000E-01 3.981071700E-06 3.936806735E+02
4.00000E-01 3.981071700E-07 1.591772766E+05
4.00000E-01 3.981071700E-08 5.881400101E+01
4.00000E-01 3.981071700E-09 6.288779934E-03
4.00000E-01 5.011872300E-06 2.223364866E+00
4.00000E-01 5.011872300E-07 2.684919184E+05
4.00000E-01 5.011872300E-08 1.179668664E+02
4.00000E-01 5.011872300E-09 1.605717973E-02
4.00000E-01 6.309573400E-06 7.732409565E-04
4.00000E-01 6.309573400E-07 3.928229997E+05
4.00000E-01 6.309573400E-08 3.695040685E+02
4.00000E-01 6.309573400E-09 3.842948859E-02
4.00000E-01 7.943282300E-06 1.809893513E-09
4.00000E-01 7.943282300E-07 5.466211018E+05
4.00000E-01 7.943282300E-08 4.389836120E+02
4.00000E-01 7.943282300E-09 9.401807170E-02
4.50000E-01 1.258925400E-06 3.867820606E+05
4.50000E-01 1.258925400E-07 3.694482445E+03
4.50000E-01 1.258925400E-08 4.827661590E-01
4.50000E-01 1.258925400E-09 4.753004420E-05
4.50000E-01 1.584893200E-06 2.396335045E+05
4.50000E-01 1.584893200E-07 8.596262750E+03
4.50000E-01 1.584893200E-08 1.193622966E+00
4.50000E-01 1.584893200E-09 1.189847968E-04
4.50000E-01 1.995262300E-06 9.063756434E+04
4.50000E-01 1.995262300E-07 1.756171286E+04
4.50000E-01 1.995262300E-08 2.917698754E+00
4.50000E-01 1.995262300E-09 3.042399211E-04
4.50000E-01 1.000000000E-06 4.435451846E+05
4.50000E-01 1.000000000E-07 1.640275341E+03
4.50000E-01 1.000000000E-08 1.873295956E-01
4.50000E-01 1.000000000E-09 1.952087137E-05
4.50000E-01 2.511886400E-06 1.444298634E+04
4.50000E-01 2.511886400E-07 3.706839691E+04
4.50000E-01 2.511886400E-08 7.496432250E+00
4.50000E-01 2.511886400E-09 7.492673280E-04
4.50000E-01 3.162277700E-06 1.075885282E+03
4.50000E-01 3.162277700E-07 7.170501024E+04
4.50000E-01 3.162277700E-08 1.856198370E+01
4.50000E-01 3.162277700E-09 1.850739999E-03
4.50000E-01 3.981071700E-06 1.263644314E+01
4.50000E-01 3.981071700E-07 1.348238983E+05
4.50000E-01 3.981071700E-08 4.589448230E+01
4.50000E-01 3.981071700E-09 4.705848840E-03
4.50000E-01 5.011872300E-06 1.265866646E-02
4.50000E-01 5.011872300E-07 2.254833551E+05
4.50000E-01 5.011872300E-08 1.105883130E+02
4.50000E-01 5.011872300E-09 1.205040057E-02
4.50000E-01 6.309573400E-06 3.321527112E-07
4.50000E-01 6.309573400E-07 3.268343405E+05
4.50000E-01 6.309573400E-08 2.807619196E+02
4.50000E-01 6.309573400E-09 3.026731287E-02
4.50000E-01 7.943282300E-06 6.172131800E-16
4.50000E-01 7.943282300E-07 4.104387560E+05
4.50000E-01 7.943282300E-08 6.678683540E+02
4.50000E-01 7.943282300E-09 7.652703450E-02
5.00000E-01 1.258925400E-06 2.185650185E+05
5.00000E-01 1.258925400E-07 3.147175245E+03
5.00000E-01 1.258925400E-08 3.884497450E-01
5.00000E-01 1.258925400E-09 4.004585720E-05
5.00000E-01 1.584893200E-06 9.335858751E+04
5.00000E-01 1.584893200E-07 7.266578420E+03
5.00000E-01 1.584893200E-08 9.239123740E-01
5.00000E-01 1.584893200E-09 1.049092699E-04
5.00000E-01 1.995262300E-06 2.662030302E+04
5.00000E-01 1.995262300E-07 1.571313968E+04
5.00000E-01 1.995262300E-08 2.405383084E+00
5.00000E-01 1.995262300E-09 2.501101904E-04
5.00000E-01 1.000000000E-06 3.251601708E+05
5.00000E-01 1.000000000E-07 1.338160426E+03
5.00000E-01 1.000000000E-08 1.597083527E-01
5.00000E-01 1.000000000E-09 1.572393492E-05
5.00000E-01 2.511886400E-06 2.213786020E+03
5.00000E-01 2.511886400E-07 3.320099010E+04
5.00000E-01 2.511886400E-08 6.306797610E+00
5.00000E-01 2.511886400E-09 6.381311720E-04
5.00000E-01 3.162277700E-06 6.345695751E+01
5.00000E-01 3.162277700E-07 6.673769518E+04
5.00000E-01 3.162277700E-08 1.474923850E+01
5.00000E-01 3.162277700E-09 1.623490033E-03
5.00000E-01 3.981071700E-06 1.440234887E-01
5.00000E-01 3.981071700E-07 1.167521175E+05
5.00000E-01 3.981071700E-08 3.690353490E+01
5.00000E-01 3.981071700E-09 4.052780580E-03
5.00000E-01 5.011872300E-06 1.590392775E-05
5.00000E-01 5.011872300E-07 1.961611325E+05
5.00000E-01 5.011872300E-08 9.311869460E+01
5.00000E-01 5.011872300E-09 1.004713050E-02
5.00000E-01 6.309573400E-06 4.621070900E-12
5.00000E-01 6.309573400E-07 2.668281423E+05
5.00000E-01 6.309573400E-09 2.484620429E-02
5.00000E-01 7.943282300E-06 1.382635900E-22
5.00000E-01 7.943282300E-07 3.319744362E+05
5.00000E-01 7.943282300E-08 5.506391220E+02
5.00000E-01 7.943282300E-09 6.247972310E-02
5.50000E-01 1.258925400E-06 9.684197819E+04
5.50000E-01 1.258925400E-07 3.400529194E+03
5.50000E-01 1.258925400E-08 4.198092440E-01
5.50000E-01 1.584893200E-06 3.420546111E+04
5.50000E-01 1.584893200E-07 7.659226970E+03
5.50000E-01 1.584893200E-08 1.004506464E+00
5.50000E-01 1.995262300E-06 5.477935973E+03
5.50000E-01 1.995262300E-07 1.720862122E+04
5.50000E-01 1.995262300E-08 2.504089538E+00
5.50000E-01 1.000000000E-06 1.905478368E+05
5.50000E-01 1.000000000E-07 1.440204354E+03
5.50000E-01 1.000000000E-08 1.625375633E-01
5.50000E-01 2.511886400E-06 2.188566619E+02
5.50000E-01 2.511886400E-07 3.562674512E+04
5.50000E-01 2.511886400E-08 6.361165880E+00
5.50000E-01 3.162277700E-06 1.834923246E+00
5.50000E-01 3.162277700E-07 6.754964542E+04
5.50000E-01 3.162277700E-08 1.617434552E+01
5.50000E-01 3.981071700E-06 2.264727400E-04
5.50000E-01 3.981071700E-07 1.124429814E+05
5.50000E-01 3.981071700E-08 3.916914090E+01
5.50000E-01 3.981071700E-09 4.244411500E-03
5.50000E-01 5.011872300E-06 5.669649900E-10
5.50000E-01 5.011872300E-07 1.813307751E+05
5.50000E-01 5.011872300E-08 1.018668901E+02
5.50000E-01 5.011872300E-09 1.038674922E-02
5.50000E-01 6.309573400E-06 1.111580400E-18
5.50000E-01 6.309573400E-07 2.310347927E+05
5.50000E-01 6.309573400E-09 2.686365497E-02
5.50000E-01 7.943282300E-07 2.265323427E+05
5.50000E-01 7.943282300E-08 6.185708080E+02
5.50000E-01 7.943282300E-09 6.656418030E-02
6.00000E-01 1.258925400E-06 3.307689724E+04
6.00000E-01 1.258925400E-07 3.825365658E+03
6.00000E-01 1.258925400E-08 4.731079540E-01
6.00000E-01 1.584893200E-06 5.755218137E+03
6.00000E-01 1.584893200E-07 8.638309090E+03
6.00000E-01 1.584893200E-08 1.182230052E+00
6.00000E-01 1.995262300E-06 3.973504889E+02
6.00000E-01 1.995262300E-07 1.881258649E+04
6.00000E-01 1.995262300E-08 3.010948238E+00
6.00000E-01 1.000000000E-06 7.925416436E+04
6.00000E-01 1.000000000E-07 1.596979052E+03
6.00000E-01 1.000000000E-08 1.808850575E-01
6.00000E-01 2.511886400E-06 6.525330829E+00
6.00000E-01 2.511886400E-07 3.853694602E+04
6.00000E-01 2.511886400E-08 7.503222190E+00
6.00000E-01 3.162277700E-06 4.906246200E-03
6.00000E-01 3.162277700E-07 6.697272966E+04
6.00000E-01 3.162277700E-08 1.848355502E+01
6.00000E-01 3.162277700E-09 1.903964195E-03
6.00000E-01 3.981071700E-06 3.279111100E-08
6.00000E-01 3.981071700E-07 1.064747502E+05
6.00000E-01 3.981071700E-09 4.905630150E-03
6.00000E-01 5.011872300E-06 2.159070000E-15
6.00000E-01 5.011872300E-07 1.366598527E+05
6.00000E-01 5.011872300E-08 1.148468508E+02
6.00000E-01 5.011872300E-09 1.237868308E-02
6.00000E-01 6.309573400E-06 4.423890000E-28
6.00000E-01 6.309573400E-07 1.522017336E+05
6.00000E-01 6.309573400E-08 2.882730337E+02
6.00000E-01 6.309573400E-09 3.081142779E-02
6.00000E-01 7.943282300E-07 1.302411777E+05
6.00000E-01 7.943282300E-08 6.292934610E+02
6.00000E-01 7.943282300E-09 7.716594740E-02
6.50000E-01 1.122018454E-06 9.932996588E+03
6.50000E-01 1.258925400E-06 4.223386908E+03
6.50000E-01 1.258925400E-07 4.942193609E+03
6.50000E-01 1.258925400E-08 6.443417380E-01
6.50000E-01 1.412537545E-06 1.085609014E+03
6.50000E-01 1.584893200E-06 2.429176011E+02
6.50000E-01 1.584893200E-07 1.066598080E+04
6.50000E-01 1.584893200E-08 1.638380439E+00
6.50000E-01 1.778279410E-06 3.497750184E+01
6.50000E-01 1.995262300E-06 3.216830444E+00
6.50000E-01 1.995262300E-07 2.175758239E+04
6.50000E-01 1.995262300E-08 3.968495066E+00
6.50000E-01 1.000000000E-06 1.895465893E+04
6.50000E-01 1.000000000E-08 2.611005783E-01
6.50000E-01 2.238721139E-06 1.279967992E-01
6.50000E-01 2.511886400E-06 9.549311142E-04
6.50000E-01 2.511886400E-07 3.930827036E+04
6.50000E-01 2.511886400E-08 1.016553238E+01
6.50000E-01 2.818382931E-06 2.028032211E-05
6.50000E-01 3.162277700E-06 7.136473700E-09
6.50000E-01 3.162277700E-07 6.345501549E+04
6.50000E-01 3.162277700E-08 2.512390448E+01
6.50000E-01 3.162277700E-09 2.674974353E-03
6.50000E-01 3.548133892E-06 1.599395800E-12
6.50000E-01 3.981071700E-06 1.697197000E-16
6.50000E-01 3.981071700E-07 8.596465323E+04
6.50000E-01 3.981071700E-08 6.445861110E+01
6.50000E-01 3.981071700E-09 6.286156300E-03
6.50000E-01 5.011872300E-07 9.531780175E+04
6.50000E-01 5.011872300E-08 1.574856522E+02
6.50000E-01 5.011872300E-09 1.692998399E-02
6.50000E-01 6.309573400E-07 8.649523464E+04
6.50000E-01 6.309573400E-08 4.018591376E+02
6.50000E-01 6.309573400E-09 4.132773487E-02
6.50000E-01 7.943282300E-07 4.659508634E+04
6.50000E-01 7.943282300E-08 9.423869040E+02
6.50000E-01 7.943282300E-09 1.034137044E-01
7.00000E-01 1.258925400E-06 4.822624109E+01
7.00000E-01 1.258925400E-07 6.299862008E+03
7.00000E-01 1.258925400E-08 1.054595370E+00
7.00000E-01 1.584893200E-06 2.460883051E-01
7.00000E-01 1.584893200E-07 1.266168490E+04
7.00000E-01 1.584893200E-08 2.664637818E+00
7.00000E-01 1.995262300E-06 1.731127300E-04
7.00000E-01 1.995262300E-07 2.235317064E+04
7.00000E-01 1.995262300E-08 6.388870034E+00
7.00000E-01 1.000000000E-06 1.288984651E+03
7.00000E-01 1.000000000E-07 2.969192380E+03
7.00000E-01 2.511886400E-06 3.968515300E-10
7.00000E-01 2.511886400E-07 3.431891338E+04
7.00000E-01 2.511886400E-08 1.593903093E+01
7.00000E-01 3.162277700E-06 7.057513900E-20
7.00000E-01 3.162277700E-07 4.168061202E+04
7.00000E-01 3.162277700E-08 3.713906866E+01
7.00000E-01 3.162277700E-09 4.128938317E-03
7.00000E-01 3.981071700E-07 4.552786861E+04
7.00000E-01 3.981071700E-08 9.850866828E+01
7.00000E-01 3.981071700E-09 9.469543490E-03
7.00000E-01 5.011872300E-07 4.259931738E+04
7.00000E-01 5.011872300E-08 2.378518690E+02
7.00000E-01 5.011872300E-09 2.300788511E-02
7.00000E-01 6.309573400E-07 2.276426380E+04
7.00000E-01 6.309573400E-08 5.793636730E+02
7.00000E-01 6.309573400E-09 6.702845854E-02
7.00000E-01 7.943282300E-07 8.356785919E+03
7.00000E-01 7.943282300E-08 1.411278526E+03
7.00000E-01 7.943282300E-09 1.542441201E-01
7.50000E-01 1.122018454E-06 5.825558636E-01
7.50000E-01 1.258925400E-06 3.336400024E-02
7.50000E-01 1.258925400E-07 8.148487060E+03
7.50000E-01 1.258925400E-08 1.630028075E+00
7.50000E-01 1.412537545E-06 4.542040600E-04
7.50000E-01 1.584893200E-06 2.783964201E-06
7.50000E-01 1.584893200E-07 1.422712274E+04
7.50000E-01 1.584893200E-08 4.179640005E+00
7.50000E-01 1.778279410E-06 9.772241400E-09
7.50000E-01 1.995262300E-06 1.020787500E-12
7.50000E-01 1.995262300E-07 1.892869810E+04
7.50000E-01 1.995262300E-08 1.076492364E+01
7.50000E-01 1.000000000E-06 7.626443379E+00
7.50000E-01 1.000000000E-07 3.812188106E+03
7.50000E-01 1.000000000E-08 6.686166125E-01
7.50000E-01 2.238721139E-06 4.653196300E-16
7.50000E-01 2.511886400E-06 2.879328000E-22
7.50000E-01 2.511886400E-07 2.316241341E+04
7.50000E-01 2.511886400E-08 2.399959462E+01
7.50000E-01 3.162277700E-07 2.419779849E+04
7.50000E-01 3.162277700E-08 6.298302053E+01
7.50000E-01 3.162277700E-09 6.592433615E-03
7.50000E-01 3.981071700E-07 1.695313078E+04
7.50000E-01 3.981071700E-08 1.484132025E+02
7.50000E-01 3.981071700E-09 1.622085367E-02
7.50000E-01 5.011872300E-07 9.566790941E+03
7.50000E-01 5.011872300E-08 3.672556562E+02
7.50000E-01 5.011872300E-09 4.262177151E-02
7.50000E-01 6.309573400E-07 2.552880465E+03
7.50000E-01 6.309573400E-08 8.442638123E+02
7.50000E-01 6.309573400E-09 1.037992012E-01
7.50000E-01 7.943282300E-07 3.219620165E+02
7.50000E-01 7.943282300E-08 2.066905897E+03
7.50000E-01 7.943282300E-09 2.747669221E-01
7.00000E-01 2.511886400E-07 3.431891338E+04
8.00000E-01 1.258925400E-06 5.708719902E-02
8.00000E-01 1.258925400E-07 7.955126740E+03
8.00000E-01 1.258925400E-08 1.495467578E+00
8.00000E-01 1.584893200E-06 1.444424300E-05
8.00000E-01 1.584893200E-07 1.254596754E+04
8.00000E-01 1.584893200E-08 3.873949123E+00
8.00000E-01 1.995262300E-06 6.721970400E-12
8.00000E-01 1.995262300E-07 1.995519701E+04
8.00000E-01 1.995262300E-08 9.515247846E+00
8.00000E-01 1.000000000E-06 1.430918370E+01
8.00000E-01 1.000000000E-07 3.970956917E+03
8.00000E-01 1.000000000E-08 6.278946658E-01
8.00000E-01 2.511886400E-06 7.747672300E-22
8.00000E-01 2.511886400E-07 2.355052025E+04
8.00000E-01 2.511886400E-08 2.441909786E+01
8.00000E-01 3.162277700E-07 2.557885583E+04
8.00000E-01 3.162277700E-08 6.004985374E+01
8.00000E-01 3.162277700E-09 5.974698917E-03
8.00000E-01 3.981071700E-07 1.970806732E+04
8.00000E-01 3.981071700E-08 1.556296770E+02
8.00000E-01 3.981071700E-09 1.504018401E-02
8.00000E-01 5.011872300E-07 1.067526724E+04
8.00000E-01 5.011872300E-08 3.407621112E+02
8.00000E-01 5.011872300E-09 3.864293640E-02
8.00000E-01 6.309573400E-07 3.348486977E+03
8.00000E-01 6.309573400E-08 7.895567685E+02
8.00000E-01 6.309573400E-09 1.012250810E-01
8.00000E-01 7.943282300E-07 3.530938770E+02
8.00000E-01 7.943282300E-08 1.768152864E+03
8.00000E-01 7.943282300E-09 2.474270625E-01
8.10000E-01 1.122018454E-06 3.677684013E+00
8.10000E-01 1.258925400E-06 1.759974705E-01
8.10000E-01 1.258925400E-07 7.473353524E+03
8.10000E-01 1.258925400E-08 1.437643867E+00
8.10000E-01 1.412537545E-06 4.653134425E-03
8.10000E-01 1.584893200E-06 6.365513778E-05
8.10000E-01 1.584893200E-08 3.793021830E+00
8.10000E-01 1.778279410E-06 1.046626800E-06
8.10000E-01 1.995262300E-06 8.494751103E-10
8.10000E-01 1.995262300E-07 1.887038805E+04
8.10000E-01 1.995262300E-08 8.988292742E+00
8.10000E-01 1.000000000E-06 3.447853645E+01
8.10000E-01 1.000000000E-07 3.689110446E+03
8.10000E-01 1.000000000E-08 5.338859134E-01
8.10000E-01 2.238721139E-06 4.702989100E-14
8.10000E-01 2.511886400E-06 8.597911100E-19
8.10000E-01 2.511886400E-07 2.727265498E+04
8.10000E-01 2.511886400E-08 2.179887743E+01
8.10000E-01 3.162277700E-07 2.863632996E+04
8.10000E-01 3.162277700E-08 5.478997696E+01
8.10000E-01 3.162277700E-09 5.923410469E-03
8.10000E-01 3.981071700E-07 2.590610926E+04
8.10000E-01 3.981071700E-08 1.291845445E+02
8.10000E-01 3.981071700E-09 1.440640040E-02
8.10000E-01 5.011872300E-07 1.445014751E+04
8.10000E-01 5.011872300E-08 3.259662990E+02
8.10000E-01 5.011872300E-09 3.542680987E-02
8.10000E-01 6.309573400E-07 5.060108955E+03
8.10000E-01 6.309573400E-08 7.734703473E+02
8.10000E-01 6.309573400E-09 8.515779287E-02
8.10000E-01 7.943282300E-07 7.516761084E+02
8.10000E-01 7.943282300E-08 1.737189862E+03
8.10000E-01 7.943282300E-09 2.293288511E-01
8.20000E-01 1.122018454E-06 1.107997858E+01
8.20000E-01 1.258925400E-06 7.213874244E-01
8.20000E-01 1.258925400E-07 6.885334023E+03
8.20000E-01 1.258925400E-08 1.288489757E+00
8.20000E-01 1.412537545E-06 1.802917904E-02
8.20000E-01 1.584893200E-06 7.022688109E-04
8.20000E-01 1.584893200E-07 1.281841841E+04
8.20000E-01 1.584893200E-08 3.324442803E+00
8.20000E-01 1.778279410E-06 4.615788500E-06
8.20000E-01 1.995262300E-06 5.186927500E-09
8.20000E-01 1.995262300E-07 2.044098350E+04
8.20000E-01 1.995262300E-08 8.228888302E+00
8.20000E-01 1.000000000E-06 9.827266506E+01
8.20000E-01 1.000000000E-07 3.454124580E+03
8.20000E-01 1.000000000E-08 5.145681802E-01
8.20000E-01 2.238721139E-06 4.202327000E-12
8.20000E-01 2.511886400E-06 1.150571800E-16
8.20000E-01 2.511886400E-07 2.825514883E+04
8.20000E-01 2.511886400E-08 2.237089521E+01
8.20000E-01 2.818382931E-06 3.468596600E-23
8.20000E-01 3.162277700E-07 3.269375367E+04
8.20000E-01 3.162277700E-08 5.054601593E+01
8.20000E-01 3.162277700E-09 4.999387895E-03
8.20000E-01 3.981071700E-07 2.889424123E+04
8.20000E-01 3.981071700E-08 1.241628036E+02
8.20000E-01 3.981071700E-09 1.303770427E-02
8.20000E-01 5.011872300E-07 1.767671715E+04
8.20000E-01 5.011872300E-08 3.058942706E+02
8.20000E-01 5.011872300E-09 3.264980251E-02
8.20000E-01 6.309573400E-07 6.725547267E+03
8.20000E-01 6.309573400E-08 7.087502364E+02
8.20000E-01 6.309573400E-09 8.326048966E-02
8.20000E-01 7.943282300E-07 1.355820950E+03
8.20000E-01 7.943282300E-08 1.704328555E+03
8.20000E-01 7.943282300E-09 2.130798011E-01
8.30000E-01 1.122018454E-06 2.868586293E+01
8.30000E-01 1.258925400E-06 1.207271476E+00
8.30000E-01 1.258925400E-07 7.223106247E+03
8.30000E-01 1.258925400E-08 1.341547708E+00
8.30000E-01 1.412537545E-06 1.192793000E-01
8.30000E-01 1.584893200E-06 3.203154900E-03
8.30000E-01 1.584893200E-07 1.300605912E+04
8.30000E-01 1.584893200E-08 3.246833805E+00
8.30000E-01 1.778279410E-06 2.043755048E-05
8.30000E-01 1.995262300E-06 6.721439600E-08
8.30000E-01 1.995262300E-07 2.021259353E+04
8.30000E-01 1.995262300E-08 7.661704551E+00
8.30000E-01 1.000000000E-06 1.345978997E+02
8.30000E-01 1.000000000E-07 3.421425790E+03
8.30000E-01 1.000000000E-08 5.131432441E-01
8.30000E-01 2.238721139E-06 2.921730800E-11
8.30000E-01 2.511886400E-06 5.551469800E-16
8.30000E-01 2.511886400E-07 2.829970756E+04
8.30000E-01 2.511886400E-08 1.857524741E+01
8.30000E-01 2.818382931E-06 1.887972200E-22
8.30000E-01 3.162277700E-07 3.463221556E+04
8.30000E-01 3.162277700E-08 4.701265332E+01
8.30000E-01 3.162277700E-09 4.955878399E-03
8.30000E-01 3.981071700E-07 3.316931272E+04
8.30000E-01 3.981071700E-08 1.204974878E+02
8.30000E-01 3.981071700E-09 1.223732652E-02
8.30000E-01 5.011872300E-07 2.039794257E+04
8.30000E-01 5.011872300E-08 2.955331240E+02
8.30000E-01 5.011872300E-09 3.137650677E-02
8.30000E-01 6.309573400E-07 8.823728774E+03
8.30000E-01 6.309573400E-08 6.716964028E+02
8.30000E-01 6.309573400E-09 7.515596169E-02
8.30000E-01 7.943282300E-07 1.795334352E+03
8.30000E-01 7.943282300E-08 1.588186621E+03
8.30000E-01 7.943282300E-09 1.834675495E-01
8.40000E-01 1.258925400E-06 6.853263962E+00
8.40000E-01 1.258925400E-07 6.821367389E+03
8.40000E-01 1.258925400E-08 1.137869447E+00
8.40000E-01 1.584893200E-06 8.481593502E-03
8.40000E-01 1.584893200E-07 1.356635326E+04
8.40000E-01 1.584893200E-08 2.785102418E+00
8.40000E-01 1.995262300E-06 5.462071907E-07
8.40000E-01 1.995262300E-07 2.067531029E+04
8.40000E-01 1.995262300E-08 7.304009647E+00
8.40000E-01 1.000000000E-06 2.049933195E+02
8.40000E-01 1.000000000E-07 3.303275037E+03
8.40000E-01 1.000000000E-08 4.709106083E-01
8.40000E-01 2.511886400E-06 3.215651600E-14
8.40000E-01 2.511886400E-07 3.203190407E+04
8.40000E-01 2.511886400E-08 1.892004453E+01
8.40000E-01 3.162277700E-07 3.723547657E+04
8.40000E-01 3.162277700E-08 4.594584662E+01
8.40000E-01 3.162277700E-09 4.607386739E-03
8.40000E-01 3.981071700E-07 3.803776239E+04
8.40000E-01 3.981071700E-08 1.134283057E+02
8.40000E-01 5.011872300E-07 2.287526080E+04
8.40000E-01 5.011872300E-08 2.760328450E+02
8.40000E-01 6.309573400E-07 1.288382757E+04
8.40000E-01 6.309573400E-08 6.322707119E+02
8.40000E-01 6.309573400E-09 7.520622595E-02
8.40000E-01 7.943282300E-07 2.678566511E+03
8.40000E-01 7.943282300E-08 1.490984081E+03
8.40000E-01 7.943282300E-09 1.851531828E-01
8.50000E-01 1.258925400E-06 1.444972600E+01
8.50000E-01 1.258925400E-07 6.226028992E+03
8.50000E-01 1.258925400E-08 1.025342566E+00
8.50000E-01 1.584893200E-06 6.446376006E-02
8.50000E-01 1.584893200E-07 1.182243361E+04
8.50000E-01 1.584893200E-08 2.525941134E+00
8.50000E-01 1.995262300E-06 1.064718200E-05
8.50000E-01 1.995262300E-07 1.960746071E+04
8.50000E-01 1.995262300E-08 6.370092408E+00
8.50000E-01 1.000000000E-06 4.760298702E+02
8.50000E-01 1.000000000E-07 2.749903168E+03
8.50000E-01 1.000000000E-08 3.759607171E-01
8.50000E-01 2.511886400E-06 8.463004600E-12
8.50000E-01 2.511886400E-07 3.024617578E+04
8.50000E-01 2.511886400E-08 1.601597512E+01
8.50000E-01 3.162277700E-06 2.329263900E-22
8.50000E-01 3.162277700E-08 3.782540587E+01
8.50000E-01 3.162277700E-09 3.910667814E-03
8.50000E-01 3.981071700E-07 3.929482174E+04
8.50000E-01 3.981071700E-08 9.292458475E+01
8.50000E-01 3.981071700E-09 9.916922654E-03
8.50000E-01 5.011872300E-07 2.855150833E+04
8.50000E-01 5.011872300E-08 2.227443839E+02
8.50000E-01 5.011872300E-09 2.510861088E-02
8.50000E-01 6.309573400E-07 1.461294660E+04
8.50000E-01 6.309573400E-08 5.521713105E+02
8.50000E-01 6.309573400E-09 6.188036428E-02
8.50000E-01 7.943282300E-07 3.779064297E+03
8.50000E-01 7.943282300E-08 1.266698426E+03
8.50000E-01 7.943282300E-09 1.565710878E-01
8.60000E-01 1.122018454E-06 8.060947265E+01
8.60000E-01 1.258925400E-06 6.954487140E+00
8.60000E-01 1.258925400E-07 5.298130203E+03
8.60000E-01 1.258925400E-08 9.788713929E-01
8.60000E-01 1.412537545E-06 7.577654393E-01
8.60000E-01 1.584893200E-06 2.922389141E-02
8.60000E-01 1.584893200E-07 1.068458857E+04
8.60000E-01 1.584893200E-08 2.409884712E+00
8.60000E-01 1.778279410E-06 2.212761300E-04
8.60000E-01 1.995262300E-06 1.428174301E-06
8.60000E-01 1.995262300E-07 1.764375217E+04
8.60000E-01 1.995262300E-08 5.938077462E+00
8.60000E-01 1.000000000E-06 3.270772815E+02
8.60000E-01 1.000000000E-07 2.716495811E+03
8.60000E-01 1.000000000E-08 3.823559857E-01
8.60000E-01 2.238721139E-06 9.106941200E-09
8.60000E-01 2.511886400E-06 1.158356600E-12
8.60000E-01 2.511886400E-07 2.655659823E+04
8.60000E-01 2.511886400E-08 1.420352249E+01
8.60000E-01 2.818382931E-06 1.754113100E-17
8.60000E-01 3.162277700E-06 2.666785500E-23
8.60000E-01 3.162277700E-07 3.249448892E+04
8.60000E-01 3.162277700E-08 3.645726340E+01
8.60000E-01 3.162277700E-09 3.858957143E-03
8.60000E-01 3.981071700E-07 3.175064051E+04
8.60000E-01 3.981071700E-08 9.007218085E+01
8.60000E-01 3.981071700E-09 9.305972649E-03
8.60000E-01 5.011872300E-07 2.527161025E+04
8.60000E-01 5.011872300E-08 2.283559956E+02
8.60000E-01 5.011872300E-09 2.399360447E-02
8.60000E-01 6.309573400E-07 1.165033599E+04
8.60000E-01 6.309573400E-08 5.315067388E+02
8.60000E-01 6.309573400E-09 5.776227410E-02
8.60000E-01 7.943282300E-07 2.974639968E+03
8.60000E-01 7.943282300E-08 1.181130162E+03
8.60000E-01 7.943282300E-09 1.471566008E-01
8.70000E-01 1.122018454E-06 1.639402430E+02
8.70000E-01 1.258925400E-06 2.909887656E+01
8.70000E-01 1.258925400E-07 4.709000818E+03
8.70000E-01 1.258925400E-08 7.436979807E-01
8.70000E-01 1.412537545E-06 3.243026356E+00
8.70000E-01 1.584893200E-06 1.735794500E-01
8.70000E-01 1.584893200E-07 9.844108867E+03
8.70000E-01 1.584893200E-08 1.927405167E+00
8.70000E-01 1.778279410E-06 3.547222375E-03
8.70000E-01 1.995262300E-06 4.430439900E-05
8.70000E-01 1.995262300E-07 1.659104917E+04
8.70000E-01 1.995262300E-08 4.599084327E+00
8.70000E-01 1.000000000E-06 7.524257951E+02
8.70000E-01 1.000000000E-07 2.224962960E+03
8.70000E-01 1.000000000E-08 3.050689446E-01
8.70000E-01 2.238721139E-06 2.271998900E-07
8.70000E-01 2.511886400E-06 1.827298100E-10
8.70000E-01 2.511886400E-07 2.667272730E+04
8.70000E-01 2.511886400E-08 1.182275138E+01
8.70000E-01 2.818382931E-06 2.481118400E-14
8.70000E-01 3.162277700E-06 1.111816100E-20
8.70000E-01 3.162277700E-07 3.477910726E+04
8.70000E-01 3.162277700E-08 3.058364157E+01
8.70000E-01 3.162277700E-09 3.203430318E-03
8.70000E-01 3.981071700E-08 7.444589721E+01
8.70000E-01 3.981071700E-09 7.983140854E-03
8.70000E-01 5.011872300E-07 2.857133440E+04
8.70000E-01 5.011872300E-08 1.817548772E+02
8.70000E-01 5.011872300E-09 1.895939501E-02
8.70000E-01 6.309573400E-07 1.404974762E+04
8.70000E-01 6.309573400E-08 4.497406926E+02
8.70000E-01 6.309573400E-09 4.675598422E-02
8.70000E-01 7.943282300E-07 6.180978316E+03
8.70000E-01 7.943282300E-08 1.022438165E+03
8.70000E-01 7.943282300E-09 1.172415554E-01
8.80000E-01 1.122018454E-06 2.180236334E+02
8.80000E-01 1.258925400E-06 3.996195342E+01
8.80000E-01 1.258925400E-07 4.432664857E+03
8.80000E-01 1.258925400E-08 6.984498023E-01
8.80000E-01 1.412537545E-06 3.782122645E+00
8.80000E-01 1.584893200E-06 2.651784488E-01
8.80000E-01 1.584893200E-07 8.600491957E+03
8.80000E-01 1.778279410E-06 4.498525909E-03
8.80000E-01 1.995262300E-07 1.477274232E+04
8.80000E-01 1.995262300E-08 4.119272779E+00
8.80000E-01 1.000000000E-06 7.859017007E+02
8.80000E-01 1.000000000E-07 1.941001931E+03
8.80000E-01 1.000000000E-08 2.820799212E-01
8.80000E-01 2.238721139E-06 1.036181200E-07
8.80000E-01 2.511886400E-06 1.663807200E-10
8.80000E-01 2.511886400E-07 2.361793028E+04
8.80000E-01 2.511886400E-08 1.007888137E+01
8.80000E-01 2.818382931E-06 1.402797200E-14
8.80000E-01 3.162277700E-06 2.560597600E-18
8.80000E-01 3.162277700E-07 3.289128494E+04
8.80000E-01 3.162277700E-08 2.717961252E+01
8.80000E-01 3.162277700E-09 2.690915271E-03
8.80000E-01 3.548133892E-06 2.466490200E-25
8.80000E-01 3.981071700E-07 3.434254537E+04
8.80000E-01 3.981071700E-08 6.189605656E+01
8.80000E-01 3.981071700E-09 7.250279489E-03
8.80000E-01 5.011872300E-07 2.813734837E+04
8.80000E-01 5.011872300E-08 1.576461791E+02
8.80000E-01 5.011872300E-09 1.614344233E-02
8.80000E-01 6.309573400E-07 1.672928171E+04
8.80000E-01 6.309573400E-08 3.666462279E+02
8.80000E-01 6.309573400E-09 4.300344357E-02
8.80000E-01 7.943282300E-07 4.661716161E+03
8.80000E-01 7.943282300E-08 9.100846934E+02
8.80000E-01 7.943282300E-09 1.136964931E-01
8.90000E-01 1.122018454E-06 3.501513512E+02
8.90000E-01 1.258925400E-06 6.700284446E+01
8.90000E-01 1.258925400E-07 4.016418753E+03
8.90000E-01 1.258925400E-08 5.854347535E-01
8.90000E-01 1.412537545E-06 6.702040512E+00
8.90000E-01 1.584893200E-06 6.144581458E-01
8.90000E-01 1.584893200E-07 7.849126852E+03
8.90000E-01 1.584893200E-08 1.507876221E+00
8.90000E-01 1.778279410E-06 2.829101557E-02
8.90000E-01 1.995262300E-06 1.151633303E-04
8.90000E-01 1.995262300E-07 1.381247893E+04
8.90000E-01 1.995262300E-08 3.881431570E+00
8.90000E-01 1.000000000E-06 9.995374366E+02
8.90000E-01 1.000000000E-07 1.924400309E+03
8.90000E-01 1.000000000E-08 2.164305727E-01
8.90000E-01 2.238721139E-06 2.336009900E-06
8.90000E-01 2.511886400E-06 2.129325300E-09
8.90000E-01 2.511886400E-07 2.202105809E+04
8.90000E-01 2.511886400E-08 9.544217991E+00
8.90000E-01 2.818382931E-06 5.675514400E-13
8.90000E-01 3.162277700E-06 1.132789300E-17
8.90000E-01 3.162277700E-07 3.127067594E+04
8.90000E-01 3.162277700E-08 2.270006180E+01
8.90000E-01 3.162277700E-09 2.379091385E-03
8.90000E-01 3.548133892E-06 1.643098300E-24
8.90000E-01 3.981071700E-07 3.224955068E+04
8.90000E-01 3.981071700E-08 5.745140876E+01
8.90000E-01 3.981071700E-09 5.839499529E-03
8.90000E-01 5.011872300E-07 2.969540643E+04
8.90000E-01 5.011872300E-08 1.370211926E+02
8.90000E-01 5.011872300E-09 1.466472017E-02
8.90000E-01 6.309573400E-07 1.835713718E+04
8.90000E-01 6.309573400E-08 3.405431427E+02
8.90000E-01 6.309573400E-09 3.496812471E-02
8.90000E-01 7.943282300E-07 7.303339190E+03
8.90000E-01 7.943282300E-08 7.697105833E+02
8.90000E-01 7.943282300E-09 9.042603840E-02
8.00000E-01 1.122018454E-06 1.800576521E+00
8.00000E-01 1.412537545E-06 1.535240045E-03
8.00000E-01 1.778279410E-06 7.133592500E-09
8.00000E-01 2.238721139E-06 1.883335200E-15
8.00000E-01 2.818382931E-06 1.013950200E-28
9.00000E-01 1.258925400E-06 4.770453689E+01
9.00000E-01 1.258925400E-07 3.585882884E+03
9.00000E-01 1.258925400E-08 5.457422114E-01
9.00000E-01 1.584893200E-06 4.050605948E-01
9.00000E-01 1.584893200E-07 7.209823249E+03
9.00000E-01 1.584893200E-08 1.363189675E+00
9.00000E-01 1.995262300E-06 4.073569202E-04
9.00000E-01 1.995262300E-07 1.310113449E+04
9.00000E-01 1.995262300E-08 3.303297235E+00
9.00000E-01 1.000000000E-06 1.125157010E+03
9.00000E-01 1.000000000E-07 1.702108659E+03
9.00000E-01 1.000000000E-08 2.153879454E-01
9.00000E-01 2.511886400E-06 2.350019829E-09
9.00000E-01 2.511886400E-07 2.046402767E+04
9.00000E-01 2.511886400E-08 8.258791708E+00
9.00000E-01 3.162277700E-06 1.627319479E-17
9.00000E-01 3.162277700E-07 2.826961267E+04
9.00000E-01 3.162277700E-08 2.087062782E+01
9.00000E-01 3.162277700E-09 2.082344718E-03
9.00000E-01 3.981071700E-07 3.333127320E+04
9.00000E-01 3.981071700E-08 5.069453165E+01
9.00000E-01 5.011872300E-07 2.533050126E+04
9.00000E-01 5.011872300E-08 1.227096682E+02
9.00000E-01 5.011872300E-09 1.324281167E-02
9.00000E-01 6.309573400E-07 1.782970087E+04
9.00000E-01 6.309573400E-08 2.978041419E+02
9.00000E-01 6.309573400E-09 3.373616632E-02
9.00000E-01 7.943282300E-07 7.448238890E+03
9.00000E-01 7.943282300E-08 6.934412863E+02
9.00000E-01 7.943282300E-09 8.059017843E-02
9.50000E-01 1.122018454E-06 3.332680922E+02
9.50000E-01 1.258925400E-07 2.182309431E+03
9.50000E-01 1.258925400E-08 3.300524480E-01
9.50000E-01 1.412537545E-06 1.423731301E+01
9.50000E-01 1.584893200E-06 5.898851303E-01
9.50000E-01 1.584893200E-07 4.338802896E+03
9.50000E-01 1.584893200E-08 8.090088078E-01
9.50000E-01 1.778279410E-06 5.420658300E-02
9.50000E-01 1.995262300E-06 6.899274801E-04
9.50000E-01 1.995262300E-07 8.369319563E+03
9.50000E-01 1.995262300E-08 1.989905999E+00
9.50000E-01 1.000000000E-06 1.114649006E+03
9.50000E-01 1.000000000E-07 1.048327674E+03
9.50000E-01 1.000000000E-08 1.367810132E-01
9.50000E-01 2.238721139E-06 2.491530602E-06
9.50000E-01 2.511886400E-06 3.243633900E-08
9.50000E-01 2.511886400E-07 1.369990679E+04
9.50000E-01 2.511886400E-08 5.281830336E+00
9.50000E-01 2.818382931E-06 2.368435200E-12
9.50000E-01 3.162277700E-07 1.786246449E+04
9.50000E-01 3.162277700E-08 1.236905504E+01
9.50000E-01 3.162277700E-09 1.314380443E-03
9.50000E-01 3.548133892E-06 4.537041500E-22
9.50000E-01 3.981071700E-06 4.288126600E-30
9.50000E-01 3.981071700E-07 2.270737376E+04
9.50000E-01 3.981071700E-08 3.065200279E+01
9.50000E-01 3.981071700E-09 3.306243907E-03
9.50000E-01 5.011872300E-07 2.005076482E+04
9.50000E-01 5.011872300E-08 8.063811952E+01
9.50000E-01 5.011872300E-09 8.452247930E-03
9.50000E-01 6.309573400E-07 1.259371833E+04
9.50000E-01 6.309573400E-08 1.842416652E+02
9.50000E-01 6.309573400E-09 2.020757832E-02
9.50000E-01 7.943282300E-07 5.622539049E+03
9.50000E-01 7.943282300E-08 4.281056569E+02
9.50000E-01 7.943282300E-09 5.255050988E-02
9.00000E-01 1.122018454E-06 3.485742270E+02
9.00000E-01 1.412537545E-06 8.045136505E+00
9.00000E-01 1.778279410E-06 3.793116201E-02
9.00000E-01 2.238721139E-06 3.568742200E-06
9.00000E-01 2.818382931E-06 6.270042600E-13
9.00000E-01 3.548133892E-06 2.761580900E-23
1.50000E+00 1.258925400E-06 1.259481565E-08
1.50000E+00 1.258925400E-07 7.845973740E+01
1.50000E+00 1.258925400E-08 2.236493770E-02
1.50000E+00 1.584893200E-06 9.206030780E-15
1.50000E+00 1.584893200E-07 1.146848848E+02
1.50000E+00 1.584893200E-08 5.835489370E-02
1.50000E+00 1.995262300E-06 2.717759301E-25
1.50000E+00 1.995262300E-07 1.476610839E+02
1.50000E+00 1.995262300E-08 1.463275700E-01
1.50000E+00 1.000000000E-06 1.838769810E-04
1.50000E+00 1.000000000E-08 9.629694000E-03
1.50000E+00 2.511886400E-07 1.490862694E+02
1.50000E+00 2.511886400E-08 3.494125620E-01
1.50000E+00 3.162277700E-07 1.155282253E+02
1.50000E+00 3.162277700E-08 8.656519200E-01
1.50000E+00 3.162277700E-09 9.627953400E-05
1.50000E+00 3.981071700E-07 5.722462860E+01
1.50000E+00 3.981071700E-08 2.069590390E+00
1.50000E+00 3.981071700E-09 2.381533600E-04
1.50000E+00 5.011872300E-07 1.726281927E+01
1.50000E+00 5.011872300E-08 4.804743570E+00
1.50000E+00 5.011872300E-09 5.939005960E-04
1.50000E+00 6.309573400E-07 1.575703564E+00
1.50000E+00 6.309573400E-08 1.013704840E+01
1.50000E+00 6.309573400E-09 1.511627070E-03
1.50000E+00 7.943282300E-07 4.449334921E-02
1.50000E+00 7.943282300E-08 2.349742210E+01
1.50000E+00 7.943282300E-09 3.844973980E-03
1.60000E+00 1.258925400E-06 4.089118762E-11
1.60000E+00 1.258925400E-07 4.572166310E+01
1.60000E+00 1.258925400E-08 1.617184240E-02
1.60000E+00 1.584893200E-06 4.392354266E-18
1.60000E+00 1.584893200E-07 6.394178700E+01
1.60000E+00 1.584893200E-08 4.191258900E-02
1.60000E+00 1.995262300E-06 3.780208682E-31
1.60000E+00 1.995262300E-07 7.358514640E+01
1.60000E+00 1.995262300E-08 1.028965790E-01
1.60000E+00 1.000000000E-06 5.842255438E-06
1.60000E+00 1.000000000E-07 2.769504040E+01
1.60000E+00 1.000000000E-08 6.872311600E-03
1.60000E+00 2.511886400E-07 6.993101640E+01
1.60000E+00 2.511886400E-08 2.598142440E-01
1.60000E+00 3.162277700E-07 5.043957310E+01
1.60000E+00 3.162277700E-08 6.179733900E-01
1.60000E+00 3.162277700E-09 7.093016400E-05
1.60000E+00 3.981071700E-08 1.525826170E+00
1.60000E+00 3.981071700E-09 1.757585660E-04
1.60000E+00 5.011872300E-07 3.583744554E+00
1.60000E+00 5.011872300E-08 3.148365200E+00
1.60000E+00 6.309573400E-07 2.923252863E-01
1.60000E+00 6.309573400E-08 7.051482800E+00
1.60000E+00 6.309573400E-09 1.133321100E-03
1.60000E+00 7.943282300E-07 4.766892751E-03
1.60000E+00 7.943282300E-08 1.444944320E+01
1.60000E+00 7.943282300E-09 2.875091640E-03
1.70000E+00 1.258925400E-07 2.787357720E+01
1.70000E+00 1.258925400E-08 1.275451650E-02
1.70000E+00 1.584893200E-06 5.048698939E-22
1.70000E+00 1.584893200E-07 3.820495250E+01
1.70000E+00 1.584893200E-08 3.275737690E-02
1.70000E+00 1.995262300E-07 4.262002170E+01
1.70000E+00 1.995262300E-08 7.674131000E-02
1.70000E+00 1.000000000E-06 5.358459541E-08
1.70000E+00 1.000000000E-07 1.753160240E+01
1.70000E+00 1.000000000E-08 5.350324500E-03
1.70000E+00 2.511886400E-07 3.876150650E+01
1.70000E+00 2.511886400E-08 1.830873620E-01
1.70000E+00 3.162277700E-07 1.829548724E+01
1.70000E+00 3.162277700E-08 4.669847100E-01
1.70000E+00 3.162277700E-09 5.022096000E-05
1.70000E+00 3.981071700E-07 5.933993500E+00
1.70000E+00 3.981071700E-08 1.038580030E+00
1.70000E+00 3.981071700E-09 1.272887340E-04
1.70000E+00 5.011872300E-07 7.791106020E-01
1.70000E+00 5.011872300E-08 2.309165650E+00
1.70000E+00 5.011872300E-09 3.278308900E-04
1.70000E+00 6.309573400E-07 3.009465580E-02
1.70000E+00 6.309573400E-08 5.159677300E+00
1.70000E+00 6.309573400E-09 8.208740100E-04
1.70000E+00 7.943282300E-08 1.012532400E+01
1.70000E+00 7.943282300E-09 2.139292900E-03
1.80000E+00 1.258925400E-06 1.597655316E-14
1.80000E+00 1.258925400E-07 1.873486220E+01
1.80000E+00 1.258925400E-08 9.149887700E-03
1.80000E+00 1.584893200E-06 5.956225103E-25
1.80000E+00 1.584893200E-07 2.168293390E+01
1.80000E+00 1.584893200E-08 2.273592760E-02
1.80000E+00 1.995262300E-07 2.379022000E+01
1.80000E+00 1.995262300E-08 5.880212000E-02
1.80000E+00 1.000000000E-06 7.095317858E-09
1.80000E+00 1.000000000E-07 1.229458800E+01
1.80000E+00 1.000000000E-08 3.677891000E-03
1.80000E+00 2.511886400E-07 1.991845580E+01
1.80000E+00 2.511886400E-08 1.368482850E-01
1.80000E+00 3.162277700E-07 1.016586129E+01
1.80000E+00 3.162277700E-08 3.267762500E-01
1.80000E+00 3.162277700E-09 3.706226700E-05
1.80000E+00 3.981071700E-07 3.033856810E+00
1.80000E+00 3.981071700E-08 7.148184300E-01
1.80000E+00 3.981071700E-09 9.712254700E-05
1.80000E+00 5.011872300E-07 2.768373719E-01
1.80000E+00 5.011872300E-08 1.693032420E+00
1.80000E+00 5.011872300E-09 2.342172080E-04
1.80000E+00 6.309573400E-07 1.929118229E-02
1.80000E+00 6.309573400E-08 3.441146300E+00
1.80000E+00 6.309573400E-09 5.900412400E-04
1.80000E+00 7.943282300E-07 6.600069404E-05
1.80000E+00 7.943282300E-08 6.907357200E+00
1.80000E+00 7.943282300E-09 1.466386250E-03
1.90000E+00 1.258925400E-06 2.470896197E-15
1.90000E+00 1.258925400E-07 1.261252190E+01
1.90000E+00 1.258925400E-08 6.479202300E-03
1.90000E+00 1.584893200E-06 1.125528332E-25
1.90000E+00 1.584893200E-07 1.596363720E+01
1.90000E+00 1.584893200E-08 1.598258080E-02
1.90000E+00 1.995262300E-07 1.578355790E+01
1.90000E+00 1.995262300E-08 3.936059700E-02
1.90000E+00 1.000000000E-06 1.963462521E-09
1.90000E+00 1.000000000E-08 2.593709800E-03
1.90000E+00 2.511886400E-07 1.349698710E+01
1.90000E+00 2.511886400E-08 9.580894800E-02
1.90000E+00 3.162277700E-07 6.634262430E+00
1.90000E+00 3.162277700E-08 2.269379520E-01
1.90000E+00 3.162277700E-09 2.692141100E-05
1.90000E+00 3.981071700E-07 1.858079008E+00
1.90000E+00 3.981071700E-09 6.780607500E-05
1.90000E+00 5.011872300E-07 2.503030406E-01
1.90000E+00 5.011872300E-08 1.108444210E+00
1.90000E+00 5.011872300E-09 1.596019160E-04
1.90000E+00 6.309573400E-07 6.950950259E-03
1.90000E+00 6.309573400E-08 2.508220160E+00
1.90000E+00 6.309573400E-09 4.296908000E-04
1.90000E+00 7.943282300E-07 3.599953677E-05
1.90000E+00 7.943282300E-08 4.672479500E+00
1.90000E+00 7.943282300E-09 1.034206150E-03
2.00000E+00 1.258925400E-06 5.176125091E-18
2.00000E+00 1.258925400E-07 8.136774800E+00
2.00000E+00 1.258925400E-08 5.617700300E-03
2.00000E+00 1.584893200E-06 1.112280045E-29
2.00000E+00 1.584893200E-07 9.554352300E+00
2.00000E+00 1.584893200E-08 1.316862490E-02
2.00000E+00 1.995262300E-07 9.174893400E+00
2.00000E+00 1.995262300E-08 3.235775400E-02
2.00000E+00 1.000000000E-06 8.504564450E-11
2.00000E+00 1.000000000E-07 5.766415700E+00
2.00000E+00 1.000000000E-08 2.255257700E-03
2.00000E+00 2.511886400E-07 6.069735490E+00
2.00000E+00 2.511886400E-08 7.853120500E-02
2.00000E+00 3.162277700E-07 2.699414240E+00
2.00000E+00 3.162277700E-08 1.867693590E-01
2.00000E+00 3.981071700E-07 5.823191340E-01
2.00000E+00 3.981071700E-09 5.711564000E-05
2.00000E+00 5.011872300E-07 4.235639030E-02
2.00000E+00 5.011872300E-08 9.389804900E-01
2.00000E+00 5.011872300E-09 1.403840660E-04
2.00000E+00 6.309573400E-07 1.057240127E-03
2.00000E+00 6.309573400E-08 1.819078680E+00
2.00000E+00 6.309573400E-09 3.504100700E-04
2.00000E+00 7.943282300E-07 1.732458101E-06
2.00000E+00 7.943282300E-08 3.605761600E+00
2.00000E+00 7.943282300E-09 8.102727600E-04
2.10000E+00 1.258925400E-06 2.663383819E-21
2.10000E+00 1.258925400E-07 5.689054300E+00
2.10000E+00 1.258925400E-08 4.717726000E-03
2.10000E+00 1.584893200E-06 4.674683513E-33
2.10000E+00 1.584893200E-07 5.991355400E+00
2.10000E+00 1.584893200E-08 1.172907470E-02
2.10000E+00 1.995262300E-07 5.227998900E+00
2.10000E+00 1.995262300E-08 2.798674400E-02
2.10000E+00 1.000000000E-06 1.579172038E-12
2.10000E+00 1.000000000E-07 4.183206900E+00
2.10000E+00 1.000000000E-08 1.968023590E-03
2.10000E+00 2.511886400E-07 3.119865530E+00
2.10000E+00 2.511886400E-08 6.555591700E-02
2.10000E+00 3.162277700E-07 1.096441170E+00
2.10000E+00 3.162277700E-08 1.522480270E-01
2.10000E+00 3.162277700E-09 1.956397500E-05
2.10000E+00 3.981071700E-07 1.838732180E-01
2.10000E+00 3.981071700E-08 3.407725100E-01
2.10000E+00 5.011872300E-07 9.684907070E-03
2.10000E+00 5.011872300E-08 7.486305500E-01
2.10000E+00 5.011872300E-09 1.235653610E-04
2.10000E+00 6.309573400E-07 1.241906901E-04
2.10000E+00 6.309573400E-08 1.512236400E+00
2.10000E+00 6.309573400E-09 3.019833000E-04
2.10000E+00 7.943282300E-07 1.069822244E-07
2.10000E+00 7.943282300E-08 2.702803000E+00
2.20000E+00 1.258925400E-06 1.433125803E-24
2.20000E+00 1.258925400E-07 3.828958000E+00
2.20000E+00 1.258925400E-08 3.964603900E-03
2.20000E+00 1.584893200E-06 6.866161841E-38
2.20000E+00 1.584893200E-07 3.976637900E+00
2.20000E+00 1.584893200E-08 1.020236310E-02
2.20000E+00 1.995262300E-07 3.036221590E+00
2.20000E+00 1.995262300E-08 2.443346180E-02
2.20000E+00 1.000000000E-06 9.676218594E-15
2.20000E+00 1.000000000E-07 3.029571100E+00
2.20000E+00 1.000000000E-08 1.652728570E-03
2.20000E+00 2.511886400E-07 1.529105590E+00
2.20000E+00 2.511886400E-08 5.595897600E-02
2.20000E+00 3.162277700E-07 5.151235840E-01
2.20000E+00 3.162277700E-08 1.295579480E-01
2.20000E+00 3.162277700E-09 1.637115450E-05
2.20000E+00 3.981071700E-07 7.542023970E-02
2.20000E+00 3.981071700E-08 2.889343600E-01
2.20000E+00 3.981071700E-09 4.191155500E-05
2.20000E+00 5.011872300E-07 2.629987970E-03
2.20000E+00 5.011872300E-08 6.086127200E-01
2.20000E+00 5.011872300E-09 1.069222070E-04
2.20000E+00 6.309573400E-07 2.162986522E-05
2.20000E+00 6.309573400E-08 1.189897000E+00
2.20000E+00 6.309573400E-09 2.615062460E-04
2.20000E+00 7.943282300E-07 4.152306426E-09
2.20000E+00 7.943282300E-08 2.032908500E+00
2.20000E+00 7.943282300E-09 6.566086200E-04
2.30000E+00 1.258925400E-06 7.114979903E-27
2.30000E+00 1.258925400E-07 2.612838000E+00
2.30000E+00 1.258925400E-08 3.508571900E-03
2.30000E+00 1.584893200E-06 3.843762560E-41
2.30000E+00 1.584893200E-07 2.698180200E+00
2.30000E+00 1.584893200E-08 8.462025500E-03
2.30000E+00 1.995262300E-07 1.849575300E+00
2.30000E+00 1.995262300E-08 2.033781520E-02
2.30000E+00 1.000000000E-06 4.641307979E-16
2.30000E+00 1.000000000E-07 2.219558200E+00
2.30000E+00 1.000000000E-08 1.498827340E-03
2.30000E+00 2.511886400E-07 1.005434680E+00
2.30000E+00 2.511886400E-08 5.025760800E-02
2.30000E+00 3.162277700E-07 2.725944460E-01
2.30000E+00 3.162277700E-08 1.119875480E-01
2.30000E+00 3.162277700E-09 1.475941780E-05
2.30000E+00 3.981071700E-07 3.194512240E-02
2.30000E+00 3.981071700E-08 2.310189840E-01
2.30000E+00 3.981071700E-09 3.643315600E-05
2.30000E+00 5.011872300E-07 1.186020667E-03
2.30000E+00 5.011872300E-08 4.825751400E-01
2.30000E+00 5.011872300E-09 8.893799500E-05
2.30000E+00 6.309573400E-07 7.608308510E-07
2.30000E+00 6.309573400E-08 9.497976700E-01
2.30000E+00 6.309573400E-09 2.310817160E-04
2.30000E+00 7.943282300E-07 2.069554700E-10
2.30000E+00 7.943282300E-08 1.573721590E+00
2.30000E+00 7.943282300E-09 5.881444200E-04
2.40000E+00 1.258925400E-06 1.432626803E-28
2.40000E+00 1.258925400E-07 1.938550440E+00
2.40000E+00 1.258925400E-08 3.135225070E-03
2.40000E+00 1.584893200E-07 1.760414330E+00
2.40000E+00 1.584893200E-08 7.661511400E-03
2.40000E+00 1.995262300E-07 1.196873280E+00
2.40000E+00 1.995262300E-08 1.795401770E-02
2.40000E+00 1.000000000E-06 1.859476590E-17
2.40000E+00 1.000000000E-07 1.685168960E+00
2.40000E+00 1.000000000E-08 1.258594760E-03
2.40000E+00 2.511886400E-07 4.429718700E-01
2.40000E+00 2.511886400E-08 4.219959000E-02
2.40000E+00 3.162277700E-07 1.072924640E-01
2.40000E+00 3.162277700E-08 9.625404500E-02
2.40000E+00 3.162277700E-09 1.306043940E-05
2.40000E+00 3.981071700E-07 1.097261450E-02
2.40000E+00 3.981071700E-08 2.076615740E-01
2.40000E+00 3.981071700E-09 3.304311320E-05
2.40000E+00 5.011872300E-07 2.250187743E-04
2.40000E+00 5.011872300E-08 4.111609800E-01
2.40000E+00 5.011872300E-09 8.070343200E-05
2.40000E+00 6.309573400E-07 5.865111905E-07
2.40000E+00 6.309573400E-08 7.095707600E-01
2.40000E+00 6.309573400E-09 2.058936210E-04
2.40000E+00 7.943282300E-07 3.026523957E-11
2.40000E+00 7.943282300E-08 1.197169190E+00
2.40000E+00 7.943282300E-09 4.911987400E-04
2.50000E+00 1.258925400E-06 8.081631323E-31
2.50000E+00 1.258925400E-07 1.385709420E+00
2.50000E+00 1.258925400E-08 2.729203680E-03
2.50000E+00 1.584893200E-07 1.220857150E+00
2.50000E+00 1.584893200E-08 6.929398900E-03
2.50000E+00 1.995262300E-07 6.864055000E-01
2.50000E+00 1.995262300E-08 1.597434950E-02
2.50000E+00 1.000000000E-06 5.673720606E-20
2.50000E+00 1.000000000E-07 1.312048650E+00
2.50000E+00 1.000000000E-08 1.101281170E-03
2.50000E+00 2.511886400E-07 2.419248570E-01
2.50000E+00 2.511886400E-08 3.654364150E-02
2.50000E+00 3.162277700E-07 4.935433880E-02
2.50000E+00 3.162277700E-08 8.327221200E-02
2.50000E+00 3.162277700E-09 1.125386410E-05
2.50000E+00 3.981071700E-07 3.391587990E-03
2.50000E+00 3.981071700E-08 1.788164720E-01
2.50000E+00 3.981071700E-09 2.960520300E-05
2.50000E+00 5.011872300E-07 5.466989326E-05
2.50000E+00 5.011872300E-08 3.613447960E-01
2.50000E+00 5.011872300E-09 7.373711200E-05
2.50000E+00 6.309573400E-07 7.789762960E-08
2.50000E+00 6.309573400E-08 6.243207100E-01
2.50000E+00 6.309573400E-09 1.865955730E-04
2.50000E+00 7.943282300E-07 2.528433231E-12
2.50000E+00 7.943282300E-08 9.942070700E-01
2.50000E+00 7.943282300E-09 4.234082510E-04
2.60000E+00 1.258925400E-06 7.546151516E-35
2.60000E+00 1.258925400E-07 1.050589190E+00
2.60000E+00 1.258925400E-08 2.472135380E-03
2.60000E+00 1.584893200E-07 8.631089500E-01
2.60000E+00 1.584893200E-08 5.939856800E-03
2.60000E+00 1.995262300E-07 4.183845600E-01
2.60000E+00 1.995262300E-08 1.405340360E-02
2.60000E+00 1.000000000E-06 3.892004570E-21
2.60000E+00 1.000000000E-07 1.002000810E+00
2.60000E+00 1.000000000E-08 1.001677970E-03
2.60000E+00 2.511886400E-07 1.516921990E-01
2.60000E+00 2.511886400E-08 3.126599420E-02
2.60000E+00 3.162277700E-07 2.441601880E-02
2.60000E+00 3.162277700E-08 6.950441700E-02
2.60000E+00 3.162277700E-09 1.081258480E-05
2.60000E+00 3.981071700E-07 1.626410540E-03
2.60000E+00 3.981071700E-08 1.579220160E-01
2.60000E+00 5.011872300E-07 1.611269397E-05
2.60000E+00 5.011872300E-08 2.959596660E-01
2.60000E+00 5.011872300E-09 6.453458700E-05
2.60000E+00 6.309573400E-07 4.446623234E-09
2.60000E+00 6.309573400E-08 5.265172600E-01
2.60000E+00 6.309573400E-09 1.701234220E-04
2.60000E+00 7.943282300E-07 8.034838918E-14
2.60000E+00 7.943282300E-08 7.944499700E-01
2.60000E+00 7.943282300E-09 4.082447110E-04
2.70000E+00 1.258925400E-07 8.165792500E-01
2.70000E+00 1.258925400E-08 2.152765350E-03
2.70000E+00 1.584893200E-07 5.914087800E-01
2.70000E+00 1.584893200E-08 5.165617230E-03
2.70000E+00 1.995262300E-07 3.227786300E-01
2.70000E+00 1.995262300E-08 1.235023730E-02
2.70000E+00 1.000000000E-06 1.831658475E-23
2.70000E+00 1.000000000E-07 7.939500800E-01
2.70000E+00 1.000000000E-08 9.288819400E-04
2.70000E+00 2.511886400E-07 9.802092500E-02
2.70000E+00 2.511886400E-08 2.975746570E-02
2.70000E+00 3.162277700E-07 1.594687660E-02
2.70000E+00 3.162277700E-08 6.293331600E-02
2.70000E+00 3.162277700E-09 1.002155400E-05
2.70000E+00 3.981071700E-07 4.809549370E-04
2.70000E+00 3.981071700E-08 1.325772450E-01
2.70000E+00 3.981071700E-09 2.317806440E-05
2.70000E+00 5.011872300E-07 5.156601060E-06
2.70000E+00 5.011872300E-08 2.599152240E-01
2.70000E+00 5.011872300E-09 5.787381540E-05
2.70000E+00 6.309573400E-07 3.013728410E-09
2.70000E+00 6.309573400E-08 4.363381820E-01
2.70000E+00 6.309573400E-09 1.460628140E-04
2.70000E+00 7.943282300E-07 5.595958140E-15
2.70000E+00 7.943282300E-08 6.597663500E-01
2.70000E+00 7.943282300E-09 3.619807570E-04
2.80000E+00 1.258925400E-06 1.253181590E-37
2.80000E+00 1.258925400E-07 6.109480800E-01
2.80000E+00 1.258925400E-08 1.952353330E-03
2.80000E+00 1.584893200E-07 4.245218500E-01
2.80000E+00 1.584893200E-08 4.581252770E-03
2.80000E+00 1.995262300E-07 2.287215970E-01
2.80000E+00 1.995262300E-08 1.153740180E-02
2.80000E+00 1.000000000E-06 4.316353785E-24
2.80000E+00 1.000000000E-07 6.363047200E-01
2.80000E+00 1.000000000E-08 7.915530930E-04
2.80000E+00 2.511886400E-08 2.581673640E-02
2.80000E+00 3.162277700E-07 8.239282500E-03
2.80000E+00 3.162277700E-08 5.577884350E-02
2.80000E+00 3.162277700E-09 8.318020970E-06
2.80000E+00 3.981071700E-07 3.152486540E-04
2.80000E+00 3.981071700E-08 1.144284940E-01
2.80000E+00 5.011872300E-07 1.951123510E-06
2.80000E+00 5.011872300E-08 2.170736870E-01
2.80000E+00 5.011872300E-09 5.186039070E-05
2.80000E+00 6.309573400E-08 3.635284660E-01
2.80000E+00 6.309573400E-09 1.258740280E-04
2.80000E+00 7.943282300E-07 4.034274372E-15
2.80000E+00 7.943282300E-08 5.239777800E-01
2.80000E+00 7.943282300E-09 3.276647790E-04
2.90000E+00 1.258925400E-07 4.546934900E-01
2.90000E+00 1.258925400E-08 1.798743070E-03
2.90000E+00 1.584893200E-07 3.204084600E-01
2.90000E+00 1.584893200E-08 4.045515370E-03
2.90000E+00 1.995262300E-07 1.348908250E-01
2.90000E+00 1.995262300E-08 9.742770800E-03
2.90000E+00 1.000000000E-06 6.530023107E-26
2.90000E+00 1.000000000E-07 4.797593200E-01
2.90000E+00 1.000000000E-08 7.400202270E-04
2.90000E+00 2.511886400E-07 3.502955400E-02
2.90000E+00 2.511886400E-08 2.406707460E-02
2.90000E+00 3.162277700E-07 3.488359870E-03
2.90000E+00 3.162277700E-08 4.951416770E-02
2.90000E+00 3.162277700E-09 8.174631190E-06
2.90000E+00 3.981071700E-07 1.563546350E-04
2.90000E+00 3.981071700E-08 1.026088200E-01
2.90000E+00 3.981071700E-09 1.988223770E-05
2.90000E+00 5.011872300E-07 4.656310420E-07
2.90000E+00 5.011872300E-08 1.828667980E-01
2.90000E+00 5.011872300E-09 4.940515280E-05
2.90000E+00 6.309573400E-07 1.085588298E-10
2.90000E+00 6.309573400E-08 3.146433010E-01
2.90000E+00 6.309573400E-09 1.147341450E-04
2.90000E+00 7.943282300E-07 4.858871401E-17
2.90000E+00 7.943282300E-08 4.362126730E-01
