0.25 0.00012589254 0.42906019 0.18414656 0 0.48418347
0.25 0.00015848932 0.4286416 0.18374795 0 0.48418347
0.25 0.00019952623 0.42057191 0.1769566 0 0.48418347
0.25 0.0001 0.4331562 0.18763001 0 0.48418347
0.25 0.00025118864 0.4234651 0.17940031 0 0.48418347
0.25 0.00031622777 0.42564821 0.18120971 0 0.48418347
0.25 0.25 0.43225626 0.18686488 0 0.48418347
0.25 1.1220185e-05 0.43395166 0.18834529 2.8141948e-19 1
0.25 1.1220185e-05 0.43395166 0.18834529 2.8141948e-19 1
0.25 1.2589254e-05 0.42951095 0.18451212 3.1961715e-26 1
0.25 1.2589254e-06 0.42418319 0.17997132 0.038034646 0.92465893
0.25 1.2589254e-07 0.42892157 0.18403742 0.039890471 0.58266317
0.25 1.2589254e-08 0.43062168 0.18543765 0.00047595357 0.55592372
0.25 1.2589254e-09 0.43048951 0.18537558 5.0409621e-06 0.52943262
0.25 1.4125375e-05 0.42781987 0.18303274 6.4234648e-34 0.99999979
0.25 1.4125375e-05 0.42781987 0.18303274 6.4234648e-34 0.99999979
0.25 1.5848932e-05 0.4309644 0.18574513 3.6472748e-39 0.99946967
0.25 1.5848932e-06 0.43114651 0.18589769 0.016359786 0.8885938
0.25 1.5848932e-07 0.42059545 0.17691055 0.058678281 0.61178132
0.25 1.5848932e-08 0.42622378 0.18168622 0.00077761052 0.53659329
0.25 1.5848932e-09 0.42538882 0.18096082 7.3550562e-06 0.56397948
0.25 1.7782794e-05 0.42014862 0.1765446 3.4389301e-46 1
0.25 1.7782794e-05 0.42014862 0.1765446 3.4389301e-46 1
0.25 1.9952623e-05 0.42878172 0.18386565 4.6477963e-47 1
0.25 1.9952623e-06 0.43417562 0.18851973 0.0062269894 0.86772775
0.25 1.9952623e-07 0.42669462 0.18208127 0.082668222 0.6265526
0.25 1.9952623e-08 0.42532604 0.18092069 0.0011758779 0.55312178
0.25 1.9952623e-09 0.42688994 0.18224632 1.1940533e-05 0.55235938
0.25 1e-05 0.43002099 0.18496903 1.1137538e-18 0.99479242
0.25 1e-06 0.42382854 0.17966912 0.064281859 0.90456566
0.25 1e-07 0.42980304 0.18473877 0.027604117 0.53315323
0.25 1e-08 0.42796997 0.18323958 0.00030552454 0.54420806
0.25 1e-09 0.42498246 0.18061415 3.3029803e-06 0.51872583
0.25 2.2387211e-05 0.42343979 0.17933397 0 0.5092625
0.25 2.5118864e-05 0.43035052 0.18522236 0 0.5092625
0.25 2.5118864e-06 0.43583807 0.19001611 0.0018239121 0.94514243
0.25 2.5118864e-07 0.42331631 0.17919832 0.10007837 0.67379371
0.25 2.5118864e-08 0.43508625 0.18930868 0.0019484995 0.53546928
0.25 2.5118864e-09 0.43395567 0.18837034 1.8999502e-05 0.54363843
0.25 2.8183829e-05 0.42664052 0.18204938 0 0.52328601
0.25 3.1622777e-05 0.42336789 0.17924039 0 0.52328601
0.25 3.1622777e-06 0.42341334 0.17939518 0.00032585534 0.88541342
0.25 3.1622777e-07 0.42938169 0.18437545 0.12468214 0.68691486
0.25 3.1622777e-08 0.42335767 0.17923259 0.0032672767 0.52418928
0.25 3.1622777e-09 0.42187172 0.17798425 3.2165265e-05 0.52063329
0.25 3.5481339e-05 0.43031785 0.18519363 0 0.51246299
0.25 3.9810717e-05 0.43324461 0.18772914 0 0.51246299
0.25 3.9810717e-06 0.43050396 0.18534857 4.1499577e-05 0.96736572
0.25 3.9810717e-07 0.43170698 0.18637263 0.14250059 0.73606762
0.25 3.9810717e-08 0.43256694 0.18711893 0.0045552037 0.54411093
0.25 3.9810717e-09 0.42539194 0.180976 4.6213299e-05 0.54481045
0.25 4.4668359e-05 0.42774891 0.18301951 0 0.51914712
0.25 5.0118723e-06 0.41778012 0.17454141 9.5304549e-07 0.89551285
0.25 5.0118723e-07 0.42211478 0.17819556 0.13900036 0.78308158
0.25 5.0118723e-08 0.43436821 0.1886765 0.0072370369 0.5482508
0.25 5.0118723e-09 0.42355749 0.17940246 7.7597717e-05 0.54003056
0.25 5.6234133e-05 0.42339755 0.17926748 0 0.52740532
0.25 6.3095734e-05 0.431455 0.18624777 0 0.52740532
0.25 6.3095734e-06 0.42532763 0.18090985 2.5511228e-09 0.66764718
0.25 6.3095734e-07 0.43459709 0.18893974 0.12126165 0.84186368
0.25 6.3095734e-08 0.4324986 0.18710041 0.011247223 0.57307355
0.25 6.3095734e-09 0.42928196 0.18429693 0.00012054209 0.54592036
0.25 7.0794578e-05 0.43253636 0.1871013 0 0.52079956
0.25 7.9432823e-05 0.42871135 0.18379608 0 0.52079956
0.25 7.9432823e-06 0.42976015 0.1847323 1.3103211e-12 0.99994272
0.25 7.9432823e-07 0.42879106 0.18391367 0.094263228 0.87561963
0.25 7.9432823e-08 0.4307326 0.18555422 0.016300153 0.56583803
0.25 7.9432823e-09 0.42445489 0.18028525 0.00019355876 0.53924382
0.3 0.00012589254 0.47735022 0.22788603 0 0.51401246
0.3 0.00015848932 0.47040845 0.22133132 0 0.51401246
0.3 0.00019952623 0.47464925 0.22533181 0 0.51401246
0.3 0.0001 0.47372446 0.22444618 0 0.51401246
0.3 0.00025118864 0.47821252 0.22876451 0 0.51401246
0.3 0.00031622777 0.47931755 0.22974543 0 0.51401246
0.3 1.2589254e-05 0.47801853 0.2286213 3.2380833e-38 1
0.3 1.2589254e-06 0.47569638 0.22631041 0.017349843 0.90436872
0.3 1.2589254e-07 0.47109967 0.22200311 0.050091078 0.60200342
0.3 1.2589254e-08 0.46809401 0.21918703 0.00069910836 0.53240242
0.3 1.2589254e-09 0.47594813 0.2266034 6.3255991e-06 0.52716372
0.3 1.5848932e-05 0.46571907 0.21692593 0 0.52333658
0.3 1.5848932e-06 0.47561571 0.22628106 0.0065351282 0.91303614
0.3 1.5848932e-07 0.47687902 0.22743685 0.071391759 0.58124447
0.3 1.5848932e-08 0.47719029 0.22792013 0.0010488288 0.50795369
0.3 1.5848932e-09 0.47255885 0.22331475 1.0548172e-05 0.51963206
0.3 1.9952623e-05 0.47062107 0.22150974 0 0.5125151
0.3 1.9952623e-06 0.48454831 0.2347943 0.0017616759 0.92993819
0.3 1.9952623e-07 0.47960962 0.23002766 0.093234761 0.61132615
0.3 1.9952623e-08 0.48321585 0.23351678 0.001657342 0.54598367
0.3 1.9952623e-09 0.48344371 0.23379309 1.6171194e-05 0.51418837
0.3 1e-05 0.46998261 0.22090136 3.2419633e-26 0.99958831
0.3 1e-06 0.4750574 0.22568095 0.034847264 0.88345311
0.3 1e-07 0.47097268 0.22184598 0.036779547 0.55828322
0.3 1e-08 0.47151126 0.22232661 0.00041368698 0.54947242
0.3 1e-09 0.4793498 0.22978433 4.2377125e-06 0.51932148
0.3 2.5118864e-05 0.47530692 0.22592536 0 0.53037499
0.3 2.5118864e-06 0.4695913 0.22052063 0.00035411092 0.84168604
0.3 2.5118864e-07 0.47942444 0.2298991 0.11157557 0.65384197
0.3 2.5118864e-08 0.46996245 0.22088148 0.0027595765 0.51346835
0.3 2.5118864e-09 0.47131005 0.22214461 2.698093e-05 0.50151402
0.3 3.1622777e-05 0.471664 0.22250621 0 0.5091723
0.3 3.1622777e-06 0.47267912 0.22342801 4.7077533e-05 0.82754396
0.3 3.1622777e-07 0.47458217 0.22526659 0.12979416 0.67991018
0.3 3.1622777e-08 0.47472067 0.22543657 0.0041128946 0.51918053
0.3 3.1622777e-09 0.47518472 0.22580535 4.1995749e-05 0.50926322
0.3 3.9810717e-05 0.48020354 0.23067067 0 0.5205708
0.3 3.9810717e-06 0.46578105 0.21695981 2.1946836e-06 0.99722805
0.3 3.9810717e-07 0.47207521 0.22286899 0.13944192 0.72151349
0.3 3.9810717e-08 0.46572005 0.21690274 0.0067582307 0.53215401
0.3 3.9810717e-09 0.47995825 0.23037375 6.262715e-05 0.54875328
0.3 5.0118723e-05 0.4767612 0.22734367 0 0.54787591
0.3 5.0118723e-06 0.47362921 0.22438011 1.6215378e-08 0.99939751
0.3 5.0118723e-07 0.47280946 0.22358192 0.11687203 0.80133
0.3 5.0118723e-08 0.47967423 0.23012343 0.010174588 0.55651183
0.3 5.0118723e-09 0.48238238 0.23280434 0.00010112546 0.51717878
0.3 6.3095734e-05 0.46848227 0.21953289 0 0.52740937
0.3 6.3095734e-06 0.47238069 0.22321201 7.1636226e-12 0.46316943
0.3 6.3095734e-07 0.46662021 0.21773932 0.091966961 0.83623825
0.3 6.3095734e-08 0.47079683 0.22167595 0.015475134 0.56253343
0.3 6.3095734e-09 0.47925239 0.22970642 0.00016240794 0.54191499
0.3 7.9432823e-05 0.4794492 0.2299099 0 0.5307151
0.3 7.9432823e-06 0.47542698 0.2260502 2.6820913e-18 0.99999384
0.3 7.9432823e-07 0.46623413 0.21750041 0.061541216 0.8716695
0.3 7.9432823e-08 0.47275508 0.22351672 0.02365755 0.5640092
0.3 7.9432823e-09 0.47040368 0.2212923 0.00025318245 0.53918017
0.35 0.00012589254 0.48222084 0.23258193 0 0.54066971
0.35 0.00015848932 0.49257975 0.24269095 0 0.54066971
0.35 0.00019952623 0.48987798 0.23998268 0 0.54066971
0.35 0.0001 0.48188431 0.23224821 0 0.54066971
0.35 0.00025118864 0.4887108 0.2388389 0 0.54066971
0.35 0.00031622777 0.492804 0.24290415 0 0.54066971
0.35 1.2589254e-05 0.4847793 0.23502779 0 0.54066971
0.35 1.2589254e-07 0.49353359 0.24359293 0.063644517 0.56757738
0.35 1.2589254e-08 0.48776769 0.23795311 0.00088202861 0.54374628
0.35 1.2589254e-09 0.4930339 0.24312249 8.5080542e-06 0.52927017
0.35 1.5848932e-05 0.48655783 0.23685267 0 0.5530932
0.35 1.5848932e-06 0.49165108 0.24178556 0.0028249101 0.90204782
0.35 1.5848932e-07 0.48725783 0.23742465 0.088082195 0.59072275
0.35 1.5848932e-08 0.48787774 0.23804433 0.0013288644 0.51007702
0.35 1.5848932e-09 0.48868527 0.23884813 1.3689307e-05 0.53437892
0.35 1.9952623e-05 0.48993706 0.24004729 0 0.54205244
0.35 1.9952623e-06 0.48388665 0.23414911 0.00058867227 0.87658436
0.35 1.9952623e-07 0.4799416 0.23039584 0.11349322 0.61775737
0.35 1.9952623e-08 0.4880539 0.23829075 0.0021222297 0.53890494
0.35 1.9952623e-09 0.48326186 0.2336901 2.1358828e-05 0.52637148
0.35 1e-05 0.4817665 0.23215072 6.0858928e-37 0.99928222
0.35 1e-06 0.48155353 0.23192236 0.023820023 0.88337756
0.35 1e-07 0.48332524 0.23360873 0.043611575 0.56273738
0.35 1e-08 0.48136323 0.23171154 0.00054113894 0.5118401
0.35 1e-09 0.49126592 0.24134577 5.2347288e-06 0.53218886
0.35 2.5118864e-05 0.48920064 0.23935619 0 0.54511414
0.35 2.5118864e-06 0.48193692 0.23230143 7.9395918e-05 0.88069781
0.35 2.5118864e-07 0.48625954 0.2365139 0.12426159 0.64355967
0.35 2.5118864e-08 0.48114976 0.23153757 0.0035016409 0.52980887
0.35 2.5118864e-09 0.49188964 0.2419934 3.4759659e-05 0.52302925
0.35 3.1622777e-05 0.4879468 0.23825368 0 0.53180829
0.35 3.1622777e-06 0.48296955 0.23326462 6.4542852e-06 0.83929481
0.35 3.1622777e-07 0.49460133 0.24464086 0.13312026 0.70789968
0.35 3.1622777e-08 0.48745669 0.2376378 0.0055586758 0.49750639
0.35 3.1622777e-09 0.4930898 0.24317673 5.3290506e-05 0.54180969
0.35 3.9810717e-05 0.49572471 0.24574718 0 0.53689398
0.35 3.9810717e-06 0.48890435 0.23906738 6.1590046e-08 0.8689355
0.35 3.9810717e-07 0.49260571 0.24268139 0.12303086 0.72113672
0.35 3.9810717e-08 0.49513821 0.24519149 0.0081990296 0.53477531
0.35 3.9810717e-09 0.48514714 0.23538362 9.1752243e-05 0.49322939
0.35 5.0118723e-05 0.48521775 0.23549759 0 0.52521943
0.35 5.0118723e-06 0.48058623 0.23099601 9.5348883e-10 0.49506849
0.35 5.0118723e-07 0.48490736 0.2351377 0.10493576 0.77882557
0.35 5.0118723e-08 0.48580354 0.23606713 0.012400379 0.54394446
0.35 5.0118723e-09 0.48439129 0.23467045 0.00013965035 0.54385968
0.35 6.3095734e-05 0.48218494 0.2325097 0 0.55583222
0.35 6.3095734e-06 0.49412746 0.2441822 1.4180969e-13 0.95404758
0.35 6.3095734e-07 0.48742532 0.2376176 0.071711877 0.84984157
0.35 6.3095734e-08 0.49368582 0.24381115 0.01958566 0.52980316
0.35 6.3095734e-09 0.48743162 0.23763024 0.00021821334 0.54056717
0.35 7.9432823e-05 0.48969823 0.23989593 0 0.53933373
0.35 7.9432823e-06 0.4900368 0.2401541 5.3479863e-23 0.99950613
0.35 7.9432823e-07 0.48867336 0.2388263 0.04477345 0.87927805
0.35 7.9432823e-08 0.49005702 0.240247 0.02980115 0.56716292
0.35 7.9432823e-09 0.48389113 0.23416095 0.00036139302 0.53117091
0.3 1.5848932e-05 0.46571907 0.21692593 0 0.53297315
0.4 0.00012589254 0.45832758 0.21010768 0 0.53297315
0.4 0.00015848932 0.45752444 0.20934725 0 0.53297315
0.4 0.00019952623 0.45395009 0.20607193 0 0.53297315
0.4 0.0001 0.45512821 0.20714971 0 0.53297315
0.4 0.00025118864 0.45820019 0.20995154 0 0.53297315
0.4 0.00031622777 0.46455932 0.21583764 0 0.53297315
0.4 1.2589254e-05 0.45665378 0.20863808 0 0.53297315
0.4 1.2589254e-06 0.45968298 0.21139055 0.0039532997 0.88514424
0.4 1.2589254e-07 0.45652024 0.20851938 0.081285731 0.60441352
0.4 1.2589254e-08 0.46514514 0.21636687 0.001251401 0.55977268
0.4 1.2589254e-09 0.45463931 0.20670793 1.3333093e-05 0.54472813
0.4 1.5848932e-05 0.45048892 0.20294075 0 0.56303861
0.4 1.5848932e-06 0.46264328 0.2140422 0.0012623927 0.85178632
0.4 1.5848932e-07 0.46161797 0.21309503 0.10840982 0.60848167
0.4 1.5848932e-08 0.46131568 0.21281551 0.0019554017 0.55207397
0.4 1.5848932e-09 0.45742478 0.20925133 2.0064119e-05 0.54172134
0.4 1.9952623e-05 0.45363874 0.20582143 0 0.55664139
0.4 1.9952623e-06 0.46257145 0.21397898 0.0001096732 0.86791691
0.4 1.9952623e-07 0.46360259 0.21503916 0.13065914 0.63049583
0.4 1.9952623e-08 0.45796902 0.20975151 0.0030828146 0.56745962
0.4 1.9952623e-09 0.46610228 0.21727692 3.1434993e-05 0.52170879
0.4 1e-05 0.44977263 0.20231886 1.08575e-35 1
0.4 1e-06 0.4625696 0.21398889 0.012437612 0.90010054
0.4 1e-07 0.46462768 0.21589709 0.059531044 0.58322401
0.4 1e-08 0.4502314 0.20278569 0.00080786791 0.5127466
0.4 1e-09 0.45502208 0.20709939 7.9250139e-06 0.54155195
0.4 2.5118864e-05 0.46046832 0.21203514 0 0.54666101
0.4 2.5118864e-06 0.45470251 0.20676059 1.2666639e-05 0.86016257
0.4 2.5118864e-07 0.46279342 0.21425792 0.14340433 0.69157285
0.4 2.5118864e-08 0.45772514 0.20953544 0.0048206762 0.56335588
0.4 2.5118864e-09 0.46060606 0.21216094 4.9845551e-05 0.54012417
0.4 3.1622777e-05 0.45702263 0.20888618 0 0.55581582
0.4 3.1622777e-06 0.45656831 0.20845637 6.5897301e-07 0.98654709
0.4 3.1622777e-07 0.45644528 0.20837565 0.14130093 0.71731362
0.4 3.1622777e-08 0.4638242 0.21515142 0.0073815632 0.54744527
0.4 3.1622777e-09 0.45917453 0.21084619 7.9633306e-05 0.5226762
0.4 3.9810717e-05 0.45607735 0.20807151 0 0.54989273
0.4 3.9810717e-06 0.45512158 0.20714131 7.7824725e-11 0.49198297
0.4 3.9810717e-07 0.46933995 0.22033806 0.1163221 0.76375773
0.4 3.9810717e-08 0.46170814 0.21317495 0.012040796 0.52743282
0.4 3.9810717e-09 0.46793677 0.21897789 0.00011578592 0.57050745
0.4 5.0118723e-05 0.4558053 0.20777975 0 0.56414962
0.4 5.0118723e-06 0.45074401 0.20319612 5.8142623e-13 0.0032177017
0.4 5.0118723e-07 0.46057348 0.21215135 0.087660119 0.80140089
0.4 5.0118723e-08 0.45839356 0.21022895 0.017687983 0.57495484
0.4 5.0118723e-09 0.45888667 0.21062405 0.00019866854 0.55483605
0.4 6.3095734e-05 0.45408866 0.20619718 0 0.57359916
0.4 6.3095734e-06 0.46218603 0.21366112 1.1674489e-19 1
0.4 6.3095734e-07 0.45896887 0.21067121 0.054689129 0.85333805
0.4 6.3095734e-08 0.45366862 0.20583219 0.029049188 0.54757022
0.4 6.3095734e-09 0.45633082 0.20827806 0.00030582795 0.55382087
0.4 7.9432823e-05 0.45535345 0.20736268 0 0.56086524
0.4 7.9432823e-06 0.45309698 0.20533497 5.4597764e-23 1
0.4 7.9432823e-07 0.44938798 0.20195449 0.031680913 0.89149765
0.4 7.9432823e-08 0.46027482 0.21187737 0.040847334 0.57910232
0.4 7.9432823e-09 0.46143203 0.21295687 0.00047779445 0.54503248
0.45 0.00012589254 0.44234067 0.19571623 0 0.56021673
0.45 0.00015848932 0.43243058 0.1870148 0 0.56021673
0.45 0.00019952623 0.43449887 0.1888477 0 0.56021673
0.45 0.0001 0.43167638 0.18636236 0 0.56021673
0.45 0.00025118864 0.43474686 0.18902337 0 0.56021673
0.45 0.00031622777 0.4365221 0.19065272 0 0.56021673
0.45 1.2589254e-05 0.44097675 0.19453671 0 0.56021673
0.45 1.2589254e-06 0.43356451 0.18798228 0.0021852311 0.89414878
0.45 1.2589254e-07 0.43461302 0.18902461 0.1016287 0.61293404
0.45 1.2589254e-08 0.43774386 0.19162258 0.001597758 0.59144016
0.45 1.2589254e-09 0.4360274 0.19012722 1.6605791e-05 0.57538751
0.45 1.5848932e-05 0.43870259 0.19248054 0 0.58196509
0.45 1.5848932e-06 0.43014226 0.18502237 0.00045295331 0.77328874
0.45 1.5848932e-07 0.44162611 0.19504152 0.12585637 0.65138238
0.45 1.5848932e-08 0.43349787 0.18794946 0.0026417695 0.57456775
0.45 1.5848932e-09 0.44229317 0.19564967 2.5049976e-05 0.56898118
0.45 1.9952623e-05 0.44223381 0.19565653 0 0.58258707
0.45 1.9952623e-06 0.44216801 0.19554062 4.1808751e-05 0.95374672
0.45 1.9952623e-07 0.43696158 0.19095343 0.14891014 0.65450275
0.45 1.9952623e-08 0.43541524 0.18959203 0.0042293162 0.56361643
0.45 1.9952623e-09 0.43649545 0.19054419 4.210101e-05 0.56696747
0.45 1e-05 0.43477367 0.18904399 0 0.58423643
0.45 1e-06 0.43554701 0.18970358 0.0076188975 0.89841762
0.45 1e-07 0.44207568 0.19546377 0.076144383 0.60125362
0.45 1e-08 0.43857729 0.19237568 0.001008654 0.57838418
0.45 1e-09 0.43792867 0.19178899 1.0417749e-05 0.58947008
0.45 2.5118864e-05 0.43439193 0.18872971 0 0.58232615
0.45 2.5118864e-06 0.43729882 0.19126167 2.4557762e-06 0.48512829
0.45 2.5118864e-07 0.43797972 0.19190695 0.15028218 0.69843997
0.45 2.5118864e-08 0.43709744 0.19106159 0.0066410968 0.56667222
0.45 2.5118864e-09 0.43892737 0.19270551 6.6172359e-05 0.55166193
0.45 3.1622777e-05 0.43145852 0.18617177 0 0.57063944
0.45 3.1622777e-06 0.43102147 0.18593411 3.3416016e-08 0.73081787
0.45 3.1622777e-07 0.43962848 0.19331356 0.14005254 0.72470314
0.45 3.1622777e-08 0.43672797 0.19080374 0.0096717526 0.57367109
0.45 3.1622777e-09 0.4346515 0.18900579 0.00010447762 0.54699773
0.45 3.9810717e-05 0.43591149 0.19002807 0 0.57343282
0.45 3.9810717e-06 0.43981609 0.1935553 1.9350228e-13 0.99999181
0.45 3.9810717e-07 0.43752145 0.19143345 0.11159892 0.79372609
0.45 3.9810717e-08 0.4372464 0.19120023 0.015903984 0.57101927
0.45 3.9810717e-09 0.43954608 0.19331633 0.00016878589 0.53751065
0.45 5.0118723e-05 0.43993953 0.19359834 0 0.57280449
0.45 5.0118723e-06 0.43625402 0.19034339 4.3804437e-17 0.99999821
0.45 5.0118723e-07 0.44189403 0.19527757 0.071393289 0.81873584
0.45 5.0118723e-08 0.44189561 0.19528499 0.025156429 0.53612205
0.45 5.0118723e-09 0.43906614 0.1927832 0.00027335622 0.58005208
0.45 6.3095734e-05 0.43373163 0.1881701 0 0.58653556
0.45 6.3095734e-06 0.43525377 0.18944666 5.7246871e-22 1
0.45 6.3095734e-07 0.43120334 0.18595222 0.043890565 0.86333514
0.45 6.3095734e-08 0.43188346 0.1865939 0.036059494 0.57114344
0.45 6.3095734e-09 0.43560554 0.18976621 0.00041724155 0.55283653
0.45 7.9432823e-05 0.43935754 0.19320484 0 0.5679507
0.45 7.9432823e-06 0.43596413 0.19006541 4.5518594e-39 0.62476261
0.45 7.9432823e-07 0.43602382 0.19020409 0.020735093 0.86293089
0.45 7.9432823e-08 0.43870481 0.1925212 0.052679577 0.56917866
0.45 7.9432823e-09 0.43373247 0.18819388 0.00066977735 0.56898776
0.5 0.00012589254 0.41085589 0.16880535 0 0.58420665
0.5 0.00015848932 0.41559415 0.17281906 0 0.58420665
0.5 0.00019952623 0.41613167 0.173173 0 0.58420665
0.5 0.0001 0.41639948 0.17339183 0 0.58420665
0.5 0.00025118864 0.41372254 0.17120418 0 0.58420665
0.5 0.00031622777 0.41382363 0.17128471 0 0.58420665
0.5 1.2589254e-05 0.41017759 0.16827253 0 0.58420665
0.5 1.2589254e-06 0.41304496 0.17076562 0.00091335894 0.88950481
0.5 1.2589254e-07 0.41989101 0.17631006 0.12014894 0.64384742
0.5 1.2589254e-08 0.42244675 0.17854731 0.002137708 0.5658391
0.5 1.2589254e-09 0.41121495 0.1691122 2.2369366e-05 0.55979653
0.5 1.5848932e-05 0.41002324 0.16815991 0 0.61286528
0.5 1.5848932e-06 0.40566231 0.16456479 0.00013441123 0.89679357
0.5 1.5848932e-07 0.41253833 0.17022827 0.15451116 0.6485376
0.5 1.5848932e-08 0.40935752 0.16758017 0.0034304342 0.56787525
0.5 1.5848932e-09 0.41633684 0.17340526 3.4372928e-05 0.58803156
0.5 1.9952623e-05 0.41412005 0.17149743 0 0.59575081
0.5 1.9952623e-06 0.41278077 0.17043253 3.7952801e-06 0.87084488
0.5 1.9952623e-07 0.40962378 0.16780269 0.16570864 0.68768814
0.5 1.9952623e-08 0.42112446 0.17735386 0.0052124609 0.57360832
0.5 1.9952623e-09 0.42060788 0.1769438 5.5685191e-05 0.55402127
0.5 1e-05 0.40779681 0.16631255 0 0.58056272
0.5 1e-06 0.40952055 0.16772102 0.0049253568 0.90777227
0.5 1e-07 0.41087758 0.16882121 0.09084079 0.6378453
0.5 1e-08 0.41299304 0.17057787 0.0013622999 0.5702074
0.5 1e-09 0.40482702 0.16392625 1.3710955e-05 0.57160099
0.5 2.5118864e-05 0.40762723 0.16631903 0 0.59408474
0.5 2.5118864e-06 0.41105342 0.16896616 3.7207864e-07 0.9923672
0.5 2.5118864e-07 0.41330604 0.17086228 0.15873585 0.72343932
0.5 2.5118864e-08 0.41581249 0.17290902 0.0086715738 0.56895473
0.5 2.5118864e-09 0.41248889 0.17015528 8.6255962e-05 0.5810394
0.5 3.1622777e-05 0.40914988 0.16742093 0 0.59949029
0.5 3.1622777e-06 0.40840554 0.16682996 1.1582621e-10 0.99043341
0.5 3.1622777e-07 0.41286534 0.17047425 0.14316731 0.76939894
0.5 3.1622777e-08 0.41343722 0.17096658 0.013143049 0.5518093
0.5 3.1622777e-09 0.41140363 0.16929808 0.0001412089 0.59467115
0.5 3.9810717e-05 0.41137215 0.16923104 0 0.61808439
0.5 3.9810717e-06 0.41589359 0.17308328 8.5277316e-13 0.0016060841
0.5 3.9810717e-07 0.41790128 0.17465631 0.1041369 0.80788042
0.5 3.9810717e-08 0.41558442 0.17271251 0.020024947 0.59973895
0.5 3.9810717e-09 0.41437142 0.17186944 0.00022116915 0.60256715
0.5 5.0118723e-05 0.40908781 0.16735701 0 0.60539744
0.5 5.0118723e-06 0.4079235 0.16651334 1.9643184e-15 1
0.5 5.0118723e-07 0.41216262 0.16987958 0.066488808 0.86536159
0.5 5.0118723e-08 0.4150017 0.17227441 0.029166081 0.61008167
0.5 5.0118723e-09 0.41054139 0.16855851 0.00034834986 0.59219802
0.5 6.3095734e-05 0.41217783 0.1699102 0 0.6065831
0.5 6.3095734e-07 0.41498087 0.17231225 0.029473214 0.83984795
0.5 6.3095734e-08 0.41038572 0.16843346 0.047028155 0.59170566
0.5 6.3095734e-09 0.41943403 0.17597119 0.00054111934 0.57355801
0.5 7.9432823e-05 0.41611607 0.17316693 0 0.5943468
0.5 7.9432823e-06 0.42224497 0.17831856 6.3006614e-45 1
0.5 7.9432823e-07 0.41009162 0.16818139 0.013943801 0.88872072
0.5 7.9432823e-08 0.41162838 0.16947487 0.067294207 0.57409383
0.5 7.9432823e-09 0.41325416 0.17080071 0.00089354233 0.56034455
0.55 1.2589254e-05 0.37187723 0.13832717 0 0.5840688
0.55 1.2589254e-06 0.38579557 0.14893847 0.00031540851 0.80680364
0.55 1.2589254e-07 0.37661676 0.14186703 0.15890626 0.65163797
0.55 1.2589254e-08 0.37972876 0.14422764 0.0030989201 0.60574925
0.55 1.5848932e-05 0.38036497 0.14467832 0 0.61565444
0.55 1.5848932e-06 0.36634772 0.13424787 9.2004565e-06 0.93798434
0.55 1.5848932e-07 0.37140242 0.13807262 0.18072725 0.68824319
0.55 1.5848932e-08 0.37683225 0.14206596 0.0047932253 0.57230344
0.55 1.9952623e-05 0.37890545 0.14358936 0 0.60059924
0.55 1.9952623e-06 0.37183674 0.13826359 2.1871614e-07 0.76558909
0.55 1.9952623e-07 0.38170347 0.1457139 0.18886211 0.7300088
0.55 1.9952623e-08 0.37296251 0.13916964 0.0080434546 0.59564112
0.55 1e-05 0.37424753 0.14007819 0 0.62252846
0.55 1e-06 0.37779365 0.14283663 0.0016084457 0.95604521
0.55 1e-07 0.3754977 0.14100255 0.12493823 0.65523113
0.55 1e-08 0.37775061 0.14271899 0.0019772785 0.63815241
0.55 2.5118864e-05 0.37834252 0.14314362 0 0.63414101
0.55 2.5118864e-06 0.36589843 0.13388179 2.498362e-11 0.99999556
0.55 2.5118864e-07 0.38314607 0.14680896 0.15855109 0.74503853
0.55 2.5118864e-08 0.37363646 0.13962136 0.012092913 0.62356388
0.55 3.1622777e-05 0.37750432 0.14253319 0 0.63662289
0.55 3.1622777e-06 0.38815388 0.15067317 1.7344274e-13 0.061112798
0.55 3.1622777e-07 0.37886677 0.14356236 0.12859347 0.7844074
0.55 3.1622777e-08 0.37991267 0.1443585 0.018888118 0.60916168
0.55 3.1622777e-09 0.37641308 0.14169031 0.00020554427 0.57652624
0.55 3.9810717e-06 0.37363757 0.13967767 2.3961319e-21 1
0.55 3.9810717e-07 0.37799531 0.14292066 0.088575787 0.83406077
0.55 3.9810717e-08 0.37437672 0.14016929 0.029252128 0.60774602
0.55 3.9810717e-09 0.37661545 0.14183958 0.00033554529 0.60536149
0.55 5.0118723e-06 0.36735941 0.1349999 2.2387584e-28 1
0.55 5.0118723e-07 0.37461836 0.14043043 0.047614469 0.84526922
0.55 5.0118723e-08 0.38295918 0.14668717 0.045126737 0.56923911
0.55 5.0118723e-09 0.38197775 0.14590782 0.00048044282 0.60213014
0.55 6.3095734e-06 0.37422249 0.14006706 0 1
0.55 6.3095734e-07 0.36997346 0.13688654 0.019495294 0.84994658
0.55 6.3095734e-08 0.37640106 0.14167776 0.064065128 0.61470804
0.55 6.3095734e-09 0.37846939 0.14323909 0.00080728566 0.56983913
0.55 7.9432823e-06 0.37554763 0.14104033 0 0.61093746
0.55 7.9432823e-07 0.37435114 0.14013887 0.0072597316 0.75521644
0.55 7.9432823e-08 0.38040493 0.14476881 0.090974979 0.62941042
0.55 7.9432823e-09 0.37157412 0.13806739 0.0012779442 0.58805862
0.6 1.2589254e-05 0.32338309 0.10458198 0 0.59426443
0.6 1.2589254e-06 0.31955307 0.10212268 3.571155e-05 0.88602971
0.6 1.2589254e-07 0.31948817 0.10208001 0.2022512 0.70242537
0.6 1.2589254e-08 0.33461929 0.11200715 0.0047581565 0.63462394
0.6 1.5848932e-05 0.31438161 0.098851901 0 0.63401028
0.6 1.5848932e-06 0.32276745 0.1042178 2.7729038e-06 0.99630321
0.6 1.5848932e-07 0.32466477 0.10542385 0.22017542 0.71477568
0.6 1.5848932e-08 0.32185659 0.10359856 0.0077166655 0.60381204
0.6 1.9952623e-05 0.328052 0.10761812 0 0.62684467
0.6 1.9952623e-06 0.31933881 0.1020054 5.4776779e-10 0.29271365
0.6 1.9952623e-07 0.32184839 0.1035873 0.19881021 0.78227684
0.6 1.9952623e-08 0.31904084 0.10183093 0.01222407 0.65561587
0.6 1e-05 0.31182686 0.097245212 0 0.64645831
0.6 1e-06 0.32307536 0.1043777 0.00042489447 0.83402469
0.6 1e-08 0.31928934 0.10202897 0.0030700555 0.64042165
0.6 2.5118864e-05 0.32224701 0.10384317 0 0.63571752
0.6 2.5118864e-06 0.33133753 0.11002991 3.8619405e-12 0.99999527
0.6 2.5118864e-07 0.31689711 0.10045395 0.17743846 0.78471258
0.6 2.5118864e-08 0.31883764 0.10170517 0.019101192 0.61005411
0.6 3.1622777e-05 0.32690159 0.10688233 0 0.63946554
0.6 3.1622777e-06 0.32432432 0.10521864 8.7438987e-23 0.80727166
0.6 3.1622777e-07 0.31853282 0.1014674 0.11563164 0.82561816
0.6 3.1622777e-08 0.31762316 0.10089453 0.028268495 0.60832808
0.6 3.1622777e-09 0.31966798 0.10219919 0.00033898926 0.60807437
0.6 3.9810717e-06 0.31857868 0.10149716 7.420871e-27 1
0.6 3.9810717e-07 0.31227821 0.097531898 0.06935437 0.81685381
0.6 3.9810717e-08 0.32331132 0.10456812 0.041657642 0.63088973
0.6 3.9810717e-09 0.31396173 0.098656702 0.00047561208 0.60653263
0.6 5.0118723e-06 0.31532446 0.099432799 1.4098808e-36 1
0.6 5.0118723e-07 0.32304568 0.10436327 0.033675091 0.89490611
0.6 5.0118723e-08 0.31721195 0.10066138 0.068419249 0.65959309
0.6 5.0118723e-09 0.31894363 0.10179402 0.0007553491 0.64052934
0.6 6.3095734e-06 0.32071835 0.10286406 0 0.64295711
0.6 6.3095734e-07 0.32038933 0.10266505 0.013988955 0.93832004
0.6 6.3095734e-08 0.31844936 0.10142054 0.092845379 0.62713909
0.6 6.3095734e-09 0.31646082 0.10016454 0.0012014324 0.6125809
0.6 7.9432823e-06 0.3221388 0.10379871 0 0.64406674
0.6 7.9432823e-07 0.32842041 0.10800417 0.0040571508 0.89625514
0.6 7.9432823e-08 0.31936006 0.10199085 0.13071545 0.66199579
0.6 7.9432823e-09 0.3200488 0.10244358 0.0021498388 0.60946808
0.65 1.1220185e-06 0.23728814 0.056305661 3.5018642e-05 0.61111052
0.65 1.1220185e-06 0.23728814 0.056305661 3.5018642e-05 0.61111052
0.65 1.2589254e-05 0.24954573 0.062273071 0 0.83922226
0.65 1.2589254e-06 0.24585859 0.060446446 1.4727648e-07 0.79529104
0.65 1.2589254e-07 0.24550414 0.060272283 0.27908357 0.74616454
0.65 1.2589254e-08 0.25090983 0.062955743 0.0094190507 0.60095309
0.65 1.4125375e-06 0.23572149 0.055564621 2.146857e-08 0.80870459
0.65 1.4125375e-06 0.23572149 0.055564621 2.146857e-08 0.80870459
0.65 1.5848932e-05 0.25146553 0.063234913 0 0.96910053
0.65 1.5848932e-06 0.24812639 0.061566705 1.0912733e-08 0.99993519
0.65 1.5848932e-07 0.24065468 0.057914675 0.27031728 0.71801178
0.65 1.5848932e-08 0.24657258 0.060798037 0.01597172 0.61758047
0.65 1.7782794e-06 0.246219 0.060623796 2.723665e-10 0.99999923
0.65 1.7782794e-06 0.246219 0.060623796 2.723665e-10 0.99999923
0.65 1.9952623e-05 0.24863994 0.06182182 0 0.099948217
0.65 1.9952623e-06 0.24035548 0.057770757 4.483919e-14 0.99983563
0.65 1.9952623e-07 0.24691857 0.06096878 0.22587488 0.76927777
0.65 1.9952623e-08 0.24919159 0.062096449 0.025087959 0.6419045
0.65 1e-05 0.25075773 0.062879439 0 0.65077773
0.65 1e-06 0.24812942 0.061568209 0.00010065222 0.97500422
0.65 1e-08 0.2399434 0.057572835 0.0058354329 0.69165671
0.65 2.2387211e-06 0.24343964 0.059262858 4.8773232e-18 0.9316677
0.65 2.2387211e-06 0.24343964 0.059262858 4.8773232e-18 0.9316677
0.65 2.5118864e-05 0.24296416 0.059031583 0 0.99999996
0.65 2.5118864e-06 0.25126544 0.063134321 6.7046507e-22 1
0.65 2.5118864e-07 0.24651726 0.060770759 0.15118526 0.79782272
0.65 2.5118864e-08 0.24195181 0.058540678 0.037811754 0.60710561
0.65 2.8183829e-06 0.24838319 0.061694209 2.3935543e-22 0.9999807
0.65 2.8183829e-06 0.24838319 0.061694209 2.3935543e-22 0.9999807
0.65 3.1622777e-05 0.24343434 0.059260278 0 1
0.65 3.1622777e-06 0.24058029 0.057878876 1.7223088e-34 0.99999583
0.65 3.1622777e-07 0.23531786 0.055374495 0.098802734 0.86653273
0.65 3.1622777e-08 0.24191593 0.058523317 0.057571054 0.61069886
0.65 3.1622777e-09 0.24126792 0.058210209 0.00065301073 0.58373615
0.65 3.5481339e-06 0.25060582 0.062803277 3.2997331e-26 1.007319e-14
0.65 3.5481339e-06 0.25060582 0.062803277 3.2997331e-26 1.007319e-14
0.65 3.9810717e-06 0.24403558 0.059553364 0 1.159708e-08
0.65 3.9810717e-07 0.25656036 0.065823218 0.038337487 0.82542949
0.65 3.9810717e-08 0.24526019 0.060152561 0.083260251 0.62186082
0.65 3.9810717e-09 0.25293879 0.063978031 0.0009054561 0.68869987
0.65 4.4668359e-06 0.24473684 0.059896121 0 0.65662819
0.65 4.4668359e-06 0.24473684 0.059896121 0 0.65662819
0.65 5.0118723e-06 0.24520686 0.060126404 0 0.65662819
0.65 5.0118723e-07 0.24847994 0.061742281 0.019156783 0.87081015
0.65 5.0118723e-08 0.23867314 0.056964868 0.12387532 0.70532359
0.65 5.0118723e-09 0.24085674 0.058011969 0.0016726039 0.63779832
0.65 5.6234133e-06 0.2386823 0.05696924 0 0.66984296
0.65 6.3095734e-06 0.24425635 0.059661165 0 0.66984296
0.65 6.3095734e-07 0.24211803 0.05862114 0.0054556288 0.90589314
0.65 6.3095734e-08 0.24273608 0.058920805 0.16136603 0.72238757
0.65 6.3095734e-09 0.25090762 0.062954634 0.0023848945 0.61350194
0.65 7.0794578e-06 0.25 0.0625 0 0.61746894
0.65 7.9432823e-06 0.24635922 0.060692865 0 0.61746894
0.65 7.9432823e-07 0.24757674 0.061294242 0.001924277 0.86724406
0.65 7.9432823e-08 0.24486094 0.05995688 0.21232879 0.6719202
0.65 7.9432823e-09 0.24020202 0.05769701 0.0040274529 0.69866489
0.65 8.9125094e-06 0.25839062 0.066765713 0 0.6815446
0.7 1.2589254e-05 0.16361072 0.026768468 0 0.6815446
0.7 1.2589254e-06 0.16623063 0.027632622 2.3468526e-12 0.99123317
0.7 1.2589254e-07 0.17287931 0.029887256 0.3871263 0.77393831
0.7 1.2589254e-08 0.16837865 0.02835137 0.023395927 0.63669053
0.7 1.5848932e-05 0.16693548 0.027867454 0 0.64521334
0.7 1.5848932e-06 0.15619968 0.02439834 3.7441091e-13 0.99999999
0.7 1.5848932e-07 0.16405308 0.026913413 0.30418503 0.79745243
0.7 1.5848932e-08 0.16989508 0.028864338 0.036078187 0.65557795
0.7 1.9952623e-05 0.16381566 0.02683557 0 0.6333247
0.7 1.9952623e-06 0.16398066 0.026889657 3.1458109e-20 1
0.7 1.9952623e-07 0.17169887 0.029480502 0.21848517 0.77584727
0.7 1.9952623e-08 0.15447971 0.023863981 0.063652091 0.66446841
0.7 1e-05 0.16079694 0.025855656 0 0.63666209
0.7 1e-06 0.16743719 0.028035213 3.1070171e-08 0.99990725
0.7 1e-07 0.16686795 0.027844913 0.4061371 0.75827814
0.7 1e-08 0.17189385 0.029547496 0.014367341 0.66272486
0.7 2.5118864e-05 0.16311344 0.026605994 0 0.67073775
0.7 2.5118864e-06 0.16639839 0.027688424 1.2072133e-37 1
0.7 2.5118864e-07 0.16498791 0.02722101 0.13439337 0.81654155
0.7 2.5118864e-08 0.17243461 0.029733695 0.084775881 0.69375056
0.7 3.1622777e-05 0.15991944 0.025574227 0 0.66609289
0.7 3.1622777e-06 0.1662636 0.027643585 0 0.66609289
0.7 3.1622777e-07 0.16381566 0.02683557 0.064693449 0.89703233
0.7 3.1622777e-08 0.17145729 0.029397602 0.10781085 0.68664233
0.7 3.1622777e-09 0.16361072 0.026768468 0.0015020972 0.65785745
0.7 3.9810717e-06 0.16696805 0.02787833 0 0.64178767
0.7 3.9810717e-07 0.16814337 0.028272193 0.014483483 0.75342951
0.7 3.9810717e-08 0.15536325 0.024137739 0.19131051 0.65357812
0.7 3.9810717e-09 0.16800643 0.028226161 0.0022667936 0.63323581
0.7 5.0118723e-06 0.15742794 0.024783556 0 0.65651597
0.7 5.0118723e-07 0.17358035 0.030130138 0.0037677627 0.80116914
0.7 5.0118723e-08 0.15443394 0.023849842 0.27848448 0.68830648
0.7 5.0118723e-09 0.16636492 0.027677287 0.0040743061 0.59882461
0.7 6.3095734e-06 0.16737075 0.028012968 0 0.63932799
0.7 6.3095734e-07 0.16139432 0.026048127 0.00062019587 0.52514316
0.7 6.3095734e-08 0.16021765 0.025669695 0.34615679 0.70556257
0.7 6.3095734e-09 0.16542564 0.027365642 0.006078652 0.68119201
0.7 7.9432823e-06 0.1678744 0.028181814 0 0.64202198
0.7 7.9432823e-07 0.16596088 0.027543014 5.4572369e-06 0.97494955
0.7 7.9432823e-08 0.17129071 0.029340507 0.35463561 0.73907752
0.7 7.9432823e-09 0.15780998 0.02490399 0.010455928 0.68417756
0.75 1.1220185e-06 0.11028526 0.012162839 4.4383847e-14 0.99999999
0.75 1.1220185e-06 0.11028526 0.012162839 4.4383847e-14 0.99999999
0.75 1.2589254e-05 0.10450161 0.010920586 0 0.99999158
0.75 1.2589254e-06 0.11530735 0.013295785 4.8135495e-13 1
0.75 1.2589254e-07 0.10730044 0.011513384 0.53098916 0.7945935
0.75 1.2589254e-08 0.11428571 0.013061224 0.057217482 0.62550671
0.75 1.4125375e-06 0.11872238 0.014095004 1.2060286e-19 1
0.75 1.4125375e-06 0.11872238 0.014095004 1.2060286e-19 1
0.75 1.5848932e-05 0.11430293 0.01306516 0 0.9999717
0.75 1.5848932e-06 0.11486622 0.013194248 1.4100392e-31 1
0.75 1.5848932e-07 0.11719847 0.013735481 0.28435829 0.76736814
0.75 1.5848932e-08 0.11676045 0.013633003 0.094060078 0.66235205
0.75 1.7782794e-06 0.10528431 0.011084786 7.7097217e-36 1
0.75 1.7782794e-06 0.10528431 0.011084786 7.7097217e-36 1
0.75 1.9952623e-05 0.10217216 0.01043915 0 0.9999298
0.75 1.9952623e-06 0.11276382 0.012715679 7.8439816e-41 1
0.75 1.9952623e-07 0.11173521 0.012484757 0.17750137 0.80857319
0.75 1.9952623e-08 0.11501405 0.013228232 0.13653551 0.72042298
0.75 1e-05 0.10883534 0.011845131 0 0.67363305
0.75 1e-06 0.10373194 0.010760315 9.780732e-13 1
0.75 1e-07 0.10749447 0.011555061 0.62808288 0.83385437
0.75 1e-08 0.11108879 0.012340719 0.039373366 0.68476898
0.75 2.2387211e-06 0.10972919 0.012040495 0 0.68713525
0.75 2.2387211e-06 0.10972919 0.012040495 0 0.24526176
0.75 2.5118864e-05 0.10351053 0.01071443 0 0.24526176
0.75 2.5118864e-06 0.11024253 0.012153415 0 0.24526176
0.75 2.5118864e-07 0.10598153 0.011232085 0.067039151 0.74554255
0.75 2.5118864e-08 0.10854735 0.011782527 0.20171049 0.65208147
0.75 2.8183829e-06 0.10335139 0.01068151 0 0.66287292
0.75 3.1622777e-05 0.10287322 0.010582899 0 0.66287292
0.75 3.1622777e-06 0.10966057 0.012025441 0 0.66287292
0.75 3.1622777e-07 0.11200645 0.012545445 0.027816928 0.90026154
0.75 3.1622777e-08 0.11231666 0.012615032 0.29337267 0.69118512
0.75 3.1622777e-09 0.10831994 0.011733209 0.0038670299 0.67170848
0.75 3.5481339e-06 0.11117801 0.01236055 0 0.66897807
0.75 3.9810717e-06 0.11142341 0.012415176 0 0.66897807
0.75 3.9810717e-07 0.10116419 0.010234193 0.0038745186 0.73029001
0.75 3.9810717e-08 0.11164659 0.012464961 0.3743552 0.72735024
0.75 3.9810717e-09 0.10856914 0.011787258 0.0056666957 0.69278139
0.75 4.4668359e-06 0.10914928 0.011913565 0 0.63727258
0.75 5.0118723e-06 0.10932476 0.011951903 0 0.63727258
0.75 5.0118723e-07 0.1068917 0.011425836 0.00052535331 0.80079238
0.75 5.0118723e-08 0.11102188 0.012325858 0.49063183 0.68376142
0.75 5.0118723e-09 0.11211573 0.012569937 0.0097251278 0.66703676
0.75 5.6234133e-06 0.10972919 0.012040495 0 0.66799186
0.75 6.3095734e-06 0.11019671 0.012143315 0 0.66799186
0.75 6.3095734e-07 0.10481928 0.010987081 7.339309e-05 0.99905794
0.75 6.3095734e-08 0.10714286 0.011479592 0.61221921 0.68022277
0.75 6.3095734e-09 0.11229409 0.012609963 0.015251097 0.71547812
0.75 7.0794578e-06 0.11030741 0.012167725 0 0.67108465
0.75 7.9432823e-06 0.10990774 0.012079711 0 0.67108465
0.75 7.9432823e-07 0.10990557 0.012079234 9.1329238e-08 0.064163089
0.75 7.9432823e-08 0.10816777 0.011700266 0.64752961 0.81308156
0.75 7.9432823e-09 0.10672016 0.011389193 0.025652027 0.63126066
0.75 8.9125094e-06 0.097673486 0.0095401099 0 0.61661128
0.7 2.5118864e-07 0.16498791 0.02722101 0.13439337 0.81654155
0.8 1.1220185e-06 0.11977492 0.014346031 2.4285006e-11 0.64070315
0.8 1.2589254e-05 0.12540128 0.015725481 0 0.92234263
0.8 1.2589254e-06 0.12228479 0.01495357 9.5275136e-16 1
0.8 1.2589254e-07 0.12407147 0.01539373 0.44055733 0.78128387
0.8 1.2589254e-08 0.12362031 0.015281981 0.046515075 0.68685402
0.8 1.4125375e-06 0.11947791 0.014274971 8.2442809e-25 0.82072312
0.8 1.5848932e-05 0.13104555 0.017172936 0 0.99925738
0.8 1.5848932e-06 0.12371962 0.015306544 6.3377722e-18 4.3683881e-05
0.8 1.5848932e-07 0.12650602 0.016003773 0.30435991 0.87078317
0.8 1.5848932e-08 0.12575331 0.015813895 0.08131374 0.70973882
0.8 1.7782794e-06 0.12565235 0.015788513 3.3381684e-29 1
0.8 1.9952623e-05 0.12725813 0.016194632 0 0.99999702
0.8 1.9952623e-06 0.12688518 0.016099849 9.1010968e-46 0
0.8 1.9952623e-07 0.1298936 0.016872347 0.15801926 0.89540227
0.8 1.9952623e-08 0.12826174 0.016451074 0.10372254 0.71642635
0.8 1e-05 0.13037364 0.016997286 0 0.65594878
0.8 1e-06 0.125 0.015625 5.220955e-08 0.9999115
0.8 1e-07 0.1278603 0.016348256 0.51527189 0.80653564
0.8 1e-08 0.12986752 0.016865573 0.033753238 0.7265381
0.8 2.2387211e-06 0.13473896 0.018154587 0 1
0.8 2.5118864e-05 0.12879245 0.016587495 0 1
0.8 2.5118864e-06 0.1192053 0.014209904 0 1
0.8 2.5118864e-07 0.11957395 0.01429793 0.065884922 0.8817249
0.8 2.5118864e-08 0.1223671 0.014973707 0.18085088 0.67876738
0.8 2.8183829e-06 0.12404657 0.015387552 0 0.66059649
0.8 3.1622777e-05 0.12822061 0.016440525 0 0.66059649
0.8 3.1622777e-06 0.12023284 0.014455936 0 0.66059649
0.8 3.1622777e-07 0.1259289 0.015858088 0.025955877 0.8721741
0.8 3.1622777e-08 0.12580257 0.015826287 0.2588914 0.72804082
0.8 3.1622777e-09 0.13476602 0.01816188 0.0034026053 0.6911591
0.8 3.5481339e-06 0.13694779 0.018754697 0 0.64531051
0.8 3.9810717e-06 0.12477396 0.015568541 0 0.64531051
0.8 3.9810717e-07 0.132999 0.017688734 0.0059849388 0.54131509
0.8 3.9810717e-08 0.13293173 0.017670845 0.32779965 0.74149236
0.8 3.9810717e-09 0.12459807 0.015524679 0.0050458042 0.6493883
0.8 4.4668359e-06 0.12510056 0.01565015 0 0.64725244
0.8 5.0118723e-06 0.13390885 0.01793158 0 0.64725244
0.8 5.0118723e-07 0.13557962 0.018381833 0.00033141005 0.99908244
0.8 5.0118723e-08 0.1199036 0.014376873 0.44477087 0.74733593
0.8 5.0118723e-09 0.12409639 0.015399914 0.0075240245 0.75015173
0.8 5.6234133e-06 0.11866105 0.014080445 0 0.68533355
0.8 6.3095734e-06 0.13290504 0.01766375 0 0.68533355
0.8 6.3095734e-07 0.12835941 0.016476138 1.5146364e-05 0.67356862
0.8 6.3095734e-08 0.12648063 0.01599735 0.53567746 0.70289453
0.8 6.3095734e-09 0.12638135 0.015972246 0.011680691 0.62704892
0.8 7.0794578e-06 0.12103573 0.014649648 0 0.65533657
0.8 7.9432823e-06 0.12851406 0.016515864 0 0.65533657
0.8 7.9432823e-07 0.11959799 0.014303679 9.2559808e-06 0.99999786
0.8 7.9432823e-08 0.12851406 0.016515864 0.5639939 0.83023923
0.8 7.9432823e-09 0.13140446 0.017267132 0.018936384 0.7045741
0.8 8.9125094e-06 0.12763819 0.016291508 0 0.66055012
0.81 1.1220185e-06 0.14234017 0.020260724 2.082387e-10 0.99987828
0.81 1.1220185e-06 0.14234017 0.020260724 2.082387e-10 0.99987828
0.81 1.2589254e-05 0.14984955 0.022454888 0 0.99997933
0.81 1.2589254e-06 0.14156627 0.020041009 9.6868965e-16 1
0.81 1.2589254e-07 0.14607646 0.021338332 0.39299154 0.820949
0.81 1.2589254e-08 0.14150754 0.020024384 0.036128924 0.67553633
0.81 1.4125375e-06 0.14805143 0.021919226 8.9688354e-12 1
0.81 1.4125375e-06 0.14805143 0.021919226 8.9688354e-12 1
0.81 1.5848932e-05 0.1414791 0.020016336 0 0.99994722
0.81 1.5848932e-06 0.14873545 0.022122234 1.0551776e-18 1
0.81 1.5848932e-07 0.14127814 0.019959513 0.27944201 0.8432031
0.81 1.5848932e-08 0.14934673 0.022304446 0.051233689 0.68610731
0.81 1.7782794e-06 0.13987976 0.019566347 8.8996335e-31 0.99289136
0.81 1.7782794e-06 0.13987976 0.019566347 8.8996335e-31 0.99289136
0.81 1.9952623e-05 0.1414791 0.020016336 0 0.99999995
0.81 1.9952623e-06 0.13422953 0.018017567 5.3238772e-40 0.99951957
0.81 1.9952623e-07 0.14779116 0.021842227 0.15273757 0.86436726
0.81 1.9952623e-08 0.13938542 0.019428295 0.083536234 0.73720127
0.81 1e-05 0.14190955 0.02013832 0 0.65235864
0.81 1e-06 0.15324362 0.023483607 8.1957852e-09 0.99485513
0.81 1e-07 0.13949749 0.01945955 0.48566271 0.72207438
0.81 1e-08 0.14782085 0.021851004 0.020644169 0.71409429
0.81 2.2387211e-06 0.14757399 0.021778083 0 1
0.81 2.2387211e-06 0.14757399 0.021778083 0 1
0.81 2.5118864e-05 0.14254166 0.020318125 0 1
0.81 2.5118864e-06 0.14930765 0.022292774 0 1
0.81 2.5118864e-07 0.13685691 0.018729814 0.066099026 0.9038852
0.81 2.5118864e-08 0.15158826 0.022979001 0.12203325 0.72197349
0.81 2.8183829e-06 0.15137523 0.02291446 0 0.69709612
0.81 3.1622777e-05 0.15194701 0.023087894 0 0
0.81 3.1622777e-06 0.14837153 0.022014111 0 0
0.81 3.1622777e-07 0.14098954 0.01987805 0.037431692 0.84227816
0.81 3.1622777e-08 0.14480819 0.020969412 0.1958184 0.69029179
0.81 3.1622777e-09 0.13987138 0.019564003 0.0025987467 0.69933443
0.81 3.5481339e-06 0.14663992 0.021503266 0 0.65017911
0.81 3.9810717e-06 0.14001207 0.01960338 0 0.65017911
0.81 3.9810717e-07 0.15505122 0.024040881 0.0058816274 0.85815013
0.81 3.9810717e-08 0.14725407 0.021683761 0.26625624 0.70393016
0.81 3.9810717e-09 0.1416516 0.020065176 0.0037404944 0.77396595
0.81 4.4668359e-06 0.1508638 0.022759886 0 0.68289475
0.81 5.0118723e-06 0.15 0.0225 0 0.68289475
0.81 5.0118723e-07 0.14679268 0.021548091 0.0018446189 0.9769807
0.81 5.0118723e-08 0.14242728 0.02028553 0.34681663 0.72666725
0.81 5.0118723e-09 0.14351666 0.020597032 0.0059262979 0.72454821
0.81 5.6234133e-06 0.15035176 0.022605652 0 0.68521112
0.81 6.3095734e-06 0.14185111 0.020121737 0 0.68521112
0.81 6.3095734e-07 0.15792646 0.024940767 0.00015480262 0.89599258
0.81 6.3095734e-08 0.13531419 0.01830993 0.49770035 0.73537112
0.81 6.3095734e-09 0.14977885 0.022433704 0.0085863985 0.77797595
0.81 7.0794578e-06 0.1380627 0.019061309 0 0.67995889
0.81 7.9432823e-06 0.15248441 0.023251495 0 0.67995889
0.81 7.9432823e-07 0.14592965 0.021295463 8.1137877e-07 0.99841365
0.81 7.9432823e-08 0.13026897 0.016970005 0.5780154 0.76118663
0.81 7.9432823e-09 0.14322969 0.020514744 0.015487727 0.69799083
0.81 8.9125094e-06 0.14595463 0.021302754 0 0.65715073
0.82 1.1220185e-06 0.15763052 0.024847381 1.9016591e-12 0.16232712
0.82 1.1220185e-06 0.15763052 0.024847381 1.9016591e-12 0.16232712
0.82 1.2589254e-05 0.15956592 0.025461283 0 0.92214364
0.82 1.2589254e-06 0.15902694 0.025289568 2.541532e-12 0.99999999
0.82 1.2589254e-07 0.16422111 0.026968573 0.34939758 0.79436177
0.82 1.2589254e-08 0.17024694 0.028984021 0.026130088 0.6863741
0.82 1.4125375e-06 0.15301205 0.023412687 6.9633267e-15 1
0.82 1.4125375e-06 0.15301205 0.023412687 6.9633267e-15 1
0.82 1.5848932e-05 0.16237942 0.026367076 0 0.8925796
0.82 1.5848932e-06 0.15926893 0.025366592 4.5284946e-19 1
0.82 1.5848932e-07 0.16134217 0.026031296 0.27260981 0.78602236
0.82 1.5848932e-08 0.15744083 0.024787615 0.048523827 0.68729334
0.82 1.7782794e-06 0.15300987 0.02341202 2.934846e-17 5.0811929e-13
0.82 1.7782794e-06 0.15300987 0.02341202 2.934846e-17 5.0811929e-13
0.82 1.9952623e-05 0.15085256 0.022756495 0 2.1129209e-06
0.82 1.9952623e-06 0.16184158 0.026192697 7.1507724e-30 0.99999996
0.82 1.9952623e-07 0.16337631 0.026691819 0.15829996 0.82209935
0.82 1.9952623e-08 0.15146022 0.022940198 0.080392621 0.7014254
0.82 1e-05 0.15923695 0.025356406 0 0.68875639
0.82 1e-06 0.15813767 0.025007523 4.2430549e-09 0.99987793
0.82 1e-07 0.17095219 0.029224651 0.39575617 0.77081985
0.82 1e-08 0.15594855 0.02431995 0.019770498 0.62729757
0.82 2.2387211e-06 0.15698492 0.024644265 1.6614741e-34 1
0.82 2.2387211e-06 0.15698492 0.024644265 1.6614741e-34 1
0.82 2.5118864e-05 0.16237942 0.026367076 0 0.99999793
0.82 2.5118864e-06 0.14854271 0.022064937 3.4466614e-46 1
0.82 2.5118864e-07 0.1527163 0.023322268 0.1201574 0.87119372
0.82 2.5118864e-08 0.16837452 0.028349979 0.1021055 0.65271321
0.82 2.8183829e-06 0.15160056 0.02298273 0 0.66533127
0.82 2.8183829e-06 0.15160056 0.02298273 0 1
0.82 3.1622777e-05 0.16890942 0.028530392 0 1
0.82 3.1622777e-06 0.1626409 0.026452062 0 1
0.82 3.1622777e-07 0.15970269 0.025504949 0.029371212 0.81397674
0.82 3.1622777e-08 0.15660225 0.024524265 0.15918472 0.72391491
0.82 3.1622777e-09 0.16011236 0.025635968 0.0021072024 0.60009186
0.82 3.5481339e-06 0.15973478 0.0255152 0 0.66209683
0.82 3.9810717e-06 0.16021765 0.025669695 0 0.66209683
0.82 3.9810717e-07 0.16288411 0.026531233 0.012135799 0.87615997
0.82 3.9810717e-08 0.15728077 0.024737241 0.22957121 0.72501304
0.82 3.9810717e-09 0.15611814 0.024372874 0.0032690969 0.72966912
0.82 4.4668359e-06 0.15879397 0.025215525 0 0.68515979
0.82 5.0118723e-06 0.16003217 0.025610295 0 0.68515979
0.82 5.0118723e-07 0.15826471 0.025047718 0.0019545031 0.91695909
0.82 5.0118723e-08 0.15997591 0.025592292 0.31446804 0.77102548
0.82 5.0118723e-09 0.16368749 0.026793594 0.0050988733 0.66946959
0.82 5.6234133e-06 0.16750452 0.028057764 0 0.64235237
0.82 6.3095734e-06 0.1521914 0.023162222 0 0.64235237
0.82 6.3095734e-07 0.16167905 0.026140115 9.3696023e-05 0.58770903
0.82 6.3095734e-08 0.1678392 0.028169997 0.3855889 0.70661922
0.82 6.3095734e-09 0.1579582 0.024950793 0.0081489957 0.62551432
0.82 7.0794578e-06 0.15825457 0.025044509 0 0.6758891
0.82 7.9432823e-06 0.16639904 0.027688641 0 0.6758891
0.82 7.9432823e-07 0.16593009 0.027532795 1.1516099e-05 0.99967889
0.82 7.9432823e-08 0.16408917 0.026925256 0.42049105 0.70650299
0.82 7.9432823e-09 0.16097267 0.0259122 0.011991776 0.73180298
0.82 8.9125094e-06 0.16374975 0.026813981 0 0.66146248
0.83 1.1220185e-06 0.17370326 0.030172823 6.4903543e-11 0.98555336
0.83 1.1220185e-06 0.17370326 0.030172823 6.4903543e-11 0.98555336
0.83 1.2589254e-05 0.17340575 0.030069554 0 0.99954829
0.83 1.2589254e-06 0.16415511 0.0269469 1.2323309e-10 0.90598306
0.83 1.2589254e-07 0.18061142 0.032620485 0.35661222 0.75567692
0.83 1.2589254e-08 0.16680064 0.027822454 0.025795962 0.7233292
0.83 1.4125375e-06 0.18344744 0.033652963 5.5884819e-19 1
0.83 1.4125375e-06 0.18344744 0.033652963 5.5884819e-19 1
0.83 1.5848932e-05 0.17188755 0.02954533 0 0.99999999
0.83 1.5848932e-06 0.17160121 0.029446975 1.117449e-21 0.99999992
0.83 1.5848932e-07 0.1825317 0.033317822 0.25742243 0.81035347
0.83 1.5848932e-08 0.17951298 0.03222491 0.040944209 0.68980067
0.83 1.7782794e-06 0.18360787 0.03371185 8.3789486e-23 1
0.83 1.7782794e-06 0.18360787 0.03371185 8.3789486e-23 1
0.83 1.9952623e-05 0.1684739 0.028383455 0 1
0.83 1.9952623e-06 0.18216509 0.03318412 1.202327e-30 1
0.83 1.9952623e-07 0.18000805 0.032402898 0.15688244 0.86954384
0.83 1.9952623e-08 0.17949749 0.032219349 0.06006767 0.71957721
0.83 1e-05 0.17488428 0.030584511 0 0.69197663
0.83 1e-06 0.17913148 0.032088087 2.726848e-07 0.99999984
0.83 1e-07 0.16110217 0.025953909 0.42828353 0.76151657
0.83 1e-08 0.1703451 0.029017453 0.016780996 0.69237843
0.83 2.2387211e-06 0.17303823 0.029942229 2.3978773e-35 0.99999999
0.83 2.2387211e-06 0.17303823 0.029942229 2.3978773e-35 0.99999999
0.83 2.5118864e-05 0.18125251 0.032852472 0 1
0.83 2.5118864e-06 0.17792521 0.03165738 0 1
0.83 2.5118864e-07 0.17667204 0.03121301 0.087043009 0.78254092
0.83 2.5118864e-08 0.16847608 0.02838419 0.1071791 0.74927158
0.83 2.8183829e-06 0.17652979 0.031162767 0 1
0.83 2.8183829e-06 0.17652979 0.031162767 0 1
0.83 3.1622777e-05 0.17061897 0.029110833 0 1
0.83 3.1622777e-06 0.17284448 0.029875214 0 1
0.83 3.1622777e-07 0.17894525 0.032021402 0.036204057 0.89853224
0.83 3.1622777e-08 0.17558629 0.030830545 0.12886906 0.69958426
0.83 3.1622777e-09 0.18136071 0.032891707 0.0017932941 0.65862958
0.83 3.5481339e-06 0.17507538 0.030651389 0 0.64453014
0.83 3.9810717e-06 0.17791165 0.031652555 0 0.64453014
0.83 3.9810717e-07 0.17266332 0.029812622 0.011408436 0.90342692
0.83 3.9810717e-08 0.17709801 0.031363705 0.19640305 0.74367961
0.83 3.9810717e-09 0.17918843 0.032108493 0.0026551285 0.68699027
0.83 4.4668359e-06 0.16569592 0.027455138 0 0.64916961
0.83 5.0118723e-06 0.17839903 0.031826214 0 0.64916961
0.83 5.0118723e-07 0.18015298 0.032455096 0.0020685718 0.96119664
0.83 5.0118723e-08 0.16368029 0.026791237 0.31045735 0.70038227
0.83 5.0118723e-09 0.17973 0.032302873 0.0040772429 0.68721373
0.83 5.6234133e-06 0.17796099 0.031670114 0 0.67229961
0.83 6.3095734e-06 0.1678744 0.028181814 0 0.67229961
0.83 6.3095734e-07 0.17527638 0.030721809 0.00020601488 0.52978978
0.83 6.3095734e-08 0.17929648 0.032147228 0.33227003 0.78028471
0.83 6.3095734e-09 0.16763819 0.028102563 0.0069213107 0.60771613
0.83 7.0794578e-06 0.17209489 0.029616651 0 0.63467073
0.83 7.9432823e-06 0.16831085 0.028328542 0 0.63467073
0.83 7.9432823e-07 0.16114125 0.025966502 1.3160834e-06 0.99747276
0.83 7.9432823e-08 0.17476898 0.030544196 0.37650044 0.80975181
0.83 7.9432823e-09 0.16874247 0.028474021 0.011294451 0.66674585
0.83 8.9125094e-06 0.18214717 0.033177592 0 0.69283151
0.84 1.2589254e-05 0.19398195 0.037628997 0 0.69283151
0.84 1.2589254e-06 0.19594051 0.038392683 2.5403699e-10 0.9999966
0.84 1.2589254e-07 0.19673782 0.03870577 0.34924343 0.76861592
0.84 1.2589254e-08 0.19546002 0.038204619 0.021783181 0.69270111
0.84 1.5848932e-05 0.19674437 0.038708347 0 0.70058352
0.84 1.5848932e-06 0.20092798 0.040372053 8.3898912e-16 8.3376241e-05
0.84 1.5848932e-07 0.19481824 0.037954147 0.23974703 0.8030252
0.84 1.5848932e-08 0.19601529 0.038421994 0.032549182 0.73244501
0.84 1.9952623e-05 0.18337359 0.033625874 0 0.69696767
0.84 1.9952623e-06 0.19955788 0.039823347 2.3174351e-25 0.0022080969
0.84 1.9952623e-07 0.2029394 0.0411844 0.15942419 0.86311038
0.84 1.9952623e-08 0.18677121 0.034883485 0.056190502 0.7523763
0.84 1e-05 0.19151929 0.036679638 0 0.68469064
0.84 1e-06 0.19750603 0.039008632 4.0748404e-08 0.071892333
0.84 1e-07 0.1934446 0.037420813 0.32877416 0.78744113
0.84 1e-08 0.19883394 0.039534936 0.013500505 0.6619695
0.84 2.5118864e-05 0.192679 0.037125197 0 0.67406239
0.84 2.5118864e-06 0.19477387 0.03793686 2.4946176e-34 1
0.84 2.5118864e-07 0.18247734 0.03329798 0.089629474 0.85186596
0.84 2.5118864e-08 0.18940157 0.035872955 0.082357374 0.80811311
0.84 3.1622777e-05 0.20221551 0.040891112 0 0.70017057
0.84 3.1622777e-06 0.17812626 0.031728965 0 0.70017057
0.84 3.1622777e-07 0.19629928 0.038533407 0.049069599 0.80836484
0.84 3.1622777e-08 0.20619594 0.042516766 0.1077702 0.70314356
0.84 3.1622777e-09 0.19835043 0.039342893 0.001300844 0.699259
0.84 3.9810717e-06 0.19783089 0.039137061 0 0.6889351
0.84 3.9810717e-07 0.19066774 0.036354187 0.012739568 0.8425005
0.84 3.9810717e-08 0.19782652 0.039135332 0.16468607 0.68906619
0.84 3.9810717e-09 0.19787063 0.039152786 0.0022803319 0.70274562
0.84 5.0118723e-06 0.19549477 0.038218205 0 0.68448825
0.84 5.0118723e-07 0.19557344 0.03824897 0.002496001 0.8772553
0.84 5.0118723e-08 0.19771176 0.03908994 0.22654728 0.70375187
0.84 5.0118723e-09 0.18823055 0.03543074 0.0040944387 0.63926207
0.84 6.3095734e-06 0.20205066 0.040824469 0 0.65564642
0.84 6.3095734e-07 0.19420989 0.037717481 0.00071718485 0.98351781
0.84 6.3095734e-08 0.19621654 0.038500931 0.3171759 0.75717676
0.84 6.3095734e-09 0.19923526 0.039694689 0.0053507642 0.70211018
0.84 7.9432823e-06 0.19794603 0.039182631 0 0.65011285
0.84 7.9432823e-07 0.19750101 0.039006649 6.2679006e-06 0.98055856
0.84 7.9432823e-08 0.19726523 0.038913571 0.31165477 0.74742114
0.84 7.9432823e-09 0.1935743 0.03747101 0.008132843 0.7267228
0.85 1.2589254e-05 0.21743507 0.04727801 0 0.70049369
0.85 1.2589254e-06 0.21529175 0.046350538 9.7287597e-09 0.99999957
0.85 1.2589254e-07 0.21880032 0.04787358 0.29179293 0.76860202
0.85 1.2589254e-08 0.20660491 0.042685589 0.018714029 0.73237025
0.85 1.5848932e-05 0.20502513 0.042035304 0 0.70714009
0.85 1.5848932e-06 0.21982672 0.048323787 9.3017168e-17 0.99999926
0.85 1.5848932e-07 0.21906489 0.047989426 0.2395458 0.82507012
0.85 1.5848932e-08 0.20809831 0.043304907 0.026470596 0.69239323
0.85 1.9952623e-05 0.22224461 0.049392667 0 0.72234119
0.85 1.9952623e-06 0.2048702 0.041971799 2.7829731e-29 0.99999994
0.85 1.9952623e-07 0.21419952 0.045881434 0.18966934 0.8088065
0.85 1.9952623e-08 0.21778402 0.047429879 0.042399662 0.74538102
0.85 1e-05 0.21281741 0.04529125 0 0.70309084
0.85 1e-06 0.21600965 0.046660169 1.0600806e-06 0.98937779
0.85 1e-07 0.20008052 0.040032214 0.32098635 0.75237123
0.85 1e-08 0.22858295 0.052250165 0.011500876 0.6969558
0.85 2.5118864e-05 0.22005235 0.048423037 0 0.68502766
0.85 2.5118864e-06 0.20818218 0.04333982 1.0786848e-35 9.567684e-06
0.85 2.5118864e-07 0.21648861 0.046867318 0.098444394 0.88653046
0.85 2.5118864e-08 0.21707612 0.047122042 0.067542022 0.68334838
0.85 3.1622777e-05 0.22889381 0.052392376 0 0.66847795
0.85 3.1622777e-06 0.20680628 0.042768837 6.5977595e-46 1
0.85 3.1622777e-07 0.21550856 0.046443939 0.046419066 0.82335859
0.85 3.1622777e-08 0.22459247 0.050441778 0.088604974 0.67769943
0.85 3.1622777e-09 0.21735637 0.047243792 0.0011293419 0.6875265
0.85 3.9810717e-06 0.20688961 0.042803311 0 0.6903765
0.85 3.9810717e-07 0.22365505 0.050021581 0.015536768 0.93127844
0.85 3.9810717e-08 0.20306513 0.041235447 0.15245493 0.65402341
0.85 3.9810717e-09 0.2129201 0.045334969 0.0019485098 0.71626836
0.85 5.0118723e-06 0.21421381 0.045887556 0 0.69768264
0.85 5.0118723e-07 0.21460177 0.04605392 0.0040535157 0.80380222
0.85 5.0118723e-08 0.21415644 0.045862981 0.19304664 0.71875491
0.85 5.0118723e-09 0.21664651 0.04693571 0.0028652647 0.69022544
0.85 6.3095734e-06 0.21138375 0.04468309 0 0.67044288
0.85 6.3095734e-07 0.21855504 0.047766306 0.001135078 0.59992779
0.85 6.3095734e-08 0.20856798 0.043500602 0.2476393 0.76556699
0.85 6.3095734e-09 0.220455 0.048600407 0.004266198 0.71744717
0.85 7.9432823e-06 0.21473133 0.046109544 0 0.68580146
0.85 7.9432823e-07 0.21480436 0.046140913 4.9523971e-05 0.18436519
0.85 7.9432823e-08 0.21889447 0.047914789 0.29087654 0.78153056
0.85 7.9432823e-09 0.21561113 0.046488159 0.0074707966 0.73409811
0.86 1.1220185e-06 0.20977474 0.044005442 6.5897786e-11 0.74102092
0.86 1.1220185e-06 0.20977474 0.044005442 6.5897786e-11 0.74102092
0.86 1.2589254e-05 0.21168177 0.044809172 0 0.98805086
0.86 1.2589254e-06 0.21424261 0.045899896 1.3174786e-09 0.99998463
0.86 1.2589254e-07 0.20627262 0.042548394 0.34774956 0.82165841
0.86 1.2589254e-08 0.20992366 0.044067943 0.020146524 0.64304913
0.86 1.4125375e-06 0.20945674 0.043872126 1.3291126e-10 0.00016482181
0.86 1.4125375e-06 0.20945674 0.043872126 1.3291126e-10 0.00016482181
0.86 1.5848932e-05 0.21957619 0.048213703 0 0.77454191
0.86 1.5848932e-06 0.22662377 0.051358333 4.0783942e-14 0.99907478
0.86 1.5848932e-07 0.20462777 0.041872524 0.25810451 0.79550077
0.86 1.5848932e-08 0.21649899 0.046871813 0.028068305 0.71731462
0.86 1.7782794e-06 0.2111626 0.044589644 7.5816077e-18 1
0.86 1.7782794e-06 0.2111626 0.044589644 7.5816077e-18 1
0.86 1.9952623e-05 0.21425695 0.045906041 0 0.99596983
0.86 1.9952623e-06 0.20886203 0.043623348 1.1630612e-18 0.99999999
0.86 1.9952623e-07 0.22593637 0.051047243 0.1627543 0.80660766
0.86 1.9952623e-08 0.22677925 0.051428828 0.041164359 0.72976084
0.86 1e-05 0.20696598 0.042834917 0 0.67220104
0.86 1e-06 0.21260318 0.045200112 1.1239916e-06 0.98888804
0.86 1e-07 0.21786361 0.047464553 0.32231819 0.73576039
0.86 1e-08 0.21444377 0.04598613 0.012442589 0.71293926
0.86 2.2387211e-06 0.20583501 0.042368051 2.7054889e-22 2.2951874e-08
0.86 2.2387211e-06 0.20583501 0.042368051 2.7054889e-22 2.2951874e-08
0.86 2.5118864e-05 0.21711984 0.047141025 0 8.9854993e-06
0.86 2.5118864e-06 0.2080402 0.043280725 1.3833789e-27 1
0.86 2.5118864e-07 0.21307847 0.045402434 0.099856222 0.82941311
0.86 2.5118864e-08 0.20181269 0.040728362 0.071687603 0.70800939
0.86 2.8183829e-06 0.21296296 0.045353222 2.7061342e-40 0.34183682
0.86 2.8183829e-06 0.21296296 0.045353222 2.7061342e-40 0.34183682
0.86 3.1622777e-05 0.22018902 0.048483205 0 0.00054179522
0.86 3.1622777e-06 0.21925241 0.048071619 0 1
0.86 3.1622777e-07 0.2175488 0.04732748 0.047302495 0.8449457
0.86 3.1622777e-08 0.21719002 0.047171505 0.10499497 0.72482431
0.86 3.1622777e-09 0.21345147 0.04556153 0.0013233448 0.74330819
0.86 3.5481339e-06 0.20108805 0.040436404 0 0.70819906
0.86 3.9810717e-06 0.22000805 0.048403542 0 0.70819906
0.86 3.9810717e-07 0.21002819 0.044111841 0.01517871 0.80746078
0.86 3.9810717e-08 0.2084756 0.043462076 0.13309572 0.76084633
0.86 3.9810717e-09 0.22161726 0.04911421 0.0020071289 0.70738279
0.86 4.4668359e-06 0.21353747 0.045598251 0 0.70886726
0.86 5.0118723e-06 0.20241692 0.04097261 0 0.70886726
0.86 5.0118723e-07 0.20840032 0.043430693 0.0042169011 0.68388064
0.86 5.0118723e-08 0.21246231 0.045140233 0.20457953 0.76724799
0.86 5.0118723e-09 0.21099255 0.044517856 0.0030159572 0.6745299
0.86 5.6234133e-06 0.20946626 0.043876114 0 0.69390206
0.86 6.3095734e-06 0.21254776 0.04517655 0 0.69390206
0.86 6.3095734e-07 0.21741754 0.047270387 0.00020994845 0.87358112
0.86 6.3095734e-08 0.21615633 0.046723559 0.24701354 0.77845179
0.86 6.3095734e-09 0.21375427 0.045690888 0.0044788465 0.74581824
0.86 7.0794578e-06 0.21711984 0.047141025 0 0.69364473
0.86 7.9432823e-06 0.20938192 0.043840788 0 0.69364473
0.86 7.9432823e-07 0.1989161 0.039567615 2.760446e-05 0.97581948
0.86 7.9432823e-08 0.21541859 0.046405169 0.31016622 0.77368334
0.86 7.9432823e-09 0.22188634 0.049233548 0.0070075706 0.70903291
0.86 8.9125094e-06 0.2137113 0.04567252 0 0.6686934
0.87 1.1220185e-06 0.25473218 0.064888484 3.8633256e-08 0.11164175
0.87 1.1220185e-06 0.25473218 0.064888484 3.8633256e-08 0.11164175
0.87 1.2589254e-05 0.24440862 0.059735574 0 0.85475683
0.87 1.2589254e-06 0.2421371 0.058630375 6.6843074e-10 0.99948484
0.87 1.2589254e-07 0.23503326 0.055240633 0.2950186 0.81779139
0.87 1.2589254e-08 0.24561757 0.060327991 0.014130531 0.64636231
0.87 1.4125375e-06 0.241282 0.058217004 2.1524902e-11 0.98172847
0.87 1.4125375e-06 0.241282 0.058217004 2.1524902e-11 0.98172847
0.87 1.5848932e-05 0.23592116 0.055658794 0 0.88954115
0.87 1.5848932e-06 0.25483481 0.06494078 3.5867142e-15 0.99999991
0.87 1.5848932e-07 0.24551502 0.060277625 0.2385192 0.81181985
0.87 1.5848932e-08 0.24894175 0.061971995 0.019792884 0.70670888
0.87 1.7782794e-06 0.23189863 0.053776975 1.3524691e-14 1
0.87 1.7782794e-06 0.23189863 0.053776975 1.3524691e-14 1
0.87 1.9952623e-05 0.24108761 0.058123236 0 1
0.87 1.9952623e-06 0.24492258 0.05998707 2.8122637e-18 0.99994564
0.87 1.9952623e-07 0.24618167 0.060605415 0.16406773 0.81875849
0.87 1.9952623e-08 0.24546554 0.060253331 0.035600459 0.68574311
0.87 1e-05 0.25110664 0.063054545 0 0.67371437
0.87 1e-06 0.23309179 0.054331783 5.5830967e-07 0.84214898
0.87 1e-07 0.24021783 0.057704606 0.29080095 0.75319249
0.87 1e-08 0.23986282 0.057534172 0.0090322706 0.71368039
0.87 2.2387211e-06 0.23388396 0.054701707 3.7161957e-29 0.99033089
0.87 2.2387211e-06 0.23388396 0.054701707 3.7161957e-29 0.99033089
0.87 2.5118864e-05 0.24834104 0.061673272 0 0.99999999
0.87 2.5118864e-06 0.24354318 0.059313281 6.5279812e-31 0.0001422411
0.87 2.5118864e-07 0.24205231 0.058589321 0.10057704 0.85007778
0.87 2.5118864e-08 0.24341179 0.0592493 0.045347758 0.73018453
0.87 2.8183829e-06 0.22510561 0.050672536 5.2782474e-37 1
0.87 2.8183829e-06 0.22510561 0.050672536 5.2782474e-37 1
0.87 3.1622777e-05 0.24497184 0.060011202 0 1
0.87 3.1622777e-06 0.24652007 0.060772145 4.5458822e-42 1
0.87 3.1622777e-07 0.25196059 0.063484139 0.052422337 0.92348528
0.87 3.1622777e-08 0.23386286 0.054691837 0.08040183 0.76362789
0.87 3.1622777e-09 0.23366935 0.054601365 0.00097716799 0.74504312
0.87 3.5481339e-06 0.25010085 0.062550435 0 0.69452228
0.87 3.9810717e-06 0.25750554 0.066309103 0 0.69452228
0.87 3.9810717e-07 0.23984721 0.057526684 0.022681561 0.85967648
0.87 3.9810717e-08 0.24052419 0.057851886 0.10886285 0.74892533
0.87 3.9810717e-09 0.24334677 0.05921765 0.0014386389 0.71269765
0.87 4.4668359e-06 0.24481996 0.059936813 0 0.66952441
0.87 5.0118723e-06 0.24541608 0.060229052 0 0.66952441
0.87 5.0118723e-07 0.24798061 0.061494383 0.0028165268 0.97702259
0.87 5.0118723e-08 0.24612286 0.060576462 0.15223314 0.74480774
0.87 5.0118723e-09 0.23956443 0.057391116 0.0020984426 0.74697135
0.87 5.6234133e-06 0.25005021 0.062525108 0 0.70880305
0.87 6.3095734e-06 0.24431475 0.059689697 0 0.70880305
0.87 6.3095734e-07 0.25156219 0.063283535 0.00045203025 0.63527437
0.87 6.3095734e-08 0.23983903 0.05752276 0.20772094 0.79154491
0.87 6.3095734e-09 0.24546919 0.060255123 0.0037712761 0.6455906
0.87 7.0794578e-06 0.24949658 0.062248543 0 0.64785787
0.87 7.9432823e-06 0.23743466 0.056375218 0 0.64785787
0.87 7.9432823e-07 0.24677939 0.060900067 0.00011074179 0.98762778
0.87 7.9432823e-08 0.24939662 0.062198674 0.24432868 0.71243283
0.87 7.9432823e-09 0.24661685 0.060819871 0.0054447662 0.69556409
0.87 8.9125094e-06 0.25236657 0.063688886 0 0.69818336
0.88 1.1220185e-06 0.24833971 0.061672612 1.1166086e-07 0.99515514
0.88 1.1220185e-06 0.24833971 0.061672612 1.1166086e-07 0.99515514
0.88 1.2589254e-05 0.24572349 0.060380034 0 0.9704022
0.88 1.2589254e-06 0.25337634 0.06419957 1.72212e-08 0.97887742
0.88 1.2589254e-07 0.25917709 0.067172764 0.26393117 0.80364343
0.88 1.2589254e-08 0.2673527 0.071477466 0.012132632 0.73746034
0.88 1.4125375e-06 0.2449103 0.059981055 1.4802263e-10 0.99997418
0.88 1.4125375e-06 0.2449103 0.059981055 1.4802263e-10 0.99997418
0.88 1.5848932e-05 0.26320032 0.069274408 0 0.99999046
0.88 1.5848932e-06 0.25045372 0.062727066 6.1834043e-14 0.98942375
0.88 1.5848932e-07 0.2607294 0.06797982 0.21885342 0.80811461
0.88 1.5848932e-08 0.25316965 0.064094872 0.0200856 0.6997236
0.88 1.7782794e-06 0.25714286 0.06612245 1.3066905e-13 0.089217902
0.88 1.7782794e-06 0.25714286 0.06612245 1.3066905e-13 0.089217902
0.88 1.9952623e-05 0.24582243 0.060428667 0 0.17114982
0.88 1.9952623e-06 0.2509567 0.062979265 6.1845354e-20 1
0.88 1.9952623e-07 0.24964767 0.062323959 0.17915904 0.83248875
0.88 1.9952623e-08 0.26213983 0.06871729 0.029312134 0.7073851
0.88 1e-05 0.26009693 0.067650413 0 0.6994006
0.88 1e-06 0.24456522 0.059812147 1.5744187e-06 0.94628729
0.88 1e-07 0.24869215 0.061847785 0.2833145 0.80517378
0.88 1e-08 0.25740181 0.066255692 0.0080932593 0.76882962
0.88 2.2387211e-06 0.25130996 0.063156696 5.8318162e-21 0.99993346
0.88 2.2387211e-06 0.25130996 0.063156696 5.8318162e-21 0.99993346
0.88 2.5118864e-05 0.25856509 0.066855906 0 0.99998018
0.88 2.5118864e-06 0.25403877 0.064535697 7.5615171e-33 1
0.88 2.5118864e-07 0.24678457 0.060902624 0.10318934 0.85186107
0.88 2.5118864e-08 0.2572004 0.066152046 0.046027926 0.73427898
0.88 2.8183829e-06 0.25678665 0.065939384 9.268953e-36 0.99999968
0.88 2.8183829e-06 0.25678665 0.065939384 9.268953e-36 0.99999968
0.88 3.1622777e-05 0.25125932 0.063131246 0 0.99999558
0.88 3.1622777e-06 0.24688129 0.060950371 0 1
0.88 3.1622777e-07 0.25785657 0.066490011 0.052163627 0.82422316
0.88 3.1622777e-08 0.24330312 0.059196408 0.073707238 0.73137974
0.88 3.1622777e-09 0.24678198 0.060901346 0.00094863486 0.64162573
0.88 3.5481339e-06 0.25468467 0.064864281 1.2997171e-40 1
0.88 3.5481339e-06 0.25468467 0.064864281 1.2997171e-40 1
0.88 3.9810717e-06 0.25322321 0.064121994 0 1
0.88 3.9810717e-07 0.24889158 0.061947019 0.017165565 0.83232259
0.88 3.9810717e-08 0.24778405 0.061396935 0.10747628 0.7027027
0.88 3.9810717e-09 0.25493753 0.064993144 0.0012981648 0.76888849
0.88 4.4668359e-06 0.26301978 0.069179405 0 0.69414582
0.88 5.0118723e-06 0.2449144 0.059983063 0 0.69414582
0.88 5.0118723e-07 0.24693097 0.060974904 0.0078757294 0.95472572
0.88 5.0118723e-08 0.25619335 0.065635033 0.14274342 0.69578312
0.88 5.0118723e-09 0.24818695 0.061596762 0.0022042559 0.73470815
0.88 5.6234133e-06 0.24969795 0.062349066 0 0.71769413
0.88 6.3095734e-06 0.25367721 0.064352127 0 0.71769413
0.88 6.3095734e-07 0.25095901 0.062980425 0.0008416861 0.87572992
0.88 6.3095734e-08 0.25447957 0.064759852 0.20257232 0.73058314
0.88 6.3095734e-09 0.2621203 0.068707052 0.0031138081 0.73705705
0.88 7.0794578e-06 0.25357503 0.064300296 0 0.70993568
0.88 7.9432823e-06 0.26267096 0.068996033 0 0.70993568
0.88 7.9432823e-07 0.24059545 0.057886171 0.00022543667 0.99845145
0.88 7.9432823e-08 0.25589361 0.06548154 0.2366146 0.7433048
0.88 7.9432823e-09 0.25740778 0.066258765 0.0054862242 0.72968524
0.88 8.9125094e-06 0.2617274 0.068501232 0 0.68560467
0.89 1.1220185e-06 0.27192098 0.073941019 3.9109259e-07 0.99998597
0.89 1.1220185e-06 0.27192098 0.073941019 3.9109259e-07 0.99998597
0.89 1.2589254e-05 0.28047552 0.078666517 0 0.6421181
0.89 1.2589254e-06 0.28415961 0.080746684 2.3752476e-09 0.99898395
0.89 1.2589254e-07 0.27668143 0.076552614 0.25544007 0.78461638
0.89 1.2589254e-08 0.27693857 0.076694972 0.01080493 0.69959936
0.89 1.4125375e-06 0.27096383 0.073421397 4.9901793e-11 0.9395713
0.89 1.4125375e-06 0.27096383 0.073421397 4.9901793e-11 0.9395713
0.89 1.5848932e-05 0.27523675 0.075755269 0 0.9999212
0.89 1.5848932e-06 0.27913061 0.077913897 1.1052294e-09 0.4369958
0.89 1.5848932e-07 0.26827795 0.071973058 0.22888597 0.81090386
0.89 1.5848932e-08 0.28136959 0.079168846 0.016608511 0.71473223
0.89 1.7782794e-06 0.27575086 0.076038537 6.1830531e-12 0.99986323
0.89 1.7782794e-06 0.27575086 0.076038537 6.1830531e-12 0.99986323
0.89 1.9952623e-05 0.28254736 0.079833011 0 0.99892735
0.89 1.9952623e-06 0.27626538 0.07632256 1.0235634e-15 0.99999996
0.89 1.9952623e-07 0.27486911 0.075553028 0.16606099 0.82265851
0.89 1.9952623e-08 0.27314908 0.07461042 0.027872912 0.69638693
0.89 1e-05 0.27314908 0.07461042 0 0.71365224
0.89 1e-06 0.28484848 0.081138657 3.3844822e-06 0.93092605
0.89 1e-07 0.27846061 0.077540311 0.24463763 0.79175982
0.89 1e-08 0.28726614 0.082521835 0.0073675491 0.65308109
0.89 2.2387211e-06 0.27899939 0.07784066 1.1125849e-22 1
0.89 2.2387211e-06 0.27899939 0.07784066 1.1125849e-22 1
0.89 2.5118864e-05 0.27796815 0.077266292 0 1
0.89 2.5118864e-06 0.27566042 0.075988667 2.3883538e-28 1
0.89 2.5118864e-07 0.27093398 0.073405222 0.1190909 0.83392461
0.89 2.5118864e-08 0.26990526 0.072848849 0.044619801 0.70353105
0.89 2.8183829e-06 0.28260431 0.079865196 2.0775643e-27 1.3455928e-07
0.89 2.8183829e-06 0.28260431 0.079865196 2.0775643e-27 1.3455928e-07
0.89 3.1622777e-05 0.28067701 0.078779584 0 0.013745453
0.89 3.1622777e-06 0.27949183 0.078115683 1.5608783e-42 1
0.89 3.1622777e-07 0.27072826 0.073293791 0.058092639 0.82126793
0.89 3.1622777e-08 0.27509069 0.075674888 0.057833175 0.71452937
0.89 3.1622777e-09 0.27186618 0.07391122 0.00074470263 0.72168454
0.89 3.5481339e-06 0.27490924 0.07557509 2.8048311e-46 1
0.89 3.5481339e-06 0.27490924 0.07557509 2.8048311e-46 1
0.89 3.9810717e-06 0.27620968 0.076291787 0 1
0.89 3.9810717e-07 0.27549375 0.075896806 0.020290371 0.89732562
0.89 3.9810717e-08 0.27838164 0.077496337 0.089979544 0.73119532
0.89 3.9810717e-09 0.2726906 0.074360163 0.0011806337 0.6876854
0.89 4.4668359e-06 0.27296535 0.074510082 0 0.6987001
0.89 5.0118723e-06 0.27575086 0.076038537 0 0.6987001
0.89 5.0118723e-07 0.27929018 0.078003005 0.0067805957 0.88366969
0.89 5.0118723e-08 0.27543824 0.075866224 0.12911966 0.78526448
0.89 5.0118723e-09 0.26338114 0.069369625 0.0018969845 0.76253218
0.89 5.6234133e-06 0.28154558 0.079267914 0 0.73809229
0.89 6.3095734e-06 0.28404277 0.080680295 0 0.73809229
0.89 6.3095734e-07 0.27392006 0.075032199 0.0012374296 0.82514095
0.89 6.3095734e-08 0.27303823 0.074549875 0.18422892 0.75883581
0.89 6.3095734e-09 0.26816992 0.071915106 0.0027256073 0.70525625
0.89 7.0794578e-06 0.2806699 0.078775593 0 0.67897519
0.89 7.9432823e-06 0.27003625 0.072919576 0 0.67897519
0.89 7.9432823e-07 0.27131627 0.073612518 4.9393488e-05 0.93899174
0.89 7.9432823e-08 0.26642483 0.07098219 0.21469059 0.78689687
0.89 7.9432823e-09 0.26688168 0.071225831 0.0045533804 0.717254
0.8 1.1220185e-06 0.11977492 0.014346031 2.4285006e-11 0.64070315
0.8 1.4125375e-06 0.11947791 0.014274971 8.2442809e-25 0.82072312
0.8 1.7782794e-06 0.12565235 0.015788513 3.3381684e-29 1
0.8 2.2387211e-06 0.13473896 0.018154587 0 1
0.8 2.8183829e-06 0.12404657 0.015387552 0 1
0.9 1.1220185e-06 0.28407026 0.080695913 1.5298397e-07 0.98827979
0.9 1.2589254e-05 0.28738412 0.082589632 0 0.36978267
0.9 1.2589254e-06 0.29064139 0.084472418 5.1886447e-09 0.59911399
0.9 1.2589254e-07 0.28433152 0.080844413 0.24626351 0.78002592
0.9 1.2589254e-08 0.27582728 0.076080688 0.010955761 0.7204847
0.9 1.4125375e-06 0.27739726 0.07694924 2.2546038e-09 0.2598831
0.9 1.5848932e-05 0.29195171 0.085235801 0 0.64427475
0.9 1.5848932e-06 0.28283642 0.07999644 1.975273e-11 0.99999981
0.9 1.5848932e-07 0.29407019 0.086477277 0.20826682 0.81171408
0.9 1.5848932e-08 0.27891019 0.077790894 0.015559218 0.6975966
0.9 1.7782794e-06 0.28407026 0.080695913 1.8222483e-14 0.92485876
0.9 1.9952623e-05 0.29677419 0.08807492 0 0.96069281
0.9 1.9952623e-06 0.29453298 0.086749676 1.7445356e-19 0.99999435
0.9 1.9952623e-07 0.27261737 0.07432023 0.17753334 0.81976707
0.9 1.9952623e-08 0.27713998 0.076806569 0.026000045 0.69818035
0.9 1e-05 0.28181818 0.079421487 0 0.70380424
0.9 1e-06 0.28029845 0.078567221 3.1793231e-06 0.81433297
0.9 1e-07 0.28006457 0.078436163 0.23649614 0.80443486
0.9 1e-08 0.2737329 0.074929701 0.0068900476 0.70944579
0.9 2.2387211e-06 0.28971774 0.083936369 2.8930198e-20 1
0.9 2.5118864e-05 0.28896496 0.083500748 0 1
0.9 2.5118864e-06 0.28103518 0.078980772 8.031676e-30 1
0.9 2.5118864e-07 0.27926657 0.077989817 0.1069744 0.81901942
0.9 2.5118864e-08 0.29186023 0.085182394 0.036626926 0.73997928
0.9 2.8183829e-06 0.2808399 0.078871049 3.8149462e-39 0.99999998
0.9 3.1622777e-05 0.29510179 0.087085066 0 0.99995253
0.9 3.1622777e-06 0.28230053 0.079693589 9.1669385e-27 1
0.9 3.1622777e-07 0.29613215 0.08769425 0.050633229 0.85495519
0.9 3.1622777e-08 0.28833367 0.083136305 0.05989149 0.74937069
0.9 3.1622777e-09 0.29008864 0.084151419 0.00067011063 0.77056761
0.9 3.5481339e-06 0.27569528 0.076007887 0 1
0.9 3.9810717e-06 0.29719362 0.088324048 0 1
0.9 3.9810717e-07 0.27998387 0.078390967 0.023364435 0.87480218
0.9 3.9810717e-08 0.28962188 0.083880833 0.091249477 0.73439696
0.9 3.9810717e-09 0.28252114 0.079818195 0.0010410651 0.71479813
0.9 4.4668359e-06 0.28447755 0.080927476 0 0.70139822
0.9 5.0118723e-06 0.27671564 0.076571545 0 0.70139822
0.9 5.0118723e-07 0.2910628 0.084717554 0.0075243092 0.90713231
0.9 5.0118723e-08 0.28902316 0.083534387 0.12371107 0.72252171
0.9 5.0118723e-09 0.27901831 0.077851217 0.0016863894 0.74136936
0.9 5.6234133e-06 0.28965378 0.083899312 0 0.70422803
0.9 6.3095734e-06 0.27730754 0.076899472 0 0.70422803
0.9 6.3095734e-07 0.28821752 0.083069339 0.0013960515 0.84636389
0.9 6.3095734e-08 0.29097865 0.084668575 0.1678316 0.78665272
0.9 6.3095734e-09 0.28235057 0.079721844 0.0026619997 0.75121287
0.9 7.0794578e-06 0.27551432 0.075908141 0 0.70428356
0.9 7.9432823e-06 0.28075837 0.078825262 0 0.70428356
0.9 7.9432823e-07 0.28767123 0.082754737 0.00019473506 0.99250034
0.9 7.9432823e-08 0.28219621 0.079634701 0.20492725 0.78423157
0.9 7.9432823e-09 0.29137199 0.084897637 0.004181567 0.77054215
0.9 8.9125094e-06 0.29204431 0.085289879 0 0.71312248
0.95 1.1220185e-06 0.32794504 0.10754795 4.2416339e-06 0.95791853
0.95 1.1220185e-06 0.32794504 0.10754795 4.2416339e-06 0.95791853
0.95 1.2589254e-05 0.32634549 0.10650138 0 0.97170722
0.95 1.2589254e-06 0.33817009 0.11435901 4.3377736e-08 0.42787867
0.95 1.2589254e-07 0.32803061 0.10760408 0.21869774 0.79323557
0.95 1.2589254e-08 0.32257414 0.10405408 0.0083752575 0.71950297
0.95 1.4125375e-06 0.33729599 0.11376858 1.375073e-08 0.78928764
0.95 1.4125375e-06 0.33729599 0.11376858 1.375073e-08 0.78928764
0.95 1.5848932e-05 0.34086781 0.11619086 0 0.84564859
0.95 1.5848932e-06 0.32888079 0.10816257 2.5732065e-10 0.80906901
0.95 1.5848932e-07 0.33420734 0.11169455 0.18716613 0.80906739
0.95 1.5848932e-08 0.33990743 0.11553706 0.011456015 0.71983796
0.95 1.7782794e-06 0.34072134 0.11609103 1.363435e-13 0.99999992
0.95 1.7782794e-06 0.34072134 0.11609103 1.363435e-13 0.99999992
0.95 1.9952623e-05 0.3369697 0.11354858 0 0.89075392
0.95 1.9952623e-06 0.33951239 0.11526866 6.3065201e-17 1
0.95 1.9952623e-07 0.33252623 0.11057369 0.16147717 0.80619967
0.95 1.9952623e-08 0.31706333 0.10052916 0.021045156 0.7599361
0.95 1e-05 0.31995968 0.1023742 0 0.71868372
0.95 1e-06 0.31871463 0.10157902 5.0848529e-06 0.81078448
0.95 1e-07 0.33535599 0.11246364 0.19284683 0.78115892
0.95 1e-08 0.3299738 0.10888271 0.0051087238 0.72923149
0.95 2.2387211e-06 0.33434221 0.11178471 7.0164976e-19 1
0.95 2.2387211e-06 0.33434221 0.11178471 7.0164976e-19 1
0.95 2.5118864e-05 0.33495048 0.11219182 0 0.99999983
0.95 2.5118864e-06 0.33319879 0.11102143 1.2701032e-22 1
0.95 2.5118864e-07 0.33413995 0.11164951 0.099073912 0.87447512
0.95 2.5118864e-08 0.33434405 0.11178594 0.027731656 0.76515812
0.95 2.8183829e-06 0.33360193 0.11129025 1.3302169e-29 1
0.95 2.8183829e-06 0.33360193 0.11129025 1.3302169e-29 1
0.95 3.1622777e-05 0.34676607 0.12024671 0 0.99999993
0.95 3.1622777e-06 0.34402744 0.11835488 1.5512171e-31 1
0.95 3.1622777e-07 0.32689211 0.10685845 0.060764226 0.8206984
0.95 3.1622777e-08 0.32560016 0.10601546 0.047748115 0.77443722
0.95 3.1622777e-09 0.33078163 0.10941649 0.00052338738 0.72736721
0.95 3.5481339e-06 0.34644081 0.12002123 0 1
0.95 3.5481339e-06 0.34644081 0.12002123 0 1
0.95 3.9810717e-06 0.3430127 0.11765771 3.9867979e-46 1
0.95 3.9810717e-07 0.33602259 0.11291118 0.023814593 0.83574028
0.95 3.9810717e-08 0.32748538 0.10724667 0.069187544 0.73263265
0.95 3.9810717e-09 0.31873234 0.1015903 0.00084041858 0.70454546
0.95 4.4668359e-06 0.33555287 0.11259573 0 0.72450927
0.95 5.0118723e-06 0.3342759 0.11174038 0 0.72450927
0.95 5.0118723e-07 0.33124368 0.10972238 0.0085144628 0.78111716
0.95 5.0118723e-08 0.33199033 0.11021758 0.098962599 0.79908094
0.95 5.0118723e-09 0.34059286 0.1160035 0.0012747679 0.73380982
0.95 5.6234133e-06 0.33111514 0.10963724 0 0.70176365
0.95 6.3095734e-06 0.3481332 0.12119672 0 0.70176365
0.95 6.3095734e-07 0.32052578 0.10273678 0.0022250853 0.88959262
0.95 6.3095734e-08 0.33893161 0.11487464 0.11639628 0.74695522
0.95 6.3095734e-09 0.33118193 0.10968147 0.0022448156 0.71989108
0.95 7.0794578e-06 0.33662767 0.11331819 0 0.72537667
0.95 7.9432823e-06 0.32963486 0.10865914 0 0.72537667
0.95 7.9432823e-07 0.34117884 0.116403 0.00014210759 0.90598456
0.95 7.9432823e-08 0.33629032 0.11309118 0.16564955 0.80336234
0.95 7.9432823e-09 0.33964545 0.11535903 0.0031388906 0.76524117
0.95 8.9125094e-06 0.34322034 0.1178002 0 0.73846999
0.9 1.1220185e-06 0.28407026 0.080695913 1.5298397e-07 0.98827979
0.9 1.4125375e-06 0.27739726 0.07694924 2.2546038e-09 0.2598831
0.9 1.7782794e-06 0.28407026 0.080695913 1.8222483e-14 0.92485876
0.9 2.2387211e-06 0.28971774 0.083936369 2.8930198e-20 1
0.9 2.8183829e-06 0.2808399 0.078871049 3.8149462e-39 0.99999998
0.9 3.5481339e-06 0.27569528 0.076007887 0 1
