0.002 array('d', [-3.9000000040686618, -3.7999999979341847, -3.700000003258169, -4.0, -3.6000000054478725, -3.4999999945296856, -3.0, -2.4999999945296856, -4.900000004068662, -5.900000004068662, -6.900000004068662, -7.900000004068662, -8.900000004068662, -4.799999997934185, -5.799999997934185, -6.799999997934185, -7.799999997934185, -8.799999997934185, -4.700000003258169, -5.700000003258169, -6.700000003258169, -7.700000003258169, -8.70000000325817, -5.0, -6.0, -7.0, -8.0, -9.0, -4.600000005447872, -5.600000005447873, -6.600000005447872, -7.600000005447872, -8.600000005447873, -4.499999994529686, -5.499999994529686, -6.499999994529686, -7.499999994529686, -8.499999994529686, -4.400000000603809, -5.400000000603809, -6.400000000603809, -7.400000000603809, -8.400000000603809, -4.300000003143145, -5.300000003143145, -6.300000003143145, -7.300000003143145, -8.300000003143145, -4.200000003083764, -5.200000003083764, -6.200000003083764, -7.200000003083764, -8.200000003083764, -4.100000002582974, -5.100000002582974, -6.100000002582974, -7.100000002582974, -8.100000002582973])
lowest error 0.002 0.00146704690669
0.002 0.00146704690669 6.41924420357e-05
0.002 0.0014670502847 0.000208351256395
0.002 0.0014670435287 0.000336768438923
0.002 0.00146705366271 0.000480862660007
0.002 0.00146704015071 0.000609376738376
0.002 0.00146705704073 0.000753341772591
0.002 0.00146703677273 0.000882017344093
0.002 0.00146706041876 0.00102578859812
0.002 0.00146703339475 0.00115469025979
0.002 0.00146706379679 0.00129820314039
0.002 0.00146703001679 0.00142739548954
0.002 0.00146706717483 0.00157058540314
lowest error 0.002 7.05155666228e-08
0.002 7.05155666228e-08 7.33933271935e-07
0.002 7.0515728991e-08 1.97397344297e-05
0.002 7.05154042549e-08 2.12074187269e-05
0.002 7.05158913597e-08 4.02135843793e-05
0.002 7.05152418873e-08 4.16807219183e-05
0.002 7.05160537287e-08 6.06876165792e-05
0.002 7.05150795202e-08 6.21538428844e-05
0.002 7.05162160981e-08 8.11618310306e-05
0.002 7.05149171534e-08 8.26267816083e-05
0.002 7.05163784679e-08 0.000101636227735
0.002 7.0514754787e-08 0.000103099538093
0.002 7.0516540838e-08 0.000122110806676
0.005 array('d', [-3.9000000040686618, -3.7999999979341847, -3.700000003258169, -3.6000000054478725, -3.4999999945296856, -3.0, -5.900000004068662, -6.900000004068662, -7.900000004068662, -8.900000004068662, -4.799999997934185, -5.799999997934185, -6.799999997934185, -7.799999997934185, -8.799999997934185, -4.700000003258169, -5.700000003258169, -6.700000003258169, -7.700000003258169, -8.70000000325817, -5.0, -6.0, -7.0, -8.0, -9.0, -4.600000005447872, -5.600000005447873, -6.600000005447872, -7.600000005447872, -8.600000005447873, -4.499999994529686, -5.499999994529686, -6.499999994529686, -7.499999994529686, -8.499999994529686, -4.400000000603809, -5.400000000603809, -6.400000000603809, -7.400000000603809, -8.400000000603809, -4.300000003143145, -5.300000003143145, -6.300000003143145, -7.300000003143145, -8.300000003143145, -4.200000003083764, -5.200000003083764, -6.200000003083764, -7.200000003083764, -8.200000003083764, -4.100000002582974, -5.100000002582974, -6.100000002582974, -7.100000002582974, -8.100000002582973])
lowest error 0.005 0.000592320822313
0.005 0.000592320822313 4.67375426219e-05
0.005 0.000592319458446 0.000123075218248
0.005 0.000592322186184 0.000216537766609
0.005 0.000592318094581 0.00029290051685
0.005 0.000592323550058 0.000386325454638
0.005 0.00059231673072 0.000462738354263
0.005 0.000592324913935 0.00055610060756
0.005 0.000592315366862 0.000632588731335
0.005 0.000592326277815 0.000725863226451
0.005 0.000592314003007 0.000802451648918
0.005 0.000592327641698 0.00089561331216
0.005 0.000592312639155 0.000972327108089
lowest error 0.005 4.4488934027e-08
0.005 4.4488934027e-08 2.87133468557e-06
0.005 4.44888315876e-08 2.07315991596e-05
0.005 4.44890364667e-08 2.64745107503e-05
0.005 4.44887291484e-08 4.43342907883e-05
0.005 4.44891389066e-08 5.00779290147e-05
0.005 4.44886267094e-08 6.79367402032e-05
0.005 4.44892413467e-08 7.36815895244e-05
0.005 4.44885242707e-08 9.1538947407e-05
0.005 4.44893437871e-08 9.72854922603e-05
0.005 4.44884218322e-08 0.000115140912402
0.005 4.44894462277e-08 0.000120889637225
0.005 4.44883193939e-08 0.000138742635169
0.01 array('d', [-3.9000000040686618, -3.7999999979341847, -3.700000003258169, -4.0, -3.6000000054478725, -4.900000004068662, -5.900000004068662, -6.900000004068662, -7.900000004068662, -8.900000004068662, -5.799999997934185, -6.799999997934185, -7.799999997934185, -8.799999997934185, -4.700000003258169, -5.700000003258169, -6.700000003258169, -7.700000003258169, -5.0, -7.0, -8.0, -9.0, -4.600000005447872, -5.600000005447873, -6.600000005447872, -7.600000005447872, -8.600000005447873, -4.499999994529686, -5.499999994529686, -7.499999994529686, -8.499999994529686, -4.400000000603809, -5.400000000603809, -6.400000000603809, -7.400000000603809, -8.400000000603809, -4.300000003143145, -5.300000003143145, -6.300000003143145, -7.300000003143145, -8.300000003143145, -4.200000003083764, -5.200000003083764, -6.200000003083764, -7.200000003083764, -8.200000003083764, -4.100000002582974, -5.100000002582974, -6.100000002582974, -7.100000002582974, -8.100000002582973])
lowest error 0.01 0.000565190690782
0.01 0.000565190690782 1.30811724581e-05
0.01 0.000565191992183 6.97647515753e-05
0.01 0.000565189389384 9.59300806893e-05
0.01 0.000565193293587 0.000152607691481
0.01 0.000565188087989 0.000178781973188
0.01 0.000565194594994 0.00023544764744
0.01 0.000565186786596 0.000261636850138
0.01 0.000565195896404 0.000318284619524
0.01 0.000565185485207 0.000344494711613
0.01 0.000565197197818 0.000401118607841
0.01 0.000565184183821 0.000427355557669
0.01 0.000565198499234 0.000483949612464
lowest error 0.01 3.80301466395e-08
0.01 3.80301466395e-08 2.82885014902e-05
0.01 3.80300590719e-08 5.89404939815e-05
0.01 3.80302342072e-08 0.000115520805263
0.01 3.80299715046e-08 0.000146166181278
0.01 3.80303217752e-08 0.000202756417385
0.01 3.80298839374e-08 0.000233388560524
0.01 3.80304093433e-08 0.000289995338137
0.01 3.80297963705e-08 0.000320607631845
0.01 3.80304969117e-08 0.000377237567566
0.01 3.80297088038e-08 0.000407823395289
0.01 3.80305844803e-08 0.000464483105798
0.01 3.80296212372e-08 0.000495035851137
0.05 array('d', [-4.0, -5.900000004068662, -7.900000004068662, -8.900000004068662, -4.799999997934185, -5.799999997934185, -6.799999997934185, -7.799999997934185, -8.799999997934185, -4.700000003258169, -5.700000003258169, -6.700000003258169, -7.700000003258169, -5.0, -7.0, -8.0, -9.0, -4.600000005447872, -5.600000005447873, -6.600000005447872, -8.600000005447873, -4.499999994529686, -5.499999994529686, -6.499999994529686, -7.499999994529686, -8.499999994529686, -4.400000000603809, -5.400000000603809, -6.400000000603809, -7.400000000603809, -8.400000000603809, -4.300000003143145, -7.300000003143145, -8.300000003143145, -4.200000003083764, -6.200000003083764, -7.200000003083764, -8.200000003083764, -4.100000002582974, -5.100000002582974, -6.100000002582974, -7.100000002582974])
lowest error 0.05 6.83623526037e-05
0.05 6.83623526037e-05 5.36039135413e-05
0.05 6.83621951938e-05 0.000174938713942
0.05 6.8362510014e-05 0.000282123833303
0.05 6.83620377842e-05 0.000403504051404
0.05 6.83626674247e-05 0.000510621047599
0.05 6.83618803749e-05 0.000632092101096
0.05 6.83628248357e-05 0.000739095558479
0.05 6.83617229661e-05 0.000860702865284
0.05 6.83629822472e-05 0.000967547368611
0.05 6.83615655576e-05 0.00108933634602
0.05 6.83631396589e-05 0.00119597648005
0.05 6.83614081494e-05 0.00131799254596
lowest error 0.05 1.55366720968e-08
0.05 1.55366720968e-08 5.90911300069e-06
0.05 1.55367078713e-08 1.55146225573e-05
0.05 1.55366363223e-08 2.73326490055e-05
0.05 1.5536743646e-08 3.69385576704e-05
0.05 1.55366005479e-08 4.87559854578e-05
0.05 1.55367794207e-08 5.83626923225e-05
0.05 1.55365647736e-08 7.01791223605e-05
0.05 1.55368151955e-08 7.97870265523e-05
0.05 1.55365289994e-08 9.16020597153e-05
0.05 1.55368509704e-08 0.000101211560344
0.05 1.55364932253e-08 0.000113024797505
0.05 1.55368867453e-08 0.000122636293698
0.1 array('d', [-4.900000004068662, -5.900000004068662, -6.900000004068662, -7.900000004068662, -8.900000004068662, -4.799999997934185, -5.799999997934185, -6.799999997934185, -7.799999997934185, -8.799999997934185, -4.700000003258169, -5.700000003258169, -6.700000003258169, -7.700000003258169, -8.70000000325817, -5.0, -6.0, -7.0, -8.0, -9.0, -4.600000005447872, -5.600000005447873, -6.600000005447872, -7.600000005447872, -8.600000005447873, -4.499999994529686, -6.499999994529686, -4.400000000603809, -5.400000000603809, -6.400000000603809, -7.400000000603809, -8.400000000603809, -4.300000003143145, -5.300000003143145, -6.300000003143145, -7.300000003143145, -8.300000003143145, -5.200000003083764, -6.200000003083764, -7.200000003083764, -8.200000003083764, -5.100000002582974, -6.100000002582974, -7.100000002582974, -8.100000002582973])
lowest error 0.1 3.29886846979e-05
0.1 3.29886846979e-05 6.596437923e-05
0.1 3.29886087387e-05 0.00014947553945
0.1 3.29887606572e-05 0.000281384119066
0.1 3.29885327797e-05 0.000364935638868
0.1 3.29888366167e-05 0.000496783681757
0.1 3.29884568209e-05 0.000580415920908
0.1 3.29889125764e-05 0.000712163069574
0.1 3.29883808623e-05 0.000795916387464
0.1 3.29889885363e-05 0.000927522284218
0.1 3.29883049038e-05 0.00101143704024
0.1 3.29890644963e-05 0.00114286132757
0.1 3.29882289455e-05 0.00122697788149
lowest error 0.1 1.64853055095e-08
0.1 1.64853055095e-08 3.60026195878e-06
0.1 1.64853434684e-08 1.69314784224e-05
0.1 1.64852675507e-08 2.41318190577e-05
0.1 1.64853814273e-08 3.74634020872e-05
0.1 1.6485229592e-08 4.46631928761e-05
0.1 1.64854193864e-08 5.79955090378e-05
0.1 1.64851916334e-08 6.51943833967e-05
0.1 1.64854573455e-08 7.85277992756e-05
0.1 1.64851536749e-08 8.57253906581e-05
0.1 1.64854953047e-08 9.90602727837e-05
0.1 1.64851157165e-08 0.000106256214644
0.1 1.6485533264e-08 0.000119592929601
0.15 array('d', [-4.900000004068662, -5.900000004068662, -6.900000004068662, -7.900000004068662, -8.900000004068662, -5.799999997934185, -6.799999997934185, -7.799999997934185, -8.799999997934185, -4.700000003258169, -5.700000003258169, -6.700000003258169, -7.700000003258169, -8.70000000325817, -5.0, -7.0, -8.0, -9.0, -4.600000005447872, -6.600000005447872, -7.600000005447872, -8.600000005447873, -4.499999994529686, -5.499999994529686, -6.499999994529686, -7.499999994529686, -8.499999994529686, -4.400000000603809, -5.400000000603809, -6.400000000603809, -7.400000000603809, -8.400000000603809, -5.300000003143145, -6.300000003143145, -7.300000003143145, -8.300000003143145, -5.200000003083764, -7.200000003083764, -8.200000003083764, -5.100000002582974, -6.100000002582974, -7.100000002582974, -8.100000002582973])
lowest error 0.15 2.12714453352e-05
0.15 2.12714453352e-05 4.00320363458e-05
0.15 2.12713963559e-05 0.000142535689123
0.15 2.12714943146e-05 0.00022258527082
0.15 2.12713473768e-05 0.000325117906569
0.15 2.1271543294e-05 0.000405124015779
0.15 2.12712983978e-05 0.000507714617148
0.15 2.12715922736e-05 0.000587648272206
0.15 2.12712494188e-05 0.000690325822007
0.15 2.12716412533e-05 0.000770158041255
0.15 2.127120044e-05 0.000872951522298
0.15 2.12716902332e-05 0.000952653324075
0.15 2.12711514613e-05 0.00105559171901
lowest error 0.15 1.86426651899e-08
0.15 1.86426651899e-08 9.33924177815e-06
0.15 1.86427081163e-08 1.1952338725e-05
0.15 1.86426222637e-08 3.06306252007e-05
0.15 1.86427510428e-08 3.32441163486e-05
0.15 1.86425793375e-08 5.19218115254e-05
0.15 1.86427939694e-08 5.45360910751e-05
0.15 1.86425364114e-08 7.32128007543e-05
0.15 1.8642836896e-08 7.5828262907e-05
0.15 1.86424934854e-08 9.45035928885e-05
0.15 1.86428798228e-08 9.71206318452e-05
0.15 1.86424505596e-08 0.000115794187931
0.15 1.86429227497e-08 0.000118413197892
0.2 array('d', [-4.900000004068662, -5.900000004068662, -6.900000004068662, -7.900000004068662, -8.900000004068662, -4.799999997934185, -5.799999997934185, -6.799999997934185, -7.799999997934185, -8.799999997934185, -4.700000003258169, -5.700000003258169, -7.700000003258169, -8.70000000325817, -5.0, -6.0, -7.0, -8.0, -9.0, -4.600000005447872, -5.600000005447873, -7.600000005447872, -8.600000005447873, -4.499999994529686, -5.499999994529686, -6.499999994529686, -7.499999994529686, -8.499999994529686, -5.400000000603809, -6.400000000603809, -7.400000000603809, -8.400000000603809, -5.300000003143145, -6.300000003143145, -7.300000003143145, -5.200000003083764, -6.200000003083764, -7.200000003083764, -8.200000003083764, -5.100000002582974, -6.100000002582974, -7.100000002582974, -8.100000002582973])
lowest error 0.2 1.58418172867e-05
0.2 1.58418172867e-05 2.94231388565e-05
0.2 1.58418537638e-05 0.000117919162857
0.2 1.58417808096e-05 0.000176774879946
0.2 1.58418902411e-05 0.000265252025668
0.2 1.58417443326e-05 0.00032413606128
0.2 1.58419267185e-05 0.000412575450181
0.2 1.58417078557e-05 0.000471506683329
0.2 1.58419631959e-05 0.000559889437
0.2 1.58416713788e-05 0.000618886746701
0.2 1.58419996734e-05 0.00070719398673
0.2 1.58416349021e-05 0.000766276251999
0.2 1.5842036151e-05 0.000854489099977
lowest error 0.2 1.64692946681e-08
0.2 1.64692946681e-08 3.53308815093e-07
0.2 1.64692567462e-08 2.24622795226e-05
0.2 1.64693325901e-08 2.31691234611e-05
0.2 1.64692188243e-08 4.52776415338e-05
0.2 1.64693705121e-08 4.5985164459e-05
0.2 1.64691809026e-08 6.80927772208e-05
0.2 1.64694084343e-08 6.88014317896e-05
0.2 1.6469142981e-08 9.09076865856e-05
0.2 1.64694463566e-08 9.1617925456e-05
0.2 1.64691050594e-08 0.000113722369631
0.2 1.64694842789e-08 0.00011443464546
0.2 1.64690671379e-08 0.000136536826358
0.25 array('d', [-4.95000000011688, -4.95000000011688, -4.900000004068662, -5.900000004068662, -6.900000004068662, -7.900000004068662, -8.900000004068662, -4.849999999884013, -4.849999999884013, -4.799999997934185, -5.799999997934185, -6.799999997934185, -7.799999997934185, -8.799999997934185, -4.750000000009506, -4.750000000009506, -4.700000003258169, -5.700000003258169, -6.700000003258169, -7.700000003258169, -8.70000000325817, -5.0, -6.0, -7.0, -8.0, -9.0, -5.600000005447873, -7.600000005447872, -5.499999994529686, -6.499999994529686, -7.499999994529686, -8.499999994529686, -5.400000000603809, -7.400000000603809, -8.400000000603809, -5.300000003143145, -6.300000003143145, -7.300000003143145, -8.300000003143145, -5.200000003083764, -6.200000003083764, -7.200000003083764, -8.200000003083764, -5.100000002582974, -6.100000002582974, -7.100000002582974, -8.100000002582973])
lowest error 0.25 9.49994301063e-06
0.25 9.49994301063e-06 1.6470405475e-05
0.25 9.49992113623e-06 0.000131106451488
0.25 9.49996488508e-06 0.000164037793879
0.25 9.49989926187e-06 0.000278692777619
0.25 9.49998675958e-06 0.000311595714331
0.25 9.49987738757e-06 0.000426288573394
0.25 9.50000863414e-06 0.000459144167439
0.25 9.49985551332e-06 0.000573893839682
0.25 9.50003050874e-06 0.000606683153808
0.25 9.49983363912e-06 0.000721508576961
0.25 9.50005238339e-06 0.000754212673917
0.25 9.49981176497e-06 0.000869132785837
lowest error 0.25 1.30997196101e-08
0.25 1.30997196101e-08 2.62917720484e-06
0.25 1.30996894469e-08 1.80080834982e-05
0.25 1.30997497734e-08 2.32666230815e-05
0.25 1.30996592838e-08 3.86451590284e-05
0.25 1.30997799367e-08 4.39042541154e-05
0.25 1.30996291208e-08 5.92820493885e-05
0.25 1.30998101001e-08 6.45420703447e-05
0.25 1.30995989578e-08 7.99187545795e-05
0.25 1.30998402635e-08 8.51800717525e-05
0.25 1.30995687949e-08 0.000100555274585
0.25 1.30998704271e-08 0.000105818258341
0.25 1.3099538632e-08 0.000121191609443
0.3 array('d', [-4.900000004068662, -5.900000004068662, -6.900000004068662, -7.900000004068662, -8.900000004068662, -5.799999997934185, -6.799999997934185, -7.799999997934185, -8.799999997934185, -5.700000003258169, -6.700000003258169, -7.700000003258169, -8.70000000325817, -5.0, -6.0, -7.0, -8.0, -9.0, -5.600000005447873, -6.600000005447872, -7.600000005447872, -8.600000005447873, -5.499999994529686, -6.499999994529686, -7.499999994529686, -5.400000000603809, -6.400000000603809, -7.400000000603809, -8.400000000603809, -5.300000003143145, -6.300000003143145, -7.300000003143145, -8.300000003143145, -5.200000003083764, -6.200000003083764, -8.200000003083764, -5.100000002582974, -6.100000002582974, -7.100000002582974, -8.100000002582973])
lowest error 0.3 7.44591372863e-06
0.3 7.44591372863e-06 5.4410996281e-05
0.3 7.4459308735e-06 0.000100007140333
0.3 7.4458965838e-06 0.000208839500719
0.3 7.44594801841e-06 0.000254414909817
0.3 7.44587943901e-06 0.000363278373678
0.3 7.44596516336e-06 0.000408812312868
0.3 7.44586229426e-06 0.000517727615719
0.3 7.44598230835e-06 0.000563199350045
0.3 7.44584514955e-06 0.000672187227809
0.3 7.44599945338e-06 0.000717576022318
0.3 7.44582800488e-06 0.00082665721051
0.3 7.44601659844e-06 0.000871942330246
lowest error 0.3 1.25563669752e-08
0.3 1.25563669752e-08 2.02671833893e-06
0.3 1.25563380631e-08 1.96208481884e-05
0.3 1.25563958873e-08 2.3674488614e-05
0.3 1.25563091511e-08 4.12682109689e-05
0.3 1.25564247995e-08 4.53224626393e-05
0.3 1.25562802391e-08 6.29153699854e-05
0.3 1.25564537118e-08 6.69706404168e-05
0.3 1.25562513273e-08 8.4562325279e-05
0.3 1.25564826241e-08 8.86190219487e-05
0.3 1.25562224155e-08 0.000106209076832
0.3 1.25565115365e-08 0.000110267607217
0.3 1.25561935037e-08 0.000127855624646
0.35 array('d', [-5.900000004068662, -6.900000004068662, -7.900000004068662, -8.900000004068662, -5.799999997934185, -6.799999997934185, -7.799999997934185, -8.799999997934185, -5.700000003258169, -6.700000003258169, -7.700000003258169, -8.70000000325817, -5.0, -6.0, -7.0, -8.0, -5.600000005447873, -6.600000005447872, -7.600000005447872, -8.600000005447873, -5.499999994529686, -6.499999994529686, -7.499999994529686, -8.499999994529686, -5.400000000603809, -6.400000000603809, -7.400000000603809, -8.400000000603809, -5.300000003143145, -6.300000003143145, -7.300000003143145, -8.300000003143145, -5.200000003083764, -6.200000003083764, -7.200000003083764, -8.200000003083764, -5.100000002582974, -6.100000002582974, -7.100000002582974, -8.100000002582973])
lowest error 0.35 6.12935816775e-06
0.35 6.12935816775e-06 5.1256484535e-05
0.35 6.12937228114e-06 9.79649162236e-05
0.35 6.1293440544e-06 0.000200487567021
0.35 6.12938639455e-06 0.000247176635749
0.35 6.12932994108e-06 0.000349728331864
0.35 6.129400508e-06 0.000396378674935
0.35 6.12931582779e-06 0.000498978779691
0.35 6.12941462149e-06 0.000545571034277
0.35 6.12930171454e-06 0.000648238911131
0.35 6.129428735e-06 0.000694753714404
0.35 6.12928760131e-06 0.00079750872668
0.35 6.12944284855e-06 0.000843926715941
lowest error 0.35 1.27239220546e-08
0.35 1.27239220546e-08 3.94909339452e-07
0.35 1.27239513525e-08 1.85568191156e-05
0.35 1.27238927567e-08 1.93464816354e-05
0.35 1.27239806505e-08 3.75087037296e-05
0.35 1.27238634589e-08 3.82978977735e-05
0.35 1.27240099486e-08 5.64607445059e-05
0.35 1.27238341611e-08 5.72491577389e-05
0.35 1.27240392468e-08 7.54129414444e-05
0.35 1.27238048634e-08 7.62002615664e-05
0.35 1.2724068545e-08 9.436529453e-05
0.35 1.27237755658e-08 9.51512092398e-05
0.35 1.27240978433e-08 0.000113317803797
0.4 array('d', [-5.900000004068662, -6.900000004068662, -7.900000004068662, -8.900000004068662, -5.799999997934185, -6.799999997934185, -7.799999997934185, -8.799999997934185, -5.700000003258169, -6.700000003258169, -7.700000003258169, -8.70000000325817, -5.0, -6.0, -7.0, -8.0, -9.0, -5.600000005447873, -6.600000005447872, -7.600000005447872, -8.600000005447873, -5.499999994529686, -6.499999994529686, -7.499999994529686, -8.499999994529686, -5.400000000603809, -6.400000000603809, -7.400000000603809, -8.400000000603809, -5.300000003143145, -6.300000003143145, -7.300000003143145, -8.300000003143145, -5.200000003083764, -6.200000003083764, -7.200000003083764, -8.200000003083764, -5.100000002582974, -6.100000002582974, -7.100000002582974, -8.100000002582973])
lowest error 0.4 5.21522440082e-06
0.4 5.21522440082e-06 5.2039204046e-05
0.4 5.21521239234e-06 0.000131134589721
0.4 5.21523640934e-06 0.000235198410698
0.4 5.21520038388e-06 0.000314322972084
0.4 5.21524841788e-06 0.000418343031245
0.4 5.21518837546e-06 0.000497525944042
0.4 5.21526042644e-06 0.000601473066842
0.4 5.21517636705e-06 0.000680743506758
0.4 5.21527243504e-06 0.00078458851865
0.4 5.21516435868e-06 0.00086397566139
0.4 5.21528444366e-06 0.000967689387834
0.4 5.21515235033e-06 0.00104722240911
lowest error 0.4 1.30043305482e-08
0.4 1.30043305482e-08 8.06704892531e-06
0.4 1.30043604918e-08 1.310198483e-05
0.4 1.30043006047e-08 2.92358878431e-05
0.4 1.30043904355e-08 3.42712134236e-05
0.4 1.30042706612e-08 5.0404531907e-05
0.4 1.30044203793e-08 5.54406368587e-05
0.4 1.30042407178e-08 7.1572981156e-05
0.4 1.30044503231e-08 7.66102551357e-05
0.4 1.30042107745e-08 9.27412355729e-05
0.4 1.3004480267e-08 9.77800682573e-05
0.4 1.30041808312e-08 0.00011390929516
0.4 1.30045102109e-08 0.000118950076206
0.45 array('d', [-5.900000004068662, -6.900000004068662, -7.900000004068662, -8.900000004068662, -5.799999997934185, -6.799999997934185, -7.799999997934185, -8.799999997934185, -5.700000003258169, -6.700000003258169, -7.700000003258169, -8.70000000325817, -6.0, -7.0, -8.0, -9.0, -5.600000005447873, -6.600000005447872, -7.600000005447872, -8.600000005447873, -5.499999994529686, -6.499999994529686, -7.499999994529686, -8.499999994529686, -5.400000000603809, -6.400000000603809, -7.400000000603809, -8.400000000603809, -5.300000003143145, -6.300000003143145, -7.300000003143145, -8.300000003143145, -5.200000003083764, -6.200000003083764, -7.200000003083764, -8.200000003083764, -5.100000002582974, -6.100000002582974, -7.100000002582974, -8.100000002582973])
lowest error 0.45 4.45431575696e-06
0.45 4.45431575696e-06 2.06326241008e-05
0.45 4.45430550053e-06 0.000138209302845
0.45 4.45432601341e-06 0.000179463581955
0.45 4.45429524412e-06 0.000297062199928
0.45 4.45433626989e-06 0.00033828357133
0.45 4.45428498774e-06 0.000455926067759
0.45 4.45434652639e-06 0.000497092592984
0.45 4.45427473138e-06 0.000614800907099
0.45 4.45435678291e-06 0.000655890647675
0.45 4.45426447505e-06 0.000773686718707
0.45 4.45436703946e-06 0.00081467773616
0.45 4.45425421873e-06 0.000932583503336
lowest error 0.45 1.31840548146e-08
0.45 1.31840548146e-08 8.22295758329e-06
0.45 1.31840851721e-08 1.27734218682e-05
0.45 1.31840244573e-08 2.92191453628e-05
0.45 1.31841155296e-08 3.37699929935e-05
0.45 1.31839941e-08 5.02151414721e-05
0.45 1.31841458872e-08 5.47667557944e-05
0.45 1.31839637427e-08 7.12109458942e-05
0.45 1.31841762448e-08 7.57637102722e-05
0.45 1.31839333856e-08 9.22065586684e-05
0.45 1.31842066026e-08 9.676085641e-05
0.45 1.31839030285e-08 0.000113201979778
0.45 1.31842369604e-08 0.000117758194248
0.5 array('d', [-5.900000004068662, -6.900000004068662, -7.900000004068662, -8.900000004068662, -5.799999997934185, -6.799999997934185, -7.799999997934185, -8.799999997934185, -5.700000003258169, -6.700000003258169, -7.700000003258169, -8.70000000325817, -6.0, -7.0, -8.0, -9.0, -5.600000005447873, -6.600000005447872, -7.600000005447872, -8.600000005447873, -5.499999994529686, -6.499999994529686, -7.499999994529686, -8.499999994529686, -5.400000000603809, -6.400000000603809, -7.400000000603809, -8.400000000603809, -5.300000003143145, -6.300000003143145, -7.300000003143145, -8.300000003143145, -5.200000003083764, -6.200000003083764, -8.200000003083764, -5.100000002582974, -6.100000002582974, -7.100000002582974, -8.100000002582973])
lowest error 0.5 3.8633939911e-06
0.5 3.8633939911e-06 3.63912276726e-05
0.5 3.86338509532e-06 0.000103637929131
0.5 3.86340288691e-06 0.000176411859572
0.5 3.86337619956e-06 0.00024367561136
0.5 3.86341178273e-06 0.000316423967086
0.5 3.86336730381e-06 0.000383721819407
0.5 3.86342067857e-06 0.000456427550733
0.5 3.86335840809e-06 0.00052377655404
0.5 3.86342957444e-06 0.000596422611031
0.5 3.86334951239e-06 0.000663839815655
0.5 3.86343847033e-06 0.000736409148377
0.5 3.86334061671e-06 0.00080391160477
lowest error 0.5 1.26601543342e-08
0.5 1.26601543342e-08 4.50650681261e-06
0.5 1.26601834853e-08 1.52496081056e-05
0.5 1.26601251831e-08 2.42624520523e-05
0.5 1.26602126365e-08 3.50058927392e-05
0.5 1.26600960321e-08 4.40182275967e-05
0.5 1.26602417877e-08 5.47623470717e-05
0.5 1.26600668812e-08 6.37738334484e-05
0.5 1.2660270939e-08 7.45189711058e-05
0.5 1.26600377304e-08 8.35292696078e-05
0.5 1.26603000904e-08 9.42757648414e-05
0.5 1.26600085796e-08 0.000103284536077
0.5 1.26603292419e-08 0.00011403272828
0.55 array('d', [-5.900000004068662, -6.900000004068662, -7.900000004068662, -5.799999997934185, -6.799999997934185, -7.799999997934185, -5.700000003258169, -6.700000003258169, -7.700000003258169, -6.0, -7.0, -8.0, -5.600000005447873, -6.600000005447872, -7.600000005447872, -5.499999994529686, -6.499999994529686, -7.499999994529686, -5.400000000603809, -6.400000000603809, -7.400000000603809, -8.400000000603809, -5.300000003143145, -6.300000003143145, -7.300000003143145, -8.300000003143145, -5.200000003083764, -6.200000003083764, -8.200000003083764, -6.100000002582974, -7.100000002582974, -8.100000002582973])
lowest error 0.55 3.33997333813e-06
0.55 3.33997333813e-06 8.09270465791e-05
0.55 3.33998102871e-06 0.000126068368918
0.55 3.33996564756e-06 0.000287941092087
0.55 3.33998871931e-06 0.000333045155892
0.55 3.33995795702e-06 0.000494973769651
0.55 3.33999640992e-06 0.000540003316027
0.55 3.33995026649e-06 0.000702025080765
0.55 3.34000410056e-06 0.000746942850994
0.55 3.33994257598e-06 0.000909095027105
0.55 3.34001179121e-06 0.00095386376247
0.55 3.33993488548e-06 0.00111618361035
0.55 3.34001948188e-06 0.00116076605195
lowest error 0.55 1.11000772185e-08
0.55 1.11000772185e-08 9.5820485182e-06
0.55 1.11001027774e-08 1.230599876e-05
0.55 1.11000516597e-08 3.14698874986e-05
0.55 1.11001283364e-08 3.41942543178e-05
0.55 1.11000261009e-08 5.33575181842e-05
0.55 1.11001538954e-08 5.60827181966e-05
0.55 1.11000005422e-08 7.52449405761e-05
0.55 1.11001794545e-08 7.79713903789e-05
0.55 1.10999749835e-08 9.71321546763e-05
0.55 1.11002050136e-08 9.98602708666e-05
0.55 1.10999494249e-08 0.000119019160467
0.55 1.11002305728e-08 0.000121749359661
0.6 array('d', [-5.900000004068662, -6.900000004068662, -7.900000004068662, -5.799999997934185, -6.799999997934185, -7.799999997934185, -5.700000003258169, -6.700000003258169, -7.700000003258169, -6.0, -7.0, -8.0, -5.600000005447873, -6.600000005447872, -7.600000005447872, -5.499999994529686, -6.499999994529686, -7.499999994529686, -8.499999994529686, -5.400000000603809, -6.400000000603809, -8.400000000603809, -5.300000003143145, -6.300000003143145, -7.300000003143145, -8.300000003143145, -5.200000003083764, -6.200000003083764, -7.200000003083764, -8.200000003083764, -6.100000002582974, -7.100000002582974, -8.100000002582973])
lowest error 0.6 2.84516200246e-06
0.6 2.84516200246e-06 7.49999127287e-05
0.6 2.84515545124e-06 9.04381891265e-05
0.6 2.84516855369e-06 0.000240426115302
0.6 2.84514890003e-06 0.000255888191416
0.6 2.84517510494e-06 0.0004058404193
0.6 2.84514234884e-06 0.000421350094847
0.6 2.84518165621e-06 0.00057124282558
0.6 2.84513579767e-06 0.000586823900277
0.6 2.84518820749e-06 0.000736633334998
0.6 2.84512924651e-06 0.000752309608561
0.6 2.84519475878e-06 0.000902011948408
0.6 2.84512269536e-06 0.000917807220555
lowest error 0.6 9.38583683301e-09
0.6 9.38583683301e-09 7.74419118654e-06
0.6 9.38581522134e-09 1.17382913465e-05
0.6 9.38585844472e-09 2.72268387147e-05
0.6 9.38579360973e-09 3.12206088164e-05
0.6 9.38588005648e-09 4.67096512748e-05
0.6 9.38577199817e-09 5.07027612935e-05
0.6 9.38590166829e-09 6.61926289021e-05
0.6 9.38575038665e-09 7.01847487101e-05
0.6 9.38592328016e-09 8.56757715288e-05
0.6 9.38572877519e-09 8.9666571137e-05
0.6 9.38594489207e-09 0.000105159079226
0.6 9.38570716377e-09 0.000109148228506
0.65 array('d', [-5.950000000116879, -5.950000000116879, -5.900000004068662, -6.900000004068662, -7.900000004068662, -5.849999999884013, -5.849999999884013, -5.799999997934185, -6.799999997934185, -7.799999997934185, -5.750000000009506, -5.750000000009506, -5.700000003258169, -6.700000003258169, -7.700000003258169, -6.0, -8.0, -5.649999999916261, -5.649999999916261, -5.600000005447873, -6.600000005447872, -7.600000005447872, -5.55000000004075, -5.55000000004075, -5.499999994529686, -6.499999994529686, -7.499999994529686, -8.499999994529686, -5.450000000041096, -5.450000000041096, -5.400000000603809, -6.400000000603809, -7.400000000603809, -8.400000000603809, -6.300000003143145, -7.300000003143145, -8.300000003143145, -6.200000003083764, -7.200000003083764, -8.200000003083764, -6.100000002582974, -7.100000002582974, -8.100000002582973])
lowest error 0.65 2.27046075759e-06
0.65 2.27046075759e-06 5.3701563941e-05
0.65 2.27045552966e-06 0.00017161741626
0.65 2.27046598552e-06 0.000278998472464
0.65 2.27045030175e-06 0.0003969584701
0.65 2.27047121347e-06 0.000504273311476
0.65 2.27044507385e-06 0.00062232160014
0.65 2.27047644143e-06 0.000729526083135
0.65 2.27043984597e-06 0.000847706808343
0.65 2.2704816694e-06 0.000954756789603
0.65 2.27043461809e-06 0.00107311409687
0.65 2.27048689738e-06 0.00117996543284
0.65 2.27042939023e-06 0.00129854346789
lowest error 0.65 7.2454606142e-09
0.65 7.2454606142e-09 8.48697311362e-06
0.65 7.24544393093e-09 1.25606413026e-05
0.65 7.24547729751e-09 2.95347801775e-05
0.65 7.2454272477e-09 3.36080631471e-05
0.65 7.24549398086e-09 5.05827798167e-05
0.65 7.2454105645e-09 5.46552923471e-05
0.65 7.24551066424e-09 7.16309720699e-05
0.65 7.24539388135e-09 7.57023289788e-05
0.65 7.24552734767e-09 9.26793569764e-05
0.65 7.24537719823e-09 9.674917297e-05
0.65 7.24554403113e-09 0.000113727934463
0.65 7.24536051515e-09 0.000117795824359
0.7 array('d', [-5.900000004068662, -6.900000004068662, -7.900000004068662, -5.799999997934185, -6.799999997934185, -7.799999997934185, -5.700000003258169, -6.700000003258169, -7.700000003258169, -6.0, -7.0, -5.600000005447873, -6.600000005447872, -7.600000005447872, -5.499999994529686, -6.499999994529686, -7.499999994529686, -8.499999994529686, -6.400000000603809, -7.400000000603809, -8.400000000603809, -6.300000003143145, -7.300000003143145, -8.300000003143145, -6.200000003083764, -7.200000003083764, -8.200000003083764, -6.100000002582974, -7.100000002582974, -8.100000002582973, -6.600000005447872])
lowest error 0.7 1.69814198639e-06
0.7 1.69814198639e-06 3.93534351435e-05
0.7 1.69813807628e-06 0.000127618338776
0.7 1.69814589651e-06 0.000206313088036
0.7 1.69813416618e-06 0.000294602234459
0.7 1.69814980664e-06 0.000373260621073
0.7 1.69813025608e-06 0.00046159825278
0.7 1.69815371678e-06 0.000540196034989
0.7 1.698126346e-06 0.000628606394625
0.7 1.69815762693e-06 0.000707119330665
0.7 1.69812243592e-06 0.000795626660868
0.7 1.69816153709e-06 0.000874030508978
0.7 1.69811852586e-06 0.000962659052245
lowest error 0.7 5.24056364835e-09
0.7 5.24056364835e-09 1.20592376436e-05
0.7 5.24057571521e-09 1.25822260446e-05
0.7 5.24055158152e-09 3.67004373754e-05
0.7 5.2405877821e-09 3.72239537345e-05
0.7 5.24053951472e-09 6.13413730677e-05
0.7 5.24059984901e-09 6.18659454736e-05
0.7 5.24052744795e-09 8.59820448094e-05
0.7 5.24061191595e-09 8.65082011763e-05
0.7 5.2405153812e-09 0.000110622452517
0.7 5.24062398292e-09 0.000111150720933
0.7 5.24050331448e-09 0.00013526259628
0.7 5.24063604992e-09 0.00013579350466
0.75 array('d', [-5.950000000116879, -5.950000000116879, -5.900000004068662, -6.900000004068662, -7.900000004068662, -5.849999999884013, -5.849999999884013, -5.799999997934185, -6.799999997934185, -7.799999997934185, -5.750000000009506, -5.750000000009506, -5.700000003258169, -6.700000003258169, -7.700000003258169, -6.0, -7.0, -8.0, -5.649999999916261, -5.649999999916261, -5.600000005447873, -6.600000005447872, -7.600000005447872, -6.499999994529686, -7.499999994529686, -8.499999994529686, -6.400000000603809, -7.400000000603809, -8.400000000603809, -6.300000003143145, -7.300000003143145, -8.300000003143145, -6.200000003083764, -7.200000003083764, -8.200000003083764, -6.100000002582974, -7.100000002582974, -8.100000002582973])
lowest error 0.75 1.33983710245e-06
0.75 1.33983710245e-06 1.32050626056e-05
0.75 1.33983401736e-06 0.000184449844399
0.75 1.33984018754e-06 0.000210842985118
0.75 1.33983093228e-06 0.000382121737353
0.75 1.33984327264e-06 0.000408463924599
0.75 1.33982784721e-06 0.000579810617543
0.75 1.33984635775e-06 0.000606067882508
0.75 1.33982476215e-06 0.000777516486778
0.75 1.33984944286e-06 0.000803654860128
0.75 1.33982167709e-06 0.000975239346344
0.75 1.33985252798e-06 0.00100122485927
0.75 1.33981859204e-06 0.0011729791977
lowest error 0.75 2.65912651172e-09
0.75 2.65912651172e-09 1.41919136398e-06
0.75 2.65913263459e-09 1.98309964898e-05
0.75 2.65912038886e-09 2.26691829219e-05
0.75 2.65913875748e-09 4.10813806786e-05
0.75 2.65911426602e-09 4.39189781107e-05
0.75 2.65914488038e-09 6.23319612418e-05
0.75 2.65910814319e-09 6.51685770077e-05
0.75 2.65915100329e-09 8.35827381085e-05
0.75 2.65910202037e-09 8.64179795412e-05
0.75 2.65915712622e-09 0.000104833711351
0.75 2.65909589757e-09 0.000107667185747
0.75 2.65916324917e-09 0.000126084880899
0.8 array('d', [-5.950000000116879, -5.900000004068662, -6.900000004068662, -7.900000004068662, -5.849999999884013, -5.799999997934185, -6.799999997934185, -7.799999997934185, -5.750000000009506, -5.700000003258169, -6.700000003258169, -7.700000003258169, -6.0, -7.0, -8.0, -5.649999999916261, -5.600000005447873, -6.600000005447872, -7.600000005447872, -5.55000000004075, -6.499999994529686, -7.499999994529686, -8.499999994529686, -6.400000000603809, -7.400000000603809, -8.400000000603809, -6.300000003143145, -7.300000003143145, -8.300000003143145, -6.200000003083764, -7.200000003083764, -8.200000003083764, -6.100000002582974, -7.100000002582974, -8.100000002582973, -5.950000000116879, -5.849999999884013, -5.750000000009506, -5.649999999916261, -5.55000000004075])
lowest error 0.8 1.35479005502e-06
0.8 1.35479005502e-06 5.62914797801e-05
0.8 1.35479317454e-06 0.000110037646044
0.8 1.35478693551e-06 0.000222632634753
0.8 1.35479629407e-06 0.000276354743885
0.8 1.354783816e-06 0.000388985819596
0.8 1.35479941361e-06 0.000442659814465
0.8 1.3547806965e-06 0.000555351035181
0.8 1.35480253316e-06 0.000608952858654
0.8 1.354777577e-06 0.000721728282376
0.8 1.35480565271e-06 0.000775233877321
0.8 1.35477445751e-06 0.000888117562052
0.8 1.35480877227e-06 0.000941502871337
lowest error 0.8 3.12786499672e-09
0.8 3.12786499672e-09 5.47082906088e-06
0.8 3.12785779455e-09 1.5940510143e-05
0.8 3.1278721989e-09 2.6882367588e-05
0.8 3.1278505924e-09 3.73516500582e-05
0.8 3.1278794011e-09 4.82941054822e-05
0.8 3.12784339027e-09 5.87625906192e-05
0.8 3.12788660332e-09 6.97060426682e-05
0.8 3.12783618815e-09 8.01733318951e-05
0.8 3.12789380555e-09 9.111817922e-05
0.8 3.12782898605e-09 0.000101583873813
0.8 3.1279010078e-09 0.00011253051507
0.8 3.12782178397e-09 0.000122994216455
0.81 array('d', [-5.950000000116879, -5.950000000116879, -5.900000004068662, -6.900000004068662, -7.900000004068662, -5.849999999884013, -5.849999999884013, -5.799999997934185, -7.799999997934185, -5.750000000009506, -5.750000000009506, -5.700000003258169, -6.700000003258169, -7.700000003258169, -6.0, -7.0, -8.0, -5.649999999916261, -5.649999999916261, -5.600000005447873, -6.600000005447872, -7.600000005447872, -6.499999994529686, -7.499999994529686, -8.499999994529686, -6.400000000603809, -7.400000000603809, -8.400000000603809, -6.300000003143145, -7.300000003143145, -8.300000003143145, -6.200000003083764, -7.200000003083764, -8.200000003083764, -6.100000002582974, -7.100000002582974, -8.100000002582973])
lowest error 0.81 1.38363009603e-06
0.81 1.38363009603e-06 4.27038278428e-05
0.81 1.38363328195e-06 0.000124407940294
0.81 1.3836269101e-06 0.000209827738525
0.81 1.38363646789e-06 0.000291507566768
0.81 1.38362372419e-06 0.000376963792634
0.81 1.38363965384e-06 0.000458595052314
0.81 1.38362053828e-06 0.000544111991053
0.81 1.38364283979e-06 0.000625670398108
0.81 1.38361735238e-06 0.000711272334665
0.81 1.38364602575e-06 0.000792733604887
0.81 1.38361416649e-06 0.000878444824203
0.81 1.38364921171e-06 0.000959784673531
lowest error 0.81 3.52030262923e-09
0.81 3.52030262923e-09 9.15152141623e-06
0.81 3.52029452345e-09 1.12835110011e-05
0.81 3.52031073504e-09 2.9586735359e-05
0.81 3.52028641768e-09 3.17183618219e-05
0.81 3.52031884086e-09 5.00221309023e-05
0.81 3.52027831193e-09 5.21530311204e-05
0.81 3.52032694671e-09 7.04577079746e-05
0.81 3.5202702062e-09 7.2587518825e-05
0.81 3.52033505257e-09 9.08934666133e-05
0.81 3.52026210049e-09 9.30218249744e-05
0.81 3.52034315845e-09 0.000111329406856
0.81 3.52025399479e-09 0.000113455949606
0.82 array('d', [-5.950000000116879, -5.950000000116879, -5.900000004068662, -6.900000004068662, -7.900000004068662, -5.849999999884013, -5.849999999884013, -5.799999997934185, -6.799999997934185, -7.799999997934185, -5.750000000009506, -5.750000000009506, -5.700000003258169, -6.700000003258169, -7.700000003258169, -6.0, -7.0, -8.0, -5.649999999916261, -5.649999999916261, -5.600000005447873, -6.600000005447872, -7.600000005447872, -5.55000000004075, -5.55000000004075, -6.499999994529686, -7.499999994529686, -8.499999994529686, -6.400000000603809, -7.400000000603809, -8.400000000603809, -6.300000003143145, -7.300000003143145, -8.300000003143145, -6.200000003083764, -7.200000003083764, -8.200000003083764, -6.100000002582974, -7.100000002582974, -8.100000002582973])
lowest error 0.82 1.43116596635e-06
0.82 1.43116596635e-06 4.97737439895e-05
0.82 1.43116267097e-06 9.95176688101e-05
0.82 1.43116926173e-06 0.000199055466806
0.82 1.4311593756e-06 0.000248818772222
0.82 1.43117255713e-06 0.000348327500267
0.82 1.43115608024e-06 0.000398129566742
0.82 1.43117585253e-06 0.000497589845004
0.82 1.43115278488e-06 0.000547450053265
0.82 1.43117914793e-06 0.000646842501643
0.82 1.43114948954e-06 0.000696780232288
0.82 1.43118244335e-06 0.000796085470682
0.82 1.4311461942e-06 0.00084612010444
lowest error 0.82 3.94051513579e-09
0.82 3.94051513579e-09 9.86421315208e-06
0.82 3.94052420917e-09 1.21829693116e-05
0.82 3.94050606243e-09 3.19111843172e-05
0.82 3.94053328257e-09 3.42303631142e-05
0.82 3.94049698909e-09 5.39579441083e-05
0.82 3.940542356e-09 5.6277968298e-05
0.82 3.94048791577e-09 7.60044926054e-05
0.82 3.94055142944e-09 7.83257847856e-05
0.82 3.94047884247e-09 9.80508297319e-05
0.82 3.94056050291e-09 0.000100373812657
0.82 3.94046976919e-09 0.00012009695553
0.82 3.94056957639e-09 0.000122422051838
0.83 array('d', [-5.950000000116879, -5.950000000116879, -5.900000004068662, -6.900000004068662, -7.900000004068662, -5.849999999884013, -5.849999999884013, -5.799999997934185, -6.799999997934185, -7.799999997934185, -5.750000000009506, -5.750000000009506, -5.700000003258169, -6.700000003258169, -7.700000003258169, -6.0, -7.0, -8.0, -5.649999999916261, -5.649999999916261, -5.600000005447873, -6.600000005447872, -7.600000005447872, -5.55000000004075, -5.55000000004075, -6.499999994529686, -7.499999994529686, -8.499999994529686, -6.400000000603809, -7.400000000603809, -8.400000000603809, -6.300000003143145, -7.300000003143145, -8.300000003143145, -6.200000003083764, -7.200000003083764, -8.200000003083764, -6.100000002582974, -7.100000002582974, -8.100000002582973])
lowest error 0.83 1.50511262965e-06
0.83 1.50511262965e-06 4.71796891595e-05
0.83 1.5051160953e-06 0.000119214951057
0.83 1.505109164e-06 0.000213586367903
0.83 1.50511956097e-06 0.000285597553618
0.83 1.50510569837e-06 0.000380005086044
0.83 1.50512302664e-06 0.000451968119246
0.83 1.50510223274e-06 0.000546435844453
0.83 1.50512649231e-06 0.000618326649108
0.83 1.50509876711e-06 0.000712878643855
0.83 1.505129958e-06 0.000784673143925
0.83 1.5050953015e-06 0.000879333485416
0.83 1.50513342369e-06 0.000951007604571
lowest error 0.83 4.26778959245e-09
0.83 4.26778959245e-09 2.29944412178e-06
0.83 4.26777976551e-09 1.93553512782e-05
0.83 4.26779941941e-09 2.39544434444e-05
0.83 4.2677699386e-09 4.10099428336e-05
0.83 4.26780924639e-09 4.56096466146e-05
0.83 4.2677601117e-09 6.26643304704e-05
0.83 4.2678190734e-09 6.72650536733e-05
0.83 4.26775028483e-09 8.43185142672e-05
0.83 4.26782890042e-09 8.89206646608e-05
0.83 4.26774045799e-09 0.000105972494148
0.83 4.26783872747e-09 0.000110576479501
0.83 4.26773063116e-09 0.000127626270155
0.84 array('d', [-5.900000004068662, -6.900000004068662, -7.900000004068662, -5.799999997934185, -6.799999997934185, -7.799999997934185, -5.700000003258169, -6.700000003258169, -7.700000003258169, -6.0, -7.0, -8.0, -5.600000005447873, -6.600000005447872, -7.600000005447872, -6.499999994529686, -7.499999994529686, -8.499999994529686, -6.400000000603809, -7.400000000603809, -6.300000003143145, -7.300000003143145, -6.200000003083764, -7.200000003083764, -8.200000003083764, -6.100000002582974, -7.100000002582974, -8.100000002582973])
lowest error 0.84 1.53817943263e-06
0.84 1.53817943263e-06 4.75790035814e-05
0.84 1.53817589084e-06 0.000106398339362
0.84 1.53818297442e-06 0.000201546038594
0.84 1.53817234906e-06 0.000260385990788
0.84 1.53818651622e-06 0.000355502766639
0.84 1.5381688073e-06 0.000414383951389
0.84 1.53819005803e-06 0.000509449188271
0.84 1.53816526554e-06 0.000568392221853
0.84 1.53819359985e-06 0.00066338530418
0.84 1.53816172378e-06 0.000722410802871
0.84 1.53819714167e-06 0.000817311115054
0.84 1.53815818204e-06 0.000876439694998
lowest error 0.84 4.56210209396e-09
0.84 4.56210209396e-09 8.00533632761e-06
0.84 4.5621125986e-09 1.34055403187e-05
0.84 4.56209158935e-09 2.94160136218e-05
0.84 4.56212310327e-09 3.48166162434e-05
0.84 4.56208108476e-09 5.08264916412e-05
0.84 4.56213360796e-09 5.6227891486e-05
0.84 4.56207058019e-09 7.22367703125e-05
0.84 4.56214411267e-09 7.76393660864e-05
0.84 4.56206007564e-09 9.36468497126e-05
0.84 4.56215461741e-09 9.9051039971e-05
0.84 4.56204957112e-09 0.000115056729768
0.84 4.56216512217e-09 0.000120462913217
0.85 array('d', [-5.900000004068662, -6.900000004068662, -7.900000004068662, -5.799999997934185, -6.799999997934185, -7.799999997934185, -5.700000003258169, -6.700000003258169, -7.700000003258169, -6.0, -7.0, -8.0, -5.600000005447873, -6.600000005447872, -7.600000005447872, -5.499999994529686, -7.499999994529686, -8.499999994529686, -6.400000000603809, -7.400000000603809, -8.400000000603809, -6.300000003143145, -7.300000003143145, -8.300000003143145, -6.200000003083764, -7.200000003083764, -8.200000003083764, -6.100000002582974, -7.100000002582974, -8.100000002582973])
lowest error 0.85 1.62896217509e-06
0.85 1.62896217509e-06 8.86372108027e-05
0.85 1.62895842427e-06 0.000111660751925
0.85 1.62896592592e-06 0.000288917731212
0.85 1.62895467346e-06 0.000311976158309
0.85 1.62896967676e-06 0.000489180810827
0.85 1.62895092266e-06 0.000512309010223
0.85 1.62897342761e-06 0.000689426451164
0.85 1.62894717187e-06 0.000712659309012
0.85 1.62897717846e-06 0.000889654653739
0.85 1.62894342108e-06 0.000913027056194
0.85 1.62898092932e-06 0.00108986542008
0.85 1.62893967031e-06 0.00111341225329
lowest error 0.85 4.89763031019e-09
0.85 4.89763031019e-09 8.09882732389e-06
0.85 4.89761903299e-09 1.32684664456e-05
0.85 4.89764158742e-09 2.94663196372e-05
0.85 4.89760775582e-09 3.46355617102e-05
0.85 4.89765286467e-09 5.08340104202e-05
0.85 4.89759647868e-09 5.6002458511e-05
0.85 4.89766414194e-09 7.2201899751e-05
0.85 4.89758520156e-09 7.73691567733e-05
0.85 4.89767541924e-09 9.35699875559e-05
0.85 4.89757392446e-09 9.87356565747e-05
0.85 4.89768669657e-09 0.000114938273874
0.85 4.8975626474e-09 0.000120101957842
0.86 array('d', [-5.950000000116879, -5.950000000116879, -5.900000004068662, -6.900000004068662, -7.900000004068662, -5.849999999884013, -5.849999999884013, -5.799999997934185, -6.799999997934185, -7.799999997934185, -5.750000000009506, -5.750000000009506, -5.700000003258169, -6.700000003258169, -7.700000003258169, -6.0, -7.0, -8.0, -5.649999999916261, -5.649999999916261, -5.600000005447873, -6.600000005447872, -7.600000005447872, -5.55000000004075, -5.55000000004075, -5.499999994529686, -6.499999994529686, -7.499999994529686, -8.499999994529686, -6.400000000603809, -7.400000000603809, -8.400000000603809, -6.300000003143145, -7.300000003143145, -8.300000003143145, -6.200000003083764, -7.200000003083764, -8.200000003083764, -6.100000002582974, -7.100000002582974, -8.100000002582973])
lowest error 0.86 1.59129244178e-06
0.86 1.59129244178e-06 1.72563004752e-05
0.86 1.59129610588e-06 0.000207367627724
0.86 1.5912887777e-06 0.000241902167804
0.86 1.59129976997e-06 0.000431969618734
0.86 1.59128511363e-06 0.000466569976806
0.86 1.59130343408e-06 0.000656549674702
0.86 1.59128144956e-06 0.000691259729422
0.86 1.5913070982e-06 0.000881107797766
0.86 1.59127778551e-06 0.000915971427798
0.86 1.59131076232e-06 0.00110564399007
0.86 1.59127412146e-06 0.00114070507408
0.86 1.59131442645e-06 0.00133015825355
lowest error 0.86 5.04803084599e-09
0.86 5.04803084599e-09 5.81199011229e-06
0.86 5.04804246952e-09 1.43965772352e-05
0.86 5.04801922248e-09 2.60203799378e-05
0.86 5.04805409308e-09 3.46053221789e-05
0.86 5.048007599e-09 4.62285921712e-05
0.86 5.04806571667e-09 5.48142446477e-05
0.86 5.04799597554e-09 6.64366268848e-05
0.86 5.04807734028e-09 7.50233446789e-05
0.86 5.04798435212e-09 8.66444840097e-05
0.86 5.04808896392e-09 9.52326223107e-05
0.86 5.04797272872e-09 0.000106852163583
0.86 5.04810058759e-09 0.000115442077472
0.87 array('d', [-5.950000000116879, -5.950000000116879, -5.900000004068662, -6.900000004068662, -7.900000004068662, -5.849999999884013, -5.849999999884013, -5.799999997934185, -6.799999997934185, -7.799999997934185, -5.750000000009506, -5.750000000009506, -5.700000003258169, -6.700000003258169, -7.700000003258169, -6.0, -7.0, -8.0, -5.649999999916261, -5.649999999916261, -5.600000005447873, -6.600000005447872, -7.600000005447872, -5.55000000004075, -5.55000000004075, -5.499999994529686, -6.499999994529686, -7.499999994529686, -8.499999994529686, -7.400000000603809, -8.400000000603809, -6.300000003143145, -7.300000003143145, -8.300000003143145, -6.200000003083764, -7.200000003083764, -8.200000003083764, -6.100000002582974, -7.100000002582974, -8.100000002582973])
lowest error 0.87 1.67624694752e-06
0.87 1.67624694752e-06 6.49767807617e-05
0.87 1.67625080722e-06 0.000113982967223
0.87 1.67624308782e-06 0.0002439504542
0.87 1.67625466694e-06 0.000292928791153
0.87 1.67623922813e-06 0.000422938054017
0.87 1.67625852666e-06 0.000471860691956
0.87 1.67623536845e-06 0.000601939581296
0.87 1.67626238639e-06 0.000650778670715
0.87 1.67623150878e-06 0.000780955037121
0.87 1.67626624613e-06 0.000829682728512
0.87 1.67622764912e-06 0.000959984422576
0.87 1.67627010588e-06 0.00100857286643
lowest error 0.87 5.44017662413e-09
0.87 5.44017662413e-09 2.47724996694e-06
0.87 5.44016409768e-09 1.8284013426e-05
0.87 5.44018915062e-09 2.32387007295e-05
0.87 5.44015157125e-09 3.90450893786e-05
0.87 5.44020167713e-09 4.40003388995e-05
0.87 5.44013904486e-09 5.98059779655e-05
0.87 5.44021420367e-09 6.47621645156e-05
0.87 5.44012651849e-09 8.05666791139e-05
0.87 5.44022673024e-09 8.55241775053e-05
0.87 5.44011399215e-09 0.000101327192901
0.87 5.44023925684e-09 0.000106286377945
0.87 5.44010146584e-09 0.000122087519253
0.88 array('d', [-5.950000000116879, -5.950000000116879, -5.900000004068662, -6.900000004068662, -7.900000004068662, -5.849999999884013, -5.849999999884013, -5.799999997934185, -6.799999997934185, -5.750000000009506, -5.750000000009506, -6.700000003258169, -7.700000003258169, -6.0, -7.0, -8.0, -5.649999999916261, -5.649999999916261, -5.600000005447873, -6.600000005447872, -7.600000005447872, -5.55000000004075, -5.55000000004075, -5.499999994529686, -6.499999994529686, -7.499999994529686, -8.499999994529686, -5.450000000041096, -5.450000000041096, -6.400000000603809, -7.400000000603809, -8.400000000603809, -6.300000003143145, -7.300000003143145, -8.300000003143145, -6.200000003083764, -7.200000003083764, -8.200000003083764, -6.100000002582974, -7.100000002582974, -8.100000002582973])
lowest error 0.88 1.68992332382e-06
0.88 1.68992332382e-06 6.06101989331e-05
0.88 1.68991943263e-06 0.000126918543649
0.88 1.68992721502e-06 0.000248123652347
0.88 1.68991554145e-06 0.000314462576481
0.88 1.68993110622e-06 0.000435621817839
0.88 1.68991165028e-06 0.000502021901143
0.88 1.68993499744e-06 0.000623104696654
0.88 1.68990775912e-06 0.000689596518713
0.88 1.68993888866e-06 0.000810572290039
0.88 1.68990386797e-06 0.00087718643044
0.88 1.68994277989e-06 0.000998024599074
0.88 1.68989997683e-06 0.00106479163757
lowest error 0.88 5.67343390845e-09
0.88 5.67343390845e-09 2.22004501493e-06
0.88 5.67344697203e-09 2.03161559749e-05
0.88 5.6734208449e-09 2.47560251498e-05
0.88 5.67346003563e-09 4.28525777427e-05
0.88 5.67340778138e-09 4.72917844707e-05
0.88 5.67347309927e-09 6.53892203708e-05
0.88 5.67339471789e-09 6.98273230206e-05
0.88 5.67348616294e-09 8.79260837805e-05
0.88 5.67338165443e-09 9.23626407214e-05
0.88 5.67349922664e-09 0.000110463168015
0.88 5.673368591e-09 0.000114897737655
0.88 5.67351229037e-09 0.000133000473115
0.89 array('d', [-5.950000000116879, -5.950000000116879, -5.900000004068662, -6.900000004068662, -7.900000004068662, -5.849999999884013, -5.849999999884013, -5.799999997934185, -6.799999997934185, -7.799999997934185, -5.750000000009506, -5.750000000009506, -5.700000003258169, -6.700000003258169, -7.700000003258169, -6.0, -7.0, -8.0, -5.649999999916261, -5.649999999916261, -5.600000005447873, -6.600000005447872, -7.600000005447872, -5.55000000004075, -5.55000000004075, -5.499999994529686, -6.499999994529686, -7.499999994529686, -8.499999994529686, -5.450000000041096, -5.450000000041096, -6.400000000603809, -7.400000000603809, -8.400000000603809, -6.300000003143145, -7.300000003143145, -8.300000003143145, -6.200000003083764, -7.200000003083764, -8.200000003083764, -6.100000002582974, -7.100000002582974, -8.100000002582973])
lowest error 0.89 1.77827941004e-06
0.89 1.77827941004e-06 2.03959320899e-06
0.89 1.7782753154e-06 0.000143642180954
0.89 1.77828350468e-06 0.000251128325468
0.89 1.77827122078e-06 0.00028525242577
0.89 1.77826712616e-06 0.000426871388938
0.89 1.77828759934e-06 0.000504268377216
0.89 1.77826303156e-06 0.000568499070868
0.89 1.77825893696e-06 0.00071013547235
0.89 1.778291694e-06 0.000757380565101
0.89 1.77825484237e-06 0.000851780593794
0.89 1.77825074779e-06 0.000993434435736
0.89 1.77829578867e-06 0.00101046489197
lowest error 0.89 5.9659278934e-09
0.89 5.9659278934e-09 6.68154430938e-06
0.89 5.96591415636e-09 1.33058026153e-05
0.89 5.96594163047e-09 2.66690649631e-05
0.89 5.96590041935e-09 3.32929758469e-05
0.89 5.96595536757e-09 4.6656759277e-05
0.89 5.96588668237e-09 5.32799754231e-05
0.89 5.96596910471e-09 6.66446273239e-05
0.89 5.96587294542e-09 7.32668012744e-05
0.89 5.96598284188e-09 8.66326690332e-05
0.89 5.96585920851e-09 9.32534534726e-05
0.89 5.96599657907e-09 0.000106620884478
0.89 5.96584547163e-09 0.000113239931949
0.9 array('d', [-5.950000000116879, -5.900000004068662, -6.900000004068662, -7.900000004068662, -5.849999999884013, -5.799999997934185, -6.799999997934185, -7.799999997934185, -5.750000000009506, -5.700000003258169, -6.700000003258169, -7.700000003258169, -6.0, -7.0, -8.0, -5.649999999916261, -5.600000005447873, -6.600000005447872, -7.600000005447872, -5.55000000004075, -5.499999994529686, -6.499999994529686, -7.499999994529686, -8.499999994529686, -5.450000000041096, -6.400000000603809, -7.400000000603809, -6.300000003143145, -7.300000003143145, -8.300000003143145, -6.200000003083764, -7.200000003083764, -8.200000003083764, -6.100000002582974, -7.100000002582974, -8.100000002582973, -5.950000000116879, -5.849999999884013, -5.750000000009506, -5.649999999916261, -5.55000000004075, -5.450000000041096])
lowest error 0.9 1.79045743138e-06
0.9 1.79045743138e-06 4.25127036574e-05
0.9 1.79046155407e-06 0.000166038280517
0.9 1.79045330871e-06 0.000251082599608
0.9 1.79046567676e-06 0.000374570355005
0.9 1.79044918604e-06 0.000459671408862
0.9 1.79046979947e-06 0.000583083521333
0.9 1.79044506338e-06 0.000668279133132
0.9 1.79047392218e-06 0.000791577781218
0.9 1.79044094074e-06 0.000876905774137
0.9 1.7904780449e-06 0.00100005313637
0.9 1.7904368181e-06 0.00108555133359
0.9 1.79048216764e-06 0.00120850958851
lowest error 0.9 6.07891400911e-09
0.9 6.07891400911e-09 5.52943921983e-06
0.9 6.07892800634e-09 1.59783701461e-05
0.9 6.07890001191e-09 2.70370474253e-05
0.9 6.07894200361e-09 3.74863805992e-05
0.9 6.07888601474e-09 4.85444545477e-05
0.9 6.0789560009e-09 5.89945922171e-05
0.9 6.0788720176e-09 7.00516605128e-05
0.9 6.07896999823e-09 8.05030049249e-05
0.9 6.0788580205e-09 9.15586653609e-05
0.9 6.07898399559e-09 0.000102011618763
0.9 6.07884402343e-09 0.000113065469131
0.9 6.07899799299e-09 0.000123520433772
0.95 array('d', [-5.950000000116879, -5.950000000116879, -6.900000004068662, -7.900000004068662, -5.849999999884013, -5.849999999884013, -5.799999997934185, -6.799999997934185, -7.799999997934185, -5.750000000009506, -5.750000000009506, -5.700000003258169, -6.700000003258169, -7.700000003258169, -6.0, -7.0, -8.0, -5.649999999916261, -5.649999999916261, -5.600000005447873, -6.600000005447872, -7.600000005447872, -5.55000000004075, -5.55000000004075, -6.499999994529686, -7.499999994529686, -8.499999994529686, -5.450000000041096, -5.450000000041096, -5.400000000603809, -6.400000000603809, -7.400000000603809, -8.400000000603809, -6.300000003143145, -7.300000003143145, -8.300000003143145, -6.200000003083764, -7.200000003083764, -8.200000003083764, -6.100000002582974, -7.100000002582974, -8.100000002582973])
lowest error 0.95 1.8074321371e-06
0.95 1.8074321371e-06 9.33041548601e-06
0.95 1.80743629888e-06 0.000191404323464
0.95 1.80742797534e-06 0.000210082675392
0.95 1.80744046066e-06 0.000392121543343
0.95 1.80742381359e-06 0.000410852457605
0.95 1.80744462245e-06 0.000592821245503
0.95 1.80741965185e-06 0.000611639763653
0.95 1.80744878425e-06 0.00079350343147
0.95 1.80741549012e-06 0.000812444595069
0.95 1.80745294606e-06 0.000994168102777
0.95 1.80741132839e-06 0.00101326695338
0.95 1.80745710787e-06 0.00119481526095
lowest error 0.95 6.89848937924e-09
0.95 6.89848937924e-09 9.10488598738e-06
0.95 6.8984734949e-09 1.2876590981e-05
0.95 6.89850526361e-09 3.10865730762e-05
0.95 6.89845761059e-09 3.48578579081e-05
0.95 6.89852114803e-09 5.30684702098e-05
0.95 6.89844172633e-09 5.68389147189e-05
0.95 6.89853703248e-09 7.50505774292e-05
0.95 6.89842584209e-09 7.88197614927e-05
0.95 6.89855291697e-09 9.70328947751e-05
0.95 6.8984099579e-09 0.000100800398154
0.95 6.89856880149e-09 0.000119015422172
0.95 6.89839407374e-09 0.000122780824743
1.0 array('d', [-5.900000004068662, -6.900000004068662, -7.900000004068662, -5.799999997934185, -6.799999997934185, -7.799999997934185, -5.700000003258169, -6.700000003258169, -7.700000003258169, -6.0, -7.0, -8.0, -5.600000005447873, -6.600000005447872, -7.600000005447872, -5.499999994529686, -6.499999994529686, -7.499999994529686, -8.499999994529686, -5.400000000603809, -7.400000000603809, -8.400000000603809, -6.300000003143145, -7.300000003143145, -8.300000003143145, -6.200000003083764, -7.200000003083764, -8.200000003083764, -6.100000002582974, -7.100000002582974, -8.100000002582973])
lowest error 1.0 1.60490378023e-06
1.0 1.60490378023e-06 5.4130548464e-05
1.0 1.60490747566e-06 0.000127514086479
1.0 1.6049000848e-06 0.000235789529759
1.0 1.6049111711e-06 0.000309144376209
1.0 1.60489638939e-06 0.000417462858374
1.0 1.60491486655e-06 0.000490760321853
1.0 1.60489269398e-06 0.000599150535763
1.0 1.60491856201e-06 0.000672361924549
1.0 1.60488899858e-06 0.000780852562904
1.0 1.60492225747e-06 0.000853949185263
1.0 1.6048853032e-06 0.000962568940924
1.0 1.60492595295e-06 0.00103552210546
lowest error 1.0 7.85163315066e-09
1.0 7.85163315066e-09 3.92971454088e-06
1.0 7.85161507163e-09 1.65507061962e-05
1.0 7.85165122973e-09 2.44103176845e-05
1.0 7.85159699264e-09 3.70309445654e-05
1.0 7.85166930885e-09 4.48911031636e-05
1.0 7.85157891369e-09 5.75110006045e-05
1.0 7.85168738801e-09 6.53720710515e-05
1.0 7.85156083478e-09 7.79908742423e-05
1.0 7.85170546721e-09 8.58532212784e-05
1.0 7.85154275591e-09 9.84705655527e-05
1.0 7.85172354645e-09 0.000106334553881
1.0 7.85152467709e-09 0.000118950074465
1.1 array('d', [-5.900000004068662, -6.900000004068662, -7.900000004068662, -5.799999997934185, -6.799999997934185, -7.799999997934185, -5.700000003258169, -6.700000003258169, -7.700000003258169, -6.0, -7.0, -8.0, -5.600000005447873, -6.600000005447872, -7.600000005447872, -5.499999994529686, -6.499999994529686, -7.499999994529686, -8.499999994529686, -5.400000000603809, -6.400000000603809, -7.400000000603809, -8.400000000603809, -6.300000003143145, -7.300000003143145, -8.300000003143145, -6.200000003083764, -7.200000003083764, -8.200000003083764, -6.100000002582974, -7.100000002582974, -8.100000002582973])
lowest error 1.1 1.59206575182e-06
1.1 1.59206575182e-06 7.45581337998e-05
1.1 1.59206208596e-06 0.000121960286601
1.1 1.59206941769e-06 0.000271059764009
1.1 1.59205842011e-06 0.000318495498454
1.1 1.59207308357e-06 0.000467544605462
1.1 1.59205475426e-06 0.000515047503543
1.1 1.59207674946e-06 0.000664012659588
1.1 1.59205108842e-06 0.000711616303129
1.1 1.59208041536e-06 0.000860463927827
1.1 1.59204742259e-06 0.000908201898648
1.1 1.59208408126e-06 0.00105689841144
1.1 1.59204375677e-06 0.00110480429153
lowest error 1.1 8.3570884752e-09
1.1 8.3570884752e-09 1.98167670451e-06
1.1 8.35706923232e-09 1.92697904851e-05
1.1 8.35710771813e-09 2.32333402157e-05
1.1 8.35704998948e-09 4.05210612775e-05
1.1 8.35712696111e-09 4.44852001271e-05
1.1 8.35703074668e-09 6.17721357137e-05
1.1 8.35714620412e-09 6.57372563646e-05
1.1 8.35701150393e-09 8.30230138327e-05
1.1 8.35716544719e-09 8.69895090054e-05
1.1 8.35699226122e-09 0.000104273695561
1.1 8.35718469029e-09 0.000108241957976
1.1 8.35697301856e-09 0.000125524180976
1.2 array('d', [-5.900000004068662, -6.900000004068662, -7.900000004068662, -5.799999997934185, -6.799999997934185, -7.799999997934185, -5.700000003258169, -6.700000003258169, -7.700000003258169, -6.0, -7.0, -8.0, -5.600000005447873, -6.600000005447872, -7.600000005447872, -5.499999994529686, -6.499999994529686, -7.499999994529686, -8.499999994529686, -6.400000000603809, -7.400000000603809, -8.400000000603809, -6.300000003143145, -7.300000003143145, -8.300000003143145, -6.200000003083764, -7.200000003083764, -8.200000003083764, -6.100000002582974, -7.100000002582974, -8.100000002582973])
lowest error 1.2 1.3961497407e-06
1.2 1.3961497407e-06 6.58131756466e-05
1.2 1.39614652595e-06 9.65512420277e-05
1.2 1.39615295545e-06 0.000228166131977
1.2 1.39614331121e-06 0.00025892712186
1.2 1.39615617022e-06 0.000390507627769
1.2 1.39614009647e-06 0.000421314464512
1.2 1.39615938499e-06 0.00055283766383
1.2 1.39613688174e-06 0.000583713271084
1.2 1.39616259977e-06 0.000715156240974
1.2 1.39613366702e-06 0.000746123542238
1.2 1.39616581456e-06 0.000877463359861
1.2 1.39613045231e-06 0.000908545278785
lowest error 1.2 8.151827856e-09
1.2 8.151827856e-09 7.92988851517e-06
1.2 8.15180908574e-09 1.36346487851e-05
1.2 8.1518466263e-09 2.94946279649e-05
1.2 8.15179031553e-09 3.51989838605e-05
1.2 8.15186539664e-09 5.10595696426e-05
1.2 8.15177154536e-09 5.67631167909e-05
1.2 8.15188416703e-09 7.26247134732e-05
1.2 8.15175277524e-09 7.83270475004e-05
1.2 8.15190293745e-09 9.41900594977e-05
1.2 8.15173400515e-09 9.98907760299e-05
1.2 8.15192170793e-09 0.000115755607756
1.2 8.15171523511e-09 0.000121454302419
1.3 array('d', [-5.900000004068662, -6.900000004068662, -7.900000004068662, -5.799999997934185, -6.799999997934185, -7.799999997934185, -5.700000003258169, -6.700000003258169, -7.700000003258169, -6.0, -7.0, -8.0, -5.600000005447873, -6.600000005447872, -7.600000005447872, -5.499999994529686, -6.499999994529686, -7.499999994529686, -8.499999994529686, -6.400000000603809, -7.400000000603809, -8.400000000603809, -6.300000003143145, -8.300000003143145, -6.200000003083764, -7.200000003083764, -8.200000003083764, -6.100000002582974, -7.100000002582974, -8.100000002582973])
lowest error 1.3 1.20511640929e-06
1.3 1.20511640929e-06 1.34273541867e-05
1.3 1.20511918418e-06 0.000113235123743
1.3 1.20511363441e-06 0.000140096807844
1.3 1.20512195907e-06 0.00023989062633
1.3 1.20511085954e-06 0.000266773237613
1.3 1.20512473397e-06 0.000366539153958
1.3 1.20510808467e-06 0.000393456643879
1.3 1.20512750888e-06 0.000493180706897
1.3 1.20510530981e-06 0.000520147026911
1.3 1.20513028379e-06 0.000619815285759
1.3 1.20510253496e-06 0.000646844387321
1.3 1.20513305871e-06 0.000746442890813
lowest error 1.3 8.84826253469e-09
1.3 8.84826253469e-09 2.88379743552e-06
1.3 8.84828290859e-09 2.09138836653e-05
1.3 8.84824216084e-09 2.66812323506e-05
1.3 8.84830328254e-09 4.47118109967e-05
1.3 8.84822178703e-09 5.04784209978e-05
1.3 8.84832365654e-09 6.85099846032e-05
1.3 8.84820141327e-09 7.42753634642e-05
1.3 8.84834403058e-09 9.23084044033e-05
1.3 8.84818103956e-09 9.80720596684e-05
1.3 8.84836440467e-09 0.000116107070484
1.3 8.84816066589e-09 0.000121868509654
1.3 8.8483847788e-09 0.000139905982763
1.4 array('d', [-5.950000000116879, -5.900000004068662, -6.900000004068662, -7.900000004068662, -5.849999999884013, -5.799999997934185, -6.799999997934185, -7.799999997934185, -5.750000000009506, -5.700000003258169, -6.700000003258169, -7.700000003258169, -6.0, -7.0, -8.0, -5.649999999916261, -5.600000005447873, -6.600000005447872, -7.600000005447872, -5.55000000004075, -6.499999994529686, -7.499999994529686, -8.499999994529686, -6.400000000603809, -7.400000000603809, -8.400000000603809, -6.300000003143145, -7.300000003143145, -8.300000003143145, -6.200000003083764, -7.200000003083764, -8.200000003083764, -6.100000002582974, -7.100000002582974, -8.100000002582973])
lowest error 1.4 1.00330274393e-06
1.4 1.00330274393e-06 5.2531666225e-05
1.4 1.00330505413e-06 9.82782194909e-05
1.4 1.00330043375e-06 0.000203351441028
1.4 1.00330736432e-06 0.000249078217035
1.4 1.00329812356e-06 0.000354181105434
1.4 1.00330967453e-06 0.000399868326921
1.4 1.00329581339e-06 0.000505020660089
1.4 1.00331198473e-06 0.000550648549799
1.4 1.00329350322e-06 0.000655870105644
1.4 1.00331429495e-06 0.000701418886318
1.4 1.00329119305e-06 0.000806729442746
1.4 1.00331660517e-06 0.000852179337124
lowest error 1.4 1.106519317e-08
1.4 1.106519317e-08 4.57129126907e-06
1.4 1.10651676914e-08 1.56116946255e-05
1.4 1.10652186485e-08 2.47544542749e-05
1.4 1.1065142213e-08 3.57945034102e-05
1.4 1.10652441272e-08 4.49377943936e-05
1.4 1.10651167346e-08 5.59771350872e-05
1.4 1.10652696059e-08 6.51213116081e-05
1.4 1.10650912562e-08 7.61595896397e-05
1.4 1.10652950846e-08 8.53050059568e-05
1.4 1.1065065778e-08 9.63418671049e-05
1.4 1.10653205634e-08 0.000105488877423
1.4 1.10650402997e-08 0.000116523967467
1.5 array('d', [-5.900000004068662, -6.900000004068662, -7.900000004068662, -5.799999997934185, -6.799999997934185, -7.799999997934185, -5.700000003258169, -6.700000003258169, -7.700000003258169, -6.0, -8.0, -6.600000005447872, -7.600000005447872, -6.499999994529686, -7.499999994529686, -8.499999994529686, -6.400000000603809, -7.400000000603809, -8.400000000603809, -6.300000003143145, -7.300000003143145, -8.300000003143145, -6.200000003083764, -7.200000003083764, -8.200000003083764, -6.100000002582974, -7.100000002582974, -8.100000002582973])
lowest error 1.5 8.07688687149e-07
1.5 8.07688687149e-07 5.36246058269e-06
1.5 8.07686827379e-07 0.000120822947744
1.5 8.07690546923e-07 0.000131540946223
1.5 8.07684967614e-07 0.000247015279025
1.5 8.07692406701e-07 0.00025771250978
1.5 8.07683107852e-07 0.00037321453364
1.5 8.07694266484e-07 0.000383877151524
1.5 8.07681248095e-07 0.000499420711968
1.5 8.07696126271e-07 0.000510034871832
1.5 8.07679388343e-07 0.000625633814391
1.5 8.07697986062e-07 0.000636185671085
1.5 8.07677528594e-07 0.000751853841173
lowest error 1.5 1.40326922231e-08
1.5 1.40326922231e-08 9.67808123198e-06
1.5 1.40326599117e-08 1.25821580066e-05
1.5 1.40327245346e-08 3.19385358951e-05
1.5 1.40326276003e-08 3.48421818042e-05
1.5 1.40327568462e-08 5.41992060241e-05
1.5 1.4032595289e-08 5.71019901612e-05
1.5 1.40327891578e-08 7.64600916008e-05
1.5 1.40325629778e-08 7.93615830812e-05
1.5 1.40328214696e-08 9.87211926278e-05
1.5 1.40325306667e-08 0.000101620960565
1.5 1.40328537814e-08 0.000120982509107
1.5 1.40324983556e-08 0.000123880122616
1.6 array('d', [-5.900000004068662, -6.900000004068662, -7.900000004068662, -5.799999997934185, -6.799999997934185, -7.799999997934185, -5.700000003258169, -6.700000003258169, -7.700000003258169, -6.0, -7.0, -8.0, -6.600000005447872, -7.600000005447872, -6.499999994529686, -7.499999994529686, -8.499999994529686, -7.400000000603809, -8.400000000603809, -6.300000003143145, -7.300000003143145, -6.200000003083764, -7.200000003083764, -8.200000003083764, -6.100000002582974, -7.100000002582974, -8.100000002582973])
lowest error 1.6 6.96360294049e-07
1.6 6.96360294049e-07 3.64120571881e-05
1.6 6.9636189748e-07 5.78917123439e-05
1.6 6.96358690622e-07 0.000130719693429
1.6 6.96363500914e-07 0.000152191615329
1.6 6.96357087199e-07 0.000225031196532
1.6 6.96365104352e-07 0.000246487651925
1.6 6.96355483779e-07 0.000319346566576
1.6 6.96366707794e-07 0.000340779822289
1.6 6.96353880364e-07 0.000413665803888
1.6 6.9636831124e-07 0.000435068126498
1.6 6.96352276951e-07 0.000507988908537
1.6 6.96369914689e-07 0.000529352564877
lowest error 1.6 1.7489766041e-08
1.6 1.7489766041e-08 4.48571124112e-06
1.6 1.74898063127e-08 1.6389324907e-05
1.6 1.74897257694e-08 2.53605579443e-05
1.6 1.74898465845e-08 3.72645505373e-05
1.6 1.74896854978e-08 4.62352151871e-05
1.6 1.74898868564e-08 5.81399656343e-05
1.6 1.74896452264e-08 6.71096829707e-05
1.6 1.74899271284e-08 7.90155701984e-05
1.6 1.7489604955e-08 8.79839612971e-05
1.6 1.74899674005e-08 9.98913642323e-05
1.6 1.74895646838e-08 0.000108858050167
1.6 1.74900076727e-08 0.000120767347738
1.7 array('d', [-6.900000004068662, -7.900000004068662, -5.799999997934185, -6.799999997934185, -7.799999997934185, -6.700000003258169, -7.700000003258169, -6.0, -7.0, -8.0, -6.600000005447872, -7.600000005447872, -6.499999994529686, -7.499999994529686, -8.499999994529686, -6.400000000603809, -7.400000000603809, -8.400000000603809, -6.300000003143145, -7.300000003143145, -8.300000003143145, -6.200000003083764, -7.200000003083764, -8.200000003083764, -7.100000002582974, -8.100000002582973])
lowest error 1.7 5.92129911413e-07
1.7 5.92129911413e-07 1.55472501633e-05
1.7 5.92128547985e-07 5.93545305363e-05
1.7 5.92131274844e-07 9.04465916753e-05
1.7 5.9212718456e-07 0.000134258750503
1.7 5.92132638278e-07 0.000165343494079
1.7 5.92125821138e-07 0.00020916540975
1.7 5.92134001715e-07 0.000240237957454
1.7 5.9212445772e-07 0.00028407450849
1.7 5.92135365156e-07 0.000315129981812
1.7 5.92123094304e-07 0.000358986046735
1.7 5.92136728599e-07 0.000390019567367
1.7 5.92121730892e-07 0.000433900024566
lowest error 1.7 2.11706893723e-08
1.7 2.11706893723e-08 5.03325242684e-06
1.7 2.11707381197e-08 1.43854836243e-05
1.7 2.11706406251e-08 2.44518245283e-05
1.7 2.11707868672e-08 3.3804383627e-05
1.7 2.11705918779e-08 4.38702326804e-05
1.7 2.11708356148e-08 5.32234475816e-05
1.7 2.11705431309e-08 6.32884768685e-05
1.7 2.11708843625e-08 7.2642675474e-05
1.7 2.1170494384e-08 8.27065571283e-05
1.7 2.11709331103e-08 9.20620673392e-05
1.7 2.11704456372e-08 0.000102124473443
1.7 2.11709818582e-08 0.000111481623161
1.8 array('d', [-5.900000004068662, -6.900000004068662, -7.900000004068662, -5.799999997934185, -6.799999997934185, -7.799999997934185, -6.700000003258169, -7.700000003258169, -6.0, -7.0, -8.0, -6.600000005447872, -7.600000005447872, -6.499999994529686, -7.499999994529686, -8.499999994529686, -6.400000000603809, -7.400000000603809, -8.400000000603809, -6.300000003143145, -7.300000003143145, -8.300000003143145, -6.200000003083764, -7.200000003083764, -8.200000003083764, -6.100000002582974, -7.100000002582974, -8.100000002582973])
lowest error 1.8 5.48362818539e-07
1.8 5.48362818539e-07 2.3973976174e-05
1.8 5.48364081192e-07 3.69505756619e-05
1.8 5.48361555888e-07 8.4900141808e-05
1.8 5.48365343849e-07 9.78735136874e-05
1.8 5.48360293241e-07 0.000145827921392
1.8 5.48366606508e-07 0.000158794837947
1.8 5.48359030596e-07 0.000206757314914
1.8 5.4836786917e-07 0.000219714548482
1.8 5.48357767954e-07 0.000267688322416
1.8 5.48369131835e-07 0.000280632645336
1.8 5.48356505315e-07 0.000328620943941
1.8 5.48370394504e-07 0.000341549128497
lowest error 1.8 2.51295666841e-08
1.8 2.51295666841e-08 6.06849454199e-06
1.8 2.51295088212e-08 1.48665869575e-05
1.8 2.51296245471e-08 2.70037666161e-05
1.8 2.51294509584e-08 3.58014779205e-05
1.8 2.51296824103e-08 4.79392292489e-05
1.8 2.51293930958e-08 5.67361783292e-05
1.8 2.51297402736e-08 6.88748824422e-05
1.8 2.51293352333e-08 7.76706881878e-05
1.8 2.5129798137e-08 8.98107261973e-05
1.8 2.51292773709e-08 9.86050074956e-05
1.8 2.51298560006e-08 0.000110746760516
1.8 2.51292195087e-08 0.000119539136256
1.9 array('d', [-5.900000004068662, -6.900000004068662, -7.900000004068662, -5.799999997934185, -6.799999997934185, -7.799999997934185, -6.700000003258169, -7.700000003258169, -6.0, -8.0, -6.600000005447872, -7.600000005447872, -6.499999994529686, -7.499999994529686, -8.499999994529686, -6.400000000603809, -8.400000000603809, -6.300000003143145, -7.300000003143145, -8.300000003143145, -6.200000003083764, -7.200000003083764, -8.200000003083764, -6.100000002582974, -7.100000002582974, -8.100000002582973])
lowest error 1.9 5.24859424617e-07
1.9 5.24859424617e-07 3.62626062747e-05
1.9 5.24858216085e-07 4.58083470889e-05
1.9 5.24860633152e-07 0.000118330631084
1.9 5.24857007556e-07 0.000127882229037
1.9 5.2486184169e-07 0.000200395727588
1.9 5.24855799029e-07 0.000209959039676
1.9 5.2486305023e-07 0.000282457895821
1.9 5.24854590505e-07 0.000292038779111
1.9 5.24864258773e-07 0.000364517135885
1.9 5.24853381984e-07 0.000374121447444
1.9 5.24865467319e-07 0.000446573447886
1.9 5.24852173466e-07 0.000456207044782
lowest error 1.9 2.94411655944e-08
1.9 2.94411655944e-08 4.0130599186e-06
1.9 2.94412333853e-08 1.61631362592e-05
1.9 2.94410978037e-08 2.4189079106e-05
1.9 2.94413011763e-08 3.63395094096e-05
1.9 2.94410300132e-08 4.4364921306e-05
1.9 2.94413689675e-08 5.65160595709e-05
1.9 2.94409622228e-08 6.45405865192e-05
1.9 2.94414367588e-08 7.66927867262e-05
1.9 2.94408944325e-08 8.47160747472e-05
1.9 2.94415045503e-08 9.68696908776e-05
1.9 2.94408266424e-08 0.000104891385974
1.9 2.9441572342e-08 0.000117046772026
2.0 array('d', [-5.900000004068662, -6.900000004068662, -7.900000004068662, -5.799999997934185, -6.799999997934185, -7.799999997934185, -6.700000003258169, -7.700000003258169, -6.0, -7.0, -8.0, -6.600000005447872, -7.600000005447872, -6.499999994529686, -7.499999994529686, -6.400000000603809, -8.400000000603809, -6.300000003143145, -7.300000003143145, -8.300000003143145, -6.200000003083764, -7.200000003083764, -8.200000003083764, -6.100000002582974, -7.100000002582974, -8.100000002582973])
lowest error 2.0 4.49291290617e-07
2.0 4.49291290617e-07 2.6089781735e-06
2.0 4.49292325149e-07 5.69434430471e-05
2.0 4.49290256086e-07 6.21629413851e-05
2.0 4.49293359684e-07 0.000116494322264
2.0 4.49289221558e-07 0.000121718446628
2.0 4.49294394222e-07 0.000176043659624
2.0 4.49288187033e-07 0.00018127549394
2.0 4.49295428761e-07 0.000235591455112
2.0 4.4928715251e-07 0.000240834083363
2.0 4.49296463303e-07 0.000295137708768
2.0 4.49286117989e-07 0.000300394214884
2.0 4.49297497848e-07 0.000354682420634
lowest error 2.0 3.28850116462e-08
2.0 3.28850116462e-08 5.80588732246e-06
2.0 3.28850873668e-08 1.29066537591e-05
2.0 3.28849359257e-08 2.451827616e-05
2.0 3.28851630876e-08 3.16193470824e-05
2.0 3.28848602054e-08 4.3230512758e-05
2.0 3.28852388086e-08 5.03321926351e-05
2.0 3.28847844853e-08 6.1942597116e-05
2.0 3.28853145297e-08 6.90451904504e-05
2.0 3.28847087654e-08 8.0654529218e-05
2.0 3.2885390251e-08 8.77583405119e-05
2.0 3.28846330457e-08 9.93663090996e-05
2.0 3.28854659725e-08 0.000106471642823
2.1 array('d', [-5.900000004068662, -6.900000004068662, -7.900000004068662, -5.799999997934185, -6.799999997934185, -7.799999997934185, -6.700000003258169, -7.700000003258169, -6.0, -7.0, -8.0, -6.600000005447872, -7.600000005447872, -6.499999994529686, -7.499999994529686, -8.499999994529686, -6.400000000603809, -7.400000000603809, -6.300000003143145, -7.300000003143145, -8.300000003143145, -6.200000003083764, -7.200000003083764, -8.200000003083764, -6.100000002582974, -7.100000002582974])
lowest error 2.1 3.99806637591e-07
2.1 3.99806637591e-07 1.57339497795e-05
2.1 3.99805717003e-07 5.09564366569e-05
2.1 3.99807558181e-07 8.24224025164e-05
2.1 3.99804796417e-07 0.00011764875679
2.1 3.99808478773e-07 0.00014910892161
2.1 3.99803875834e-07 0.000184343010795
2.1 3.99809399367e-07 0.000215793507115
2.1 3.99802955253e-07 0.000251039198667
2.1 3.99810319963e-07 0.000282476159091
2.1 3.99802034673e-07 0.000317737320462
2.1 3.99811240561e-07 0.000349156877531
2.1 3.99801114096e-07 0.000384437376239
lowest error 2.1 3.65750560214e-08
2.1 3.65750560214e-08 1.26263283562e-06
2.1 3.65751402387e-08 1.76384132842e-05
2.1 3.65749718044e-08 2.01635236312e-05
2.1 3.65752244562e-08 3.65396147299e-05
2.1 3.65748875875e-08 3.90642590866e-05
2.1 3.65753086739e-08 5.54409715035e-05
2.1 3.65748033708e-08 5.7964839236e-05
2.1 3.65753928917e-08 7.43424836052e-05
2.1 3.65747191543e-08 7.68652640648e-05
2.1 3.65754771098e-08 9.32441510195e-05
2.1 3.6574634938e-08 9.57655335743e-05
2.1 3.6575561328e-08 0.000112145973782
2.2 array('d', [-5.900000004068662, -6.900000004068662, -7.900000004068662, -5.799999997934185, -6.799999997934185, -7.799999997934185, -6.700000003258169, -7.700000003258169, -6.0, -7.0, -8.0, -6.600000005447872, -7.600000005447872, -6.499999994529686, -7.499999994529686, -8.499999994529686, -6.400000000603809, -7.400000000603809, -8.400000000603809, -6.300000003143145, -7.300000003143145, -8.300000003143145, -6.200000003083764, -7.200000003083764, -8.200000003083764, -6.100000002582974, -7.100000002582974, -8.100000002582973])
lowest error 2.2 3.55562540025e-07
2.2 3.55562540025e-07 1.40985777022e-05
2.2 3.55563358739e-07 2.9315876465e-05
2.2 3.55561721313e-07 5.75138513654e-05
2.2 3.55564177455e-07 7.27295111531e-05
2.2 3.55560902603e-07 0.000100929944538
2.2 3.55564996173e-07 0.000116142326377
2.2 3.55560083895e-07 0.0001443468572
2.2 3.55565814892e-07 0.000159554322113
2.2 3.55559265188e-07 0.000187764589441
2.2 3.55566633614e-07 0.000202965498455
2.2 3.55558446484e-07 0.000231183141239
2.2 3.55567452337e-07 0.000246375855379
lowest error 2.2 3.97432153525e-08
2.2 3.97432153525e-08 7.10002310633e-06
2.2 3.97433068648e-08 1.18270206682e-05
2.2 3.97431238405e-08 2.60269111112e-05
2.2 3.97433983772e-08 3.07542201967e-05
2.2 3.97430323287e-08 4.4953643382e-05
2.2 3.97434898899e-08 4.96815754807e-05
2.2 3.97429408171e-08 6.38802199027e-05
2.2 3.97435814027e-08 6.86090865214e-05
2.2 3.97428493057e-08 8.28066406742e-05
2.2 3.97436729158e-08 8.75367533193e-05
2.2 3.97427577945e-08 0.000101732905698
2.2 3.97437644291e-08 0.00010646457586
2.3 array('d', [-5.900000004068662, -6.900000004068662, -7.900000004068662, -5.799999997934185, -6.799999997934185, -7.799999997934185, -6.700000003258169, -7.700000003258169, -6.0, -7.0, -8.0, -6.600000005447872, -7.600000005447872, -6.499999994529686, -7.499999994529686, -8.499999994529686, -6.400000000603809, -7.400000000603809, -8.400000000603809, -6.300000003143145, -7.300000003143145, -8.300000003143145, -6.200000003083764, -7.200000003083764, -8.200000003083764, -6.100000002582974, -7.100000002582974, -8.100000002582973])
lowest error 2.3 3.2398059599e-07
2.3 3.2398059599e-07 2.73676008078e-06
2.3 3.23981341983e-07 4.57702127847e-05
2.3 3.23979849998e-07 5.12447560226e-05
2.3 3.23982087979e-07 9.42761626845e-05
2.3 3.23979104007e-07 9.97537750171e-05
2.3 3.23982833976e-07 0.000142781089595
2.3 3.23978358019e-07 0.000148263817087
2.3 3.23983579975e-07 0.000191284993539
2.3 3.23977612032e-07 0.000196774882253
2.3 3.23984325976e-07 0.000239787874536
2.3 3.23976866047e-07 0.000245286970538
2.3 3.23985071978e-07 0.00028828973261
lowest error 2.3 4.41068456665e-08
2.3 4.41068456665e-08 8.10821520592e-06
2.3 4.41067441069e-08 9.38177464382e-06
2.3 4.41069472264e-08 2.55983380555e-05
2.3 4.41066425475e-08 2.68716314786e-05
2.3 4.41070487865e-08 4.30885939071e-05
2.3 4.41065409883e-08 4.436135533e-05
2.3 4.41071503469e-08 6.05789827608e-05
2.3 4.41064394293e-08 6.18509461843e-05
2.3 4.41072519075e-08 7.80695046183e-05
2.3 4.41063378706e-08 7.93404040422e-05
2.3 4.41073534683e-08 9.55601594641e-05
2.3 4.41062363121e-08 9.68297289048e-05
2.4 array('d', [-5.900000004068662, -6.900000004068662, -7.900000004068662, -6.799999997934185, -7.799999997934185, -6.700000003258169, -7.700000003258169, -6.0, -7.0, -8.0, -6.600000005447872, -7.600000005447872, -6.499999994529686, -7.499999994529686, -8.499999994529686, -6.400000000603809, -7.400000000603809, -8.400000000603809, -6.300000003143145, -7.300000003143145, -8.300000003143145, -6.200000003083764, -7.200000003083764, -8.200000003083764, -6.100000002582974, -7.100000002582974, -8.100000002582973])
lowest error 2.4 2.76460443256e-07
2.4 2.76460443256e-07 1.08506119907e-05
2.4 2.76459806683e-07 2.03746999845e-05
2.4 2.7646107983e-07 4.20755000201e-05
2.4 2.76459170111e-07 5.16004358833e-05
2.4 2.76461716406e-07 7.32999641655e-05
2.4 2.76458533541e-07 8.28265957127e-05
2.4 2.76462352984e-07 0.000104524004404
2.4 2.76457896973e-07 0.000114053179476
2.4 2.76462989562e-07 0.000135747620742
2.4 2.76457260406e-07 0.000145280187181
2.4 2.76463626143e-07 0.000166970813185
2.4 2.7645662384e-07 0.000176507618805
lowest error 2.4 4.74195032336e-08
2.4 4.74195032336e-08 3.44103957195e-06
2.4 4.74193940463e-08 1.26114886094e-05
2.4 4.74196124212e-08 1.94936797762e-05
2.4 4.74192848592e-08 2.86639047546e-05
2.4 4.7419721609e-08 3.55464320325e-05
2.4 4.74191756724e-08 4.47162088646e-05
2.4 4.74198307971e-08 5.15992963273e-05
2.4 4.74190664859e-08 6.07684009397e-05
2.4 4.74199399854e-08 6.76522726613e-05
2.4 4.74189572995e-08 7.68204809809e-05
2.4 4.7420049174e-08 8.37053610359e-05
2.4 4.74188481135e-08 9.28724489753e-05
2.5 array('d', [-5.900000004068662, -6.900000004068662, -7.900000004068662, -6.799999997934185, -7.799999997934185, -6.700000003258169, -7.700000003258169, -6.0, -7.0, -8.0, -6.600000005447872, -7.600000005447872, -6.499999994529686, -7.499999994529686, -8.499999994529686, -6.400000000603809, -7.400000000603809, -8.400000000603809, -6.300000003143145, -7.300000003143145, -8.300000003143145, -6.200000003083764, -7.200000003083764, -8.200000003083764, -6.100000002582974, -7.100000002582974, -8.100000002582973])
lowest error 2.5 2.43526933419e-07
2.5 2.43526933419e-07 9.10443021063e-06
2.5 2.43526372678e-07 1.36282243837e-05
2.5 2.43527494161e-07 3.1836860122e-05
2.5 2.43525811939e-07 3.63611036631e-05
2.5 2.43528054905e-07 5.45690653326e-05
2.5 2.435252512e-07 5.909420763e-05
2.5 2.43528615649e-07 7.73010458852e-05
2.5 2.43524690463e-07 8.18275362859e-05
2.5 2.43529176395e-07 0.000100032801762
2.5 2.43524129728e-07 0.000104561089614
2.5 2.43529737143e-07 0.000122764332964
2.5 2.43523568993e-07 0.000127294867656
lowest error 2.5 5.06083292461e-08
2.5 5.06083292461e-08 3.83711779239e-07
2.5 5.06082127162e-08 1.26952358177e-05
2.5 5.06084457762e-08 1.3462733762e-05
2.5 5.06080961866e-08 2.57741090537e-05
2.5 5.06085623066e-08 2.65418301191e-05
2.5 5.06079796573e-08 3.88529079163e-05
2.5 5.06086788372e-08 3.96210008513e-05
2.5 5.06078631283e-08 5.19316324059e-05
2.5 5.06087953681e-08 5.27002459578e-05
2.5 5.06077465995e-08 6.50102825235e-05
2.5 5.06089118993e-08 6.577956544e-05
2.5 5.0607630071e-08 7.80888582699e-05
2.6 array('d', [-5.900000004068662, -6.900000004068662, -7.900000004068662, -6.799999997934185, -7.799999997934185, -6.700000003258169, -7.700000003258169, -6.0, -7.0, -8.0, -6.600000005447872, -7.600000005447872, -6.499999994529686, -7.499999994529686, -8.499999994529686, -6.400000000603809, -7.400000000603809, -6.300000003143145, -7.300000003143145, -8.300000003143145, -6.200000003083764, -7.200000003083764, -8.200000003083764, -6.100000002582974, -7.100000002582974, -8.100000002582973])
lowest error 2.6 2.14401589133e-07
2.6 2.14401589133e-07 8.64044800108e-06
2.6 2.14402082812e-07 1.32370772397e-05
2.6 2.14401095456e-07 3.05181813411e-05
2.6 2.14402576491e-07 3.51143943633e-05
2.6 2.1440060178e-07 5.23961227832e-05
2.6 2.14403070172e-07 5.69915034112e-05
2.6 2.14400108104e-07 7.42742723285e-05
2.6 2.14403563854e-07 7.88684043651e-05
2.6 2.14399614431e-07 9.6152629979e-05
2.6 2.14404057537e-07 0.000100745097228
2.6 2.14399120758e-07 0.000118031195738
2.6 2.14404551221e-07 0.000122621582001
lowest error 2.6 5.56624092395e-08
2.6 5.56624092395e-08 2.27953310139e-06
2.6 5.56625374071e-08 1.11324838032e-05
2.6 5.56622810722e-08 1.56914717846e-05
2.6 5.5662665575e-08 2.45445789173e-05
2.6 5.56621529053e-08 2.91033322712e-05
2.6 5.56627937432e-08 3.79567522417e-05
2.6 5.56620247386e-08 4.25151145489e-05
2.6 5.56629219116e-08 5.13690037769e-05
2.6 5.56618965722e-08 5.59268186189e-05
2.6 5.56630500804e-08 6.47813335228e-05
2.6 5.56617684061e-08 6.93384444821e-05
2.6 5.56631782494e-08 7.81937414689e-05
2.7 array('d', [-5.900000004068662, -6.900000004068662, -7.900000004068662, -6.799999997934185, -7.799999997934185, -6.700000003258169, -7.700000003258169, -6.0, -7.0, -8.0, -6.600000005447872, -7.600000005447872, -6.499999994529686, -7.499999994529686, -8.499999994529686, -6.400000000603809, -7.400000000603809, -8.400000000603809, -6.300000003143145, -7.300000003143145, -8.300000003143145, -6.200000003083764, -7.200000003083764, -8.200000003083764, -6.100000002582974, -7.100000002582974, -8.100000002582973])
lowest error 2.7 2.00185215547e-07
2.7 2.00185215547e-07 8.91047406482e-06
2.7 2.00185676491e-07 1.72115102854e-05
2.7 2.00184754604e-07 3.50327550951e-05
2.7 2.00186137436e-07 4.33331979597e-05
2.7 2.00184293663e-07 6.11553328085e-05
2.7 2.00186598383e-07 6.94545889384e-05
2.7 2.00183832722e-07 8.72782072077e-05
2.7 2.0018705933e-07 9.55756832703e-05
2.7 2.00183371782e-07 0.000113401378297
2.7 2.00187520278e-07 0.000121696480936
2.7 2.00182910843e-07 0.000139524846057
2.7 2.00187981227e-07 0.000147816981939
lowest error 2.7 6.0878507961e-08
2.7 6.0878507961e-08 4.89608569687e-06
2.7 6.08786481391e-08 7.35914249228e-06
2.7 6.08783677832e-08 1.71512485858e-05
2.7 6.08787883175e-08 1.96144359821e-05
2.7 6.08782276057e-08 2.94063461643e-05
2.7 6.08789284962e-08 3.18697947725e-05
2.7 6.08780874286e-08 4.16613784542e-05
2.7 6.08790686753e-08 4.41252188641e-05
2.7 6.08779472518e-08 5.39163454456e-05
2.7 6.08792088547e-08 5.63807082461e-05
2.7 6.08778070753e-08 6.61712471377e-05
2.7 6.08793490344e-08 6.86362629403e-05
2.8 array('d', [-5.900000004068662, -6.900000004068662, -7.900000004068662, -6.799999997934185, -7.799999997934185, -6.700000003258169, -7.700000003258169, -6.0, -7.0, -8.0, -7.600000005447872, -6.499999994529686, -7.499999994529686, -8.499999994529686, -6.400000000603809, -7.400000000603809, -6.300000003143145, -7.300000003143145, -8.300000003143145, -7.200000003083764, -8.200000003083764, -6.100000002582974, -7.100000002582974, -8.100000002582973])
lowest error 2.8 1.70048184657e-07
2.8 1.70048184657e-07 3.03653313916e-06
2.8 1.70048576208e-07 9.68087677089e-06
2.8 1.70047793107e-07 1.57540133796e-05
2.8 1.7004896776e-07 2.23982163741e-05
2.8 1.70047401558e-07 2.84715639389e-05
2.8 1.70049359313e-07 3.51154856588e-05
2.8 1.7004701001e-07 4.11891848175e-05
2.8 1.70049750866e-07 4.7832684626e-05
2.8 1.70046618463e-07 5.39068760168e-05
2.8 1.70050142421e-07 6.05498132766e-05
2.8 1.70046226917e-07 6.66246375363e-05
2.8 1.70050533976e-07 7.32668716101e-05
lowest error 2.8 6.79030059218e-08
2.8 6.79030059218e-08 1.78492964364e-06
2.8 6.79031622744e-08 7.21848384799e-06
2.8 6.79028495695e-08 1.07883078986e-05
2.8 6.79033186274e-08 1.62219325914e-05
2.8 6.79026932176e-08 1.97916509106e-05
2.8 6.79034749808e-08 2.52254165791e-05
2.8 6.79025368661e-08 2.87949586779e-05
2.8 6.79036313345e-08 3.42289358111e-05
2.8 6.79023805149e-08 3.77982312023e-05
2.8 6.79037876885e-08 4.32324902881e-05
2.8 6.79022241641e-08 4.68014684829e-05
2.8 6.7903944043e-08 5.22360800095e-05
2.9 array('d', [-6.900000004068662, -7.900000004068662, -6.799999997934185, -7.799999997934185, -6.700000003258169, -7.700000003258169, -6.0, -7.0, -8.0, -6.600000005447872, -7.600000005447872, -6.499999994529686, -7.499999994529686, -8.499999994529686, -6.400000000603809, -7.400000000603809, -8.400000000603809, -6.300000003143145, -7.300000003143145, -8.300000003143145, -6.200000003083764, -7.200000003083764, -8.200000003083764, -6.100000002582974, -7.100000002582974])
lowest error 2.9 1.41211478447e-07
2.9 1.41211478447e-07 5.26909556875e-07
2.9 1.41211153296e-07 6.29700263932e-06
2.9 1.41211803599e-07 7.35080150704e-06
2.9 1.41210828146e-07 1.3120935082e-05
2.9 1.41212128752e-07 1.41746732116e-05
2.9 1.41210502996e-07 1.99448877645e-05
2.9 1.41212453905e-07 2.09985246702e-05
2.9 1.41210177848e-07 2.67688606987e-05
2.9 1.41212779059e-07 2.78223558769e-05
2.9 1.41209852699e-07 3.3592853879e-05
2.9 1.41213104214e-07 3.46461668443e-05
2.9 1.41209527552e-07 4.04168673063e-05
lowest error 2.9 7.70979800889e-08
2.9 7.70979800889e-08 2.11800536043e-06
2.9 7.70978025645e-08 5.75378832801e-06
2.9 7.70981576138e-08 9.98982598999e-06
2.9 7.70976250404e-08 1.36255550744e-05
2.9 7.70983351391e-08 1.7861673554e-05
2.9 7.70974475168e-08 2.14972948802e-05
2.9 7.70985126647e-08 2.57335480667e-05
2.9 7.70972699935e-08 2.93690077449e-05
2.9 7.70986901908e-08 3.36054495209e-05
2.9 7.70970924707e-08 3.72406936608e-05
2.9 7.70988677173e-08 4.14773779172e-05
2.9 7.70969149483e-08 4.51123526433e-05
3.0 array('d', [-6.900000004068662, -6.799999997934185, -7.799999997934185, -6.700000003258169, -7.700000003258169, -7.0, -8.0, -6.499999994529686, -7.499999994529686, -8.499999994529686, -6.400000000603809, -7.400000000603809, -8.400000000603809, -6.300000003143145, -7.300000003143145, -8.300000003143145, -6.200000003083764, -7.200000003083764, -8.200000003083764, -6.100000002582974, -7.100000002582974, -8.100000002582973])
3.1 array('d', [-6.900000004068662, -7.900000004068662, -6.799999997934185, -7.799999997934185, -6.700000003258169, -7.700000003258169, -6.0, -7.0, -8.0, -6.600000005447872, -7.600000005447872, -6.499999994529686, -7.499999994529686, -8.499999994529686, -7.400000000603809, -8.400000000603809, -7.300000003143145, -8.300000003143145, -6.200000003083764, -8.200000003083764, -7.100000002582974, -8.100000002582973])
3.2 array('d', [-6.900000004068662, -6.799999997934185, -7.799999997934185, -6.700000003258169, -7.700000003258169, -6.0, -8.0, -6.499999994529686, -7.499999994529686, -6.400000000603809, -6.300000003143145, -7.200000003083764, -8.200000003083764, -7.100000002582974, -8.100000002582973])
3.3 array('d', [-6.900000004068662, -6.799999997934185, -6.700000003258169, -7.700000003258169, -6.0, -7.0, -8.0, -6.600000005447872, -7.600000005447872, -6.499999994529686, -7.499999994529686, -8.499999994529686, -6.400000000603809, -7.400000000603809, -8.400000000603809, -6.300000003143145, -7.300000003143145, -8.300000003143145, -6.200000003083764, -7.200000003083764, -8.200000003083764, -7.100000002582974, -8.100000002582973])
3.4 array('d', [-6.900000004068662, -7.900000004068662, -6.799999997934185, -7.799999997934185, -6.700000003258169, -7.700000003258169, -6.0, -7.0, -8.0, -6.600000005447872, -7.600000005447872, -6.499999994529686, -7.499999994529686, -8.499999994529686, -7.400000000603809, -8.400000000603809, -6.300000003143145, -7.300000003143145, -8.300000003143145, -6.200000003083764, -7.200000003083764, -8.200000003083764, -6.100000002582974, -7.100000002582974, -8.100000002582973])
3.5 array('d', [-6.900000004068662, -7.900000004068662, -6.799999997934185, -7.799999997934185, -6.700000003258169, -7.700000003258169, -7.0, -8.0, -6.600000005447872, -7.600000005447872, -6.499999994529686, -7.499999994529686, -8.499999994529686, -6.400000000603809, -7.400000000603809, -8.400000000603809, -6.300000003143145, -7.300000003143145, -8.300000003143145, -6.200000003083764, -8.200000003083764, -6.100000002582974, -7.100000002582974, -8.100000002582973])
3.6 array('d', [-6.900000004068662, -7.900000004068662, -6.799999997934185, -7.799999997934185, -7.700000003258169, -7.0, -8.0, -6.600000005447872, -7.600000005447872, -6.499999994529686, -7.499999994529686, -8.499999994529686, -6.400000000603809, -7.400000000603809, -8.400000000603809, -6.300000003143145, -7.300000003143145, -8.300000003143145, -7.200000003083764, -8.200000003083764, -6.100000002582974, -7.100000002582974, -8.100000002582973])
