lowest error 0.002 0.00145019031368
0.002 0.00145019031368 5.02844319712e-05
0.002 0.00145019365287 0.00022225003563
0.002 0.0014501869745 0.000322851196187
0.002 0.00145019699207 0.000494752210463
0.002 0.00145018363533 0.000595450260732
0.002 0.00145020033128 0.000767222096183
0.002 0.00145018029616 0.00086808162966
0.002 0.00145020367049 0.00103965969692
0.002 0.001450176957 0.00114074530671
0.002 0.00145020700971 0.00131206501631
0.002 0.00145017361785 0.00141344129553
0.002 0.00145021034894 0.00158443805813
lowest error 0.002 3.92794139973e-07
0.002 3.92794139973e-07 1.08998967585e-05
0.002 3.92795044416e-07 1.12527345344e-05
0.002 3.92793235532e-07 3.30523146879e-05
0.002 3.92795948861e-07 3.34055791735e-05
0.002 3.92792331093e-07 5.52045192554e-05
0.002 3.92796853308e-07 5.55586372002e-05
0.002 3.92791426657e-07 7.7356510463e-05
0.002 3.92797757757e-07 7.77119085971e-05
0.002 3.92790522222e-07 9.95082883133e-05
0.002 3.92798662209e-07 9.98653933655e-05
0.002 3.92789617789e-07 0.000121659852808
0.002 3.92799566662e-07 0.000122019091508
lowest error 0.005 0.000580975742959
0.005 0.000580975742959 6.94581522285e-05
0.005 0.000580977080707 0.000100124118498
0.005 0.000580974405215 0.000239052927112
0.005 0.000580978418458 0.000269693886131
0.005 0.000580973067473 0.000408660207008
0.005 0.000580979756212 0.000439251151521
0.005 0.000580971729735 0.000578279992751
0.005 0.000580981093968 0.000608795915515
0.005 0.000580970392 0.00074791228543
0.005 0.000580982431728 0.000778328179186
0.005 0.000580969054268 0.000917557085879
0.005 0.000580983769491 0.000947847943384
lowest error 0.005 2.54373578714e-07
0.005 2.54373578714e-07 8.00549187518e-06
0.005 2.54374164431e-07 1.36503499246e-05
0.005 2.54372992997e-07 2.9661129755e-05
0.005 2.5437475015e-07 3.53063956267e-05
0.005 2.54372407283e-07 5.13165637543e-05
0.005 2.5437533587e-07 5.69626452345e-05
0.005 2.54371821569e-07 7.29717938563e-05
0.005 2.54375921592e-07 7.86190987494e-05
0.005 2.54371235857e-07 9.46268200623e-05
0.005 2.54376507315e-07 0.000100275756173
0.005 2.54370650146e-07 0.000116281642375
0.005 2.54377093039e-07 0.000121932617488
lowest error 0.01 0.000558483054136
0.01 0.000558483054136 1.0911206608e-05
0.01 0.000558484340093 6.9234892393e-05
0.01 0.000558481768183 9.10600984696e-05
0.01 0.000558485626052 0.000149378198584
0.01 0.000558480482233 0.000171211783257
0.01 0.000558486912014 0.000229518712141
0.01 0.000558479196285 0.000251366261146
0.01 0.000558488197979 0.000309656433129
0.01 0.000558477910341 0.000331523532188
0.01 0.000558489483947 0.000389791361632
0.01 0.0005584766244 0.000411683596447
0.01 0.000558490769918 0.000469923497728
lowest error 0.01 1.82152862293e-07
0.01 1.82152862293e-07 3.16944555134e-06
0.01 1.82153281716e-07 1.74741100842e-05
0.01 1.82152442871e-07 2.38128159209e-05
0.01 1.8215370114e-07 3.81178510236e-05
0.01 1.8215202345e-07 4.44560010089e-05
0.01 1.82154120565e-07 5.87617772507e-05
0.01 1.8215160403e-07 6.50990008157e-05
0.01 1.82154539991e-07 7.94058887665e-05
0.01 1.82151184611e-07 8.57418153437e-05
0.01 1.82154959418e-07 0.000100050185573
0.01 1.82150765193e-07 0.000106384444594
0.01 1.82155378846e-07 0.000120694667672
lowest error 0.05 6.74105700939e-05
0.05 6.74105700939e-05 9.01322592872e-05
0.05 6.74107253126e-05 0.0001384019402
0.05 6.74104148755e-05 0.000318689167913
0.05 6.74108805317e-05 0.000366913432805
0.05 6.74102596574e-05 0.000547268787937
0.05 6.74110357512e-05 0.00059540222078
0.05 6.74101044398e-05 0.000775871121414
0.05 6.7411190971e-05 0.000823868306181
0.05 6.74099492224e-05 0.001004496171
0.05 6.74113461912e-05 0.00105231169167
0.05 6.74097940055e-05 0.00123314393876
0.05 6.74115014117e-05 0.00128073237929
lowest error 0.05 8.07238747712e-08
0.05 8.07238747712e-08 5.98673215357e-06
0.05 8.07236888978e-08 1.47666959269e-05
0.05 8.0724060645e-08 2.67403474794e-05
0.05 8.07235030249e-08 3.55199367448e-05
0.05 8.07242465192e-08 4.74941500896e-05
0.05 8.07233171524e-08 5.62729903022e-05
0.05 8.07244323939e-08 6.82481399679e-05
0.05 8.07231312803e-08 7.70258566001e-05
0.05 8.0724618269e-08 8.90023171145e-05
0.05 8.07229454086e-08 9.77785356406e-05
0.05 8.07248041445e-08 0.000109756681533
0.05 8.07227595374e-08 0.000118531027407
lowest error 0.1 3.2474389849e-05
0.1 3.2474389849e-05 8.53287469837e-05
0.1 3.2474315074e-05 0.000130109420808
0.1 3.24744646241e-05 0.000300746736087
0.1 3.24742402992e-05 0.000345567769175
0.1 3.24745393994e-05 0.000516144548206
0.1 3.24741655246e-05 0.00056104630001
0.1 3.24746141749e-05 0.000731522185604
0.1 3.24740907501e-05 0.000776545015201
0.1 3.24746889505e-05 0.00094687964999
0.1 3.24740159759e-05 0.00099206391645
0.1 3.24747637263e-05 0.00116221694325
0.1 3.24739412018e-05 0.00120760300603
lowest error 0.1 5.73128493156e-08
0.1 5.73128493156e-08 3.70362452795e-06
0.1 5.73129812835e-08 1.77626598719e-05
0.1 5.7312717348e-08 2.516970858e-05
0.1 5.73131132516e-08 3.92291446194e-05
0.1 5.73125853808e-08 4.66355922684e-05
0.1 5.73132452201e-08 6.06958297178e-05
0.1 5.73124534138e-08 6.81012756325e-05
0.1 5.73133771889e-08 8.21627151693e-05
0.1 5.73123214472e-08 8.95667586551e-05
0.1 5.7313509158e-08 0.000103629800974
0.1 5.73121894808e-08 0.000111032041339
0.1 5.73136411274e-08 0.000125097087117
lowest error 0.15 2.08456288011e-05
0.15 2.08456288011e-05 4.1168106339e-05
0.15 2.08456767999e-05 0.00014139146424
0.15 2.08455808023e-05 0.00022374216824
0.15 2.08457247989e-05 0.00032393654448
0.15 2.08455328036e-05 0.00040633072262
0.15 2.08457727981e-05 0.000506467135864
0.15 2.0845484805e-05 0.000588933770623
0.15 2.08458207973e-05 0.000688983239371
0.15 2.08454368066e-05 0.000771551313398
0.15 2.08458687966e-05 0.000871484856152
0.15 2.08453888083e-05 0.000954183352105
0.15 2.0845916796e-05 0.00105397198736
lowest error 0.15 4.65653637673e-08
0.15 4.65653637673e-08 2.3364989179e-06
0.15 4.65654709881e-08 1.96474729304e-05
0.15 4.65652565467e-08 2.43202606396e-05
0.15 4.65655782092e-08 4.1631654907e-05
0.15 4.65651493263e-08 4.63038122369e-05
0.15 4.65656854305e-08 6.36160469947e-05
0.15 4.65650421062e-08 6.82871537117e-05
0.15 4.65657926521e-08 8.56006492342e-05
0.15 4.65649348864e-08 9.02702850469e-05
0.15 4.65658998739e-08 0.000107585461608
0.15 4.65648276668e-08 0.000112253206283
0.15 4.6566007096e-08 0.000129570484119
lowest error 0.2 1.54040173816e-05
0.2 1.54040173816e-05 5.48646316623e-05
0.2 1.54040528507e-05 9.24785851026e-05
0.2 1.54039819126e-05 0.000202217287948
0.2 1.54040883199e-05 0.000239812362953
0.2 1.54039464436e-05 0.000349579384358
0.2 1.54041237891e-05 0.000387136702361
0.2 1.54039109748e-05 0.000496950921499
0.2 1.54041592585e-05 0.000534451604194
0.2 1.5403875506e-05 0.000644331899843
0.2 1.54041947279e-05 0.000681757068925
0.2 1.54038400373e-05 0.000791722320256
0.2 1.54042301974e-05 0.000829053097159
lowest error 0.2 4.05234115279e-08
0.2 4.05234115279e-08 4.76903925462e-06
0.2 4.05233182194e-08 1.51540940534e-05
0.2 4.05235048367e-08 2.46923451419e-05
0.2 4.05232249112e-08 3.5077054783e-05
0.2 4.05235981456e-08 4.46158235934e-05
0.2 4.05231316031e-08 5.49998429351e-05
0.2 4.05236914547e-08 6.45394746455e-05
0.2 4.05230382952e-08 7.49224585124e-05
0.2 4.05237847641e-08 8.44632982822e-05
0.2 4.05229449876e-08 9.48449015152e-05
0.2 4.05238780736e-08 0.000104387294504
0.2 4.05228516802e-08 0.000114767171928
lowest error 0.25 9.20161376649e-06
0.25 9.20161376649e-06 2.38577373786e-05
0.25 9.20159257902e-06 0.000123718271763
0.25 9.20163495401e-06 0.000171424278038
0.25 9.20157139159e-06 0.000271303749992
0.25 9.20165614158e-06 0.000318981350825
0.25 9.20155020421e-06 0.000418898697918
0.25 9.20167732921e-06 0.000466528956212
0.25 9.20152901689e-06 0.000566503116017
0.25 9.20169851687e-06 0.000614067095072
0.25 9.20150782961e-06 0.000714117005159
0.25 9.20171970459e-06 0.000761595767881
0.25 9.20148664238e-06 0.000861740365821
lowest error 0.25 3.21010324032e-08
0.25 3.21010324032e-08 9.22239080348e-06
0.25 3.21011063186e-08 1.33104329132e-05
0.25 3.21009584879e-08 3.17549937696e-05
0.25 3.21011802343e-08 3.58434773822e-05
0.25 3.21008845728e-08 5.42873759883e-05
0.25 3.210125415e-08 5.83767426048e-05
0.25 3.21008106579e-08 7.6819537441e-05
0.25 3.2101328066e-08 8.0910228565e-05
0.25 3.21007367431e-08 9.93514781702e-05
0.25 3.21014019821e-08 0.000103443935303
0.25 3.21006628285e-08 0.000121883198158
0.25 3.21014758984e-08 0.000125977862802
lowest error 0.3 7.18803196934e-06
0.3 7.18803196934e-06 4.9983286794e-05
0.3 7.18804852041e-06 0.000104433247997
0.3 7.1880154183e-06 0.000204410189216
0.3 7.18806507152e-06 0.000258839415856
0.3 7.1879988673e-06 0.000358847459962
0.3 7.18808162267e-06 0.000413235217476
0.3 7.18798231634e-06 0.000513295099596
0.3 7.18809817386e-06 0.000567620653553
0.3 7.18796576542e-06 0.000667753109084
0.3 7.18811472509e-06 0.000721995724649
0.3 7.18794921454e-06 0.000822221488987
0.3 7.18813127635e-06 0.00087636043173
lowest error 0.3 2.87376995527e-08
0.3 2.87376995527e-08 4.11479365248e-07
0.3 2.87377657238e-08 2.08947511431e-05
0.3 2.87376333818e-08 2.17175125035e-05
0.3 2.8737831895e-08 4.22011790047e-05
0.3 2.8737567211e-08 4.30233482733e-05
0.3 2.87378980664e-08 6.35078042586e-05
0.3 2.87375010404e-08 6.43289866771e-05
0.3 2.87379642379e-08 8.48146268888e-05
0.3 2.87374348699e-08 8.56344277156e-05
0.3 2.87380304096e-08 0.000106121646895
0.3 2.87373686996e-08 0.000106939671391
0.3 2.87380965814e-08 0.000127428864282
lowest error 0.35 5.87385200458e-06
0.35 5.87385200458e-06 3.28929872659e-05
0.35 5.87386552964e-06 0.000116318419061
0.35 5.87383847955e-06 0.000182114074101
0.35 5.87387905473e-06 0.000265520145506
0.35 5.87382495455e-06 0.000331344842072
0.35 5.87389257985e-06 0.000414712192699
0.35 5.87381142959e-06 0.000480585291808
0.35 5.873906105e-06 0.000563894561135
0.35 5.87379790465e-06 0.000629835423806
0.35 5.87391963019e-06 0.000713067251706
0.35 5.87378437975e-06 0.000779095238955
0.35 5.8739331554e-06 0.000862230264909
lowest error 0.35 2.66653322892e-08
0.35 2.66653322892e-08 3.55397609697e-06
0.35 2.66652708901e-08 1.7764590754e-05
0.35 2.66653936885e-08 2.48727405503e-05
0.35 2.66652094911e-08 3.90829600048e-05
0.35 2.66654550879e-08 4.61917026078e-05
0.35 2.66651480923e-08 6.04011316385e-05
0.35 2.66655164874e-08 6.75108622703e-05
0.35 2.66650866936e-08 8.17191056943e-05
0.35 2.66655778871e-08 8.8830219541e-05
0.35 2.6665025295e-08 0.000103036882155
0.35 2.6665639287e-08 0.000110149774402
0.35 2.66649638966e-08 0.000124354461024
lowest error 0.4 5.00430763871e-06
0.4 5.00430763871e-06 2.80425438848e-05
0.4 5.00431916157e-06 9.08197198184e-05
0.4 5.00429611588e-06 0.000146910950543
0.4 5.00433068446e-06 0.000209675840884
0.4 5.00428459308e-06 0.000265785500472
0.4 5.00434220737e-06 0.000328525819631
0.4 5.0042730703e-06 0.000384666193886
0.4 5.0043537303e-06 0.000447369656269
0.4 5.00426154755e-06 0.000503553031312
0.4 5.00436525327e-06 0.000566207351328
0.4 5.00425002482e-06 0.000622446012964
0.4 5.00437677626e-06 0.000685038905019
lowest error 0.4 2.46083786116e-08
0.4 2.46083786116e-08 7.10662414605e-06
0.4 2.46084352746e-08 1.38635199094e-05
0.4 2.46083219488e-08 2.80765770082e-05
0.4 2.46084919376e-08 3.48338551595e-05
0.4 2.46082652861e-08 4.90463386789e-05
0.4 2.46085486009e-08 5.58043815877e-05
0.4 2.46082086235e-08 7.00159091598e-05
0.4 2.46086052642e-08 7.67750992328e-05
0.4 2.46081519611e-08 9.09852884341e-05
0.4 2.46086619277e-08 9.77460080782e-05
0.4 2.46080952988e-08 0.000111954476541
0.4 2.46087185913e-08 0.000118717108125
lowest error 0.45 4.21375227496e-06
0.45 4.21375227496e-06 6.42361769239e-05
0.45 4.21376197749e-06 9.46005219475e-05
0.45 4.21374257245e-06 0.000223083845421
0.45 4.21377168005e-06 0.000253426251955
0.45 4.21373286996e-06 0.000381942484298
0.45 4.21378138263e-06 0.000412241013852
0.45 4.21372316749e-06 0.000540812094175
0.45 4.21379108523e-06 0.000571044808258
0.45 4.21371346505e-06 0.000699692676087
0.45 4.21380078785e-06 0.000729837636209
0.45 4.21370376262e-06 0.000858584230655
0.45 4.2138104905e-06 0.000888619498324
lowest error 0.45 2.31140474239e-08
0.45 2.31140474239e-08 7.73352970107e-06
0.45 2.31141006461e-08 1.3879989361e-05
0.45 2.31139942019e-08 2.93468456776e-05
0.45 2.31141538683e-08 3.54937115494e-05
0.45 2.31139409801e-08 5.09599585508e-05
0.45 2.31142070907e-08 5.71076368461e-05
0.45 2.31138877583e-08 7.25728683233e-05
0.45 2.31142603132e-08 7.87217652536e-05
0.45 2.31138345367e-08 9.41855749961e-05
0.45 2.31143135358e-08 0.000100336096774
0.45 2.31137813152e-08 0.000115798078572
0.45 2.31143667585e-08 0.000121950631408
High eps empty 0.4 3.03159372875e-08
High eps empty 0.4 2.96483821631e-08
lowest error 0.4 3.00092402194e-08
0.4 3.00092402194e-08 3.90172129361e-06
0.4 3.00091711206e-08 1.06099671395e-05
0.4 3.00093093183e-08 1.84135012691e-05
0.4 3.00091020221e-08 2.51215640077e-05
0.4 3.00093784174e-08 3.29253728197e-05
0.4 3.00090329236e-08 3.96330693162e-05
0.4 3.00094475166e-08 4.74373359327e-05
0.4 3.00089638254e-08 5.41444830655e-05
0.4 3.0009516616e-08 6.19493906133e-05
0.4 3.00088947272e-08 6.86558052561e-05
0.4 3.00095857155e-08 7.64615368518e-05
0.4 3.00088256293e-08 8.31670358936e-05
lowest error 0.5 3.58500693398e-06
0.5 3.58500693398e-06 4.64532578239e-05
0.5 3.58501518877e-06 9.35723249333e-05
0.5 3.58499867921e-06 0.000186487365906
0.5 3.58502344358e-06 0.000233589383134
0.5 3.58499042445e-06 0.000326529999707
0.5 3.58503169842e-06 0.00037359791717
0.5 3.58498216971e-06 0.000466581159748
0.5 3.58503995327e-06 0.000513597927564
0.5 3.584973915e-06 0.000606640846546
0.5 3.58504820814e-06 0.000653589414832
0.5 3.5849656603e-06 0.000746709060622
0.5 3.58505646302e-06 0.000793572379494
lowest error 0.5 2.17449793712e-08
0.5 2.17449793712e-08 2.76551792666e-06
0.5 2.17449293016e-08 1.97948796274e-05
0.5 2.17450294409e-08 2.53261367753e-05
0.5 2.17448792321e-08 4.23550558901e-05
0.5 2.17450795108e-08 4.78869768998e-05
0.5 2.17448291627e-08 6.49150108636e-05
0.5 2.17451295807e-08 7.04480383424e-05
0.5 2.17447790935e-08 8.74747445496e-05
0.5 2.17451796508e-08 9.30093210854e-05
0.5 2.17447290243e-08 0.00011003425693
0.5 2.1745229721e-08 0.000115570825131
0.5 2.17446789553e-08 0.000132593548048
lowest error 0.55 3.1280594615e-06
0.55 3.1280594615e-06 3.47837154573e-05
0.55 3.12806666413e-06 7.51877252996e-05
0.55 3.12805225888e-06 0.000144760414622
0.55 3.12807386678e-06 0.000185153908095
0.55 3.12804505628e-06 0.000254742372348
0.55 3.12808106944e-06 0.000295114833084
0.55 3.1280378537e-06 0.000364729588887
0.55 3.12808827212e-06 0.000405070500517
0.55 3.12803065114e-06 0.000474722064491
0.55 3.12809547482e-06 0.000515020910645
0.55 3.12802344859e-06 0.00058471979941
0.55 3.12810267753e-06 0.00062496606372
lowest error 0.55 2.05905999085e-08
0.55 2.05905999085e-08 5.17195500205e-07
0.55 2.05905524969e-08 2.10609229865e-05
0.55 2.05906473201e-08 2.20955164303e-05
0.55 2.05905050855e-08 4.26388390324e-05
0.55 2.05906947319e-08 4.3674039806e-05
0.55 2.05904576741e-08 6.4216552639e-05
0.55 2.05907421438e-08 6.52527656286e-05
0.55 2.05904102629e-08 8.57940637884e-05
0.55 2.05907895558e-08 8.68316938809e-05
0.55 2.05903628518e-08 0.000107371372522
0.55 2.05908369679e-08 0.000108410824604
0.55 2.05903154408e-08 0.000128948478821
lowest error 0.6 2.59714980086e-06
0.6 2.59714980086e-06 5.02759083432e-05
0.6 2.59715578103e-06 0.00011515930415
0.6 2.59714382071e-06 0.000215723020919
0.6 2.59716176121e-06 0.000280582617425
0.6 2.59713784058e-06 0.000381182034429
0.6 2.5971677414e-06 0.000445994032332
0.6 2.59713186045e-06 0.000546652949576
0.6 2.59717372161e-06 0.000611393549579
0.6 2.59712588034e-06 0.000712135767523
0.6 2.59717970183e-06 0.000776781170323
0.6 2.59711990024e-06 0.000877630488973
0.6 2.59718568206e-06 0.000942156895265
lowest error 0.6 1.90478077906e-08
0.6 1.90478077906e-08 1.06355794602e-05
0.6 1.90477639315e-08 1.09255056726e-05
0.6 1.90478516499e-08 3.21968667154e-05
0.6 1.90477200724e-08 3.2486388684e-05
0.6 1.90478955092e-08 5.37583560956e-05
0.6 1.90476762135e-08 5.40470695571e-05
0.6 1.90479393687e-08 7.5320047602e-05
0.6 1.90476323546e-08 7.56075483328e-05
0.6 1.90479832282e-08 9.68819412184e-05
0.6 1.90475884959e-08 9.71678249924e-05
0.6 1.90480270879e-08 0.000118444036984
0.6 1.90475446372e-08 0.000118727899539
lowest error 0.65 2.01931001865e-06
0.65 2.01931001865e-06 4.69819086808e-05
0.65 2.01930536902e-06 0.000101330932238
0.65 2.01931466829e-06 0.000195285186371
0.65 2.0193007194e-06 0.000249653337266
0.65 2.01931931794e-06 0.000343578901315
0.65 2.0192960698e-06 0.000397985306888
0.65 2.0193239676e-06 0.000491863054135
0.65 2.0192914202e-06 0.000546326841722
0.65 2.01932861727e-06 0.000640137645441
0.65 2.01928677062e-06 0.000694677942382
0.65 2.01933326695e-06 0.000788402675854
0.65 2.01928212104e-06 0.000843038609488
lowest error 0.65 1.7402273905e-08
0.65 1.7402273905e-08 7.65011209225e-06
0.65 1.74022338349e-08 1.27019712535e-05
0.65 1.74023139753e-08 2.80023755468e-05
0.65 1.74021937648e-08 3.30538745272e-05
0.65 1.74023540456e-08 4.83548190942e-05
0.65 1.74021536948e-08 5.34055977135e-05
0.65 1.74023941161e-08 6.87074427357e-05
0.65 1.74021136249e-08 7.37571408131e-05
0.65 1.74024341866e-08 8.90602464736e-05
0.65 1.74020735551e-08 9.4108503828e-05
0.65 1.74024742573e-08 0.000109413230309
0.65 1.74020334854e-08 0.00011445968676
lowest error 0.7 1.43765606224e-06
0.7 1.43765606224e-06 4.25407330273e-05
0.7 1.43765275192e-06 7.88534801526e-05
0.7 1.43765937257e-06 0.000163928539229
0.7 1.43764944161e-06 0.000200254100648
0.7 1.43766268291e-06 0.000285309938792
0.7 1.4376461313e-06 0.000321661128799
0.7 1.43766599325e-06 0.000406684931944
0.7 1.437642821e-06 0.000443074564834
0.7 1.43766930361e-06 0.000528053519239
0.7 1.43763951071e-06 0.000564494409308
0.7 1.43767261397e-06 0.000649415700909
0.7 1.43763620043e-06 0.000685920662452
lowest error 0.7 1.53259004411e-08
0.7 1.53259004411e-08 1.05159300343e-05
0.7 1.53259357303e-08 1.08054157506e-05
0.7 1.53258651519e-08 3.18370781489e-05
0.7 1.53259710196e-08 3.2126959189e-05
0.7 1.53258298629e-08 5.31580286336e-05
0.7 1.5326006309e-08 5.34487002817e-05
0.7 1.53257945739e-08 7.4478781471e-05
0.7 1.53260415985e-08 7.47706390309e-05
0.7 1.5325759285e-08 9.57993366622e-05
0.7 1.5326076888e-08 9.6092775439e-05
0.7 1.53257239962e-08 0.00011711969421
0.7 1.53261121777e-08 0.000117415109488
lowest error 0.75 1.05512521069e-06
0.75 1.05512521069e-06 5.26087934483e-05
0.75 1.05512278118e-06 6.57013292824e-05
0.75 1.05512764021e-06 0.000170912830471
0.75 1.05512035167e-06 0.000184017537928
0.75 1.05513006974e-06 0.00028921078231
0.75 1.05511792217e-06 0.000302339832802
0.75 1.05513249926e-06 0.000407502649173
0.75 1.05511549268e-06 0.000420668214217
0.75 1.0551349288e-06 0.000525788431371
0.75 1.05511306319e-06 0.000539002682488
0.75 1.05513735834e-06 0.00064406812922
0.75 1.0551106337e-06 0.000657343237926
lowest error 0.75 1.37202808077e-08
0.75 1.37202808077e-08 4.29029150695e-06
0.75 1.37202492156e-08 1.73842254458e-05
0.75 1.37203123999e-08 2.5965012735e-05
0.75 1.37202176236e-08 3.90585381647e-05
0.75 1.37203439921e-08 4.76399382205e-05
0.75 1.37201860317e-08 6.07326466309e-05
0.75 1.37203755844e-08 6.93150679658e-05
0.75 1.37201544398e-08 8.24065508471e-05
0.75 1.37204071768e-08 9.09904019726e-05
0.75 1.37201228481e-08 0.000104080250816
0.75 1.37204387692e-08 0.000112665940243
0.75 1.37200912563e-08 0.000125753746538
lowest error 0.8 1.10686587952e-06
0.8 1.10686587952e-06 1.2455599018e-05
0.8 1.10686333087e-06 8.28943264053e-05
0.8 1.10686842818e-06 0.000107801571626
0.8 1.10686078223e-06 0.000178248204723
0.8 1.10687097684e-06 0.000203143591751
0.8 1.10685823359e-06 0.000273606036099
0.8 1.10687352551e-06 0.000298481659474
0.8 1.10685568496e-06 0.000368967820698
0.8 1.10687607418e-06 0.000393815774958
0.8 1.10685313633e-06 0.000464333558683
0.8 1.10687862286e-06 0.000489145938366
0.8 1.10685058771e-06 0.000559703250218
lowest error 0.8 1.39828596972e-08
0.8 1.39828596972e-08 3.49058513827e-06
0.8 1.39828918939e-08 1.83998773577e-05
0.8 1.39828275005e-08 2.5380839292e-05
0.8 1.39829240908e-08 4.029054818e-05
0.8 1.39827953039e-08 4.72708851049e-05
0.8 1.39829562877e-08 6.2181427368e-05
0.8 1.39827631073e-08 6.91607225787e-05
0.8 1.39829884847e-08 8.40725149045e-05
0.8 1.39827309109e-08 9.10503517155e-05
0.8 1.39830206817e-08 0.000105963810792
0.8 1.39826987145e-08 0.000112939772518
0.8 1.39830528788e-08 0.000127855315033
lowest error 0.81 1.14214436126e-06
0.81 1.14214436126e-06 5.23121918405e-06
0.81 1.14214699114e-06 0.000134584944049
0.81 1.14214173138e-06 0.000145055882289
0.81 1.14214962104e-06 0.000274392607929
0.81 1.1421391015e-06 0.000284889045782
0.81 1.14215225094e-06 0.000414191772971
0.81 1.14213647163e-06 0.000424730710055
0.81 1.14215488084e-06 0.000553982439568
0.81 1.14213384177e-06 0.000564580875874
0.81 1.14215751076e-06 0.000693764608483
0.81 1.14213121191e-06 0.00070443954363
0.81 1.14216014067e-06 0.000833538280113
lowest error 0.81 1.40839346091e-08
0.81 1.40839346091e-08 1.35516757371e-07
0.81 1.40839670386e-08 2.21889976877e-05
0.81 1.40839021797e-08 2.24598144958e-05
0.81 1.40839994682e-08 4.45137288212e-05
0.81 1.40838697504e-08 4.47838955693e-05
0.81 1.40840318979e-08 6.68386766454e-05
0.81 1.40838373211e-08 6.7107759961e-05
0.81 1.40840643276e-08 8.91638411629e-05
0.81 1.40838048919e-08 8.94314076718e-05
0.81 1.40840967574e-08 0.000111489222375
0.81 1.40837724628e-08 0.000111754838705
0.81 1.40841291872e-08 0.000133814820265
lowest error 0.82 1.19888354658e-06
0.82 1.19888354658e-06 3.87864499589e-05
0.82 1.19888630711e-06 8.68712791648e-05
0.82 1.19888078605e-06 0.000164451044389
0.82 1.19888906765e-06 0.000212522143246
0.82 1.19887802553e-06 0.000290122504724
0.82 1.1988918282e-06 0.000338166142659
0.82 1.19887526501e-06 0.000415800831227
0.82 1.19889458875e-06 0.000463803277779
0.82 1.1988725045e-06 0.000541486024273
0.82 1.19889734931e-06 0.000589433548982
0.82 1.198869744e-06 0.000667178084238
0.82 1.19890010988e-06 0.000715056956531
lowest error 0.82 1.4500534135e-08
0.82 1.4500534135e-08 5.04462531126e-06
0.82 1.45005675237e-08 1.67584368396e-05
0.82 1.45005007463e-08 2.6847480779e-05
0.82 1.45006009125e-08 3.85617056753e-05
0.82 1.45004673577e-08 4.86501295662e-05
0.82 1.45006343014e-08 6.03651811968e-05
0.82 1.45004339692e-08 7.04525716557e-05
0.82 1.45006676904e-08 8.21688633876e-05
0.82 1.45004005807e-08 9.22548070879e-05
0.82 1.45007010795e-08 0.000103972752289
0.82 1.45003671924e-08 0.000114056835845
0.82 1.45007344686e-08 0.000125776847882
lowest error 0.83 1.22977879426e-06
0.83 1.22977879426e-06 5.30750352907e-05
0.83 1.22978162594e-06 9.26536110253e-05
0.83 1.2297759626e-06 0.000198812915258
0.83 1.22978445762e-06 0.000238373024147
0.83 1.22977313094e-06 0.000344560029719
0.83 1.2297872893e-06 0.000384083204659
0.83 1.22977029928e-06 0.000490316379131
0.83 1.229790121e-06 0.000529784153145
0.83 1.22976746763e-06 0.000636081964078
0.83 1.2297929527e-06 0.000675475870192
0.83 1.22976463599e-06 0.000781856785145
0.83 1.2297957844e-06 0.000821158356254
lowest error 0.83 1.44947256624e-08
0.83 1.44947256624e-08 8.6911024324e-06
0.83 1.44947590378e-08 1.16357061897e-05
0.83 1.44946922871e-08 2.90177313951e-05
0.83 1.44947924133e-08 3.1962694456e-05
0.83 1.44946589119e-08 4.93441807348e-05
0.83 1.44948257888e-08 5.22898623676e-05
0.83 1.44946255368e-08 6.9670450435e-05
0.83 1.44948591644e-08 7.26172099266e-05
0.83 1.44945921617e-08 8.99965404986e-05
0.83 1.44948925401e-08 9.29447371338e-05
0.83 1.44945587867e-08 0.000110322450926
0.83 1.44949259158e-08 0.000113272443973
lowest error 0.84 1.30710055783e-06
0.84 1.30710055783e-06 8.57351630978e-06
0.84 1.30709754813e-06 0.000145406438019
0.84 1.30710356755e-06 0.00016254316267
0.84 1.30709453843e-06 0.000299396701005
0.84 1.30710657727e-06 0.000316502501614
0.84 1.30709152873e-06 0.000453397273341
0.84 1.307109587e-06 0.000470451534107
0.84 1.30708851905e-06 0.000607408155715
0.84 1.30711259673e-06 0.000624390260702
0.84 1.30708550937e-06 0.000761429348682
0.84 1.30711560647e-06 0.00077831868209
0.84 1.3070824997e-06 0.000915460853205
lowest error 0.84 1.50943355426e-08
0.84 1.50943355426e-08 9.95647624169e-06
0.84 1.50943007866e-08 1.06316936375e-05
0.84 1.50943702986e-08 3.05448304143e-05
0.84 1.50942660308e-08 3.12196792249e-05
0.84 1.50944050547e-08 5.11333688817e-05
0.84 1.5094231275e-08 5.18074805225e-05
0.84 1.50944398109e-08 7.17220916275e-05
0.84 1.50941965193e-08 7.23950975132e-05
0.84 1.50944745672e-08 9.23109986903e-05
0.84 1.50941617636e-08 9.29825302354e-05
0.84 1.50945093236e-08 0.000112900090053
0.84 1.50941270081e-08 0.000113569778673
lowest error 0.85 1.36130362187e-06
0.85 1.36130362187e-06 2.30632015508e-05
0.85 1.36130675639e-06 0.000101418196623
0.85 1.36130048736e-06 0.000147551337247
0.85 1.36130989092e-06 0.000225892857527
0.85 1.36129735285e-06 0.000272046210831
0.85 1.36131302546e-06 0.000350360781751
0.85 1.36129421835e-06 0.000396547822665
0.85 1.36131616e-06 0.000474821969544
0.85 1.36129108386e-06 0.000521056173117
0.85 1.36131929455e-06 0.000599276421274
0.85 1.36128794938e-06 0.000645571262549
0.85 1.36132242911e-06 0.000723724137304
lowest error 0.85 1.54794669049e-08
0.85 1.54794669049e-08 9.33133032355e-06
0.85 1.54794312621e-08 1.1402827246e-05
0.85 1.54795025477e-08 3.00656748098e-05
0.85 1.54793956195e-08 3.2136797901e-05
0.85 1.54795381906e-08 5.08002062136e-05
0.85 1.54793599769e-08 5.28705816429e-05
0.85 1.54795738336e-08 7.15349245186e-05
0.85 1.54793243344e-08 7.36041784557e-05
0.85 1.54796094767e-08 9.22698297634e-05
0.85 1.5479288692e-08 9.43375883771e-05
0.85 1.54796451199e-08 0.000113004921931
0.85 1.54792530496e-08 0.000115070811391
lowest error 0.86 1.3333894052e-06
0.86 1.3333894052e-06 1.71136709515e-06
0.86 1.33338633496e-06 0.000100262099506
0.86 1.33339247544e-06 0.000103680312768
0.86 1.33338326473e-06 0.000202240087235
0.86 1.3333955457e-06 0.000205644737622
0.86 1.3333801945e-06 0.000304222596294
0.86 1.33339861596e-06 0.00030760464204
0.86 1.33337712428e-06 0.000406209626882
0.86 1.33340168622e-06 0.000409560026131
0.86 1.33337405407e-06 0.000508201179108
0.86 1.3334047565e-06 0.000511510890096
0.86 1.33337098387e-06 0.000610197253356
lowest error 0.86 1.56651659511e-08
0.86 1.56651659511e-08 7.58241782384e-06
0.86 1.56652020215e-08 1.3138049463e-05
0.86 1.56651298807e-08 2.83026984431e-05
0.86 1.5665238092e-08 3.38587034197e-05
0.86 1.56650938105e-08 4.9022792397e-05
0.86 1.56652741626e-08 5.45795440283e-05
0.86 1.56650577403e-08 6.97426996865e-05
0.86 1.56653102332e-08 7.53005713281e-05
0.86 1.56650216702e-08 9.04624202955e-05
0.86 1.5665346304e-08 9.60217853021e-05
0.86 1.56649856002e-08 0.000111181954261
0.86 1.56653823748e-08 0.000116743185952
lowest error 0.87 1.43175266446e-06
0.87 1.43175266446e-06 2.65731940394e-05
0.87 1.4317559612e-06 0.000108095246663
0.87 1.43174936774e-06 0.000161249520151
0.87 1.43175925794e-06 0.000242755802418
0.87 1.43174607102e-06 0.000295933732132
0.87 1.4317625547e-06 0.000377408473685
0.87 1.4317427743e-06 0.000430625830328
0.87 1.43176585145e-06 0.00051205326081
0.87 1.4317394776e-06 0.000565325815437
0.87 1.43176914822e-06 0.000646690164491
0.87 1.4317361809e-06 0.000700033687803
0.87 1.431772445e-06 0.000781319185073
lowest error 0.87 1.66119647163e-08
0.87 1.66119647163e-08 5.07939887262e-06
0.87 1.66120029668e-08 1.4922651967e-05
0.87 1.66119264659e-08 2.50812757643e-05
0.87 1.66120412174e-08 3.49248767555e-05
0.87 1.66118882155e-08 4.50829787098e-05
0.87 1.66120794681e-08 5.49272754937e-05
0.87 1.66118499653e-08 6.50845077108e-05
0.87 1.66121177188e-08 7.49298481675e-05
0.87 1.66118117151e-08 8.5085862751e-05
0.87 1.66121559697e-08 9.49325948119e-05
0.87 1.66117734651e-08 0.000105087043868
0.87 1.66121942206e-08 0.000114935515412
lowest error 0.88 1.4433012907e-06
0.88 1.4433012907e-06 5.95327116861e-05
0.88 1.44330461403e-06 6.27185478099e-05
0.88 1.44329796738e-06 0.000181790469346
0.88 1.44330793737e-06 0.000184963309485
0.88 1.44329464407e-06 0.000304054725515
0.88 1.44331126071e-06 0.000307201573688
0.88 1.44329132077e-06 0.000426325480431
0.88 1.44331458406e-06 0.000429433340654
0.88 1.44328799747e-06 0.000548602734656
0.88 1.44331790742e-06 0.000551658610946
0.88 1.44328467418e-06 0.000670886488427
0.88 1.44332123079e-06 0.0006738773848
lowest error 0.88 1.71553269756e-08
0.88 1.71553269756e-08 4.61851536127e-07
0.88 1.71552874741e-08 1.99460316996e-05
0.88 1.71553664773e-08 2.08699158515e-05
0.88 1.71552479726e-08 4.03537338372e-05
0.88 1.7155405979e-08 4.12781612491e-05
0.88 1.71552084712e-08 6.07612549159e-05
0.88 1.71554454808e-08 6.16865877308e-05
0.88 1.715516897e-08 8.11685949191e-05
0.88 1.71554849828e-08 8.20951952978e-05
0.88 1.71551294688e-08 0.000101575753848
0.88 1.71555244848e-08 0.000102503983933
0.88 1.71550899677e-08 0.000121982731704
lowest error 0.89 1.4872363787e-06
0.89 1.4872363787e-06 1.14927321682e-05
0.89 1.48723295422e-06 9.84229193421e-05
0.89 1.4872398032e-06 0.000121403131002
0.89 1.48722952974e-06 0.000208343823684
0.89 1.4872432277e-06 0.000231308277604
0.89 1.48722610527e-06 0.000318269981108
0.89 1.4872466522e-06 0.000341208172129
0.89 1.48722268081e-06 0.000428201391864
0.89 1.48725007672e-06 0.000451102814826
0.89 1.48721925636e-06 0.000538138056205
0.89 1.48725350124e-06 0.000560992205949
0.89 1.48721583192e-06 0.00064807997438
lowest error 0.89 1.75672992765e-08
0.89 1.75672992765e-08 5.07346042689e-06
0.89 1.75673397267e-08 1.66728237883e-05
0.89 1.75672588263e-08 2.68195390336e-05
0.89 1.75673801771e-08 3.84193136123e-05
0.89 1.75672183763e-08 4.85654120159e-05
0.89 1.75674206275e-08 6.01660090478e-05
0.89 1.75671779263e-08 7.03110794138e-05
0.89 1.7567461078e-08 8.19129100971e-05
0.89 1.75671374764e-08 9.20565412095e-05
0.89 1.75675015287e-08 0.000103660016761
0.89 1.75670970266e-08 0.000113801797406
0.89 1.75675419794e-08 0.000125407329024
lowest error 0.9 1.48234058732e-06
0.9 1.48234058732e-06 5.35368493209e-05
0.9 1.48233717411e-06 8.39482253241e-05
0.9 1.48234400054e-06 0.000191013705942
0.9 1.48233376091e-06 0.000221441518484
0.9 1.48234741377e-06 0.000328482345029
0.9 1.48233034771e-06 0.000358943030652
0.9 1.482350827e-06 0.000465942766952
0.9 1.48232693452e-06 0.000496452762196
0.9 1.48235424025e-06 0.000603394972448
0.9 1.48232352134e-06 0.00063397071385
0.9 1.4823576535e-06 0.000740838961883
0.9 1.48232010817e-06 0.000771496885986
lowest error 0.9 1.81609264678e-08
0.9 1.81609264678e-08 1.34238686389e-06
0.9 1.81609682849e-08 1.90146418704e-05
0.9 1.81608846508e-08 2.16992354214e-05
0.9 1.81610101022e-08 3.93718507823e-05
0.9 1.81608428339e-08 4.20559038048e-05
0.9 1.81610519195e-08 5.9729239855e-05
0.9 1.8160801017e-08 6.2412392015e-05
0.9 1.81610937369e-08 8.00868091271e-05
0.9 1.81607592003e-08 8.27687000355e-05
0.9 1.81611355544e-08 0.000100444558582
0.9 1.81607173836e-08 0.000103124827905
0.9 1.8161177372e-08 0.000120802488221
lowest error 0.95 1.50879417946e-06
0.95 1.50879417946e-06 5.94180524969e-05
0.95 1.50879070534e-06 8.70327288442e-05
0.95 1.50879765359e-06 0.000205859509046
0.95 1.50878723122e-06 0.00023349283557
0.95 1.50880112773e-06 0.000352291641398
0.95 1.50878375711e-06 0.000379962268275
0.95 1.50880460188e-06 0.000498714450017
0.95 1.50878028302e-06 0.000526441027422
0.95 1.50880807603e-06 0.000645127935755
0.95 1.50877680892e-06 0.000672929113866
0.95 1.50881155019e-06 0.000791532099077
0.95 1.50877333484e-06 0.000819426528071
lowest error 0.95 2.06460036603e-08
0.95 2.06460036603e-08 8.66466933447e-06
0.95 2.06459561212e-08 1.37875695474e-05
0.95 2.06460511995e-08 3.11171274134e-05
0.95 2.06459085822e-08 3.62395892752e-05
0.95 2.06460987389e-08 5.35698046709e-05
0.95 2.06458610433e-08 5.86913898304e-05
0.95 2.06461462783e-08 7.6022701109e-05
0.95 2.06458135045e-08 8.1142971216e-05
0.95 2.06461938179e-08 9.84758167304e-05
0.95 2.06457659658e-08 0.000103594333433
0.95 2.06462413576e-08 0.000120929151536
0.95 2.06457184272e-08 0.000126045476485
lowest error 1.0 1.36272429907e-06
1.0 1.36272429907e-06 8.89079374078e-06
1.0 1.36272743687e-06 0.000122579824382
1.0 1.36272116129e-06 0.000140368927157
1.0 1.36273057466e-06 0.000254042927524
1.0 1.36271802351e-06 0.000271854576532
1.0 1.36273371247e-06 0.000385498516114
1.0 1.36271488574e-06 0.000403347742176
1.0 1.36273685029e-06 0.000516946590583
1.0 1.36271174798e-06 0.000534848424518
1.0 1.36273998811e-06 0.000648387151357
1.0 1.36270861022e-06 0.000666356623992
1.0 1.36274312593e-06 0.000779820198753
lowest error 1.0 2.27392428572e-08
1.0 2.27392428572e-08 6.50279151815e-06
1.0 2.27391904983e-08 1.25257533798e-05
1.0 2.27392952163e-08 2.55314938453e-05
1.0 2.27391381394e-08 3.155414085e-05
1.0 2.27393475756e-08 4.4560353603e-05
1.0 2.27390857807e-08 5.05823708927e-05
1.0 2.27393999349e-08 6.35893707925e-05
1.0 2.2739033422e-08 6.96104434939e-05
1.0 2.27394522944e-08 8.26185453988e-05
1.0 2.27389810635e-08 8.86383586871e-05
1.0 2.2739504654e-08 0.000101647877456
1.0 2.27389287052e-08 0.000107666116458
lowest error 1.1 1.28360086178e-06
1.1 1.28360086178e-06 1.18982625383e-05
1.1 1.28359790619e-06 0.000101735787507
1.1 1.28360381739e-06 0.000125526698616
1.1 1.2835949506e-06 0.000215375451799
1.1 1.283606773e-06 0.000239149520903
1.1 1.28359199501e-06 0.000329020730613
1.1 1.28360972861e-06 0.000352766729877
1.1 1.28358903944e-06 0.000442671624227
1.1 1.28361268424e-06 0.000466378325715
1.1 1.28358608387e-06 0.000556328132817
1.1 1.28361563987e-06 0.000579984308696
1.1 1.2835831283e-06 0.000669990256864
lowest error 1.1 2.71897991824e-08
1.1 2.71897991824e-08 9.78172170507e-06
1.1 2.71898617893e-08 1.16153562333e-05
1.1 2.71897365756e-08 3.11786005862e-05
1.1 2.71899243963e-08 3.30126332315e-05
1.1 2.7189673969e-08 5.25752804115e-05
1.1 2.71899870035e-08 5.44101092719e-05
1.1 2.71896113626e-08 7.39717611822e-05
1.1 2.71900496108e-08 7.58077843948e-05
1.1 2.71895487562e-08 9.53680428823e-05
1.1 2.71901122183e-08 9.72056585824e-05
1.1 2.71894861501e-08 0.000116764125551
1.1 2.71901748259e-08 0.000118603731837
lowest error 1.2 1.10267365864e-06
1.2 1.10267365864e-06 1.33034249719e-05
1.2 1.10267619764e-06 7.2192105955e-05
1.2 1.10267111964e-06 9.88021340356e-05
1.2 1.10267873665e-06 0.000157684458863
1.2 1.10266858065e-06 0.000184304021355
1.2 1.10268127567e-06 0.000243173633794
1.2 1.10266604167e-06 0.000269809087047
1.2 1.10268381469e-06 0.000328659631018
1.2 1.10266350269e-06 0.000355317331231
1.2 1.10268635371e-06 0.000414142450578
1.2 1.10266096372e-06 0.000440828753948
1.2 1.10268889275e-06 0.000499622092591
lowest error 1.2 3.07895966788e-08
1.2 3.07895966788e-08 6.62347688651e-06
1.2 3.07895257832e-08 1.40759961957e-05
1.2 3.07896675745e-08 2.73231362597e-05
1.2 3.07894548878e-08 3.47752829875e-05
1.2 3.07897384704e-08 4.80229819266e-05
1.2 3.07893839925e-08 5.54743834913e-05
1.2 3.07898093665e-08 6.87230138703e-05
1.2 3.07893130974e-08 7.61732976895e-05
1.2 3.07898802627e-08 8.94232321285e-05
1.2 3.07892422025e-08 9.68720256216e-05
1.2 3.07899511591e-08 0.000110123636685
1.2 3.07891713077e-08 0.00011757056727
lowest error 1.3 9.31369474734e-07
1.3 9.31369474734e-07 2.03787194839e-05
1.3 9.31371619294e-07 5.27740773566e-05
1.3 9.31367330179e-07 9.35338429788e-05
1.3 9.31373763858e-07 0.000125924547551
1.3 9.31365185629e-07 0.000166691293332
1.3 9.31375908428e-07 0.000199072691175
1.3 9.31363041083e-07 0.000239851070552
1.3 9.31378053003e-07 0.000272218508302
1.3 9.31360896543e-07 0.000313013174714
1.3 9.31380197583e-07 0.000345361999004
1.3 9.31358752008e-07 0.000386177605891
1.3 9.31382342167e-07 0.000418503163358
lowest error 1.3 3.53697508021e-08
1.3 3.53697508021e-08 6.71405744423e-06
1.3 3.53698322441e-08 1.30772700468e-05
1.3 3.53696693603e-08 2.65052146151e-05
1.3 3.53699136862e-08 3.28687678408e-05
1.3 3.53695879188e-08 4.6296201504e-05
1.3 3.53699951285e-08 5.26604359399e-05
1.3 3.53695064774e-08 6.60870180935e-05
1.3 3.53700765711e-08 7.24522743454e-05
1.3 3.53694250362e-08 8.58776643851e-05
1.3 3.53701580138e-08 9.22442830587e-05
1.3 3.53693435952e-08 0.000105668140381
1.3 3.53702394567e-08 0.000112036462081
lowest error 1.4 7.37146826178e-07
1.4 7.37146826178e-07 1.28755798796e-05
1.4 7.37145128836e-07 6.09207746507e-05
1.4 7.37148523523e-07 8.66695666888e-05
1.4 7.37143431499e-07 0.000134719496978
1.4 7.37150220872e-07 0.000160461185854
1.4 7.37141734165e-07 0.000208520587178
1.4 7.37151918225e-07 0.000234250437384
1.4 7.37140036836e-07 0.000282324045326
1.4 7.37153615582e-07 0.000308037321487
1.4 7.3713833951e-07 0.000356129871434
1.4 7.37155312943e-07 0.000381821838173
1.4 7.37136642188e-07 0.000429938065707
lowest error 1.4 3.8538073439e-08
1.4 3.8538073439e-08 9.87295369592e-06
1.4 3.85381621763e-08 1.02950865388e-05
1.4 3.85379847019e-08 3.00408170837e-05
1.4 3.85382509138e-08 3.04633036219e-05
1.4 3.85378959651e-08 5.02085036254e-05
1.4 3.85383396515e-08 5.0631697555e-05
1.4 3.85378072284e-08 7.0376013324e-05
1.4 3.85384283894e-08 7.08002683214e-05
1.4 3.85377184919e-08 9.0543346162e-05
1.4 3.85385171276e-08 9.09690159596e-05
1.4 3.85376297556e-08 0.000110710502177
1.4 3.85386058659e-08 0.000111137940452
lowest error 1.5 6.07917996204e-07
1.5 6.07917996204e-07 1.95827629335e-05
1.5 6.07916596423e-07 3.54348132618e-05
1.5 6.07919395989e-07 7.4599023042e-05
1.5 6.07915196645e-07 9.04537055266e-05
1.5 6.07920795777e-07 0.000129613967193
1.5 6.0791379687e-07 0.000145473913892
1.5 6.07922195568e-07 0.00018462759537
1.5 6.07912397099e-07 0.00020049543839
1.5 6.07923595362e-07 0.000239639907602
1.5 6.0791099733e-07 0.000255518279051
1.5 6.07924995159e-07 0.000294650903923
1.5 6.07909597565e-07 0.000310542435859
lowest error 1.5 4.27242059603e-08
1.5 4.27242059603e-08 3.11471430381e-06
1.5 4.27243043366e-08 1.64522220443e-05
1.5 4.27241075843e-08 2.26814841895e-05
1.5 4.2724402713e-08 3.60193248548e-05
1.5 4.27240092085e-08 4.2248087615e-05
1.5 4.27245010897e-08 5.55865941303e-05
1.5 4.2723910833e-08 6.18145245639e-05
1.5 4.27245994666e-08 7.51540298549e-05
1.5 4.27238124577e-08 8.13807950726e-05
1.5 4.27246978437e-08 9.47216320637e-05
1.5 4.27237140826e-08 0.000100946899125
1.5 4.27247962211e-08 0.000114289400742
lowest error 1.6 5.211347098e-07
1.6 5.211347098e-07 1.2390054672e-05
1.6 5.21133509845e-07 4.52730315073e-05
1.6 5.21135909759e-07 7.0051695213e-05
1.6 5.21132309892e-07 0.000102937563308
1.6 5.2113710972e-07 0.000127711890154
1.6 5.21131109942e-07 0.000160603540871
1.6 5.21138309684e-07 0.00018537063953
1.6 5.21129909995e-07 0.00021827096418
1.6 5.21139509651e-07 0.000243027943376
1.6 5.2112871005e-07 0.000275939833271
1.6 5.2114070962e-07 0.000300683801679
1.6 5.21127510108e-07 0.00033361014818
lowest error 1.6 4.85313083982e-08
1.6 4.85313083982e-08 2.42738370559e-06
1.6 4.85311966509e-08 1.41276355516e-05
1.6 4.85314201458e-08 1.89825221093e-05
1.6 4.85310849038e-08 3.06825356491e-05
1.6 4.85315318937e-08 3.55377796901e-05
1.6 4.8530973157e-08 4.72373165872e-05
1.6 4.85316436418e-08 5.2093156433e-05
1.6 4.85308614104e-08 6.37919783668e-05
1.6 4.85317553902e-08 6.864865234e-05
1.6 4.85307496641e-08 8.03465209889e-05
1.6 4.85318671388e-08 8.52042674109e-05
1.6 4.85306379181e-08 9.69009444396e-05
lowest error 1.7 4.41990566289e-07
1.7 4.41990566289e-07 2.68292483785e-07
1.7 4.41989548569e-07 4.60024324473e-05
1.7 4.41991584011e-07 4.65380866141e-05
1.7 4.41988530852e-07 9.22740882814e-05
1.7 4.41992601736e-07 9.28069499215e-05
1.7 4.41987513137e-07 0.000138546674995
1.7 4.41993619462e-07 0.000139074882424
1.7 4.41986495424e-07 0.000184820192607
1.7 4.41994637191e-07 0.00018534188414
1.7 4.41985477714e-07 0.000231094641136
1.7 4.41995654923e-07 0.000231607955088
1.7 4.41984460006e-07 0.0002773700206
lowest error 1.7 5.41596688168e-08
1.7 5.41596688168e-08 3.42979904921e-06
1.7 5.41597935242e-08 1.58554585021e-05
1.7 5.41595441097e-08 2.27148948966e-05
1.7 5.41599182319e-08 3.51408777579e-05
1.7 5.41594194029e-08 4.19998290417e-05
1.7 5.41600429398e-08 5.44264587208e-05
1.7 5.41592946964e-08 6.12846014856e-05
1.7 5.41601676481e-08 7.37122013739e-05
1.7 5.41591699901e-08 8.05692122126e-05
1.7 5.41602923566e-08 9.29981057536e-05
1.7 5.41590452842e-08 9.98536612586e-05
1.7 5.41604170655e-08 0.000112284171844
lowest error 1.8 4.07666476755e-07
1.8 4.07666476755e-07 1.90256424455e-05
1.8 4.07665538069e-07 3.58943816661e-05
1.8 4.07667415443e-07 7.39443551336e-05
1.8 4.07664599386e-07 9.08157171846e-05
1.8 4.07668354133e-07 0.000128861756527
1.8 4.07663660704e-07 0.000145738364139
1.8 4.07669292825e-07 0.000183777846608
1.8 4.07662722025e-07 0.000200662322563
1.8 4.07670231519e-07 0.000238692625408
1.8 4.07661783348e-07 0.000255587592486
1.8 4.07671170215e-07 0.000293606092959
1.8 4.07660844673e-07 0.000310514173893
lowest error 1.8 6.19946196703e-08
1.8 6.19946196703e-08 6.53577831544e-06
1.8 6.19947624184e-08 1.00595009491e-05
1.8 6.19944769226e-08 2.31309378251e-05
1.8 6.19949051667e-08 2.66548999543e-05
1.8 6.19943341752e-08 3.97259776106e-05
1.8 6.19950479154e-08 4.3250418702e-05
1.8 6.19941914281e-08 5.63208976576e-05
1.8 6.19951906645e-08 5.98460571917e-05
1.8 6.19940486814e-08 7.29156979671e-05
1.8 6.19953334138e-08 7.64418154251e-05
1.8 6.1993905935e-08 8.95103785399e-05
1.8 6.19954761635e-08 9.30376934027e-05
lowest error 1.9 3.78935243996e-07
1.9 3.78935243996e-07 1.17639775308e-05
1.9 3.78936116528e-07 1.6477777748e-05
1.9 3.78934371467e-07 4.00060795931e-05
1.9 3.78936989062e-07 4.47191862221e-05
1.9 3.78933498939e-07 6.82485284433e-05
1.9 3.78937861597e-07 7.29602479463e-05
1.9 3.78932626413e-07 9.64913240855e-05
1.9 3.78938734135e-07 0.000101200962899
1.9 3.7893175389e-07 0.000124734466525
1.9 3.78939606675e-07 0.000129441331086
1.9 3.78930881368e-07 0.000152977955739
1.9 3.78940479216e-07 0.00015768135251
lowest error 1.9 7.18796576542e-08
1.9 7.18796576542e-08 1.92069661864e-06
1.9 7.18794921454e-08 1.34675812529e-05
1.9 7.18798231634e-08 1.73090774469e-05
1.9 7.18793266369e-08 2.88557561681e-05
1.9 7.1879988673e-08 3.2697561219e-05
1.9 7.18791611288e-08 4.42438281283e-05
1.9 7.1880154183e-08 4.80861479626e-05
1.9 7.18789956211e-08 5.96317971335e-05
1.9 7.18803196934e-08 6.34748376651e-05
1.9 7.18788301138e-08 7.50196631718e-05
1.9 7.18804852041e-08 7.88636303271e-05
1.9 7.18786646069e-08 9.04074262698e-05
lowest error 2.0 3.18375763897e-07
2.0 3.18375763897e-07 1.58406357702e-05
2.0 3.1837503081e-07 1.84509210164e-05
2.0 3.18376496985e-07 5.01316812951e-05
2.0 3.18374297726e-07 5.27429890411e-05
2.0 3.18377230075e-07 8.44222155663e-05
2.0 3.18373564643e-07 8.70355683742e-05
2.0 3.18377963166e-07 0.000118712238591
2.0 3.18372831561e-07 0.000121328658991
2.0 3.18378696259e-07 0.000153001750377
2.0 3.18372098481e-07 0.0001556222609
2.0 3.18379429354e-07 0.000187290750933
2.0 3.18371365403e-07 0.000189916374108
lowest error 2.0 7.99254334119e-08
2.0 7.99254334119e-08 3.99979493304e-06
2.0 7.99256174472e-08 7.35590420087e-06
2.0 7.9925249377e-08 1.53554380007e-05
2.0 7.99258014829e-08 1.8711659401e-05
2.0 7.99250653425e-08 2.67110250025e-05
2.0 7.99259855191e-08 3.0067470667e-05
2.0 7.99248813084e-08 3.80665559296e-05
2.0 7.99261695557e-08 4.142333799e-05
2.0 7.99246972748e-08 4.94220308016e-05
2.0 7.99263535927e-08 5.27792613898e-05
2.0 7.99245132416e-08 6.07774496091e-05
2.0 7.99265376302e-08 6.41352408572e-05
lowest error 2.1 2.57982353272e-07
2.1 2.57982353272e-07 9.80883992252e-06
2.1 2.57982947299e-07 1.32696267241e-05
2.1 2.57981759247e-07 3.2887538163e-05
2.1 2.57983541328e-07 3.63478618199e-05
2.1 2.57981165223e-07 5.59664679791e-05
2.1 2.57984135358e-07 5.94258653477e-05
2.1 2.579805712e-07 7.90456293731e-05
2.1 2.57984729389e-07 8.25036373087e-05
2.1 2.57979977178e-07 0.000102125022348
2.1 2.57985323421e-07 0.000105581177706
2.1 2.57979383158e-07 0.000125204646905
2.1 2.57985917455e-07 0.000128658486541
lowest error 2.1 9.77646838057e-08
2.1 9.77646838057e-08 3.62728375736e-06
2.1 9.77644586945e-08 7.99265871221e-06
2.1 9.77649089175e-08 1.52472849333e-05
2.1 9.77642335837e-08 1.96125424763e-05
2.1 9.77651340298e-08 2.68673448147e-05
2.1 9.77640084735e-08 3.12323675247e-05
2.1 9.77653591425e-08 3.8487463403e-05
2.1 9.77637833638e-08 4.28521338787e-05
2.1 9.77655842559e-08 5.01076406878e-05
2.1 9.77635582547e-08 5.44718415276e-05
2.1 9.77658093697e-08 6.17278766897e-05
2.1 9.7763333146e-08 6.60914904724e-05
lowest error 2.2 1.92291461377e-07
2.2 1.92291461377e-07 1.41205617865e-07
2.2 1.9229101861e-07 2.68187673358e-06
2.2 1.92291904145e-07 2.96428450053e-06
2.2 1.92290575844e-07 5.50496254936e-06
2.2 1.92292346914e-07 5.78735992107e-06
2.2 1.9229013308e-07 8.32805183038e-06
2.2 1.92292789684e-07 8.61043187683e-06
2.2 1.92289690316e-07 1.11511445766e-05
2.2 1.92293232455e-07 1.14335003669e-05
2.2 1.92289247553e-07 1.39742407881e-05
2.2 1.92293675227e-07 1.42565653922e-05
2.2 1.92288804791e-07 1.67973404643e-05
lowest error 2.2 1.32821383609e-07
2.2 1.32821383609e-07 1.42071170162e-06
2.2 1.32821077777e-07 1.66827693926e-06
2.2 1.32821689442e-07 4.50970448806e-06
2.2 1.32820771945e-07 4.75726143101e-06
2.2 1.32821995275e-07 7.59870142586e-06
2.2 1.32820466114e-07 7.84624177452e-06
2.2 1.3282230111e-07 1.06877025123e-05
2.2 1.32820160284e-07 1.09352179694e-05
2.2 1.32822606945e-07 1.37767077475e-05
2.2 1.32819854455e-07 1.40241900159e-05
2.2 1.3282291278e-07 1.68657171313e-05
2.2 1.32819548626e-07 1.71131579103e-05
