lowest error 0.002 2.11494949071e-06
0.002 2.11494949071e-06 0.000131244565214
0.002 2.11495923043e-06 0.000137300437739
0.002 2.11493975103e-06 0.000399820925117
0.002 2.1149689702e-06 0.000405814087649
0.002 2.11493001139e-06 0.000668428645518
0.002 2.11497871002e-06 0.000674296388025
0.002 2.1149202718e-06 0.000937067729947
0.002 2.11498844988e-06 0.000942747342433
0.002 2.11491053226e-06 0.00120573818235
0.002 2.11499818978e-06 0.00121116695474
0.002 2.11490079276e-06 0.00147444000622
0.002 2.11500792973e-06 0.00147955522855
lowest error 0.002 6.43715549484e-15
0.002 6.43715549484e-15 6.76111849618e-06
0.002 6.43718513911e-15 1.40456267381e-05
0.002 6.43712585072e-15 2.75676754868e-05
0.002 6.43721478351e-15 3.48525601992e-05
0.002 6.43709620672e-15 4.83740442725e-05
0.002 6.43724442805e-15 5.56596818893e-05
0.002 6.43706656287e-15 6.91802248363e-05
0.002 6.43727407272e-15 7.64669918092e-05
0.002 6.43703691915e-15 8.99862171799e-05
0.002 6.43730371753e-15 9.72744899612e-05
0.002 6.43700727557e-15 0.000110792021305
0.002 6.43733336248e-15 0.000118082176348
lowest error 0.005 3.24868796828e-07
0.005 3.24868796828e-07 6.43587551603e-05
0.005 3.24867300756e-07 0.000112982687593
0.005 3.24870292908e-07 0.000241686524762
0.005 3.2486580469e-07 0.000290337804731
0.005 3.24871788994e-07 0.000419000622183
0.005 3.24864308631e-07 0.000467706597213
0.005 3.24873285088e-07 0.00059630104841
0.005 3.24862812579e-07 0.000645089065999
0.005 3.24874781188e-07 0.00077358780463
0.005 3.24861316534e-07 0.000822485212325
0.005 3.24876277295e-07 0.000950860891829
0.005 3.24859820496e-07 0.000999895037168
lowest error 0.005 2.73390865573e-15
0.005 2.73390865573e-15 1.08983123952e-05
0.005 2.73392124588e-15 1.32114308071e-05
0.005 2.73389606565e-15 3.5007802869e-05
0.005 2.73393383608e-15 3.73214267411e-05
0.005 2.73388347562e-15 5.91170405948e-05
0.005 2.73394642634e-15 6.14316754088e-05
0.005 2.73387088565e-15 8.32260256192e-05
0.005 2.73395901666e-15 8.55421768136e-05
0.005 2.73385829574e-15 0.000107334757922
0.005 2.73397160703e-15 0.000109652930958
0.005 2.73384570588e-15 0.000131443237506
0.005 2.73398419746e-15 0.000133763937823
lowest error 0.01 1.30746478351e-07
0.01 1.30746478351e-07 2.96392689756e-05
0.01 1.30745876243e-07 0.000202316137659
0.01 1.30747080462e-07 0.00026157128482
0.01 1.30745274137e-07 0.000434294937338
0.01 1.30747682576e-07 0.000493479912445
0.01 1.30744672034e-07 0.000666297132318
0.01 1.30748284693e-07 0.000725365154097
0.01 1.30744069934e-07 0.000898322725168
0.01 1.30748886812e-07 0.000957227012034
0.01 1.30743467837e-07 0.00113037171814
0.01 1.30749488935e-07 0.00118906548882
0.01 1.30742865742e-07 0.00136244411349
lowest error 0.01 1.40696080804e-15
0.01 1.40696080804e-15 7.52743053489e-06
0.01 1.40696728735e-15 1.14736821897e-05
0.01 1.40695432876e-15 2.65283862859e-05
0.01 1.40697376668e-15 3.04749518896e-05
0.01 1.40694784951e-15 4.55291850634e-05
0.01 1.40698024605e-15 4.94763785661e-05
0.01 1.40694137029e-15 6.45298268691e-05
0.01 1.40698672545e-15 6.84779622038e-05
0.01 1.4069348911e-15 8.3530311688e-05
0.01 1.40699320488e-15 8.74797028381e-05
0.01 1.40692841194e-15 0.000102530639555
0.01 1.40699968434e-15 0.000106481600453
lowest error 0.05 4.40370278645e-09
0.05 4.40370278645e-09 9.0714338445e-05
0.05 4.4036825067e-09 0.000102606551871
0.05 4.4037230663e-09 0.000284018980366
0.05 4.40366222704e-09 0.000295943691771
0.05 4.40374334624e-09 0.000477307375266
0.05 4.40364194747e-09 0.000489297082967
0.05 4.40376362627e-09 0.000670579524504
0.05 4.403621668e-09 0.000682666726652
0.05 4.4037839064e-09 0.000863835429448
0.05 4.40360138861e-09 0.000876052624189
0.05 4.40380418662e-09 0.00105707509129
0.05 4.40358110933e-09 0.00106945477695
lowest error 0.05 3.04790902574e-16
0.05 3.04790902574e-16 3.95546056886e-06
0.05 3.04789498963e-16 1.35176134339e-05
0.05 3.04792306191e-16 2.14286673148e-05
0.05 3.04788095359e-16 3.09905546945e-05
0.05 3.04793709814e-16 3.89020068061e-05
0.05 3.04786691761e-16 4.84633632136e-05
0.05 3.04795113445e-16 5.63754790268e-05
0.05 3.04785288169e-16 6.59360389914e-05
0.05 3.04796517081e-16 7.38490840102e-05
0.05 3.04783884584e-16 8.34085820149e-05
0.05 3.04797920724e-16 9.13228217403e-05
0.05 3.04782481006e-16 0.000100880992315
lowest error 0.1 1.62969375001e-09
0.1 1.62969375001e-09 7.32944826165e-05
0.1 1.62968624501e-09 0.000135091914402
0.1 1.62970125504e-09 0.000281662000355
0.1 1.62967874004e-09 0.000343497192408
0.1 1.62970876011e-09 0.000490010640342
0.1 1.62967123511e-09 0.000551921353115
0.1 1.62971626521e-09 0.000698340404657
0.1 1.62966373021e-09 0.00076036439823
0.1 1.62972377035e-09 0.000906651294822
0.1 1.62965622535e-09 0.000968826329286
0.1 1.62973127552e-09 0.00111494331255
0.1 1.62964872053e-09 0.00117730714835
lowest error 0.1 5.48726582931e-16
0.1 5.48726582931e-16 2.68534994596e-06
0.1 5.48724055957e-16 4.57639506646e-06
0.1 3.58428058662e-16 7.06784528504e-06
0.1 5.48729109916e-16 9.94707202473e-06
0.1 5.48721528995e-16 1.18381630059e-05
0.1 3.58426408044e-16 1.51249314819e-05
0.1 5.48731636912e-16 1.72087711827e-05
0.1 5.48719002045e-16 1.90999538732e-05
0.1 6.44095107057e-16 2.12293428437e-05
0.1 5.48734163921e-16 2.44704474133e-05
0.1 5.48716475106e-16 2.63617676683e-05
0.1 6.44098073231e-16 2.79711069289e-05
lowest error 0.15 6.55822028262e-10
0.15 6.55822028262e-10 0.00014318747077
0.15 6.55825048441e-10 0.000399377190185
0.15 6.55819008097e-10 0.000685880143699
0.15 6.55828068634e-10 0.000941813868885
0.15 6.55815987945e-10 0.00122870085881
0.15 6.5583108884e-10 0.00148412259648
0.15 6.55812967808e-10 0.0017716496463
0.15 6.55834109061e-10 0.00202630340266
0.15 6.55809947685e-10 0.00231472653639
0.15 6.55837129296e-10 0.00256835631762
0.15 6.55806927575e-10 0.00285793155883
0.15 6.55840149544e-10 0.0031102813715
lowest error 0.15 4.64485327782e-16
0.15 4.64485327782e-16 9.00387453306e-06
0.15 4.64483188753e-16 1.09088512739e-05
0.15 4.64487466821e-16 2.8916772739e-05
0.15 4.64481049733e-16 3.08214046649e-05
0.15 4.64489605869e-16 4.88298433456e-05
0.15 4.64478910724e-16 5.0733785677e-05
0.15 4.64491744928e-16 6.87430863548e-05
0.15 4.64476771724e-16 7.0645994295e-05
0.15 4.64493883996e-16 8.86565017684e-05
0.15 4.64474632735e-16 9.05580305188e-05
0.15 4.64496023075e-16 0.000108570089587
0.15 4.64472493755e-16 0.000110469894351
lowest error 0.2 4.00704297308e-10
0.2 4.00704297308e-10 5.88659292644e-06
0.2 4.00706142624e-10 0.000211159083595
0.2 4.00702452001e-10 0.000222952753426
0.2 4.00707987948e-10 0.000428184278066
0.2 4.00700606702e-10 0.000440039399833
0.2 4.00709833281e-10 0.000645188992423
0.2 4.00698761412e-10 0.00065714653409
0.2 4.00711678622e-10 0.000862173228413
0.2 4.0069691613e-10 0.000874274157933
0.2 4.00713523972e-10 0.00107913698835
0.2 4.00695070857e-10 0.00109142227368
0.2 4.0071536933e-10 0.00129608027396
lowest error 0.2 3.77285400506e-16
0.2 3.77285400506e-16 7.25481128727e-06
0.2 3.77283663047e-16 1.13951283685e-05
0.2 3.77287137974e-16 2.590490217e-05
0.2 3.77281925595e-16 3.00449167985e-05
0.2 3.77288875449e-16 4.45551442807e-05
0.2 3.77280188152e-16 4.86945540037e-05
0.2 3.77290612932e-16 6.32055376211e-05
0.2 3.77278450716e-16 6.73440399694e-05
0.2 3.77292350424e-16 8.18560821751e-05
0.2 3.77276713289e-16 8.59933747299e-05
0.2 3.77294087923e-16 0.000100506777978
0.2 3.77274975869e-16 0.000104642558269
lowest error 0.25 7.59129729739e-11
0.25 7.59129729739e-11 7.77160819321e-05
0.25 7.59133225669e-11 0.000197866565399
0.25 7.59126233825e-11 0.000353331752013
0.25 7.59136721614e-11 0.000473416193692
0.25 7.59122737928e-11 0.000628980448805
0.25 7.59140217576e-11 0.000748932807389
0.25 7.59119242047e-11 0.000904662176263
0.25 7.59143713554e-11 0.0010244164102
0.25 7.59115746181e-11 0.00118037693835
0.25 7.59147209548e-11 0.00129986700609
0.25 7.59112250332e-11 0.00145612473902
0.25 7.59150705558e-11 0.001575284599
lowest error 0.25 1.62465069248e-16
0.25 1.62465069248e-16 6.43095544506e-06
0.25 1.6246432107e-16 1.32860544078e-05
0.25 1.62465817429e-16 2.61481343258e-05
0.25 1.62463572896e-16 3.30028952353e-05
0.25 1.62466565613e-16 4.58654822171e-05
0.25 1.62462824725e-16 5.27195670381e-05
0.25 1.62467313801e-16 6.55829991567e-05
0.25 1.62462076558e-16 7.24360698183e-05
0.25 1.62468061992e-16 8.53006851274e-05
0.25 1.62461328394e-16 9.21524035595e-05
0.25 1.62468810187e-16 0.000105018540131
0.25 1.62460580234e-16 0.000111868568298
lowest error 0.3 5.5441886573e-11
0.3 5.5441886573e-11 3.82048998708e-05
0.3 5.54416312542e-11 0.000100166261638
0.3 5.54421418929e-11 0.000176567737143
0.3 5.54413759367e-11 0.000238545747886
0.3 5.5442397214e-11 0.000314922250681
0.3 5.54411206203e-11 0.000376933559372
0.3 5.54426525362e-11 0.00045326844086
0.3 5.54408653051e-11 0.000515329696474
0.3 5.54429078597e-11 0.000591606308426
0.3 5.5440609991e-11 0.000653734159938
0.3 5.54431631843e-11 0.00072993585376
0.3 5.54403546782e-11 0.000792146950145
lowest error 0.3 1.51037225781e-16
0.3 1.51037225781e-16 4.97450485115e-06
0.3 1.51037921335e-16 1.53712525779e-05
0.3 1.5103653023e-16 2.53200823028e-05
0.3 1.51038616892e-16 3.57171899852e-05
0.3 1.51035834683e-16 4.56654797611e-05
0.3 1.51039312452e-16 5.6063307373e-05
0.3 1.51035139139e-16 6.60106972643e-05
0.3 1.51040008015e-16 7.64096047425e-05
0.3 1.51034443598e-16 8.63557347945e-05
0.3 1.51040703582e-16 9.6756082077e-05
0.3 1.5103374806e-16 0.000106700592354
0.3 1.51041399151e-16 0.000117102739415
lowest error 0.35 3.92704610427e-11
0.35 3.92704610427e-11 4.90506904152e-05
0.35 3.92706418902e-11 0.000167711002358
0.35 3.92702801959e-11 0.000265832813213
0.35 3.92708227386e-11 0.000384452267032
0.35 3.927009935e-11 0.000482635367962
0.35 3.92710035879e-11 0.00060117310553
0.35 3.92699185049e-11 0.000699458356395
0.35 3.9271184438e-11 0.00081787351978
0.35 3.92697376607e-11 0.000916301780822
0.35 3.92713652889e-11 0.00103455351151
0.35 3.92695568173e-11 0.00113316564298
0.35 3.92715461406e-11 0.00125121308304
lowest error 0.35 1.62842589555e-16
0.35 1.62842589555e-16 2.37744712628e-06
0.35 1.62841839639e-16 1.93981495649e-05
0.35 1.62843339475e-16 2.41532500023e-05
0.35 1.62841089727e-16 4.1173540112e-05
0.35 1.62844089398e-16 4.59292590462e-05
0.35 1.62840339817e-16 6.29487244974e-05
0.35 1.62844839324e-16 6.7705474259e-05
0.35 1.62839589912e-16 8.47237027228e-05
0.35 1.62845589254e-16 8.9481895643e-05
0.35 1.62838840009e-16 0.000106498474791
0.35 1.62846339188e-16 0.0001112585232
0.35 1.62838090111e-16 0.000128273040704
lowest error 0.4 3.05059110782e-11
0.4 3.05059110782e-11 5.74391639976e-05
0.4 3.05060515635e-11 0.000260570172339
0.4 3.05057705936e-11 0.000375492474856
0.4 3.05061920493e-11 0.000578535539952
0.4 3.05056301097e-11 0.000693589766313
0.4 3.05063325359e-11 0.000896456945487
0.4 3.05054896264e-11 0.00101173104445
0.4 3.0506473023e-11 0.00121433439474
0.4 3.05053491438e-11 0.00132991631536
0.4 3.05066135109e-11 0.00153216789379
0.4 3.05052086618e-11 0.00164814558483
0.4 3.05067539993e-11 0.0018499574487
lowest error 0.4 1.68749307778e-16
0.4 1.68749307778e-16 1.43513989004e-06
0.4 1.68750084899e-16 1.91076231877e-05
0.4 1.68748530661e-16 2.19777194896e-05
0.4 1.68750862024e-16 3.96505697284e-05
0.4 1.68747753547e-16 4.25201156116e-05
0.4 1.68751639152e-16 6.01936997695e-05
0.4 1.68746976437e-16 6.30623282576e-05
0.4 1.68752416284e-16 8.07370132945e-05
0.4 1.6874619933e-16 8.36043574299e-05
0.4 1.6875319342e-16 0.000101280510305
0.4 1.68745422227e-16 0.000104146203112
0.4 1.68753970558e-16 0.000121824190803
lowest error 0.45 2.69020886822e-11
0.45 2.69020886822e-11 0.000143995342613
0.45 2.69019647938e-11 0.000282575899701
0.45 2.69022125712e-11 0.000570487480282
0.45 2.69018409059e-11 0.000709226261331
0.45 2.69023364607e-11 0.000996900527984
0.45 2.69017170187e-11 0.00113595575693
0.45 2.69024603508e-11 0.00142323450038
0.45 2.6901593132e-11 0.00156276440083
0.45 2.69025842415e-11 0.00184948941176
0.45 2.69014692458e-11 0.00198965220845
0.45 2.69027081328e-11 0.00227566527754
0.45 2.69013453603e-11 0.0024166191941
lowest error 0.45 1.9326980123e-16
0.45 1.9326980123e-16 6.73995720124e-06
0.45 1.93270691272e-16 1.4602100618e-05
0.45 1.93268911192e-16 2.80818169851e-05
0.45 1.93271581319e-16 3.59443564735e-05
0.45 1.93268021158e-16 4.94234787176e-05
0.45 1.93272471369e-16 5.72868103688e-05
0.45 1.93267131128e-16 7.0764942437e-05
0.45 1.93273361424e-16 7.86294623039e-05
0.45 1.93266241102e-16 9.21062081267e-05
0.45 1.93274251483e-16 9.99723122814e-05
0.45 1.9326535108e-16 0.00011344727579
0.45 1.93275141546e-16 0.000121315360285
lowest error 0.5 2.25275519565e-11
0.5 2.25275519565e-11 3.35607708073e-05
0.5 2.25276557e-11 9.13117722243e-05
0.5 2.25274482136e-11 0.00015844009385
0.5 2.25277594439e-11 0.000216177535834
0.5 2.25273444711e-11 0.000283326197161
0.5 2.25278631883e-11 0.00034103652028
0.5 2.2527240729e-11 0.000408219081109
0.5 2.25279669332e-11 0.000465888725929
0.5 2.25271369875e-11 0.000533118746063
0.5 2.25280706785e-11 0.000590734153151
0.5 2.25270332464e-11 0.000658025192389
0.5 2.25281744244e-11 0.000715572802311
lowest error 0.5 2.16538936763e-16
0.5 2.16538936763e-16 8.97599255456e-06
0.5 2.16537939566e-16 1.21595930538e-05
0.5 2.16539933964e-16 3.01117724062e-05
0.5 2.16536942375e-16 3.32949844593e-05
0.5 2.16540931169e-16 5.12477464834e-05
0.5 2.16535945187e-16 5.44301816441e-05
0.5 2.16541928379e-16 7.23839147883e-05
0.5 2.16534948005e-16 7.556518461e-05
0.5 2.16542925594e-16 9.35202773231e-05
0.5 2.16533950827e-16 9.66999933594e-05
0.5 2.16543922813e-16 0.000114656834088
0.5 2.16532953653e-16 0.000117834607893
lowest error 0.55 1.64889119917e-11
0.55 1.64889119917e-11 5.31923240574e-05
0.55 1.64889879261e-11 0.000124845189411
0.55 1.64888360577e-11 0.000231243619891
0.55 1.64890638609e-11 0.000302868921898
0.55 1.64887601239e-11 0.000409308699
0.55 1.6489139796e-11 0.000480878874309
0.55 1.64886841906e-11 0.000587387562451
0.55 1.64892157315e-11 0.000658875047717
0.55 1.64886082575e-11 0.000765480211309
0.55 1.64892916673e-11 0.000836857443181
0.55 1.64885323249e-11 0.000943586646642
0.55 1.64893676035e-11 0.00101482606177
lowest error 0.55 2.09379423647e-16
0.55 2.09379423647e-16 8.45824910556e-06
0.55 2.09380387877e-16 1.13702420186e-05
0.55 2.09378459421e-16 2.82865692696e-05
0.55 2.09381352112e-16 3.11989040864e-05
0.55 2.093774952e-16 4.81147185103e-05
0.55 2.09382316351e-16 5.10277370993e-05
0.55 2.09376530983e-16 6.79426968122e-05
0.55 2.09383280594e-16 7.08567410586e-05
0.55 2.09375566771e-16 8.77705041762e-05
0.55 2.09384244842e-16 9.06859159659e-05
0.55 2.09374602563e-16 0.000107598140604
0.55 2.09385209094e-16 0.000110515261805
lowest error 0.6 8.01678063388e-12
0.6 8.01678063388e-12 4.41373578242e-05
0.6 8.0168175526e-12 0.000226298208637
0.6 8.01674371532e-12 0.000314604725413
0.6 8.0168544715e-12 0.000496701977711
0.6 8.01670679694e-12 0.000585103897865
0.6 8.01689139056e-12 0.000767073953133
0.6 8.01666987872e-12 0.000855634878685
0.6 8.01692830979e-12 0.00103741413841
0.6 8.01663296068e-12 0.00112619767209
0.6 8.0169652292e-12 0.00130772253775
0.6 8.01659604281e-12 0.00139679228159
0.6 8.01700214877e-12 0.00157799915465
lowest error 0.6 1.78908098542e-16
0.6 1.78908098542e-16 9.93854584319e-06
0.6 1.78907274642e-16 1.06250629806e-05
0.6 1.78908922446e-16 3.05023385212e-05
0.6 1.78906450745e-16 3.11884879527e-05
0.6 1.78909746354e-16 5.10663150548e-05
0.6 1.78905626852e-16 5.17517290555e-05
0.6 1.78910570266e-16 7.16304754458e-05
0.6 1.78904802963e-16 7.23147863275e-05
0.6 1.78911394181e-16 9.21948196768e-05
0.6 1.78903979078e-16 9.28776597529e-05
0.6 1.78912218101e-16 0.000112759347787
0.6 1.78903155197e-16 0.000113440349332
lowest error 0.65 7.00480419539e-12
0.65 7.00480419539e-12 5.9207687602e-05
0.65 7.00477193715e-12 0.000100020665513
0.65 7.00483645378e-12 0.000218425018003
0.65 7.00473967906e-12 0.000259260042386
0.65 7.00486871232e-12 0.000377631326311
0.65 7.00470742111e-12 0.00041851044364
0.65 7.004900971e-12 0.000536826613291
0.65 7.00467516332e-12 0.000577771870039
0.65 7.00493322984e-12 0.000696010879707
0.65 7.00464290567e-12 0.000737044322346
0.65 7.00496548882e-12 0.000855184126319
0.65 7.00461064817e-12 0.000896327801323
lowest error 0.65 9.12191455739e-17
0.65 9.12191455739e-17 4.40013341274e-06
0.65 9.12187254952e-17 3.68436730556e-05
0.65 9.12195656545e-17 4.56446794068e-05
0.65 9.12183054184e-17 7.80867398635e-05
0.65 9.12199857371e-17 8.68899650865e-05
0.65 9.12178853435e-17 0.000119329067099
0.65 9.12204058217e-17 0.00012813599032
0.65 9.12174652706e-17 0.000160570654848
0.65 9.12208259081e-17 0.000169382755265
0.65 9.12170451996e-17 0.000201811502977
0.65 9.12212459965e-17 0.000210630259789
0.65 9.12166251306e-17 0.000243051611647
lowest error 0.7 4.0062495677e-12
0.7 4.0062495677e-12 7.44873161946e-05
0.7 4.00623111828e-12 0.000106463754589
0.7 4.00626801721e-12 0.000255424151422
0.7 4.00621266895e-12 0.000287429062042
0.7 4.00628646679e-12 0.000436346752053
0.7 4.0061942197e-12 0.000468408607292
0.7 4.00630491647e-12 0.000617255119531
0.7 4.00617577054e-12 0.000649402391455
0.7 4.00632336623e-12 0.000798149254813
0.7 4.00615732146e-12 0.000830410415492
0.7 4.00634181607e-12 0.000979029159021
0.7 4.00613887247e-12 0.00101143268085
lowest error 0.7 7.19724024919e-17
0.7 7.19724024919e-17 1.59257837287e-05
0.7 7.19720710475e-17 2.79730493697e-05
0.7 7.19727339379e-17 5.98254547883e-05
0.7 7.19717396047e-17 7.18710446792e-05
0.7 7.19730653853e-17 0.000103725963668
0.7 7.19714081633e-17 0.000115768202059
0.7 7.19733968343e-17 0.000147627310465
0.7 7.19710767235e-17 0.000159664521683
0.7 7.19737282848e-17 0.000191529495269
0.7 7.19707452852e-17 0.000203560003409
0.7 7.19740597368e-17 0.000235432517942
0.7 7.19704138484e-17 0.000247454647333
lowest error 0.75 1.67113678889e-12
0.75 1.67113678889e-12 1.2332863776e-05
0.75 1.67112909304e-12 0.000153303537128
0.75 1.67114448478e-12 0.000177957336886
0.75 1.67112139722e-12 0.000318951866539
0.75 1.6711521807e-12 0.000343569883356
0.75 1.67111370144e-12 0.000484612125315
0.75 1.67115987666e-12 0.000509170503895
0.75 1.67110600569e-12 0.000650284314315
0.75 1.67116757265e-12 0.000674759199363
0.75 1.67109830999e-12 0.000815968434399
0.75 1.67117526868e-12 0.000840335970619
0.75 1.67109061431e-12 0.000981664486279
lowest error 0.75 4.86490092307e-17
0.75 4.86490092307e-17 5.51592471387e-06
0.75 4.86487851943e-17 1.4133224985e-05
0.75 4.86492332682e-17 2.51652423136e-05
0.75 4.86485611589e-17 3.37822068541e-05
0.75 4.86494573067e-17 4.48147277461e-05
0.75 4.86483371245e-17 5.3431020826e-05
0.75 4.86496813463e-17 6.44643810817e-05
0.75 4.86481130911e-17 7.30796669357e-05
0.75 4.86499053869e-17 8.41142022523e-05
0.75 4.86478890588e-17 9.27281452205e-05
0.75 4.86501294285e-17 0.000103764191295
0.75 4.86476650275e-17 0.000112376455612
lowest error 0.8 1.23668758225e-12
0.8 1.23668758225e-12 2.5376114074e-05
0.8 1.23669327742e-12 5.69933535064e-05
0.8 1.23668188711e-12 0.000107748531609
0.8 1.23669897262e-12 0.000139359871237
0.8 1.23667619199e-12 0.000190123899133
0.8 1.23670466784e-12 0.000221723439223
0.8 1.2366704969e-12 0.000272502216899
0.8 1.23671036309e-12 0.000304084057571
0.8 1.23666480183e-12 0.000354883484932
0.8 1.23671605836e-12 0.000386441726313
0.8 1.23665910679e-12 0.000437267703345
0.8 1.23672175366e-12 0.000468796445701
lowest error 0.8 5.73825706416e-17
0.8 5.73825706416e-17 7.18146964962e-06
0.8 5.73823063857e-17 1.16476580159e-05
0.8 5.73828348987e-17 2.60107514287e-05
0.8 5.7382042131e-17 3.04766315025e-05
0.8 5.7383099157e-17 4.48401873556e-05
0.8 5.73817778775e-17 4.93054508777e-05
0.8 5.73833634166e-17 6.36697774654e-05
0.8 5.73815136253e-17 6.81341160766e-05
0.8 5.73836276773e-17 8.24995216928e-05
0.8 5.73812493743e-17 8.69626271673e-05
0.8 5.73838919393e-17 0.000101329420105
0.8 5.73809851245e-17 0.000105790984084
lowest error 0.81 2.06529455474e-12
0.81 2.06529455474e-12 1.75998253957e-05
0.81 2.0653040658e-12 5.4383357377e-05
0.81 2.06528504373e-12 8.95852610827e-05
0.81 2.06531357689e-12 0.000126364287242
0.81 2.06527553276e-12 0.000161572949753
0.81 2.06532308804e-12 0.0001983429644
0.81 2.06526602184e-12 0.000233562891478
0.81 2.06533259922e-12 0.000270319388854
0.81 2.06525651096e-12 0.000305555086326
0.81 2.06534211045e-12 0.000342293560678
0.81 2.06524700012e-12 0.000377549534372
0.81 2.06535162173e-12 0.000414265479939
lowest error 0.81 6.34106200671e-17
0.81 6.34106200671e-17 4.87292996443e-06
0.81 6.34103280511e-17 3.70456300605e-05
0.81 6.34109120845e-17 4.67922540612e-05
0.81 6.34100360364e-17 7.8963426176e-05
0.81 6.34112041032e-17 8.8712342095e-05
0.81 6.34097440231e-17 0.000120880458248
0.81 6.34114961233e-17 0.000130633194228
0.81 6.34094520111e-17 0.000162796726365
0.81 6.34117881447e-17 0.000172554810327
0.81 6.34091600005e-17 0.000204712230614
0.81 6.34120801674e-17 0.000214477190477
0.81 6.34088679912e-17 0.000246626970861
lowest error 0.82 2.14582351403e-12
0.82 2.14582351403e-12 4.17978178735e-07
0.82 2.14583339594e-12 0.000154487757317
0.82 2.14581363217e-12 0.000155334147466
0.82 2.14584327789e-12 0.000309383060003
0.82 2.14580375036e-12 0.000310260751105
0.82 2.14585315988e-12 0.000464267930443
0.82 2.14579386859e-12 0.000465197789802
0.82 2.14586304193e-12 0.000619142369338
0.82 2.14578398687e-12 0.00062014526426
0.82 2.14587292401e-12 0.000774006377392
0.82 2.14577410519e-12 0.000775103175182
0.82 2.14588280615e-12 0.000928859955308
lowest error 0.82 6.67430424687e-17
0.82 6.67430424687e-17 4.77412246003e-06
0.82 6.67433498325e-17 3.59170075366e-05
0.82 6.67427351063e-17 4.54645325685e-05
0.82 6.67436571977e-17 7.66088575062e-05
0.82 6.67424277454e-17 8.61542228745e-05
0.82 6.67439645643e-17 0.000117301427316
0.82 6.67421203858e-17 0.000126843193245
0.82 6.67442719323e-17 0.000157994717126
0.82 6.67418130277e-17 0.000167531443839
0.82 6.67445793017e-17 0.000198688726802
0.82 6.6741505671e-17 0.000208218974524
0.82 6.67448866726e-17 0.000239383456501
lowest error 0.83 2.2334899365e-12
0.83 2.2334899365e-12 5.30618325496e-05
0.83 2.23347965093e-12 6.27507825914e-05
0.83 2.23350022213e-12 0.000168868616301
0.83 2.2334693654e-12 0.000178569229416
0.83 2.2335105078e-12 0.000284669568957
0.83 2.23345907991e-12 0.000294393508114
0.83 2.23352079352e-12 0.000400464690811
0.83 2.23344879448e-12 0.000410223619186
0.83 2.23353107929e-12 0.000516253982155
0.83 2.23343850909e-12 0.000526059562822
0.83 2.2335413651e-12 0.000632037443182
0.83 2.23342822375e-12 0.000641901339316
lowest error 0.83 6.91528367178e-17
0.83 6.91528367178e-17 9.2033337844e-06
0.83 6.91531551791e-17 3.32177104476e-05
0.83 6.91525182579e-17 5.16235956174e-05
0.83 6.91534736419e-17 7.56395371684e-05
0.83 6.91521997995e-17 9.40430751402e-05
0.83 6.91537921061e-17 0.000118062146243
0.83 6.91518813426e-17 0.000136461772217
0.83 6.91541105718e-17 0.000160485537836
0.83 6.91515628872e-17 0.000178879687012
0.83 6.9154429039e-17 0.000202909711811
0.83 6.91512444332e-17 0.000221296819391
0.83 6.91547475077e-17 0.000245334668332
lowest error 0.84 1.50787034463e-12
0.84 1.50787034463e-12 1.11735414077e-06
0.84 1.50786340065e-12 7.86588654775e-05
0.84 1.50787728864e-12 8.08908067893e-05
0.84 1.50785645669e-12 0.000158437852159
0.84 1.50788423269e-12 0.000160661492566
0.84 1.50784951277e-12 0.000238219606004
0.84 1.50789117677e-12 0.000240429411495
0.84 1.50784256889e-12 0.000318004127031
0.84 1.50789812088e-12 0.000320194563814
0.84 1.50783562503e-12 0.000397791415483
0.84 1.50790506503e-12 0.000399956949551
0.84 1.50782868121e-12 0.000477581471383
lowest error 0.84 7.22633348889e-17
0.84 7.22633348889e-17 1.12323525627e-05
0.84 7.22636676746e-17 3.0592356802e-05
0.84 7.22630021047e-17 5.30563012955e-05
0.84 7.22640004618e-17 7.24178266647e-05
0.84 7.2262669322e-17 9.48794895588e-05
0.84 7.22643332506e-17 0.000114244057113
0.84 7.22623365409e-17 0.000136701917218
0.84 7.2264666041e-17 0.000156071048234
0.84 7.22620037613e-17 0.00017852358436
0.84 7.22649988328e-17 0.000197898799895
0.84 7.22616709833e-17 0.000220344491074
0.84 7.22653316262e-17 0.000239727312257
lowest error 0.85 2.0966696081e-12
0.85 2.0966696081e-12 6.50609990793e-05
0.85 2.09667926364e-12 6.79119619562e-05
0.85 2.0966599526e-12 0.000198041647967
0.85 2.09668891922e-12 0.000200877235468
0.85 2.09665029714e-12 0.000331029985388
0.85 2.09669857486e-12 0.000333834821897
0.85 2.09664064173e-12 0.000464026011667
0.85 2.09670823053e-12 0.000466784721691
0.85 2.09663098637e-12 0.000597029727249
0.85 2.09671788625e-12 0.000599726935293
0.85 2.09662133105e-12 0.000730041132579
0.85 2.09672754202e-12 0.000732661463146
lowest error 0.85 7.9278970161e-17
0.85 7.9278970161e-17 9.30166995206e-06
0.85 7.92786050687e-17 3.10453990586e-05
0.85 7.9279335255e-17 4.9649446749e-05
0.85 7.9278239978e-17 7.13917603674e-05
0.85 7.92797003506e-17 8.99979314157e-05
0.85 7.92778748891e-17 0.000111737413843
0.85 7.9280065448e-17 0.000130347123822
0.85 7.92775098018e-17 0.000152082359642
0.85 7.9280430547e-17 0.000170697024123
0.85 7.92771447162e-17 0.000192426597633
0.85 7.92807956477e-17 0.000211047632188
0.85 7.92767796323e-17 0.00023277012797
lowest error 0.86 3.25446795774e-12
0.86 3.25446795774e-12 1.45218624921e-05
0.86 3.2544529704e-12 0.000114596098641
0.86 3.25448294515e-12 0.000143632575531
0.86 3.25443798312e-12 0.000243721308275
0.86 3.25449793264e-12 0.000272736040882
0.86 3.25442299592e-12 0.000372853766818
0.86 3.25451292019e-12 0.000401832258953
0.86 3.25440800878e-12 0.00050199347456
0.86 3.25452790781e-12 0.000530921230035
0.86 3.25439302171e-12 0.000631140432141
0.86 3.2545428955e-12 0.000660002954764
0.86 3.25437803471e-12 0.000760294639851
lowest error 0.86 7.99046401495e-17
0.86 7.99046401495e-17 2.26247612334e-06
0.86 7.99042721759e-17 3.99652866556e-05
0.86 7.99050081248e-17 4.44910142892e-05
0.86 7.9903904204e-17 8.21922742138e-05
0.86 7.99053761018e-17 8.67203277046e-05
0.86 7.99035362337e-17 0.000124418486414
0.86 7.99057440805e-17 0.000128950416459
0.86 7.99031682652e-17 0.000166643923346
0.86 7.99061120609e-17 0.000171181280642
0.86 7.99028002984e-17 0.0002088685851
0.86 7.9906480043e-17 0.000213412920118
0.86 7.99024323332e-17 0.000251092471538
lowest error 0.87 3.72348835543e-12
0.87 3.72348835543e-12 4.06450040376e-05
0.87 3.72350550277e-12 9.43683816153e-05
0.87 3.72347120817e-12 0.0001756663155
0.87 3.72352265018e-12 0.000229373841923
0.87 3.72345406099e-12 0.000310695553237
0.87 3.72353979768e-12 0.000364371377352
0.87 3.72343691389e-12 0.000445732717595
0.87 3.72355694525e-12 0.000499360988247
0.87 3.72341976687e-12 0.000580777809278
0.87 3.7235740929e-12 0.000634342675314
0.87 3.72340261993e-12 0.000715830828632
0.87 3.72359124064e-12 0.000769316438896
lowest error 0.87 8.79715005714e-17
0.87 8.79715005714e-17 2.01883603772e-05
0.87 8.79710954486e-17 2.37875204459e-05
0.87 8.79719056961e-17 6.41650821041e-05
0.87 8.79706903277e-17 6.77625605383e-05
0.87 8.79723108226e-17 0.000108142644594
0.87 8.79702852086e-17 0.000111736759759
0.87 8.7972715951e-17 0.00015212104802
0.87 8.79698800914e-17 0.000155710118203
0.87 8.79731210813e-17 0.00019610029224
0.87 8.79694749761e-17 0.000199682635964
0.87 8.79735262134e-17 0.00024008037735
0.87 8.79690698626e-17 0.000243654312903
lowest error 0.88 3.79683741026e-12
0.88 3.79683741026e-12 1.814517148e-05
0.88 3.79685489538e-12 0.000107166293111
0.88 3.79681992522e-12 0.000143463463653
0.88 3.79687238058e-12 0.000232470930381
0.88 3.79680244025e-12 0.000268788584004
0.88 3.79688986587e-12 0.000357768740701
0.88 3.79678495537e-12 0.000394120532791
0.88 3.79690735123e-12 0.000483059724444
0.88 3.79676747057e-12 0.000519459310388
0.88 3.79692483668e-12 0.000608343881982
0.88 3.79674998585e-12 0.000644804917166
0.88 3.7969423222e-12 0.000733621213574
lowest error 0.88 9.02451767781e-17
0.88 9.02451767781e-17 8.67746198763e-06
0.88 9.02455923734e-17 3.47686214974e-05
0.88 9.02447611846e-17 5.21227248833e-05
0.88 9.02460079707e-17 7.82155257415e-05
0.88 9.02443455931e-17 9.55671670497e-05
0.88 9.02464235699e-17 0.000121663250606
0.88 9.02439300035e-17 0.000139010788581
0.88 9.0246839171e-17 0.000165111796185
0.88 9.02435144158e-17 0.000182453589569
0.88 9.0247254774e-17 0.000208561162569
0.88 9.024309883e-17 0.000225895569875
0.88 9.02476703789e-17 0.00025201134962
lowest error 0.89 3.8871025644e-12
0.89 3.8871025644e-12 5.09678318403e-05
0.89 3.88712046521e-12 6.47982132169e-05
0.89 3.88708466367e-12 0.000166739704025
0.89 3.8871383661e-12 0.000180558431647
0.89 3.88706676303e-12 0.000282517403526
0.89 3.88715626708e-12 0.00029631282364
0.89 3.88704886247e-12 0.000398300930638
0.89 3.88717416814e-12 0.000412061389488
0.89 3.88703096199e-12 0.000514090285654
0.89 3.88719206928e-12 0.000527804129486
0.89 3.88701306159e-12 0.000629885468867
0.89 3.8872099705e-12 0.000643541043927
lowest error 0.89 9.76823277029e-17
0.89 9.76823277029e-17 8.76200163447e-06
0.89 9.76827775477e-17 3.27082466911e-05
0.89 9.76818778602e-17 5.02315023128e-05
0.89 9.76832273946e-17 7.41792428238e-05
0.89 9.76814280196e-17 9.17002552105e-05
0.89 9.76836772435e-17 0.00011565098663
0.89 9.7680978181e-17 0.000133168260488
0.89 9.76841270945e-17 0.000157123478198
0.89 9.76805283445e-17 0.000174635518012
0.89 9.76845769475e-17 0.000198596717613
0.89 9.76800785101e-17 0.00021610202787
0.89 9.76850268027e-17 0.000240070704743
lowest error 0.8 1.53003723521e-12
0.8 1.53003723521e-12 2.39566445122e-05
0.8 1.53003018914e-12 6.57650782885e-05
0.8 1.53004428131e-12 0.000113674867417
0.8 1.53002314311e-12 0.00015549030112
0.8 1.53005132744e-12 0.000203389590565
0.8 1.53001609711e-12 0.000245219024038
0.8 1.5300583736e-12 0.000293100814091
0.8 1.53000905114e-12 0.000334951247341
0.8 1.5300654198e-12 0.000382808538133
0.8 1.53000200521e-12 0.000424686971085
0.8 1.53007246602e-12 0.000472512762746
0.8 1.5299949593e-12 0.000514426195406
Low eps empty 0.8 1.53603106839e-12
Low eps empty 0.8 1.52501459474e-12
lowest error 0.9 3.24885254082e-12
0.9 3.24885254082e-12 2.63791332085e-05
0.9 3.24886750238e-12 8.31917464166e-05
0.9 3.24883757934e-12 0.000135955232926
0.9 3.248882464e-12 0.000192757406196
0.9 3.24882261792e-12 0.000245536552984
0.9 3.24889742569e-12 0.000302317846383
0.9 3.24880765658e-12 0.000355123093629
0.9 3.24891238745e-12 0.000411873067127
0.9 3.2487926953e-12 0.000464714855019
0.9 3.24892734928e-12 0.000521423068871
0.9 3.24877773409e-12 0.000574311837592
0.9 3.24894231118e-12 0.00063096785176
lowest error 0.9 9.96735668721e-17
0.9 9.96735668721e-17 2.8069785758e-06
0.9 9.96740258868e-17 3.99901989248e-05
0.9 9.96731078594e-17 4.56033598191e-05
0.9 9.96744849038e-17 8.27881728496e-05
0.9 9.96726488488e-17 8.83989446678e-05
0.9 9.96749439228e-17 0.000125586943061
0.9 9.96721898403e-17 0.000131193733213
0.9 9.96754029439e-17 0.000168386509726
0.9 9.9671730834e-17 0.000173987725545
0.9 9.96758619672e-17 0.000211186872708
0.9 9.96712718298e-17 0.000216780921527
0.9 9.96763209925e-17 0.000253988032097
lowest error 0.95 4.01311864933e-12
0.95 4.01311864933e-12 2.66163916263e-05
0.95 4.01310016828e-12 0.000266970978671
0.95 4.01313713047e-12 0.000320166290817
0.95 4.01308168731e-12 0.000560595824592
0.95 4.01315561169e-12 0.000613678723685
0.95 4.01306320643e-12 0.000854258151446
0.95 4.013174093e-12 0.000907153695013
0.95 4.01304472563e-12 0.00114795796376
0.95 4.01319257439e-12 0.00120059120958
0.95 4.01302624492e-12 0.00144169526631
0.95 4.01321105587e-12 0.00149399127192
0.95 4.0130077643e-12 0.00173547006388
lowest error 0.95 2.31336414427e-16
0.95 2.31336414427e-16 9.10483486072e-06
0.95 2.31337479773e-16 1.10352079217e-05
0.95 2.31335349086e-16 2.92447012691e-05
0.95 2.31338545124e-16 3.11754270617e-05
0.95 2.3133428375e-16 4.93843913407e-05
0.95 2.3133961048e-16 5.1315822561e-05
0.95 2.31333218419e-16 6.95239050592e-05
0.95 2.31340675841e-16 7.14563944215e-05
0.95 2.31332153092e-16 8.96632424254e-05
0.95 2.31341741207e-16 9.15971426445e-05
0.95 2.31331087771e-16 0.000109802403442
0.95 2.31342806577e-16 0.000111738067214
lowest error 0.9 3.59638352915e-12
0.9 3.59638352915e-12 8.32393741512e-05
0.9 3.59636696723e-12 0.000135907591454
0.9 3.59640009115e-12 0.000302365460381
0.9 3.59635040539e-12 0.000355075438419
0.9 3.59641665322e-12 0.000521470669232
0.9 3.59633384362e-12 0.000574264168736
0.9 3.59643321537e-12 0.00074055500269
0.9 3.59631728193e-12 0.000793473784197
0.9 3.59644977759e-12 0.000959618462546
0.9 3.59630072031e-12 0.00101270428718
0.9 3.59646633989e-12 0.00117866105118
0.9 3.59628415877e-12 0.00123195567949
Low eps empty 0.9 3.60213512293e-12
Low eps empty 0.9 3.59155068747e-12
lowest error 1.5 4.78757951433e-13
1.5 4.78757951433e-13 1.63633952903e-05
1.5 4.78755746677e-13 8.33564714977e-05
1.5 4.787601562e-13 0.000116078938734
1.5 4.7875354193e-13 0.000183080661818
1.5 4.78762360977e-13 0.000215790159023
1.5 4.78751337193e-13 0.000282809175769
1.5 4.78764565764e-13 0.000315497056341
1.5 4.78749132467e-13 0.000382542013714
1.5 4.78766770562e-13 0.000415199630789
1.5 4.78746927751e-13 0.000482279175753
1.5 4.78768975369e-13 0.00051489788273
1.5 4.78744723045e-13 0.000582020662074
lowest error 1.5 2.79570922824e-16
1.5 2.79570922824e-16 9.58672575502e-06
1.5 2.79572210299e-16 9.77968117821e-06
1.5 2.79569635355e-16 2.89529696031e-05
1.5 2.79573497779e-16 2.91462511806e-05
1.5 2.79568347892e-16 4.83190504021e-05
1.5 2.79574785266e-16 4.85129842538e-05
1.5 2.79567060436e-16 6.7684968136e-05
1.5 2.79576072758e-16 6.78798803992e-05
1.5 2.79565772985e-16 8.70507228057e-05
1.5 2.79577360256e-16 8.72469396174e-05
1.5 2.7956448554e-16 0.000106416314413
1.5 2.79578647761e-16 0.000106614161894
lowest error 1.6 3.91310949213e-13
1.6 3.91310949213e-13 3.55285606179e-05
1.6 3.91312751271e-13 5.60620635053e-05
1.6 3.91309147164e-13 0.000127122832235
1.6 3.91314553337e-13 0.000147649040444
1.6 3.91307345123e-13 0.000218720751409
1.6 3.91316355411e-13 0.000239232370261
1.6 3.9130554309e-13 0.000310322318284
1.6 3.91318157494e-13 0.000330812053102
1.6 3.91303741066e-13 0.000401927533008
1.6 3.91319959585e-13 0.000422388089113
1.6 3.9130193905e-13 0.000493536395724
1.6 3.91321761684e-13 0.000513960478438
lowest error 1.6 2.65123363007e-16
1.6 2.65123363007e-16 6.51604587443e-06
1.6 2.65124583948e-16 1.07351745817e-05
1.6 2.65122142072e-16 2.37671369376e-05
1.6 2.65125804895e-16 2.79865244162e-05
1.6 2.65120921142e-16 4.10180986092e-05
1.6 2.65127025847e-16 4.52380036609e-05
1.6 2.65119700218e-16 5.82689308901e-05
1.6 2.65128246805e-16 6.24896123007e-05
1.6 2.65118479299e-16 7.55196337816e-05
1.6 2.65129467768e-16 7.97413503375e-05
1.6 2.65117258386e-16 9.27702072686e-05
1.6 2.65130688737e-16 9.69932177717e-05
lowest error 1.7 3.24327668456e-13
1.7 3.24327668456e-13 1.61568379347e-05
1.7 3.24329162044e-13 9.87968901534e-05
1.7 3.24326174876e-13 0.000131116311643
1.7 3.24330655638e-13 0.000213744872806
1.7 3.24324681302e-13 0.000246081531259
1.7 3.2433214924e-13 0.000328687110514
1.7 3.24323187735e-13 0.000361052497071
1.7 3.24333642848e-13 0.000443623603463
1.7 3.24321694175e-13 0.000476029209364
1.7 3.24335136463e-13 0.000558554351941
1.7 3.24320200622e-13 0.000591011668426
1.7 3.24336630085e-13 0.000673479356233
lowest error 1.7 2.7092557265e-16
1.7 2.7092557265e-16 3.87652146561e-06
1.7 2.70926820311e-16 1.59016070369e-05
1.7 2.70924324994e-16 2.36544798931e-05
1.7 2.70928067978e-16 3.56799056154e-05
1.7 2.70923077345e-16 4.34322682472e-05
1.7 2.70929315651e-16 5.54583742534e-05
1.7 2.70921829701e-16 6.32098865299e-05
1.7 2.70930563329e-16 7.52370129882e-05
1.7 2.70920582062e-16 8.2987334725e-05
1.7 2.70931811013e-16 9.50158218038e-05
1.7 2.7091933443e-16 0.000102764612869
1.7 2.70933058703e-16 0.000114794800701
lowest error 1.8 2.96405323913e-13
1.8 2.96405323913e-13 5.25651591374e-05
1.8 2.96406688913e-13 7.51431062391e-05
1.8 2.96403958919e-13 0.000180280515791
1.8 2.9640805392e-13 0.000202844280735
1.8 2.96402593932e-13 0.000308002964001
1.8 2.96409418932e-13 0.000330538364744
1.8 2.96401228951e-13 0.000435732504386
1.8 2.96410783951e-13 0.000458225358655
1.8 2.96399863976e-13 0.00056346913723
1.8 2.96412148976e-13 0.000585905262755
1.8 2.96398499007e-13 0.000691212862924
1.8 2.96413514008e-13 0.000713578077659
lowest error 1.8 2.95573844191e-16
1.8 2.95573844191e-16 6.81123369128e-06
1.8 2.95575205362e-16 1.34454967138e-05
1.8 2.95572483026e-16 2.70677856902e-05
1.8 2.95576566539e-16 3.37024055255e-05
1.8 2.95571121868e-16 4.73241592678e-05
1.8 2.95577927723e-16 5.3959492746e-05
1.8 2.95569760716e-16 6.75803544605e-05
1.8 2.95579288913e-16 7.42167583772e-05
1.8 2.9556839957e-16 8.78363712529e-05
1.8 2.95580650109e-16 9.44742024021e-05
1.8 2.9556703843e-16 0.000108092209646
1.8 2.95582011311e-16 0.000114731824858
lowest error 1.9 2.8483148886e-13
1.9 2.8483148886e-13 3.05346094827e-05
1.9 2.84830177165e-13 8.5979610045e-05
1.9 2.8483280056e-13 0.000147042926917
1.9 2.84828865477e-13 0.000202499732176
1.9 2.84834112267e-13 0.000263545342452
1.9 2.84827553794e-13 0.000319025757101
1.9 2.84835423979e-13 0.000380041856385
1.9 2.84826242118e-13 0.000435557685122
1.9 2.84836735698e-13 0.00049653246902
1.9 2.84824930448e-13 0.000552095516536
1.9 2.84838047423e-13 0.00061301718065
1.9 2.84823618783e-13 0.000668639251645
lowest error 1.9 3.457020859e-16
1.9 3.457020859e-16 8.7701728595e-06
1.9 3.45703677921e-16 1.32737622063e-05
1.9 3.45700493887e-16 3.08138966707e-05
1.9 3.45705269949e-16 3.53179085684e-05
1.9 3.45698901881e-16 5.28574092078e-05
1.9 3.45706861984e-16 5.73622662099e-05
1.9 3.45697309882e-16 7.49007104752e-05
1.9 3.45708454027e-16 7.94068351317e-05
1.9 3.45695717891e-16 9.69438004725e-05
1.9 3.45710046076e-16 0.000101451615337
1.9 3.45694125907e-16 0.000118986679204
1.9 3.45711638134e-16 0.000123496606828
lowest error 2.0 2.53117399531e-13
2.0 2.53117399531e-13 9.83791000575e-06
2.0 2.53116233885e-13 0.00013091371863
2.0 2.53118565182e-13 0.000150580925772
2.0 2.53115068244e-13 0.000271673960915
2.0 2.53119730839e-13 0.000291315329068
2.0 2.53113902609e-13 0.000412442817254
2.0 2.53120896501e-13 0.000432041120418
2.0 2.53112736979e-13 0.000553220288171
2.0 2.53122062168e-13 0.000572758300355
2.0 2.53111571354e-13 0.000694006374194
2.0 2.53123227841e-13 0.000713466869403
2.0 2.53110405735e-13 0.000834801075845
lowest error 2.0 3.39009602628e-16
2.0 3.39009602628e-16 3.77980132127e-06
2.0 3.39008041434e-16 1.56405678364e-05
2.0 3.39011163828e-16 2.3200334458e-05
2.0 3.39006480248e-16 3.50607730155e-05
2.0 3.39012725036e-16 4.26210315587e-05
2.0 3.39004919069e-16 5.44808142173e-05
2.0 3.39014286251e-16 6.20418926593e-05
2.0 3.39003357898e-16 7.39006914441e-05
2.0 3.39015847473e-16 8.14629177435e-05
2.0 3.39001796733e-16 9.33204046962e-05
2.0 3.39017408702e-16 0.000100884106813
2.0 3.39000235576e-16 0.000112739953958
lowest error 2.1 2.07520019715e-13
2.1 2.07520019715e-13 1.35619999164e-05
2.1 2.07520975383e-13 3.16150990431e-05
2.1 2.07519064053e-13 5.87399862662e-05
2.1 2.07521931054e-13 7.67913106294e-05
2.1 2.07518108394e-13 0.000103918860024
2.1 2.0752288673e-13 0.00012196663486
2.1 2.0751715274e-13 0.000149098621167
2.1 2.07523842411e-13 0.000167141071752
2.1 2.07516197091e-13 0.000194279269794
2.1 2.07524798095e-13 0.000212314621283
2.1 2.07515241445e-13 0.00023946080588
2.1 2.07525753785e-13 0.000257487283551
lowest error 2.1 3.40517942025e-16
2.1 3.40517942025e-16 3.42789731222e-06
2.1 3.40519510172e-16 1.78533361623e-05
2.1 3.40516373886e-16 2.4708933879e-05
2.1 3.40521078326e-16 3.91347665469e-05
2.1 3.40514805754e-16 4.59897735405e-05
2.1 3.40522646487e-16 6.04163938229e-05
2.1 3.40513237629e-16 6.72704162983e-05
2.1 3.40524214655e-16 8.16982180312e-05
2.1 3.40511669511e-16 8.85508621344e-05
2.1 3.40525782831e-16 0.000102980239155
2.1 3.405101014e-16 0.00010983111109
2.1 3.40527351014e-16 0.000124262457194
lowest error 2.2 1.69792303399e-13
2.2 1.69792303399e-13 2.396045367e-06
2.2 1.69793085323e-13 5.20709231444e-05
2.2 1.69791521478e-13 5.6864303756e-05
2.2 1.69793867251e-13 0.000106536601808
2.2 1.69790739561e-13 0.000111333852004
2.2 1.69794649182e-13 0.000161000990657
2.2 1.69789957648e-13 0.000165804690238
2.2 1.69795431117e-13 0.000215464089719
2.2 1.69789175738e-13 0.000220276818442
2.2 1.69796213056e-13 0.000269925898978
2.2 1.69788393832e-13 0.000274750236645
2.2 1.69796994998e-13 0.000324386418561
lowest error 2.2 3.45005485261e-16
2.2 3.45005485261e-16 5.70722470927e-06
2.2 3.45007074074e-16 1.36359775484e-05
2.2 3.45003896456e-16 2.50502643069e-05
2.2 3.45008662894e-16 3.29793425018e-05
2.2 3.45002307658e-16 4.43931412288e-05
2.2 3.45010251721e-16 5.23228701343e-05
2.2 3.45000718867e-16 6.37358554765e-05
2.2 3.45011840556e-16 7.16665604488e-05
2.2 3.44999130084e-16 8.30784070511e-05
2.2 3.45013429398e-16 9.10104134455e-05
2.2 3.44997541308e-16 0.000102420795954
2.2 3.45015018247e-16 0.000110354429126
lowest error 2.3 1.20326698284e-13
2.3 1.20326698284e-13 2.36179886715e-06
2.3 1.2032725241e-13 5.40111284666e-05
2.3 1.2032614416e-13 5.87361078819e-05
2.3 1.20327806539e-13 0.000110382674103
2.3 1.20325590039e-13 0.000115111798713
2.3 1.2032836067e-13 0.000166752838077
2.3 1.20325035921e-13 0.000171488871342
2.3 1.20328914804e-13 0.00022312162042
2.3 1.20324481805e-13 0.000227867325802
2.3 1.20329468941e-13 0.000279489021168
2.3 1.20323927691e-13 0.000284247162131
2.3 1.2033002308e-13 0.000335855040355
lowest error 2.3 3.64549074495e-16
2.3 3.64549074495e-16 6.50388459578e-06
2.3 3.64547395688e-16 1.40432632127e-05
2.3 3.64550753309e-16 2.70512159464e-05
2.3 3.64545716889e-16 3.45902274637e-05
2.3 3.64552432131e-16 4.75987308768e-05
2.3 3.64544038098e-16 5.51370081574e-05
2.3 3.64554110961e-16 6.81464293706e-05
2.3 3.64542359314e-16 7.56836052962e-05
2.3 3.64555789799e-16 8.86943114291e-05
2.3 3.64540680539e-16 9.62300188818e-05
2.3 3.64557468644e-16 0.000109242377054
2.3 3.64539001771e-16 0.000116776248916
lowest error 2.4 1.08936646037e-13
2.4 1.08936646037e-13 4.40908142663e-06
2.4 1.0893714771e-13 2.81154711366e-05
2.4 1.08936144367e-13 3.6934093929e-05
2.4 1.08937649386e-13 6.06395637677e-05
2.4 1.08935642698e-13 6.94595663773e-05
2.4 1.08938151063e-13 9.3163196444e-05
2.4 1.08935141032e-13 0.000101985498777
2.4 1.08938652743e-13 0.00012568636923
2.4 1.08934639369e-13 0.000134511891135
2.4 1.08939154425e-13 0.000158209082103
2.4 1.08934137707e-13 0.00016703874343
2.4 1.0893965611e-13 0.00019073133507
lowest error 2.4 3.89981495161e-16
2.4 3.89981495161e-16 1.59747486572e-06
2.4 3.89983291096e-16 1.79914956284e-05
2.4 3.89979699234e-16 2.11862785231e-05
2.4 3.89985087039e-16 3.75806329611e-05
2.4 3.89977903315e-16 4.07749153455e-05
2.4 3.89986882991e-16 5.71699371164e-05
2.4 3.89976107404e-16 6.03633853338e-05
2.4 3.89988678951e-16 7.67594081292e-05
2.4 3.89974311502e-16 7.99516884715e-05
2.4 3.8999047492e-16 9.63490459855e-05
2.4 3.89972515608e-16 9.9539824796e-05
2.4 3.89992270896e-16 0.000115938850686
lowest error 2.5 9.14420597365e-14
2.5 9.14420597365e-14 6.41664416845e-06
2.5 9.14416386312e-14 4.48817522392e-05
2.5 9.14424808437e-14 5.77138965028e-05
2.5 9.14412175279e-14 9.61812928364e-05
2.5 9.14429019529e-14 0.000109010004743
2.5 9.14407964265e-14 0.000147481977605
2.5 9.14433230639e-14 0.000160304968915
2.5 9.1440375327e-14 0.000198783806569
2.5 9.1443744177e-14 0.000211598789044
2.5 9.14399542295e-14 0.000250086779753
2.5 9.1444165292e-14 0.000262891465157
2.5 9.14395331339e-14 0.000301390897185
lowest error 2.5 4.00807648077e-16
2.5 4.00807648077e-16 1.0418439822e-06
2.5 4.00809493869e-16 1.72448849343e-05
2.5 4.00805802294e-16 1.93284275061e-05
2.5 4.00811339669e-16 3.55317592433e-05
2.5 4.00803956519e-16 3.76148656387e-05
2.5 4.00813185478e-16 5.38187789472e-05
2.5 4.00802110753e-16 5.59011583654e-05
2.5 4.00815031295e-16 7.21059440463e-05
2.5 4.00800264995e-16 7.418730572e-05
2.5 4.00816877121e-16 9.03932545264e-05
2.5 4.00798419246e-16 9.24733076868e-05
2.5 4.00818722955e-16 0.000108680710421
lowest error 2.6 8.11988727211e-14
2.6 8.11988727211e-14 9.07552683671e-07
2.6 8.11984987874e-14 5.16719684116e-05
2.6 8.11992466566e-14 5.34858718031e-05
2.6 8.11981248553e-14 0.000104252691463
2.6 8.11996205938e-14 0.000106062988974
2.6 8.1197750925e-14 0.000156834616591
2.6 8.11999945328e-14 0.000158638904225
2.6 8.11973769964e-14 0.000209417743778
2.6 8.12003684734e-14 0.000211213617582
2.6 8.11970030695e-14 0.00026200207305
2.6 8.12007424158e-14 0.000263787129073
2.6 8.11966291444e-14 0.000314587604436
lowest error 2.6 4.27303057151e-16
2.6 4.27303057151e-16 6.34539888411e-06
2.6 4.27301089353e-16 1.252529708e-05
2.6 4.27305024959e-16 2.52162496603e-05
2.6 4.27299121563e-16 3.13958382177e-05
2.6 4.27306992776e-16 4.40872552825e-05
2.6 4.27297153782e-16 5.0266224529e-05
2.6 4.27308960602e-16 6.29584157363e-05
2.6 4.27295186011e-16 6.91364560166e-05
2.6 4.27310928437e-16 8.18297310214e-05
2.6 4.27293218248e-16 8.800653268e-05
2.6 4.27312896281e-16 0.00010070120114
2.6 4.27291250495e-16 0.000106876454506
lowest error 2.7 7.43015716175e-14
2.7 7.43015716175e-14 2.70342861781e-05
2.7 7.43019137897e-14 2.81822991397e-05
2.7 7.43012294469e-14 8.2252197108e-05
2.7 7.43022559634e-14 8.33975588779e-05
2.7 7.43008872779e-14 0.000137471433683
2.7 7.43025981387e-14 0.000138611493018
2.7 7.43005451104e-14 0.000192691995934
2.7 7.43029403156e-14 0.000193824101689
2.7 7.43002029446e-14 0.000247913883844
2.7 7.43032824941e-14 0.000249035384876
2.7 7.42998607803e-14 0.000303137097542
2.7 7.43036246742e-14 0.000304245342609
lowest error 2.7 4.65879928343e-16
2.7 4.65879928343e-16 6.39701631444e-06
2.7 4.65882073804e-16 1.39879535985e-05
2.7 4.65877782891e-16 2.67818055559e-05
2.7 4.65884219275e-16 3.43731041847e-05
2.7 4.6587563745e-16 4.71664141273e-05
2.7 4.65886364756e-16 5.47584354273e-05
2.7 4.65873492018e-16 6.75508420303e-05
2.7 4.65888510247e-16 7.51439473641e-05
2.7 4.65871346596e-16 8.79350892671e-05
2.7 4.65890655748e-16 9.55296399794e-05
2.7 4.65869201184e-16 0.00010831915582
2.7 4.65892801259e-16 0.000115915513274
lowest error 2.8 7.00657862745e-14
2.8 7.00657862745e-14 1.76382889601e-05
2.8 7.00654636103e-14 3.93861579129e-05
2.8 7.00661089401e-14 7.46613220368e-05
2.8 7.00651409477e-14 9.64120186175e-05
2.8 7.00664316072e-14 0.000131682941352
2.8 7.00648182865e-14 0.000153439293189
2.8 7.00667542758e-14 0.000188703146889
2.8 7.00644956269e-14 0.000210467981661
2.8 7.00670769458e-14 0.000245721938787
2.8 7.00641729687e-14 0.00026749808402
2.8 7.00673996174e-14 0.000302739317028
2.8 7.0063850312e-14 0.000324529600401
lowest error 2.8 5.03025498361e-16
2.8 5.03025498361e-16 4.6787798782e-06
2.8 5.03027814884e-16 1.35940737858e-05
2.8 5.03023181848e-16 2.29514883707e-05
2.8 5.03030131419e-16 3.18670726234e-05
2.8 5.03020865346e-16 4.12240516763e-05
2.8 5.03032447963e-16 5.01402166346e-05
2.8 5.03018548855e-16 5.94964698286e-05
2.8 5.03034764519e-16 6.84135058213e-05
2.8 5.03016232374e-16 7.77687428126e-05
2.8 5.03037081085e-16 8.66869401683e-05
2.8 5.03013915904e-16 9.60408706292e-05
2.8 5.03039397661e-16 0.000104960519709
