lowest error 0.002 2.11494949071e-06
0.002 2.11494949071e-06 0.000131244565214
0.002 2.11495923043e-06 0.000137300437739
0.002 2.11493975103e-06 0.000399820925117
0.002 2.1149689702e-06 0.000405814087649
0.002 2.11493001139e-06 0.000668428645518
0.002 2.11497871002e-06 0.000674296388025
0.002 2.1149202718e-06 0.000937067729947
0.002 2.11498844988e-06 0.000942747342433
0.002 2.11491053226e-06 0.00120573818235
0.002 2.11499818978e-06 0.00121116695474
0.002 2.11490079276e-06 0.00147444000622
0.002 2.11500792973e-06 0.00147955522855
lowest error 0.002 6.43715549484e-15
0.002 6.43715549484e-15 6.76111849618e-06
0.002 6.43718513911e-15 1.40456267381e-05
0.002 6.43712585072e-15 2.75676754868e-05
0.002 6.43721478351e-15 3.48525601992e-05
0.002 6.43709620672e-15 4.83740442725e-05
0.002 6.43724442805e-15 5.56596818893e-05
0.002 6.43706656287e-15 6.91802248363e-05
0.002 6.43727407272e-15 7.64669918092e-05
0.002 6.43703691915e-15 8.99862171799e-05
0.002 6.43730371753e-15 9.72744899612e-05
0.002 6.43700727557e-15 0.000110792021305
0.002 6.43733336248e-15 0.000118082176348
lowest error 0.005 3.24868796828e-07
0.005 3.24868796828e-07 6.43587551603e-05
0.005 3.24867300756e-07 0.000112982687593
0.005 3.24870292908e-07 0.000241686524762
0.005 3.2486580469e-07 0.000290337804731
0.005 3.24871788994e-07 0.000419000622183
0.005 3.24864308631e-07 0.000467706597213
0.005 3.24873285088e-07 0.00059630104841
0.005 3.24862812579e-07 0.000645089065999
0.005 3.24874781188e-07 0.00077358780463
0.005 3.24861316534e-07 0.000822485212325
0.005 3.24876277295e-07 0.000950860891829
0.005 3.24859820496e-07 0.000999895037168
lowest error 0.005 2.73390865573e-15
0.005 2.73390865573e-15 1.08983123952e-05
0.005 2.73392124588e-15 1.32114308071e-05
0.005 2.73389606565e-15 3.5007802869e-05
0.005 2.73393383608e-15 3.73214267411e-05
0.005 2.73388347562e-15 5.91170405948e-05
0.005 2.73394642634e-15 6.14316754088e-05
0.005 2.73387088565e-15 8.32260256192e-05
0.005 2.73395901666e-15 8.55421768136e-05
0.005 2.73385829574e-15 0.000107334757922
0.005 2.73397160703e-15 0.000109652930958
0.005 2.73384570588e-15 0.000131443237506
0.005 2.73398419746e-15 0.000133763937823
lowest error 0.01 1.30746478351e-07
0.01 1.30746478351e-07 2.96392689756e-05
0.01 1.30745876243e-07 0.000202316137659
0.01 1.30747080462e-07 0.00026157128482
0.01 1.30745274137e-07 0.000434294937338
0.01 1.30747682576e-07 0.000493479912445
0.01 1.30744672034e-07 0.000666297132318
0.01 1.30748284693e-07 0.000725365154097
0.01 1.30744069934e-07 0.000898322725168
0.01 1.30748886812e-07 0.000957227012034
0.01 1.30743467837e-07 0.00113037171814
0.01 1.30749488935e-07 0.00118906548882
0.01 1.30742865742e-07 0.00136244411349
lowest error 0.01 1.40696080804e-15
0.01 1.40696080804e-15 7.52743053489e-06
0.01 1.40696728735e-15 1.14736821897e-05
0.01 1.40695432876e-15 2.65283862859e-05
0.01 1.40697376668e-15 3.04749518896e-05
0.01 1.40694784951e-15 4.55291850634e-05
0.01 1.40698024605e-15 4.94763785661e-05
0.01 1.40694137029e-15 6.45298268691e-05
0.01 1.40698672545e-15 6.84779622038e-05
0.01 1.4069348911e-15 8.3530311688e-05
0.01 1.40699320488e-15 8.74797028381e-05
0.01 1.40692841194e-15 0.000102530639555
0.01 1.40699968434e-15 0.000106481600453
lowest error 0.05 4.40370278645e-09
0.05 4.40370278645e-09 9.0714338445e-05
0.05 4.4036825067e-09 0.000102606551871
0.05 4.4037230663e-09 0.000284018980366
0.05 4.40366222704e-09 0.000295943691771
0.05 4.40374334624e-09 0.000477307375266
0.05 4.40364194747e-09 0.000489297082967
0.05 4.40376362627e-09 0.000670579524504
0.05 4.403621668e-09 0.000682666726652
0.05 4.4037839064e-09 0.000863835429448
0.05 4.40360138861e-09 0.000876052624189
0.05 4.40380418662e-09 0.00105707509129
0.05 4.40358110933e-09 0.00106945477695
lowest error 0.05 3.04790902574e-16
0.05 3.04790902574e-16 3.95546056886e-06
0.05 3.04789498963e-16 1.35176134339e-05
0.05 3.04792306191e-16 2.14286673148e-05
0.05 3.04788095359e-16 3.09905546945e-05
0.05 3.04793709814e-16 3.89020068061e-05
0.05 3.04786691761e-16 4.84633632136e-05
0.05 3.04795113445e-16 5.63754790268e-05
0.05 3.04785288169e-16 6.59360389914e-05
0.05 3.04796517081e-16 7.38490840102e-05
0.05 3.04783884584e-16 8.34085820149e-05
0.05 3.04797920724e-16 9.13228217403e-05
0.05 3.04782481006e-16 0.000100880992315
lowest error 0.1 1.62969375001e-09
0.1 1.62969375001e-09 7.32944826165e-05
0.1 1.62968624501e-09 0.000135091914402
0.1 1.62970125504e-09 0.000281662000355
0.1 1.62967874004e-09 0.000343497192408
0.1 1.62970876011e-09 0.000490010640342
0.1 1.62967123511e-09 0.000551921353115
0.1 1.62971626521e-09 0.000698340404657
0.1 1.62966373021e-09 0.00076036439823
0.1 1.62972377035e-09 0.000906651294822
0.1 1.62965622535e-09 0.000968826329286
0.1 1.62973127552e-09 0.00111494331255
0.1 1.62964872053e-09 0.00117730714835
lowest error 0.1 3.58428058662e-16
0.1 3.58428058662e-16 7.06784528504e-06
0.1 3.58426408044e-16 1.51249314819e-05
0.1 3.58429709288e-16 2.92608361923e-05
0.1 3.58424757433e-16 3.73174940909e-05
0.1 3.58431359922e-16 5.1454041242e-05
0.1 3.5842310683e-16 5.95098425835e-05
0.1 3.58433010563e-16 7.36474604359e-05
0.1 3.58421456234e-16 8.17019769421e-05
0.1 3.58434661212e-16 9.58410937764e-05
0.1 3.58419805646e-16 0.000103893897169
0.1 3.58436311868e-16 0.000118034941246
0.1 3.58418155066e-16 0.000126085603266
lowest error 0.15 6.55822028262e-10
0.15 6.55822028262e-10 0.00014318747077
0.15 6.55825048441e-10 0.000399377190185
0.15 6.55819008097e-10 0.000685880143699
0.15 6.55828068634e-10 0.000941813868885
0.15 6.55815987945e-10 0.00122870085881
0.15 6.5583108884e-10 0.00148412259648
0.15 6.55812967808e-10 0.0017716496463
0.15 6.55834109061e-10 0.00202630340266
0.15 6.55809947685e-10 0.00231472653639
0.15 6.55837129296e-10 0.00256835631762
0.15 6.55806927575e-10 0.00285793155883
0.15 6.55840149544e-10 0.0031102813715
lowest error 0.15 4.64485327782e-16
0.15 4.64485327782e-16 9.00387453306e-06
0.15 4.64483188753e-16 1.09088512739e-05
0.15 4.64487466821e-16 2.8916772739e-05
0.15 4.64481049733e-16 3.08214046649e-05
0.15 4.64489605869e-16 4.88298433456e-05
0.15 4.64478910724e-16 5.0733785677e-05
0.15 4.64491744928e-16 6.87430863548e-05
0.15 4.64476771724e-16 7.0645994295e-05
0.15 4.64493883996e-16 8.86565017684e-05
0.15 4.64474632735e-16 9.05580305188e-05
0.15 4.64496023075e-16 0.000108570089587
0.15 4.64472493755e-16 0.000110469894351
lowest error 0.2 4.00704297308e-10
0.2 4.00704297308e-10 5.88659292644e-06
0.2 4.00706142624e-10 0.000211159083595
0.2 4.00702452001e-10 0.000222952753426
0.2 4.00707987948e-10 0.000428184278066
0.2 4.00700606702e-10 0.000440039399833
0.2 4.00709833281e-10 0.000645188992423
0.2 4.00698761412e-10 0.00065714653409
0.2 4.00711678622e-10 0.000862173228413
0.2 4.0069691613e-10 0.000874274157933
0.2 4.00713523972e-10 0.00107913698835
0.2 4.00695070857e-10 0.00109142227368
0.2 4.0071536933e-10 0.00129608027396
lowest error 0.2 3.77285400506e-16
0.2 3.77285400506e-16 7.25481128727e-06
0.2 3.77283663047e-16 1.13951283685e-05
0.2 3.77287137974e-16 2.590490217e-05
0.2 3.77281925595e-16 3.00449167985e-05
0.2 3.77288875449e-16 4.45551442807e-05
0.2 3.77280188152e-16 4.86945540037e-05
0.2 3.77290612932e-16 6.32055376211e-05
0.2 3.77278450716e-16 6.73440399694e-05
0.2 3.77292350424e-16 8.18560821751e-05
0.2 3.77276713289e-16 8.59933747299e-05
0.2 3.77294087923e-16 0.000100506777978
0.2 3.77274975869e-16 0.000104642558269
lowest error 0.25 7.3986076979e-11
0.25 7.3986076979e-11 3.10686123517e-05
0.25 7.39857362613e-11 0.000244535667797
0.25 7.39864176983e-11 0.000306639870918
0.25 7.39853955452e-11 0.000520172973243
0.25 7.39867584191e-11 0.000582178111855
0.25 7.39850548307e-11 0.000795843308432
0.25 7.39870991415e-11 0.000857683339119
0.25 7.39847141177e-11 0.00107154667708
0.25 7.39874398655e-11 0.00113315555666
0.25 7.39843734063e-11 0.00134728308314
0.25 7.3987780591e-11 0.00140859476845
0.25 7.39840326964e-11 0.00162305253057
lowest error 0.25 2.3311488218e-16
0.25 2.3311488218e-16 2.52768912024e-07
0.25 2.33113808649e-16 1.9429787717e-05
0.25 2.33115955716e-16 1.99354939614e-05
0.25 2.33112735123e-16 3.911217591e-05
0.25 2.33117029257e-16 3.96183874671e-05
0.25 2.33111661601e-16 5.87943956689e-05
0.25 2.33118102803e-16 5.93014494132e-05
0.25 2.33110588085e-16 7.84764469941e-05
0.25 2.33119176354e-16 7.89846798011e-05
0.25 2.33109514573e-16 9.81583298878e-05
0.25 2.3312024991e-16 9.86680786328e-05
0.25 2.33108441067e-16 0.000117840044334
lowest error 0.3 5.25927645262e-11
0.3 5.25927645262e-11 5.98563697611e-05
0.3 5.25930067254e-11 7.85118489075e-05
0.3 5.25925223281e-11 0.000198232912961
0.3 5.25932489257e-11 0.000216871743425
0.3 5.25922801312e-11 0.000336617781189
0.3 5.25934911271e-11 0.000355223314539
0.3 5.25920379353e-11 0.00047501097495
0.3 5.25937333297e-11 0.000493566562624
0.3 5.25917957406e-11 0.000613412494741
0.3 5.25939755333e-11 0.000631901488183
0.3 5.2591553547e-11 0.000751822340943
0.3 5.25942177381e-11 0.000770228091718
lowest error 0.3 2.15931499175e-16
0.3 2.15931499175e-16 4.16881129039e-06
0.3 2.15930504776e-16 1.62793159335e-05
0.3 2.15932493579e-16 2.46171203093e-05
0.3 2.15929510382e-16 3.67272613455e-05
0.3 2.15933487987e-16 4.50656111255e-05
0.3 2.15928515992e-16 5.71750249843e-05
0.3 2.15934482399e-16 6.55142837394e-05
0.3 2.15927521606e-16 7.7622606832e-05
0.3 2.15935476817e-16 8.59631381536e-05
0.3 2.15926527226e-16 9.80700068918e-05
0.3 2.15936471239e-16 0.000106412174369
0.3 2.1592553285e-16 0.000118517225164
lowest error 0.35 3.79638282533e-11
0.35 3.79638282533e-11 6.86733227195e-05
0.35 3.79636534238e-11 0.000148087604393
0.35 3.79640030836e-11 0.000285413822563
0.35 3.79634785951e-11 0.000364868960506
0.35 3.79641779147e-11 0.000502133897449
0.35 3.79633037672e-11 0.000581670747545
0.35 3.79643527466e-11 0.000718833549108
0.35 3.79631289402e-11 0.000798492967437
0.35 3.79645275793e-11 0.000935512779466
0.35 3.79629541139e-11 0.00101533562211
0.35 3.79647024128e-11 0.00115217159045
0.35 3.79627792884e-11 0.00123219871348
lowest error 0.35 2.28058361615e-16
0.35 2.28058361615e-16 7.37147403074e-06
0.35 2.2805731137e-16 1.43983455203e-05
0.35 2.28059411865e-16 2.91414996374e-05
0.35 2.28056261129e-16 3.61679590175e-05
0.35 2.2806046212e-16 5.09117313015e-05
0.35 2.28055210894e-16 5.79373664436e-05
0.35 2.28061512379e-16 7.26821690251e-05
0.35 2.28054160663e-16 7.97065678397e-05
0.35 2.28062562644e-16 9.44528127915e-05
0.35 2.28053110437e-16 0.000101475563187
0.35 2.28063612913e-16 0.00011622366264
0.35 2.28052060217e-16 0.000123244352489
lowest error 0.4 2.96999692727e-11
0.4 2.96999692727e-11 9.12451072694e-05
0.4 2.96998324996e-11 0.000226950803369
0.4 2.97001060464e-11 0.000409397001109
0.4 2.96996957271e-11 0.000545190736905
0.4 2.97002428207e-11 0.000727504883951
0.4 2.96995589553e-11 0.000863474699422
0.4 2.97003795957e-11 0.00104556876245
0.4 2.9699422184e-11 0.00118180269701
0.4 2.97005163714e-11 0.0013635886424
0.4 2.96992854135e-11 0.00150017473549
0.4 2.97006531476e-11 0.00168156452991
0.4 2.96991486435e-11 0.00181859082152
lowest error 0.4 2.52929799645e-16
0.4 2.52929799645e-16 9.47576066945e-07
0.4 2.52928634863e-16 1.82814652159e-05
0.4 2.52930964432e-16 2.01767781145e-05
0.4 2.52927470086e-16 3.75103457357e-05
0.4 2.52932129225e-16 3.94061409112e-05
0.4 2.52926305314e-16 5.67390654931e-05
0.4 2.52933294023e-16 5.86356644927e-05
0.4 2.52925140548e-16 7.59676244897e-05
0.4 2.52934458827e-16 7.78653488429e-05
0.4 2.52923975788e-16 9.519602271e-05
0.4 2.52935623636e-16 9.70951939627e-05
0.4 2.52922811033e-16 0.00011442426019
lowest error 0.45 2.63647707891e-11
0.45 2.63647707891e-11 5.88148320655e-05
0.45 2.63648922036e-11 0.000368018789795
0.45 2.63646493751e-11 0.000485727677934
0.45 2.63650136187e-11 0.000794773201967
0.45 2.63645279617e-11 0.000912719763274
0.45 2.63651350344e-11 0.00122144841915
0.45 2.63644065488e-11 0.00133979110242
0.45 2.63652564506e-11 0.00164804445603
0.45 2.63642851365e-11 0.00176694171008
0.45 2.63653778673e-11 0.00207456132733
0.45 2.63641637248e-11 0.00219417160096
0.45 2.63654992847e-11 0.00250099904771
lowest error 0.45 3.1197514842e-16
0.45 3.1197514842e-16 7.44985031664e-06
0.45 3.11976585122e-16 8.48974958156e-06
0.45 3.11973711725e-16 2.33893397494e-05
0.45 3.11978021831e-16 2.44294599314e-05
0.45 3.11972275036e-16 3.93287187177e-05
0.45 3.11979458546e-16 4.03692807618e-05
0.45 3.11970838354e-16 5.52679872228e-05
0.45 3.11980895268e-16 5.63092120598e-05
0.45 3.11969401679e-16 7.12071452647e-05
0.45 3.11982331996e-16 7.22492538263e-05
0.45 3.1196796501e-16 8.71461928442e-05
0.45 3.11983768731e-16 8.81894060618e-05
lowest error 0.5 2.07564940832e-11
0.5 2.07564940832e-11 3.87700713409e-05
0.5 2.07563984962e-11 8.74024315847e-05
0.5 2.07565896706e-11 0.000164935653007
0.5 2.07563029097e-11 0.00021358185615
0.5 2.07566852585e-11 0.000291094313683
0.5 2.07562073236e-11 0.000339768202732
0.5 2.07567808467e-11 0.000417246053971
0.5 2.0756111738e-11 0.000465961471712
0.5 2.07568764355e-11 0.000543390874138
0.5 2.07560161528e-11 0.000592161663359
0.5 2.07569720246e-11 0.000669528774566
0.5 2.0755920568e-11 0.000718368778275
lowest error 0.5 4.171286309e-16
0.5 4.171286309e-16 7.14705552429e-06
0.5 4.17126709956e-16 1.33831660438e-05
0.5 4.17130551853e-16 2.76774603503e-05
0.5 4.17124789021e-16 3.39132043381e-05
0.5 4.17132472815e-16 4.8208048435e-05
0.5 4.17122868095e-16 5.44430593954e-05
0.5 4.17134393785e-16 6.87388197811e-05
0.5 4.17120947178e-16 7.49727312006e-05
0.5 4.17136314764e-16 8.92697743895e-05
0.5 4.17119026269e-16 9.55022197551e-05
0.5 4.17138235753e-16 0.000109800912243
0.5 4.1711710537e-16 0.00011603152506
lowest error 0.55 9.82313245256e-12
0.55 9.82313245256e-12 3.21332143365e-05
0.55 9.82308721547e-12 0.000155570389729
0.55 9.82317768986e-12 0.000219821500897
0.55 9.82304197858e-12 0.000343289312549
0.55 9.82322292737e-12 0.000407494471204
0.55 9.82299674191e-12 0.000531023555373
0.55 9.82326816509e-12 0.000595152126339
0.55 9.82295150544e-12 0.000718773119452
0.55 9.82331340301e-12 0.000782794467887
0.55 9.82290626918e-12 0.00090653800587
0.55 9.82335864115e-12 0.000970421496929
0.55 9.82286103313e-12 0.00109431821621
lowest error 0.55 4.75961692294e-16
0.55 4.75961692294e-16 4.50596495405e-06
0.55 4.75959500414e-16 1.7575143906e-05
0.55 4.75963884183e-16 2.65872858045e-05
0.55 4.75957308545e-16 3.96560407578e-05
0.55 4.75966076083e-16 4.86688186485e-05
0.55 4.75955116685e-16 6.17367256415e-05
0.55 4.75968267993e-16 7.07505634869e-05
0.55 4.75952924836e-16 8.38171985413e-05
0.55 4.75970459913e-16 9.28325203229e-05
0.55 4.75950732997e-16 0.000105897459458
0.55 4.75972651843e-16 0.000114914689138
0.55 4.75948541168e-16 0.000127977508393
lowest error 0.6 7.64603004073e-12
0.6 7.64603004073e-12 9.28183669084e-05
0.6 7.64606525209e-12 0.000179112205326
0.6 7.64599482955e-12 0.000364781092182
0.6 7.6461004636e-12 0.000451010628316
0.6 7.64595961852e-12 0.000636775974056
0.6 7.64613567527e-12 0.000722876905868
0.6 7.64592440766e-12 0.000908803016815
0.6 7.64617088711e-12 0.00099471104178
0.6 7.64588919695e-12 0.00118086222403
0.6 7.64620609911e-12 0.00126651303961
0.6 7.64585398641e-12 0.00145295359949
0.6 7.64624131127e-12 0.00153828290365
lowest error 0.6 4.87885599944e-16
0.6 4.87885599944e-16 5.84444911889e-06
0.6 4.87883353153e-16 1.55860822786e-05
0.6 4.87887846746e-16 2.72751801811e-05
0.6 4.87881106373e-16 3.70164139953e-05
0.6 4.87890093558e-16 4.87061109467e-05
0.6 4.87878859602e-16 5.84465460332e-05
0.6 4.8789234038e-16 7.01372413991e-05
0.6 4.87876612842e-16 7.98764783929e-05
0.6 4.87894587212e-16 9.15685715399e-05
0.6 4.87874366093e-16 0.000101306211078
0.6 4.87896834055e-16 0.000113000101371
0.6 4.87872119353e-16 0.00012273574407
lowest error 0.65 6.35714328213e-12
0.65 6.35714328213e-12 6.93781743175e-05
0.65 6.35711400647e-12 8.57567337795e-05
0.65 6.35717255792e-12 0.00022450261896
0.65 6.35708473094e-12 0.000240902106034
0.65 6.35720183385e-12 0.000379616600857
0.65 6.35705545556e-12 0.000396057943154
0.65 6.35723110992e-12 0.000534720120573
0.65 6.3570261803e-12 0.000551224245707
0.65 6.35726038611e-12 0.00068981317909
0.65 6.35699690518e-12 0.000706401014675
0.65 6.35728966245e-12 0.000844895776976
0.65 6.3569676302e-12 0.000861588250625
lowest error 0.65 4.44291495315e-16
0.65 4.44291495315e-16 9.02400133818e-06
0.65 4.44289449282e-16 1.10111946632e-05
0.65 4.44293541358e-16 2.90593718661e-05
0.65 4.44287403258e-16 3.10462161219e-05
0.65 4.4429558741e-16 4.90949169221e-05
0.65 4.44285357244e-16 5.10810630745e-05
0.65 4.44297633472e-16 6.91306365073e-05
0.65 4.44283311239e-16 7.11157355058e-05
0.65 4.44299679543e-16 8.9166530624e-05
0.65 4.44281265243e-16 9.11502334162e-05
0.65 4.44301725623e-16 0.000109202599273
0.65 4.44279219257e-16 0.000111184556808
lowest error 0.7 2.14542827514e-12
0.7 2.14542827514e-12 1.94631039419e-06
0.7 2.1454183951e-12 0.00010403469432
0.7 2.14543815522e-12 0.000107922431862
0.7 2.1454085151e-12 0.000210020582505
0.7 2.14544803535e-12 0.00021389367031
0.7 2.14539863516e-12 0.000316011354386
0.7 2.14545791553e-12 0.000319860025868
0.7 2.14538875525e-12 0.000422007010188
0.7 2.14546779575e-12 0.000425821498949
0.7 2.14537887539e-12 0.000528007550041
0.7 2.14547767602e-12 0.000531778089684
0.7 2.14536899558e-12 0.00063401297436
lowest error 0.7 2.28276917767e-16
0.7 2.28276917767e-16 1.67554763308e-06
0.7 2.28275866515e-16 1.91781986563e-05
0.7 2.28277969023e-16 2.25294830023e-05
0.7 2.28274815269e-16 4.00317558502e-05
0.7 2.28279020285e-16 4.33836074527e-05
0.7 2.28273764027e-16 6.08851239869e-05
0.7 2.28280071551e-16 6.42379209852e-05
0.7 2.28272712789e-16 8.17383030487e-05
0.7 2.28281122822e-16 8.50924236029e-05
0.7 2.28271661557e-16 0.000102591293039
0.7 2.28282174098e-16 0.000105947115306
0.7 2.2827061033e-16 0.000123444093958
lowest error 0.75 9.10743331492e-13
0.75 9.10743331492e-13 4.48401678708e-05
0.75 9.10739137374e-13 9.28846820298e-05
0.75 9.1074752563e-13 0.000182556771088
0.75 9.10734943275e-13 0.000230617779105
0.75 9.10751719787e-13 0.000320265128119
0.75 9.10730749195e-13 0.000368359123728
0.75 9.10755913963e-13 0.000457965239455
0.75 9.10726555135e-13 0.000506108716637
0.75 9.10760108159e-13 0.000595657105468
0.75 9.10722361094e-13 0.000643866558203
0.75 9.10764302374e-13 0.000733340726896
0.75 9.10718167072e-13 0.00078163264892
lowest error 0.75 1.85788145624e-16
0.75 1.85788145624e-16 9.87790813323e-06
0.75 1.85789001212e-16 1.16971430071e-05
0.75 1.8578729004e-16 3.14527569101e-05
0.75 1.85789856804e-16 3.32723965513e-05
0.75 1.8578643446e-16 5.30274033061e-05
0.75 1.857907124e-16 5.4847852482e-05
0.75 1.85785578884e-16 7.46018473232e-05
0.75 1.85791567999e-16 7.64235108015e-05
0.75 1.85784723311e-16 9.61760889626e-05
0.75 1.85792423603e-16 9.79993715111e-05
0.75 1.85783867743e-16 0.000117750128227
0.75 1.85793279211e-16 0.000119575434613
lowest error 0.8 9.33654081324e-13
0.8 9.33654081324e-13 6.68913860626e-05
0.8 9.33649781698e-13 6.89791498081e-05
0.8 9.3365838097e-13 0.000202753895739
0.8 9.33645482092e-13 0.000204857712348
0.8 9.33662680636e-13 0.000338608379693
0.8 9.33641182505e-13 0.000340744302032
0.8 9.33666980321e-13 0.000474454838401
0.8 9.33636882939e-13 0.000476638919213
0.8 9.33671280026e-13 0.000610293272215
0.8 9.33632583392e-13 0.000612541564606
0.8 9.33675579751e-13 0.000746123681851
0.8 9.33628283865e-13 0.000748452238566
lowest error 0.8 1.84915791173e-16
0.8 1.84915791173e-16 1.52655960628e-06
0.8 1.84914939607e-16 1.78523187944e-05
0.8 1.84916642744e-16 2.09056013034e-05
0.8 1.84914088044e-16 3.72310339327e-05
0.8 1.84917494319e-16 4.02848062815e-05
0.8 1.84913236485e-16 5.66095857946e-05
0.8 1.84918345897e-16 5.96641745427e-05
0.8 1.8491238493e-16 7.59879743795e-05
0.8 1.8491919748e-16 7.90437060876e-05
0.8 1.84911533379e-16 9.5366199691e-05
0.8 1.84920049066e-16 9.84234009187e-05
0.8 1.84910681832e-16 0.000114744261729
lowest error 0.81 1.69771974632e-12
0.81 1.69771974632e-12 5.59196811283e-05
0.81 1.69771192805e-12 8.6077395872e-05
0.81 1.69772756463e-12 0.000197907991861
0.81 1.69770410982e-12 0.000228083239555
0.81 1.69773538297e-12 0.000339887536866
0.81 1.69769629162e-12 0.000370097850714
0.81 1.69774320135e-12 0.000481858316687
0.81 1.69768847346e-12 0.000512121229764
0.81 1.69775101976e-12 0.000623820331864
0.81 1.69768065533e-12 0.000654153377246
0.81 1.69775883821e-12 0.000765773582938
0.81 1.69767283724e-12 0.000796194293703
lowest error 0.81 1.96383954056e-16
0.81 1.96383954056e-16 3.02050568823e-06
0.81 1.96383049676e-16 1.76718681311e-05
0.81 1.96384858439e-16 2.37130656715e-05
0.81 1.96382145301e-16 3.83640557877e-05
0.81 1.96385762827e-16 4.4405811821e-05
0.81 1.9638124093e-16 5.90560572649e-05
0.81 1.96386667219e-16 6.50987441375e-05
0.81 1.96380336563e-16 7.97478726016e-05
0.81 1.96387571615e-16 8.57918626052e-05
0.81 1.963794322e-16 0.000100439501781
0.81 1.96388476015e-16 0.000106485167262
0.81 1.96378527841e-16 0.000121130944804
lowest error 0.82 1.83000383563e-12
0.82 1.83000383563e-12 1.64157186182e-05
0.82 1.83001226313e-12 0.000112935475389
0.82 1.82999540818e-12 0.000145774187648
0.82 1.83002069067e-12 0.000242279394782
0.82 1.82998698075e-12 0.000275139932111
0.82 1.83002911825e-12 0.000371616039971
0.82 1.82997855337e-12 0.000404512952299
0.82 1.83003754586e-12 0.000500945411364
0.82 1.82997012603e-12 0.000533893248854
0.82 1.83004597352e-12 0.000630267509255
0.82 1.82996169872e-12 0.000663280822068
0.82 1.83005440121e-12 0.000759582334284
lowest error 0.82 2.03484812348e-16
0.82 2.03484812348e-16 3.51068236082e-06
0.82 2.03483875268e-16 1.74624116425e-05
0.82 2.03485749432e-16 2.44839676138e-05
0.82 2.03482938192e-16 3.84353143787e-05
0.82 2.03486686521e-16 4.54574441178e-05
0.82 2.03482001121e-16 5.9408025888e-05
0.82 2.03487623614e-16 6.64311118745e-05
0.82 2.03481064054e-16 8.03805461533e-05
0.82 2.03488560711e-16 8.74049708868e-05
0.82 2.03480126991e-16 0.000101352875176
0.82 2.03489497813e-16 0.000108379021136
0.82 2.03479189932e-16 0.000122325012957
lowest error 0.83 1.89915320169e-12
0.83 1.89915320169e-12 5.75142032981e-05
0.83 1.89916194763e-12 6.4579908182e-05
0.83 1.89914445579e-12 0.000179614796252
0.83 1.89917069362e-12 0.000186667538423
0.83 1.89913570992e-12 0.000301721871025
0.83 1.89917943964e-12 0.000308748687987
0.83 1.8991269641e-12 0.000423835427959
0.83 1.89918818571e-12 0.000430823357109
0.83 1.89911821832e-12 0.000545955467401
0.83 1.89919693181e-12 0.000552891546132
0.83 1.89910947257e-12 0.000668081989692
0.83 1.89920567796e-12 0.000674953255402
lowest error 0.83 2.12238418094e-16
0.83 2.12238418094e-16 4.58835903272e-06
0.83 2.12239395491e-16 1.51850021495e-05
0.83 2.12237440703e-16 2.4361550222e-05
0.83 2.12240372892e-16 3.49585333259e-05
0.83 2.12236463315e-16 4.41345714206e-05
0.83 2.12241350297e-16 5.47322344806e-05
0.83 2.12235485933e-16 6.39074226294e-05
0.83 2.12242327707e-16 7.450610565e-05
0.83 2.12234508554e-16 8.3680103832e-05
0.83 2.12243305121e-16 9.4280146818e-05
0.83 2.12233531181e-16 0.000103452615065
0.83 2.1224428254e-16 0.000114054357986
lowest error 0.84 1.70271514919e-12
0.84 1.70271514919e-12 4.22507794617e-05
0.84 1.70272299051e-12 0.000119606601782
0.84 1.70270730792e-12 0.00020411955165
0.84 1.70273083185e-12 0.000281452592882
0.84 1.70269946668e-12 0.000365999715589
0.84 1.70273867324e-12 0.000443287194494
0.84 1.70269162548e-12 0.000527891272074
0.84 1.70274651466e-12 0.000605110407711
0.84 1.70268378431e-12 0.000689794221766
0.84 1.70275435611e-12 0.000766922233189
0.84 1.70267594318e-12 0.000851708565753
0.84 1.7027621976e-12 0.000928722671729
lowest error 0.84 2.19051383263e-16
0.84 2.19051383263e-16 8.15189605685e-06
0.84 2.19052392034e-16 1.18547292041e-05
0.84 2.19050374496e-16 2.81583472903e-05
0.84 2.1905340081e-16 3.18615284938e-05
0.84 2.19049365734e-16 4.81646244981e-05
0.84 2.1905440959e-16 5.18685018145e-05
0.84 2.19048356977e-16 6.81707276637e-05
0.84 2.19055418376e-16 7.18756491485e-05
0.84 2.19047348224e-16 8.81766568241e-05
0.84 2.19056427165e-16 9.18829705343e-05
0.84 2.19046339476e-16 0.000108182411964
0.84 2.1905743596e-16 0.000111890465955
lowest error 0.85 1.82251872895e-12
0.85 1.82251872895e-12 2.90948509636e-05
0.85 1.82251033596e-12 9.1669406749e-05
0.85 1.82252712197e-12 0.000149852768055
0.85 1.822501943e-12 0.000212440005304
0.85 1.82253551504e-12 0.000270604344861
0.85 1.82249355009e-12 0.000333216945253
0.85 1.82254390815e-12 0.000391349581713
0.85 1.82248515722e-12 0.000454000226821
0.85 1.82255230129e-12 0.000512088478942
0.85 1.82247676438e-12 0.000574789850339
0.85 1.82256069447e-12 0.000632821036779
0.85 1.82246837159e-12 0.000695585816142
lowest error 0.85 2.35172209777e-16
0.85 2.35172209777e-16 7.20617826744e-07
0.85 2.35173292788e-16 2.13476825532e-05
0.85 2.35171126772e-16 2.2788706445e-05
0.85 2.35174375803e-16 4.34161946763e-05
0.85 2.35170043771e-16 4.48565833442e-05
0.85 2.35175458824e-16 6.54849185451e-05
0.85 2.35168960776e-16 6.69242485056e-05
0.85 2.35176541849e-16 8.75538541614e-05
0.85 2.35167877785e-16 8.8991701932e-05
0.85 2.3517762488e-16 0.000109623001527
0.85 2.35166794799e-16 0.000111058943625
0.85 2.35178707915e-16 0.000131692360625
lowest error 0.86 2.22960536125e-12
0.86 2.22960536125e-12 4.46297867676e-05
0.86 2.22959509356e-12 9.27387899208e-05
0.86 2.22961562899e-12 0.000181990159262
0.86 2.22958482592e-12 0.000230115571171
0.86 2.22962589677e-12 0.000319342328297
0.86 2.22957455833e-12 0.000367500557473
0.86 2.2296361646e-12 0.00045668629424
0.86 2.22956429078e-12 0.000504893749317
0.86 2.22964643248e-12 0.000594022057582
0.86 2.22955402328e-12 0.000642295147193
0.86 2.2296567004e-12 0.000731349618811
0.86 2.22954375583e-12 0.000779704751468
lowest error 0.86 2.4442408608e-16
0.86 2.4442408608e-16 1.25000618256e-06
0.86 2.44422960468e-16 1.83974213019e-05
0.86 2.44425211697e-16 2.08976015039e-05
0.86 2.44421834861e-16 3.80446809514e-05
0.86 2.44426337319e-16 4.05453646457e-05
0.86 2.4442070926e-16 5.76917727666e-05
0.86 2.44427462947e-16 6.01932956448e-05
0.86 2.44419583663e-16 7.73386967499e-05
0.86 2.44428588579e-16 7.98413944851e-05
0.86 2.44418458072e-16 9.69854528843e-05
0.86 2.44429714217e-16 9.94896611672e-05
0.86 2.44417332486e-16 0.000116632041206
lowest error 0.87 3.28352252577e-12
0.87 3.28352252577e-12 3.15405010332e-06
0.87 3.28353764698e-12 0.000113917798719
0.87 3.28350740462e-12 0.000120231858272
0.87 3.28355276827e-12 0.000230983688498
0.87 3.28349228355e-12 0.000237315625987
0.87 3.28356788962e-12 0.000348043619538
0.87 3.28347716254e-12 0.000354405353758
0.87 3.28358301104e-12 0.000465097592141
0.87 3.2834620416e-12 0.000471501041786
0.87 3.28359813254e-12 0.000582145606508
0.87 3.28344692074e-12 0.000588602690375
0.87 3.2836132541e-12 0.000699187663147
lowest error 0.87 4.30659468424e-16
0.87 4.30659468424e-16 6.87374203778e-06
0.87 4.30657485168e-16 1.59283576648e-05
0.87 4.30661451689e-16 2.96760678005e-05
0.87 4.30655501922e-16 3.87302312883e-05
0.87 4.30663434962e-16 5.24786196263e-05
0.87 4.30653518685e-16 6.15318788761e-05
0.87 4.30665418245e-16 7.52813975171e-05
0.87 4.30651535456e-16 8.43333004106e-05
0.87 4.30667401538e-16 9.80844014751e-05
0.87 4.30649552237e-16 0.000107134495893
0.87 4.30669384839e-16 0.000120887631482
0.87 4.30647569027e-16 0.000129935465325
lowest error 0.88 3.3314553731e-12
0.88 3.3314553731e-12 1.13333327358e-05
0.88 3.33144003121e-12 0.000122805143767
0.88 3.33147071505e-12 0.000145463986554
0.88 3.3314246894e-12 0.000256951443407
0.88 3.33148605707e-12 0.000279586818147
0.88 3.33140934766e-12 0.000391105566642
0.88 3.33150139917e-12 0.00041370182797
0.88 3.33139400598e-12 0.00052526751381
0.88 3.33151674134e-12 0.000547809016359
0.88 3.33137866438e-12 0.000659437285606
0.88 3.33153208357e-12 0.000681908384009
0.88 3.33136332285e-12 0.000793614882365
lowest error 0.88 4.51063826679e-16
0.88 4.51063826679e-16 4.495011658e-06
0.88 4.51061749458e-16 1.65209874274e-05
0.88 4.51065903909e-16 2.55112027756e-05
0.88 4.51059672246e-16 3.75367944634e-05
0.88 4.51067981149e-16 4.65275859285e-05
0.88 4.51057595045e-16 5.85524094885e-05
0.88 4.51070058399e-16 6.75441611171e-05
0.88 4.51055517852e-16 7.95678324859e-05
0.88 4.51072135658e-16 8.85609283441e-05
0.88 4.5105344067e-16 0.000100583063458
0.88 4.51074212927e-16 0.000109577887611
0.88 4.51051363497e-16 0.000121598102405
lowest error 0.89 3.38847277024e-12
0.89 3.38847277024e-12 4.15582377076e-05
0.89 3.38848837477e-12 8.22814593242e-05
0.89 3.38845716578e-12 0.000165404602923
0.89 3.38850397937e-12 0.000206114488533
0.89 3.38844156139e-12 0.000289257636679
0.89 3.38851958404e-12 0.000329940850278
0.89 3.38842595708e-12 0.000413117339225
0.89 3.38853518879e-12 0.000453760544807
0.89 3.38841035284e-12 0.00053698371114
0.89 3.3885507936e-12 0.0005775735727
0.89 3.38839474867e-12 0.000660856752675
0.89 3.38856639849e-12 0.000701379934207
lowest error 0.89 4.94351663612e-16
0.89 4.94351663612e-16 5.75602275266e-06
0.89 4.94349387044e-16 1.52788227736e-05
0.89 4.94353940191e-16 2.67910606562e-05
0.89 4.94347110486e-16 3.63134759245e-05
0.89 4.9435621678e-16 4.782629092e-05
0.89 4.94344833939e-16 5.73479367012e-05
0.89 4.9435849338e-16 6.88617135833e-05
0.89 4.94342557402e-16 7.83822051065e-05
0.89 4.9436076999e-16 8.98973286292e-05
0.89 4.94340280876e-16 9.94162811412e-05
0.89 4.94363046611e-16 0.000110933136059
0.89 4.9433800436e-16 0.000120450164789
High eps empty 0.8 1.12026817875e-12
High eps empty 0.8 1.11089752706e-12
lowest error 0.8 1.11516723287e-12
0.8 1.11516723287e-12 1.46550536715e-05
0.8 1.11517236842e-12 6.22721871131e-05
0.8 1.11516209735e-12 9.1584867485e-05
0.8 1.11517750399e-12 0.00013919685496
0.8 1.11515696185e-12 0.00016851725441
0.8 1.11518263958e-12 0.000216118949883
0.8 1.11515182637e-12 0.000245452214534
0.8 1.1151877752e-12 0.000293038472107
0.8 1.11514669092e-12 0.000322389747874
0.8 1.11519291084e-12 0.000369955421649
0.8 1.11514155549e-12 0.000399329854651
0.8 1.11519804651e-12 0.000446869798594
lowest error 0.9 3.09451078047e-12
0.9 3.09451078047e-12 1.91671113554e-05
0.9 3.09452503125e-12 5.20429311184e-05
0.9 3.09449652975e-12 9.0379358606e-05
0.9 3.0945392821e-12 0.000123250768885
0.9 3.0944822791e-12 0.000161593810638
0.9 3.09455353301e-12 0.000194456402012
0.9 3.09446802852e-12 0.000232810467645
0.9 3.09456778399e-12 0.000265659830568
0.9 3.094453778e-12 0.000304029329633
0.9 3.09458203503e-12 0.00033686105462
0.9 3.09443952754e-12 0.00037525039667
0.9 3.09459628614e-12 0.000408060074176
lowest error 0.9 5.09230022163e-16
0.9 5.09230022163e-16 7.42192366054e-06
0.9 5.09232367259e-16 1.4361902013e-05
0.9 5.09227677077e-16 2.9205542996e-05
0.9 5.09234712366e-16 3.61459340059e-05
0.9 5.09225332003e-16 5.09889560347e-05
0.9 5.09237057484e-16 5.79301723218e-05
0.9 5.09222986939e-16 7.27721627589e-05
0.9 5.09239402613e-16 7.97146169615e-05
0.9 5.09220641886e-16 9.45551631704e-05
0.9 5.09241747753e-16 0.000101499267927
0.9 5.09218296843e-16 0.000116337957272
0.9 5.09244092903e-16 0.000123284125202
lowest error 0.95 3.60601891135e-12
0.95 3.60601891135e-12 4.27966928109e-05
0.95 3.60600230506e-12 6.97053956618e-05
0.95 3.60603551772e-12 0.000155293278429
0.95 3.60598569884e-12 0.000182212987159
0.95 3.60605212417e-12 0.000267784361661
0.95 3.6059690927e-12 0.000294726081949
0.95 3.60606873069e-12 0.000380269942676
0.95 3.60595248664e-12 0.000407244680301
0.95 3.60608533729e-12 0.000492750021744
0.95 3.60593588065e-12 0.000519768782486
0.95 3.60610194396e-12 0.000605224599133
0.95 3.60591927474e-12 0.000632298388672
lowest error 0.95 6.46005179399e-16
0.95 6.46005179399e-16 5.86939978797e-06
0.95 6.46008154369e-16 3.44044596998e-05
0.95 6.46002204442e-16 4.61425540772e-05
0.95 6.46011129353e-16 7.46790244008e-05
0.95 6.45999229498e-16 8.64150031776e-05
0.95 6.46014104352e-16 0.000114954294325
0.95 6.45996254569e-16 0.000126686747068
0.95 6.46017079363e-16 0.000155230269486
0.95 6.45993279653e-16 0.000166957785831
0.95 6.46020054389e-16 0.000195506949862
0.95 6.45990304751e-16 0.000207228119444
0.95 6.46023029428e-16 0.000235784335534
lowest error 0.9 3.38043041063e-12
0.9 3.38043041063e-12 1.16773564578e-05
0.9 3.38041484321e-12 0.000211001336281
0.9 3.38044597812e-12 0.000234334492131
0.9 3.38039927586e-12 0.000433701587973
0.9 3.38046154569e-12 0.000456970072822
0.9 3.38038370858e-12 0.000656423401103
0.9 3.38047711333e-12 0.000679584100624
0.9 3.38036814138e-12 0.000879166777563
0.9 3.38049268103e-12 0.000902176577617
0.9 3.38035257424e-12 0.00110193171944
0.9 3.38050824881e-12 0.00112474750569
0.9 3.38033700718e-12 0.00132471822881
Low eps empty 0.9 3.38575867587e-12
Low eps empty 0.9 3.37596550162e-12
lowest error 1.5 4.02768965927e-13
1.5 4.02768965927e-13 2.18417470705e-05
1.5 4.02770820751e-13 7.50873661333e-05
1.5 4.02767111112e-13 0.000118774945213
1.5 4.02772675583e-13 0.000172012394482
1.5 4.02765256305e-13 0.00021571222864
1.5 4.02774530424e-13 0.000268933338151
1.5 4.02763401507e-13 0.000312653597438
1.5 4.02776385274e-13 0.000365850197309
1.5 4.02761546717e-13 0.000409599051778
1.5 4.02778240132e-13 0.000462762972129
1.5 4.02759691936e-13 0.000506548591833
1.5 4.02780094999e-13 0.000559671662698
lowest error 1.5 6.21094952721e-16
1.5 6.21094952721e-16 4.88532748744e-06
1.5 6.21092092479e-16 1.63681963361e-05
1.5 6.21097812975e-16 2.61390477085e-05
1.5 6.21089232251e-16 3.76215237634e-05
1.5 6.21100673243e-16 4.73929643303e-05
1.5 6.21086372036e-16 5.88746547963e-05
1.5 6.21103533524e-16 6.86470773528e-05
1.5 6.21083511834e-16 8.01275894178e-05
1.5 6.21106393818e-16 8.99013867603e-05
1.5 6.21080651646e-16 0.000101380327667
1.5 6.21109254125e-16 0.000111155892593
1.5 6.2107779147e-16 0.000122632869528
lowest error 1.6 3.26188015088e-13
1.6 3.26188015088e-13 2.36517932501e-05
1.6 3.26189517242e-13 6.75493549789e-05
1.6 3.2618651294e-13 0.000114856557955
1.6 3.26191019404e-13 0.000158746886875
1.6 3.26185010799e-13 0.000206064939198
1.6 3.26192521573e-13 0.000249940802583
1.6 3.26183508665e-13 0.000297276937283
1.6 3.26194023748e-13 0.000341131102246
1.6 3.26182006538e-13 0.000388492552275
1.6 3.26195525931e-13 0.000432317785926
1.6 3.26180504417e-13 0.000479711784315
1.6 3.2619702812e-13 0.000523500853928
lowest error 1.6 6.53756470064e-16
1.6 6.53756470064e-16 1.08391176399e-05
1.6 6.53753459411e-16 1.13905426593e-05
1.6 6.5375948073e-16 3.30689927717e-05
1.6 6.53750448772e-16 3.36199881086e-05
1.6 6.53762491411e-16 5.52990827782e-05
1.6 6.53747438147e-16 5.58492187093e-05
1.6 6.53765502105e-16 7.75293876405e-05
1.6 6.53744427535e-16 7.80782344649e-05
1.6 6.53768512814e-16 9.97599073616e-05
1.6 6.53741416938e-16 0.000100307035376
1.6 6.53771523536e-16 0.000121990641943
1.6 6.53738406354e-16 0.000122535621445
lowest error 1.7 2.77899650124e-13
1.7 2.77899650124e-13 2.91959935783e-06
1.7 2.77898370351e-13 0.000110895590905
1.7 2.77900929902e-13 0.000116729157762
1.7 2.77897090585e-13 0.000224716413205
1.7 2.77902209686e-13 0.000230533084589
1.7 2.77895810825e-13 0.00033854286802
1.7 2.77903489476e-13 0.000344331380114
1.7 2.7789453107e-13 0.000452374955529
1.7 2.77904769272e-13 0.00045812404462
1.7 2.77893251321e-13 0.000566212676011
1.7 2.77906049073e-13 0.000571911078379
1.7 2.77891971579e-13 0.000680056029744
lowest error 1.7 6.32615749733e-16
1.7 6.32615749733e-16 1.3093799498e-06
1.7 6.32618663043e-16 1.85706693752e-05
1.7 6.32612836437e-16 2.1189257442e-05
1.7 6.32621576366e-16 3.84508905324e-05
1.7 6.32609923154e-16 4.10689631045e-05
1.7 6.32624489703e-16 5.83312835074e-05
1.7 6.32607009884e-16 6.09484969378e-05
1.7 6.32627403053e-16 7.82118483365e-05
1.7 6.32604096628e-16 8.08278589264e-05
1.7 6.32630316417e-16 9.80925850027e-05
1.7 6.32601183385e-16 0.000100707049106
1.7 6.32633229794e-16 0.000117973493508
lowest error 1.8 2.58571110128e-13
1.8 2.58571110128e-13 2.67174559077e-05
1.8 2.58572300895e-13 9.23154904524e-05
1.8 2.58569919367e-13 0.000145756562883
1.8 2.58573491667e-13 0.00021134227652
1.8 2.58568728611e-13 0.000264801830789
1.8 2.58574682445e-13 0.000330362902504
1.8 2.58567537861e-13 0.000383853259946
1.8 2.58575873228e-13 0.000449377368936
1.8 2.58566347116e-13 0.00050291085057
1.8 2.58577064017e-13 0.000568385676033
1.8 2.58565156377e-13 0.000621974603186
1.8 2.58578254811e-13 0.000687387824107
lowest error 1.8 6.75799708329e-16
1.8 6.75799708329e-16 5.86614802867e-06
1.8 6.75802820509e-16 1.48851966557e-05
1.8 6.75796596163e-16 2.66173054895e-05
1.8 6.75805932703e-16 3.56367285668e-05
1.8 6.75793484012e-16 4.73682757089e-05
1.8 6.75809044911e-16 5.63884477045e-05
1.8 6.75790371875e-16 6.81190587257e-05
1.8 6.75812157134e-16 7.71403540716e-05
1.8 6.75787259753e-16 8.88696545243e-05
1.8 6.75815269371e-16 9.78924476516e-05
1.8 6.75784147645e-16 0.000109620063105
1.8 6.75818381623e-16 0.000118644728482
lowest error 1.9 2.42716890704e-13
1.9 2.42716890704e-13 1.38251779318e-05
1.9 2.42718008459e-13 2.48056069614e-05
1.9 2.42715772954e-13 5.24566116744e-05
1.9 2.42719126219e-13 6.34357430158e-05
1.9 2.42714655209e-13 9.10886942429e-05
1.9 2.42720243985e-13 0.000102065230243
1.9 2.42713537469e-13 0.000129721425717
1.9 2.42721361755e-13 0.000140694068653
1.9 2.42712419735e-13 0.000168354806073
1.9 2.42722479531e-13 0.000179322258224
1.9 2.42711302005e-13 0.000206988835323
1.9 2.42723597312e-13 0.000217949799033
lowest error 1.9 7.44180010138e-16
1.9 7.44180010138e-16 3.67423946823e-06
1.9 7.44176583071e-16 1.73867327065e-05
1.9 7.44183437222e-16 2.47354045175e-05
1.9 7.44173156019e-16 3.84475120456e-05
1.9 7.44186864321e-16 4.57967624241e-05
1.9 7.44169728983e-16 5.95080985333e-05
1.9 7.44190291436e-16 6.68583131893e-05
1.9 7.44166301962e-16 8.05684921703e-05
1.9 7.44193718567e-16 8.79200568158e-05
1.9 7.44162874958e-16 0.000101628692958
1.9 7.44197145714e-16 0.000108981993304
1.9 7.44159447969e-16 0.0001226887009
lowest error 2.0 1.78018853619e-13
2.0 1.78018853619e-13 2.0832223147e-05
2.0 1.78018033814e-13 2.2311917276e-05
2.0 1.78019673428e-13 6.39755542671e-05
2.0 1.78017214012e-13 6.54568669809e-05
2.0 1.78020493241e-13 0.000107118076099
2.0 1.78016394214e-13 0.000108602626058
2.0 1.78021313057e-13 0.000150259788656
2.0 1.78015574421e-13 0.000151749194484
2.0 1.78022132877e-13 0.000193400691956
2.0 1.7801475463e-13 0.000194896572275
2.0 1.78022952702e-13 0.000236540786013
2.0 1.78013934844e-13 0.000238044759445
lowest error 2.0 7.62679371487e-16
2.0 7.62679371487e-16 7.23623262022e-06
2.0 7.62675859226e-16 1.28559094223e-05
2.0 7.62682883763e-16 2.73285501837e-05
2.0 7.62672346982e-16 3.29478759298e-05
2.0 7.62686396056e-16 4.74210432695e-05
2.0 7.62668834755e-16 5.30396669376e-05
2.0 7.62689908364e-16 6.7513711878e-05
2.0 7.62665322543e-16 7.31312824294e-05
2.0 7.62693420689e-16 8.76065560114e-05
2.0 7.62661810347e-16 9.32227224073e-05
2.0 7.6269693303e-16 0.000107699575653
2.0 7.62658298168e-16 0.000113313986872
lowest error 2.1 1.36443860908e-13
2.1 1.36443860908e-13 3.44606241098e-06
2.1 1.36444489257e-13 2.33127834242e-05
2.1 1.36443232562e-13 3.02052195691e-05
2.1 1.36445117608e-13 5.00713179159e-05
2.1 1.36442604219e-13 5.69646880542e-05
2.1 1.36445745963e-13 7.68295411162e-05
2.1 1.36441975879e-13 8.37244678689e-05
2.1 1.3644637432e-13 0.000103587453004
2.1 1.36441347542e-13 0.000110484559019
2.1 1.3644700268e-13 0.000130345053583
2.1 1.36440719208e-13 0.000137244961481
2.1 1.36447631043e-13 0.000157102342857
lowest error 2.1 7.7190170462e-16
2.1 7.7190170462e-16 8.62091654952e-07
2.1 7.71905259367e-16 1.89026184083e-05
2.1 7.71898149889e-16 2.06266318923e-05
2.1 7.7190881413e-16 3.86674983348e-05
2.1 7.71894595175e-16 4.03910022873e-05
2.1 7.7191236891e-16 5.84325481077e-05
2.1 7.71891040477e-16 6.01552028416e-05
2.1 7.71915923706e-16 7.81977677291e-05
2.1 7.71887485796e-16 7.99192335568e-05
2.1 7.71919478518e-16 9.79631571991e-05
2.1 7.71883931131e-16 9.9683094434e-05
2.1 7.71923033347e-16 0.000117728716521
lowest error 2.2 9.65406014156e-14
2.2 9.65406014156e-14 1.05641738077e-05
2.2 9.65410460025e-14 3.2634923234e-05
2.2 9.65401568307e-14 5.37640822356e-05
2.2 9.65414905914e-14 7.58332089048e-05
2.2 9.65397122478e-14 9.69648020654e-05
2.2 9.65419351825e-14 0.000119030683219
2.2 9.65392676671e-14 0.000140166333273
2.2 9.65423797755e-14 0.000162227346194
2.2 9.65388230883e-14 0.000183368675952
2.2 9.65428243706e-14 0.000205423197804
2.2 9.65383785116e-14 0.000226571830077
2.2 9.65432689678e-14 0.000248618238143
lowest error 2.2 8.15312310802e-16
2.2 8.15312310802e-16 6.49963461274e-07
2.2 8.15308556159e-16 1.84075729694e-05
2.2 8.15316065463e-16 1.97076578021e-05
2.2 8.15304801533e-16 3.74649514914e-05
2.2 8.15319820141e-16 3.87655100367e-05
2.2 8.15301046924e-16 5.65221721067e-05
2.2 8.15323574836e-16 5.78235202009e-05
2.2 8.15297292333e-16 7.55792348155e-05
2.2 8.15327329549e-16 7.68816882788e-05
2.2 8.15293537759e-16 9.4636139603e-05
2.2 8.15331084278e-16 9.59400142717e-05
2.2 8.15289783202e-16 0.000113692886504
lowest error 2.3 8.71926746652e-14
2.3 8.71926746652e-14 8.35119142728e-07
2.3 8.7192273129e-14 3.56889894904e-05
2.3 8.71930762032e-14 3.73586477487e-05
2.3 8.71918715947e-14 7.22136781284e-05
2.3 8.71934777431e-14 7.38815963999e-05
2.3 8.71914700622e-14 0.00010873894678
2.3 8.71938792848e-14 0.000110403965074
2.3 8.71910685316e-14 0.000145264795456
2.3 8.71942808284e-14 0.00014692575378
2.3 8.71906670028e-14 0.000181791224164
2.3 8.71946823738e-14 0.000183446962528
2.3 8.71902654758e-14 0.000218318232913
lowest error 2.3 8.43964151924e-16
2.3 8.43964151924e-16 5.71182499209e-06
2.3 8.43960265335e-16 1.36080223112e-05
2.3 8.43968038532e-16 2.50318345985e-05
2.3 8.43956378763e-16 3.29277073461e-05
2.3 8.43971925157e-16 4.43520064928e-05
2.3 8.43952492209e-16 5.22472300979e-05
2.3 8.43975811801e-16 6.36723406764e-05
2.3 8.43948605673e-16 7.15665905666e-05
2.3 8.43979698462e-16 8.29928371502e-05
2.3 8.43944719155e-16 9.08857887549e-05
2.3 8.43983585141e-16 0.000102313495916
2.3 8.43940832655e-16 0.000110204824664
lowest error 2.4 7.34456366865e-14
2.4 7.34456366865e-14 6.02104407044e-06
2.4 7.34459749169e-14 3.84321254159e-05
2.4 7.34452984576e-14 5.04750727384e-05
2.4 7.34463131489e-14 8.28844357375e-05
2.4 7.34449602303e-14 9.49299606043e-05
2.4 7.34466513825e-14 0.000127335886872
2.4 7.34446220045e-14 0.000139385707685
2.4 7.34469896176e-14 0.000171786478913
2.4 7.34442837803e-14 0.000183842313997
2.4 7.34473278542e-14 0.00021623621184
2.4 7.34439455577e-14 0.000228299779517
2.4 7.34476660924e-14 0.000260685085668
lowest error 2.4 8.98421217792e-16
2.4 8.98421217792e-16 3.90331432065e-06
2.4 8.98417080419e-16 1.41667037497e-05
2.4 8.98425355184e-16 2.19734743436e-05
2.4 8.98412943065e-16 3.22365798531e-05
2.4 8.98429492595e-16 4.00437763521e-05
2.4 8.9840880573e-16 5.03063139896e-05
2.4 8.98433630025e-16 5.81142203315e-05
2.4 8.98404668414e-16 6.8375906161e-05
2.4 8.98437767475e-16 7.61848062827e-05
2.4 8.98400531117e-16 8.64453563691e-05
2.4 8.98441904943e-16 9.42555342069e-05
2.4 8.98396393839e-16 0.000104514664598
lowest error 2.5 6.63043466558e-14
2.5 6.63043466558e-14 1.49237453435e-05
2.5 6.63046519993e-14 3.39672121554e-05
2.5 6.63040413137e-14 6.38157421733e-05
2.5 6.63049573442e-14 8.28571304314e-05
2.5 6.6303735973e-14 0.000112708778312
2.5 6.63052626906e-14 0.000131746009466
2.5 6.63034306338e-14 0.000161602853782
2.5 6.63055680383e-14 0.000180633849278
2.5 6.63031252959e-14 0.000210497968607
2.5 6.63058733874e-14 0.000229520649891
2.5 6.63028199594e-14 0.000259394122807
2.5 6.63061787379e-14 0.000278406411327
lowest error 2.5 9.36465969395e-16
2.5 9.36465969395e-16 6.24083602929e-06
2.5 9.3646165682e-16 1.26970504883e-05
2.5 9.3647028199e-16 2.51788784791e-05
2.5 9.36457344264e-16 3.16347810569e-05
2.5 9.36474594605e-16 4.41170768632e-05
2.5 9.36453031729e-16 5.05723557129e-05
2.5 9.3647890724e-16 6.30554311836e-05
2.5 9.36448719213e-16 6.95097744394e-05
2.5 9.36483219894e-16 8.19939414396e-05
2.5 9.36444406717e-16 8.84470372382e-05
2.5 9.36487532569e-16 0.000100932607617
2.5 9.36440094241e-16 0.000107384144111
lowest error 2.6 5.71789268317e-14
2.6 5.71789268317e-14 1.20583260936e-05
2.6 5.7179190151e-14 1.85198208782e-05
2.6 5.71786635136e-14 4.26368796278e-05
2.6 5.71794534715e-14 4.90975613476e-05
2.6 5.71784001968e-14 7.32158397021e-05
2.6 5.71797167932e-14 7.96748952929e-05
2.6 5.71781368811e-14 0.000103795206323
2.6 5.71799801162e-14 0.000110251822719
2.6 5.71778735667e-14 0.000134374979495
2.6 5.71802434403e-14 0.000140828343632
2.6 5.71776102534e-14 0.000164955159223
2.6 5.71805067657e-14 0.000171404458037
lowest error 2.6 9.89053991592e-16
2.6 9.89053991592e-16 5.11689040161e-06
2.6 9.89058546364e-16 1.32548872132e-05
2.6 9.8904943684e-16 2.34885212689e-05
2.6 9.89063101158e-16 3.16268115776e-05
2.6 9.8904488211e-16 4.18600053891e-05
2.6 9.89067655972e-16 4.99988826923e-05
2.6 9.890403274e-16 6.02313427471e-05
2.6 9.89072210807e-16 6.83711005416e-05
2.6 9.89035772712e-16 7.86025333777e-05
2.6 9.89076765664e-16 8.67434651601e-05
2.6 9.89031218044e-16 9.69735772647e-05
2.6 9.89081320541e-16 0.000105115976532
lowest error 2.7 5.05845627115e-14
2.7 5.05845627115e-14 2.29108258099e-06
2.7 5.05847956626e-14 2.84733352882e-05
2.7 5.05843297616e-14 3.30559119539e-05
2.7 5.05850286147e-14 5.92373416577e-05
2.7 5.05840968127e-14 6.38211528106e-05
2.7 5.05852615679e-14 9.00009365332e-05
2.7 5.05838638648e-14 9.45868052105e-05
2.7 5.05854945222e-14 0.00012076411992
2.7 5.0583630918e-14 0.000125352869131
2.7 5.05857274776e-14 0.000151526891797
2.7 5.05833979724e-14 0.000156119344579
2.7 5.0585960434e-14 0.000182289252225
lowest error 2.7 1.05072242193e-15
2.7 1.05072242193e-15 3.93503946094e-06
2.7 1.05071758319e-15 1.12816530682e-05
2.7 1.0507272607e-15 1.91518326633e-05
2.7 1.05071274446e-15 2.64982449241e-05
2.7 1.05073209949e-15 3.43687265398e-05
2.7 1.05070790576e-15 4.17147360943e-05
2.7 1.0507369383e-15 4.95857210909e-05
2.7 1.05070306709e-15 5.69311266068e-05
2.7 1.05074177713e-15 6.4802816317e-05
2.7 1.05069822843e-15 7.21474164487e-05
2.7 1.05074661599e-15 8.00200122066e-05
2.7 1.0506933898e-15 8.73636056204e-05
lowest error 2.8 4.70266454134e-14
2.8 4.70266454134e-14 5.8455517058e-06
2.8 4.70268619796e-14 2.47816182286e-05
2.8 4.70264288482e-14 3.64731295091e-05
2.8 4.70270785468e-14 5.5408380355e-05
2.8 4.70262122839e-14 6.71011151572e-05
2.8 4.7027295115e-14 8.60347346521e-05
2.8 4.70259957207e-14 9.77295086577e-05
2.8 4.70275116842e-14 0.000116660681124
2.8 4.70257791585e-14 0.000128358310015
2.8 4.70277282544e-14 0.000147286219778
2.8 4.70255625973e-14 0.000158987519235
2.8 4.70279448255e-14 0.000177911350618
lowest error 2.8 1.1612400345e-15
2.8 1.1612400345e-15 7.20089006645e-06
2.8 1.1612346868e-15 1.11581508735e-05
2.8 1.16124538222e-15 2.55600775687e-05
2.8 1.16122933913e-15 2.95170452844e-05
2.8 1.16125072996e-15 4.39194116182e-05
2.8 1.16122399149e-15 4.78757931517e-05
2.8 1.16125607773e-15 6.22788922158e-05
2.8 1.16121864386e-15 6.62343944766e-05
2.8 1.16126142553e-15 8.06385193632e-05
2.8 1.16121329627e-15 8.45928492597e-05
2.8 1.16126677335e-15 9.8998293061e-05
2.8 1.16120794869e-15 0.000102951157503
