0.002 0.00012589254 1 0.021325814 0.66445232
0.002 0.00015848932 1 0.011378106 0.70032837
0.002 0.00019952623 1 0.0063031453 0.78542944
0.002 0.0001 1 0.034170407 0.57195453
0.002 0.00025118864 1 0.0021843695 0.81251878
0.002 0.00031622777 1 0.0011249091 0.96843367
0.002 0.001 1 1.2916766e-09 0.9998104
0.002 1.2589254e-05 1 0.016760132 0.17554651
0.002 1.2589254e-06 1 0.00017799427 0.19077865
0.002 1.2589254e-07 1 1.8195633e-06 0.18111526
0.002 1.2589254e-08 1 1.7702951e-08 0.17139634
0.002 1.2589254e-09 1 1.8051687e-10 0.18282348
0.002 1.5848932e-05 1 0.023924365 0.18612766
0.002 1.5848932e-06 1 0.0002960285 0.19753699
0.002 1.5848932e-07 1 3.1159583e-06 0.1567816
0.002 1.5848932e-08 1 2.9796804e-08 0.18014595
0.002 1.5848932e-09 1 3.0023585e-10 0.18241011
0.002 1.9952623e-05 1 0.031734276 0.22818027
0.002 1.9952623e-06 1 0.00044247309 0.19243366
0.002 1.9952623e-07 1 4.5344373e-06 0.19768164
0.002 1.9952623e-08 1 4.615278e-08 0.183388
0.002 1.9952623e-09 1 4.5821382e-10 0.18150179
0.002 1e-05 1 0.010374889 0.1924968
0.002 1e-06 1 0.00011552017 0.17699827
0.002 1e-07 1 1.1323491e-06 0.17757062
0.002 1e-08 1 1.1291973e-08 0.2013423
0.002 1e-09 1 1.1452144e-10 0.16913468
0.002 2.5118864e-05 1 0.041147514 0.24792992
0.002 2.5118864e-06 1 0.00073065435 0.16840965
0.002 2.5118864e-07 1 6.7649981e-06 0.19899277
0.002 2.5118864e-08 1 7.5822219e-08 0.1787925
0.002 2.5118864e-09 1 6.941859e-10 0.19028151
0.002 3.1622777e-05 1 0.047715516 0.28532499
0.002 3.1622777e-06 1 0.001147902 0.18735509
0.002 3.1622777e-07 1 1.1683202e-05 0.17443532
0.002 3.1622777e-08 1 1.2994064e-07 0.16394559
0.002 3.1622777e-09 1 1.1738476e-09 0.17303998
0.002 3.9810717e-05 1 0.051708935 0.30795522
0.002 3.9810717e-06 1 0.0018399814 0.16758754
0.002 3.9810717e-07 1 1.8405642e-05 0.17168396
0.002 3.9810717e-08 1 1.8846502e-07 0.2001149
0.002 3.9810717e-09 1 1.8215479e-09 0.2003613
0.002 5.0118723e-05 1 0.058168144 0.35032546
0.002 5.0118723e-06 1 0.0026931854 0.20563825
0.002 5.0118723e-07 1 3.0676813e-05 0.17019006
0.002 5.0118723e-08 1 2.8849883e-07 0.19402217
0.002 5.0118723e-09 1 2.7853668e-09 0.20610562
0.002 6.3095734e-05 1 0.051463474 0.40239109
0.002 6.3095734e-06 1 0.0044359298 0.20071318
0.002 6.3095734e-07 1 4.8279182e-05 0.18536569
0.002 6.3095734e-08 1 4.662216e-07 0.18319984
0.002 6.3095734e-09 1 4.8021531e-09 0.17066529
0.002 7.9432823e-05 1 0.043179837 0.486099
0.002 7.9432823e-06 1 0.0067107775 0.18147627
0.002 7.9432823e-07 1 7.4467258e-05 0.18353117
0.002 7.9432823e-08 1 7.2534557e-07 0.18632928
0.002 7.9432823e-09 1 7.3674393e-09 0.17723866
0.005 0.00012589254 1 0.00079985539 0.79222454
0.005 0.00015848932 1 0.00018147807 0.87042469
0.005 0.00019952623 1 6.3634002e-05 0.99211356
0.005 0.0001 1 0.0033137357 0.75473728
0.005 0.00025118864 1 5.3046072e-06 0.99998398
0.005 0.00031622777 1 2.461811e-07 0.99987746
0.005 0.001 1 9.0352174e-43 1
0.005 1.2589254e-05 1 0.051361693 0.15538695
0.005 1.2589254e-06 1 0.0012111586 0.0864351
0.005 1.2589254e-07 1 1.1411221e-05 0.10236075
0.005 1.2589254e-08 1 1.1651766e-07 0.082639198
0.005 1.2589254e-09 1 1.1524616e-09 0.10835781
0.005 1.5848932e-05 1 0.055070456 0.21486086
0.005 1.5848932e-06 1 0.0017604387 0.092849174
0.005 1.5848932e-07 1 1.9451313e-05 0.086160647
0.005 1.5848932e-08 1 1.8900931e-07 0.082176337
0.005 1.5848932e-09 1 1.8262551e-09 0.092272308
0.005 1.9952623e-05 1 0.055756709 0.25980193
0.005 1.9952623e-06 1 0.0027739731 0.098187889
0.005 1.9952623e-07 1 2.9634851e-05 0.078416696
0.005 1.9952623e-08 1 2.9115806e-07 0.09157022
0.005 1.9952623e-09 1 3.0715875e-09 0.077942192
0.005 1e-05 1 0.039216991 0.14296459
0.005 1e-06 1 0.00070504773 0.099501842
0.005 1e-07 1 7.2273517e-06 0.088675714
0.005 1e-08 1 7.0192176e-08 0.1005524
0.005 1e-09 1 6.8025712e-10 0.10003095
0.005 2.5118864e-05 1 0.052555378 0.31962256
0.005 2.5118864e-06 1 0.0045546931 0.086559366
0.005 2.5118864e-07 1 4.6053435e-05 0.09219096
0.005 2.5118864e-08 1 4.6369327e-07 0.098278831
0.005 2.5118864e-09 1 4.5782398e-09 0.095132256
0.005 3.1622777e-05 1 0.042641843 0.37280144
0.005 3.1622777e-06 1 0.0066177802 0.094763592
0.005 3.1622777e-07 1 7.2590788e-05 0.094225956
0.005 3.1622777e-08 1 7.5772987e-07 0.089075563
0.005 3.1622777e-09 1 7.296079e-09 0.091828673
0.005 3.9810717e-05 1 0.031969025 0.52104345
0.005 3.9810717e-06 1 0.010500376 0.099652993
0.005 3.9810717e-07 1 0.00011515199 0.089239277
0.005 3.9810717e-08 1 1.0949832e-06 0.10014372
0.005 3.9810717e-09 1 1.2064348e-08 0.093405154
0.005 5.0118723e-05 1 0.022295669 0.5815617
0.005 5.0118723e-06 1 0.014718419 0.097188246
0.005 5.0118723e-07 1 0.00018014549 0.087182785
0.005 5.0118723e-08 1 1.7556769e-06 0.09042486
0.005 5.0118723e-09 1 1.7847046e-08 0.095996589
0.005 6.3095734e-05 1 0.011932167 0.65730035
0.005 6.3095734e-06 1 0.022767502 0.11505266
0.005 6.3095734e-07 1 0.00028824987 0.087843931
0.005 6.3095734e-08 1 2.8569683e-06 0.1064896
0.005 6.3095734e-09 1 2.8881309e-08 0.096895071
0.005 7.9432823e-05 1 0.0058443184 0.71232979
0.005 7.9432823e-06 1 0.030526798 0.12397762
0.005 7.9432823e-07 1 0.00044049368 0.096884851
0.005 7.9432823e-08 1 4.321678e-06 0.095622908
0.005 7.9432823e-09 1 4.4718236e-08 0.085546034
0.01 0.00012589254 1 5.0760581e-06 0.99995586
0.01 0.00015848932 1 1.1496891e-07 0.084808511
0.01 0.00019952623 1 6.035039e-12 0.95957151
0.01 0.0001 1 3.5489316e-05 0.83298084
0.01 0.00025118864 1 2.7505111e-13 1
0.01 0.00031622777 1 7.6180129e-27 0.99999726
0.01 1.2589254e-05 1 0.052149468 0.33588512
0.01 1.2589254e-06 1 0.0046943577 0.078131662
0.01 1.2589254e-07 1 5.0608269e-05 0.080658369
0.01 1.2589254e-08 1 4.5981819e-07 0.087368317
0.01 1.2589254e-09 1 4.4440208e-09 0.092963518
0.01 1.5848932e-05 1 0.042936707 0.38105616
0.01 1.5848932e-06 1 0.0064619574 0.092576505
0.01 1.5848932e-07 1 7.1593347e-05 0.090643859
0.01 1.5848932e-08 1 7.0357693e-07 0.096616887
0.01 1.5848932e-09 1 7.1840802e-09 0.10612537
0.01 1.9952623e-05 1 0.032842044 0.46950479
0.01 1.9952623e-06 1 0.010289372 0.10019233
0.01 1.9952623e-07 1 0.00012161995 0.086511374
0.01 1.9952623e-08 1 1.1425331e-06 0.087684247
0.01 1.9952623e-09 1 1.0766501e-08 0.10148677
0.01 1e-05 1 0.056610075 0.25608026
0.01 1e-06 1 0.0029198643 0.091565459
0.01 1e-07 1 2.9350591e-05 0.090066719
0.01 1e-08 1 2.6958812e-07 0.097275113
0.01 1e-09 1 2.881396e-09 0.095958691
0.01 2.5118864e-05 1 0.021779896 0.58870416
0.01 2.5118864e-06 1 0.014854423 0.11058899
0.01 2.5118864e-07 1 0.0001835738 0.090689634
0.01 2.5118864e-08 1 1.9128184e-06 0.082688294
0.01 2.5118864e-09 1 1.8716756e-08 0.085524941
0.01 3.1622777e-05 1 0.012337905 0.6296532
0.01 3.1622777e-06 1 0.023104007 0.11980532
0.01 3.1622777e-07 1 0.00028069988 0.094016135
0.01 3.1622777e-08 1 2.96682e-06 0.091305158
0.01 3.1622777e-09 1 2.6540873e-08 0.09834419
0.01 3.9810717e-05 1 0.00529143 0.68053098
0.01 3.9810717e-06 1 0.030449125 0.11850982
0.01 3.9810717e-07 1 0.00048597034 0.082030358
0.01 3.9810717e-08 1 4.7928594e-06 0.085059299
0.01 3.9810717e-09 1 5.1116247e-08 0.079681663
0.01 5.0118723e-05 1 0.0030604944 0.70675777
0.01 5.0118723e-06 1 0.040398939 0.14535308
0.01 5.0118723e-07 1 0.00072534187 0.085051126
0.01 5.0118723e-08 1 7.8301685e-06 0.077426085
0.01 5.0118723e-09 1 7.7344008e-08 0.082878867
0.01 6.3095734e-05 1 0.00086077669 0.73147299
0.01 6.3095734e-06 1 0.047368897 0.18365039
0.01 6.3095734e-07 1 0.0011009256 0.10200808
0.01 6.3095734e-08 1 1.1960833e-05 0.084734657
0.01 6.3095734e-09 1 1.1710013e-07 0.092310892
0.01 7.9432823e-05 1 0.00027002027 0.73624804
0.01 7.9432823e-06 1 0.055392763 0.20570699
0.01 7.9432823e-07 1 0.0017652813 0.1036223
0.01 7.9432823e-08 1 1.8177101e-05 0.087203966
0.01 7.9432823e-09 1 1.8396303e-07 0.08018476
0.05 0.0001 1 7.0797322e-45 0
0.05 1.2589254e-05 1 0.00089766934 0.58976274
0.05 1.2589254e-06 1 0.050053226 0.17273932
0.05 1.2589254e-07 1 0.0010918567 0.10004061
0.05 1.2589254e-08 1 1.0549256e-05 0.10344693
0.05 1.2589254e-09 1 1.101898e-07 0.098953466
0.05 1.5848932e-05 1 0.000193539 0.92765689
0.05 1.5848932e-06 1 0.056020024 0.20488163
0.05 1.5848932e-07 1 0.0016638589 0.10635512
0.05 1.5848932e-08 1 1.6626601e-05 0.10565849
0.05 1.5848932e-09 1 1.799948e-07 0.10148954
0.05 1.9952623e-05 1 2.9961347e-05 0.915363
0.05 1.9952623e-06 1 0.056889514 0.24219779
0.05 1.9952623e-07 1 0.0026508528 0.10259273
0.05 1.9952623e-08 1 2.8168757e-05 0.092248842
0.05 1.9952623e-09 1 3.0876372e-07 0.09405517
0.05 1e-05 1 0.0030051437 0.69270633
0.05 1e-06 1 0.036823774 0.16078579
0.05 1e-07 1 0.00065763563 0.11135061
0.05 1e-08 1 6.8382419e-06 0.095390545
0.05 1e-09 1 7.0995776e-08 0.099186548
0.05 2.5118864e-05 1 1.3166309e-06 0.87700638
0.05 2.5118864e-06 1 0.054363174 0.29747872
0.05 2.5118864e-07 1 0.004062362 0.11094542
0.05 2.5118864e-08 1 4.599054e-05 0.1007013
0.05 2.5118864e-09 1 4.4541002e-07 0.092919467
0.05 3.1622777e-05 1 1.3418909e-08 0.99999964
0.05 3.1622777e-06 1 0.045438792 0.38813854
0.05 3.1622777e-07 1 0.0067043687 0.20115879
0.05 3.1622777e-08 1 7.0828097e-05 0.098434424
0.05 3.1622777e-09 1 7.0783573e-07 0.091970837
0.05 3.9810717e-05 1 4.4582153e-12 0.76304624
0.05 3.9810717e-06 1 0.034337419 0.47817403
0.05 3.9810717e-07 1 0.010150677 0.11062719
0.05 3.9810717e-08 1 0.00010495255 0.108191
0.05 3.9810717e-09 1 1.0882656e-06 0.10533994
0.05 5.0118723e-05 1 3.6373868e-11 1
0.05 5.0118723e-06 1 0.021209506 0.58407093
0.05 5.0118723e-07 1 0.014584054 0.12265476
0.05 5.0118723e-08 1 0.0001793458 0.098704445
0.05 5.0118723e-09 1 1.6297662e-06 0.097397921
0.05 6.3095734e-05 1 2.607794e-20 1
0.05 6.3095734e-06 1 0.013571805 0.66090897
0.05 6.3095734e-07 1 0.020975856 0.11333557
0.05 6.3095734e-08 1 0.00027318731 0.10181103
0.05 6.3095734e-09 1 2.7779925e-06 0.089781701
0.05 7.9432823e-05 1 2.3907835e-35 0.99998947
0.05 7.9432823e-06 1 0.0064081587 0.73126078
0.05 7.9432823e-07 1 0.030359536 0.12350144
0.05 7.9432823e-08 1 0.0004140689 0.10720678
0.05 7.9432823e-09 1 4.3907294e-06 0.11094939
0.1 1.2589254e-05 1 2.7680105e-06 0.79411465
0.1 1.2589254e-06 1 0.061902842 0.35782657
0.1 1.2589254e-07 1 0.0028331455 0.16399768
0.1 1.2589254e-08 1 2.9200411e-05 0.16955212
0.1 1.2589254e-09 1 2.9362162e-07 0.18135906
0.1 1.5848932e-05 1 1.0927895e-06 0.98109104
0.1 1.5848932e-06 1 0.053746561 0.42423481
0.1 1.5848932e-07 1 0.0044571125 0.17925491
0.1 1.5848932e-08 1 4.5940997e-05 0.17522954
0.1 1.5848932e-09 1 4.98913e-07 0.17276861
0.1 1.9952623e-05 1 3.9754241e-08 0.99881065
0.1 1.9952623e-06 1 0.040023885 0.48074778
0.1 1.9952623e-07 1 0.0072936528 0.17546784
0.1 1.9952623e-08 1 7.6832285e-05 0.18133895
0.1 1.9952623e-09 1 7.3007836e-07 0.17463921
0.1 1e-05 1 5.242534e-05 0.53981622
0.1 1e-06 1 0.058304759 0.32738179
0.1 1e-07 1 0.0018742128 0.1748341
0.1 1e-08 1 1.8834126e-05 0.17680389
0.1 1e-09 1 1.8459104e-07 0.26743291
0.1 2.5118864e-05 1 1.8293668e-12 0.99996356
0.1 2.5118864e-06 1 0.029412638 0.60505875
0.1 2.5118864e-07 1 0.010041194 0.20665481
0.1 2.5118864e-08 1 0.00011825546 0.17939589
0.1 2.5118864e-09 1 1.2392378e-06 0.16540603
0.1 3.1622777e-05 1 7.5946171e-16 0.99999954
0.1 3.1622777e-06 1 0.017431771 0.641688
0.1 3.1622777e-07 1 0.016586644 0.19497011
0.1 3.1622777e-08 1 0.00018984677 0.17972208
0.1 3.1622777e-09 1 1.8648935e-06 0.17320122
0.1 3.9810717e-05 1 2.3308734e-21 1
0.1 3.9810717e-06 1 0.010774999 0.72857073
0.1 3.9810717e-07 1 0.021883782 0.19521491
0.1 3.9810717e-08 1 0.00028066875 0.171922
0.1 3.9810717e-09 1 3.0336946e-06 0.16510148
0.1 5.0118723e-05 1 9.4542449e-44 1
0.1 5.0118723e-06 1 0.0036157685 0.76893088
0.1 5.0118723e-07 1 0.031353232 0.23228425
0.1 5.0118723e-08 1 0.00047405931 0.16501028
0.1 5.0118723e-09 1 4.7406268e-06 0.18163796
0.1 6.3095734e-06 1 0.0018887633 0.80072902
0.1 6.3095734e-07 1 0.04030891 0.25073438
0.1 6.3095734e-08 1 0.00077352675 0.17459068
0.1 6.3095734e-09 1 7.8513181e-06 0.15948015
0.1 7.9432823e-06 1 0.00054274627 0.67688136
0.1 7.9432823e-07 1 0.051514805 0.27075997
0.1 7.9432823e-08 1 0.0011860128 0.17198011
0.1 7.9432823e-09 1 1.1205376e-05 0.17802261
0.15 1.2589254e-05 1 1.6274348e-08 0.74553739
0.15 1.2589254e-06 1 0.050516557 0.55103975
0.15 1.2589254e-07 1 0.0040710753 0.28543587
0.15 1.2589254e-08 1 4.0137935e-05 0.31229554
0.15 1.2589254e-09 1 4.0636545e-07 0.27913263
0.15 1.5848932e-05 1 7.6767579e-10 0.99803113
0.15 1.5848932e-06 1 0.040146688 0.64885357
0.15 1.5848932e-07 1 0.0060679992 0.27738843
0.15 1.5848932e-08 1 6.3699846e-05 0.28192994
0.15 1.5848932e-09 1 6.5620182e-07 0.28842121
0.15 1.9952623e-05 1 7.0846355e-18 0.99999173
0.15 1.9952623e-06 1 0.027721989 0.67183384
0.15 1.9952623e-07 1 0.0093180862 0.28464152
0.15 1.9952623e-08 1 0.00010715225 0.30655522
0.15 1.9952623e-09 1 9.9809468e-07 0.30089745
0.15 1e-05 1 9.3477661e-07 0.81506999
0.15 1e-06 1 0.05555868 0.50346147
0.15 1e-07 1 0.0026715513 0.28301885
0.15 1e-08 1 2.6413242e-05 0.30027019
0.15 1e-09 1 2.64987e-07 0.26946943
0.15 2.5118864e-05 1 1.1515491e-22 1
0.15 2.5118864e-06 1 0.01613014 0.74783319
0.15 2.5118864e-07 1 0.013739339 0.32829437
0.15 2.5118864e-08 1 0.00017584531 0.25544832
0.15 2.5118864e-09 1 1.5872978e-06 0.2776642
0.15 3.1622777e-05 1 6.6015251e-38 0.86748189
0.15 3.1622777e-06 1 0.008228815 0.72607653
0.15 3.1622777e-07 1 0.021005393 0.31869559
0.15 3.1622777e-08 1 0.00026946661 0.29001457
0.15 3.1622777e-09 1 2.7367797e-06 0.27663097
0.15 3.9810717e-06 1 0.0039429448 0.80583147
0.15 3.9810717e-07 1 0.029088135 0.33968468
0.15 3.9810717e-08 1 0.00040283739 0.27954792
0.15 3.9810717e-09 1 4.1052581e-06 0.27811815
0.15 5.0118723e-06 1 0.0010183855 0.78114632
0.15 5.0118723e-07 1 0.037708936 0.37518873
0.15 5.0118723e-08 1 0.0006624199 0.27392686
0.15 5.0118723e-09 1 6.7018444e-06 0.28050137
0.15 6.3095734e-06 1 0.00025240192 0.83809295
0.15 6.3095734e-07 1 0.044767213 0.39909122
0.15 6.3095734e-08 1 0.001062852 0.2693109
0.15 6.3095734e-09 1 1.0138446e-05 0.3034698
0.15 7.9432823e-06 1 2.7457208e-05 0.80853405
0.15 7.9432823e-07 1 0.05405902 0.44775917
0.15 7.9432823e-08 1 0.0016343377 0.30485073
0.15 7.9432823e-09 1 1.6610602e-05 0.27631305
0.2 1.2589254e-05 1 1.1919719e-12 0.99998385
0.2 1.2589254e-06 1 0.039058026 0.63751647
0.2 1.2589254e-07 1 0.0065605516 0.30895113
0.2 1.2589254e-08 1 7.1604247e-05 0.31179184
0.2 1.2589254e-09 1 7.4781185e-07 0.28469718
0.2 1.5848932e-05 1 1.5621537e-16 1
0.2 1.5848932e-06 1 0.025564614 0.68605587
0.2 1.5848932e-07 1 0.009860731 0.32015046
0.2 1.5848932e-08 1 0.00011119286 0.29559681
0.2 1.5848932e-09 1 1.0823232e-06 0.34010615
0.2 1.9952623e-05 1 5.9028789e-23 1
0.2 1.9952623e-06 1 0.016061928 0.80298397
0.2 1.9952623e-07 1 0.014766069 0.32232644
0.2 1.9952623e-08 1 0.00018521146 0.30019996
0.2 1.9952623e-09 1 1.7462587e-06 0.31342802
0.2 1e-05 1 3.7500848e-08 0.084872047
0.2 1e-06 1 0.051530569 0.57575781
0.2 1e-07 1 0.0043392858 0.28902272
0.2 1e-08 1 4.4474191e-05 0.30419961
0.2 1e-09 1 4.5843565e-07 0.29664688
0.2 2.5118864e-05 1 1.397906e-35 0.9999997
0.2 2.5118864e-06 1 0.0075193873 0.7574828
0.2 2.5118864e-07 1 0.020831812 0.36975628
0.2 2.5118864e-08 1 0.00027658429 0.30801565
0.2 2.5118864e-09 1 2.7307872e-06 0.31505018
0.2 3.1622777e-06 1 0.0027277589 0.83480533
0.2 3.1622777e-07 1 0.028878542 0.38395405
0.2 3.1622777e-08 1 0.00049130584 0.29342819
0.2 3.1622777e-09 1 4.2990564e-06 0.30048437
0.2 3.9810717e-06 1 0.00091936959 0.92571724
0.2 3.9810717e-07 1 0.038208917 0.38865249
0.2 3.9810717e-08 1 0.00070852015 0.30344831
0.2 3.9810717e-09 1 7.192544e-06 0.30019181
0.2 5.0118723e-06 1 0.00020438472 0.85866305
0.2 5.0118723e-07 1 0.050836592 0.44898626
0.2 5.0118723e-08 1 0.0010704925 0.27320843
0.2 5.0118723e-09 1 1.1496139e-05 0.2998448
0.2 6.3095734e-06 1 2.5284035e-05 0.99552016
0.2 6.3095734e-07 1 0.057114325 0.46425525
0.2 6.3095734e-08 1 0.001687625 0.33705332
0.2 6.3095734e-09 1 1.7168744e-05 0.29992373
0.2 7.9432823e-06 1 8.1963064e-07 0.98244684
0.2 7.9432823e-07 1 0.055178048 0.53593569
0.2 7.9432823e-08 1 0.0028051332 0.31753393
0.2 7.9432823e-09 1 2.7500436e-05 0.29791017
0.25 1.1220184543e-05 0.57645066 2.0057126e-24 1
0.25 1.2589254e-05 0.56708219 1.8624402e-26 0.050575205
0.25 1.2589254e-06 0.57115548 0.014887209 0.78628163
0.25 1.2589254e-07 0.56768743 0.014628675 0.37095363
0.25 1.2589254e-08 0.57807871 0.00017352331 0.36315671
0.25 1.2589254e-09 0.56718618 1.7735119e-06 0.33531783
0.25 1.41253754462e-05 0.56672992 2.7312919e-40 1
0.25 1.5848932e-05 0.56719243 8.4477265e-40 0.23313037
0.25 1.5848932e-06 0.56782535 0.0077502414 0.7363003
0.25 1.5848932e-07 0.57675997 0.021984513 0.37992413
0.25 1.5848932e-08 0.57788096 0.0003144568 0.32358502
0.25 1.5848932e-09 0.58139042 3.1581509e-06 0.30855757
0.25 1.77827941004e-05 0.56418417 2.3214968e-44 1
0.25 1.9952623e-06 0.57506902 0.0022868583 0.75611258
0.25 1.9952623e-07 0.57696379 0.030212139 0.37076051
0.25 1.9952623e-08 0.59260824 0.00043876281 0.35588913
0.25 1.9952623e-09 0.58370465 4.4335512e-06 0.31210759
0.25 1e-05 0.57399577 9.4773063e-16 0.84308064
0.25 1e-06 0.57643312 0.023744059 0.73424084
0.25 1e-07 0.578359 0.0099099418 0.34678946
0.25 1e-08 0.56570581 0.00010624337 0.36855558
0.25 1e-09 0.56864407 1.1808541e-06 0.3367899
0.25 2.5118864e-06 0.57254819 0.00062267908 0.89003488
0.25 2.5118864e-07 0.56835896 0.042308102 0.42160428
0.25 2.5118864e-08 0.57462057 0.00073219172 0.34961569
0.25 2.5118864e-09 0.58237792 7.4098412e-06 0.34083929
0.25 3.1622777e-06 0.57306712 0.00010672372 0.85872522
0.25 3.1622777e-07 0.5638051 0.052660703 0.45526942
0.25 3.1622777e-08 0.56934769 0.001071201 0.35773416
0.25 3.1622777e-09 0.56811472 1.1845568e-05 0.32154388
0.25 3.9810717e-06 0.560955 1.1456519e-05 0.98309647
0.25 3.9810717e-07 0.57121724 0.055182668 0.50925204
0.25 3.9810717e-08 0.57680118 0.0017668084 0.35157191
0.25 3.9810717e-09 0.57745884 1.8675992e-05 0.3306026
0.25 5.0118723e-06 0.5649502 1.5517295e-06 0.9996623
0.25 5.0118723e-07 0.57402323 0.056569785 0.55201224
0.25 5.0118723e-08 0.590288 0.0028553816 0.31361562
0.25 5.0118723e-09 0.57715008 2.8867965e-05 0.32210627
0.25 6.3095734e-06 0.56588657 4.759373e-10 0.99893119
0.25 6.3095734e-07 0.56844106 0.053731965 0.57803149
0.25 6.3095734e-08 0.58238035 0.0045039183 0.4271284
0.25 6.3095734e-09 0.56992418 4.9040743e-05 0.33443929
0.25 7.9432823e-06 0.57012712 4.5586046e-13 0.99999709
0.25 7.9432823e-07 0.57642842 0.040637834 0.67910365
0.25 7.9432823e-08 0.58507018 0.0067654833 0.32769415
0.25 7.9432823e-09 0.57085106 7.1399267e-05 0.3163231
0.3 1.2589254e-05 0.52364865 1.096177e-46 1
0.3 1.2589254e-06 0.52479598 0.0074880204 0.76425332
0.3 1.2589254e-07 0.52220585 0.02217641 0.4152121
0.3 1.2589254e-08 0.52792944 0.00025668134 0.35841887
0.3 1.2589254e-09 0.51960371 2.6117989e-06 0.35496582
0.3 1.5848932e-05 0.52133698 3.3405147e-45 1
0.3 1.5848932e-06 0.52531646 0.0029555695 0.74191527
0.3 1.5848932e-07 0.52714316 0.030367757 0.42531328
0.3 1.5848932e-08 0.53009259 0.00041793283 0.35533811
0.3 1.5848932e-09 0.52960801 4.3804207e-06 0.37113993
0.3 1.9952623e-06 0.53326338 0.00077210266 0.89358778
0.3 1.9952623e-07 0.53305439 0.042006802 0.43378174
0.3 1.9952623e-08 0.51973132 0.00074347216 0.34413246
0.3 1.9952623e-09 0.52387965 7.4355909e-06 0.53163291
0.3 1e-05 0.52575377 3.3268291e-24 1
0.3 1e-06 0.52885624 0.01596823 0.76655431
0.3 1e-07 0.51794658 0.014487685 0.38273387
0.3 1e-08 0.53288787 0.00016704045 0.35111055
0.3 1e-09 0.51831579 1.6624108e-06 0.37666748
0.3 2.5118864e-06 0.53021402 0.00013076175 0.61609006
0.3 2.5118864e-07 0.52744932 0.050309466 0.46586179
0.3 2.5118864e-08 0.53091595 0.0010786018 0.33820087
0.3 2.5118864e-09 0.53451178 1.1003639e-05 0.37122545
0.3 3.1622777e-06 0.51926721 2.9215961e-05 0.99678326
0.3 3.1622777e-07 0.52514669 0.057037786 0.51830055
0.3 3.1622777e-08 0.53450808 0.0016592457 0.34438108
0.3 3.1622777e-09 0.52213322 1.6067657e-05 0.39235276
0.3 3.9810717e-06 0.52007568 2.4236886e-07 0.99871628
0.3 3.9810717e-07 0.52596174 0.059407283 0.52089132
0.3 3.9810717e-08 0.52918942 0.0024845011 0.38643973
0.3 3.9810717e-09 0.52484798 2.8445167e-05 0.36951579
0.3 5.0118723e-06 0.52162957 2.8516089e-08 0.99934439
0.3 5.0118723e-07 0.52675761 0.053034414 0.62704053
0.3 5.0118723e-08 0.5278943 0.004244361 0.40233471
0.3 5.0118723e-09 0.53234558 4.2438813e-05 0.35496165
0.3 6.3095734e-06 0.52771387 8.7492912e-13 0.99999108
0.3 6.3095734e-07 0.53115789 0.039422685 0.6887746
0.3 6.3095734e-08 0.52616034 0.0062218545 0.37718477
0.3 6.3095734e-09 0.53292528 6.3271455e-05 0.35956318
0.3 7.9432823e-06 0.52110901 2.2885412e-18 0.020458864
0.3 7.9432823e-07 0.52880788 0.026451559 0.72104445
0.3 7.9432823e-08 0.52743326 0.010321675 0.36065337
0.3 7.9432823e-09 0.51048658 0.00010385246 0.35374461
0.35 1.2589254e-06 0.5184953 0.004100663 0.83912291
0.35 1.2589254e-07 0.51394422 0.026039959 0.40428128
0.35 1.2589254e-08 0.50743455 0.00034832373 0.39706992
0.35 1.2589254e-09 0.51984956 3.5939785e-06 0.38765698
0.35 1.5848932e-06 0.49781022 0.00098721365 0.88019811
0.35 1.5848932e-07 0.50594865 0.034736981 0.453908
0.35 1.5848932e-08 0.51989946 0.00046507845 0.43925419
0.35 1.5848932e-09 0.52015034 5.3919533e-06 0.40492978
0.35 1.9952623e-06 0.51703951 0.00029038613 0.9470176
0.35 1.9952623e-07 0.5080225 0.045544229 0.48379443
0.35 1.9952623e-08 0.50843223 0.00080430223 0.4295125
0.35 1.9952623e-09 0.50991442 8.5285931e-06 0.43108816
0.35 1e-05 0.5240193 9.5007716e-36 0.28731277
0.35 1e-06 0.51506214 0.010172074 0.80411205
0.35 1e-07 0.51602766 0.018581286 0.43935456
0.35 1e-08 0.51248439 0.00021757799 0.46625713
0.35 1e-09 0.51786834 2.1394861e-06 0.41456043
0.35 2.5118864e-06 0.52661358 2.2318823e-05 0.94401087
0.35 2.5118864e-07 0.51408155 0.055814637 0.5339277
0.35 2.5118864e-08 0.51709045 0.0014226608 0.39477211
0.35 2.5118864e-09 0.51161331 1.3645564e-05 0.39771966
0.35 3.1622777e-06 0.51176348 1.2152707e-06 0.29036435
0.35 3.1622777e-07 0.50209732 0.058421587 0.56861076
0.35 3.1622777e-08 0.50471599 0.0020891011 0.40901828
0.35 3.1622777e-09 0.5145955 2.2553967e-05 0.40339481
0.35 3.9810717e-06 0.51646519 4.9304096e-09 0.50978873
0.35 3.9810717e-07 0.50603412 0.058392899 0.63294291
0.35 3.9810717e-08 0.50864403 0.0035835828 0.37722591
0.35 3.9810717e-09 0.51263312 3.4472834e-05 0.38063443
0.35 5.0118723e-06 0.49626091 1.0117546e-11 0.99999954
0.35 5.0118723e-07 0.51171058 0.048187169 0.64530142
0.35 5.0118723e-08 0.51165695 0.0053454687 0.36452031
0.35 5.0118723e-09 0.51671542 5.4751006e-05 0.43758693
0.35 6.3095734e-06 0.52134784 1.1807988e-15 1
0.35 6.3095734e-07 0.52241919 0.033083742 0.70792204
0.35 6.3095734e-08 0.50592639 0.0079940609 0.42378338
0.35 6.3095734e-09 0.51728473 8.7558144e-05 0.38591031
0.35 7.9432823e-06 0.50731911 5.3022086e-25 1
0.35 7.9432823e-07 0.52492179 0.022804184 0.77083813
0.35 7.9432823e-08 0.51630435 0.012388325 0.42362492
0.35 7.9432823e-09 0.51927105 0.00014204333 0.38725528
0.4 1.2589254e-06 0.49532904 0.0025026815 0.86544733
0.4 1.2589254e-07 0.49396085 0.031426633 0.44372114
0.4 1.2589254e-08 0.47551867 0.0004570063 0.39600495
0.4 1.2589254e-09 0.49456976 4.6715405e-06 0.42702554
0.4 1.5848932e-06 0.4958316 0.00053810732 0.83671211
0.4 1.5848932e-07 0.48379726 0.041724799 0.50980829
0.4 1.5848932e-08 0.49729617 0.00067649882 0.43850814
0.4 1.5848932e-09 0.49002079 7.0229083e-06 0.40581191
0.4 1.9952623e-06 0.49085239 8.543549e-05 0.66159842
0.4 1.9952623e-07 0.5 0.050132929 0.550776
0.4 1.9952623e-08 0.49254967 0.0011188098 0.46673223
0.4 1.9952623e-09 0.48819387 1.1644089e-05 0.42024609
0.4 1e-06 0.4939809 0.0064611748 0.83556425
0.4 1e-07 0.49989637 0.022282625 0.45593741
0.4 1e-08 0.48876404 0.00028889583 0.57394065
0.4 1e-09 0.48532167 2.8035272e-06 0.46263796
0.4 2.5118864e-06 0.48081311 5.066101e-06 0.9965002
0.4 2.5118864e-07 0.49137393 0.063099037 0.55668938
0.4 2.5118864e-08 0.50310688 0.0018692792 0.40798053
0.4 2.5118864e-09 0.50438963 1.8193234e-05 0.42430072
0.4 3.1622777e-06 0.488125 2.3834358e-08 0.97163644
0.4 3.1622777e-07 0.49438436 0.060989626 0.61437735
0.4 3.1622777e-08 0.48419958 0.0029524078 0.43161585
0.4 3.1622777e-09 0.5040381 2.8222766e-05 0.45051164
0.4 3.9810717e-06 0.49658173 1.6729687e-10 0.50763983
0.4 3.9810717e-07 0.49236168 0.050612449 0.69055583
0.4 3.9810717e-08 0.48247978 0.0045580051 0.42967378
0.4 3.9810717e-09 0.50414594 4.7658903e-05 0.41497598
0.4 5.0118723e-06 0.49440299 1.8455239e-13 0.99763497
0.4 5.0118723e-07 0.50568299 0.042850025 0.72099754
0.4 5.0118723e-08 0.49615145 0.006907772 0.42239883
0.4 5.0118723e-09 0.49175537 7.7609655e-05 0.41688194
0.4 6.3095734e-06 0.49493488 1.0815517e-21 0.1111482
0.4 6.3095734e-07 0.49689955 0.025943408 0.81213813
0.4 6.3095734e-08 0.48981712 0.010013251 0.46818267
0.4 6.3095734e-09 0.49357912 0.00011509381 0.42693762
0.4 7.9432823e-06 0.48498654 9.6029197e-39 1
0.4 7.9432823e-07 0.49283787 0.011642128 0.85858351
0.4 7.9432823e-08 0.49223442 0.016064934 0.42559779
0.4 7.9432823e-09 0.49865508 0.00017843113 0.42819099
0.45 1.2589254e-06 0.48387097 0.0010182845 0.93080841
0.45 1.2589254e-07 0.4719078 0.035329599 0.56871218
0.45 1.2589254e-08 0.47976043 0.000544622 0.46325917
0.45 1.2589254e-09 0.48273009 5.7183617e-06 0.45372511
0.45 1.5848932e-06 0.46886598 0.00025480495 0.92661288
0.45 1.5848932e-07 0.47017544 0.04640292 0.61179704
0.45 1.5848932e-08 0.48583833 0.00093031697 0.44102164
0.45 1.5848932e-09 0.47197518 8.4486257e-06 0.49532218
0.45 1.9952623e-06 0.47210212 2.6916797e-05 0.61904655
0.45 1.9952623e-07 0.48632408 0.057897058 0.58490971
0.45 1.9952623e-08 0.48306485 0.0014683218 0.47038544
0.45 1.9952623e-09 0.48145846 1.2899759e-05 0.47696573
0.45 1e-06 0.46673575 0.0038067221 0.91275971
0.45 1e-07 0.47657379 0.02764961 0.4923305
0.45 1e-08 0.4738676 0.00034389395 0.50724524
0.45 1e-09 0.48413192 3.8901861e-06 0.43347264
0.45 2.5118864e-06 0.47670103 5.0101236e-07 0.99864303
0.45 2.5118864e-07 0.47283951 0.061338268 0.63322402
0.45 2.5118864e-08 0.47506725 0.0021533469 0.45265493
0.45 2.5118864e-09 0.47335683 2.1039498e-05 0.48930404
0.45 3.1622777e-06 0.47683078 2.9710047e-08 0.99584549
0.45 3.1622777e-07 0.47126674 0.054724018 0.67731076
0.45 3.1622777e-08 0.47839506 0.0035250576 0.49581297
0.45 3.1622777e-09 0.48109113 3.6104566e-05 0.43945862
0.45 3.9810717e-06 0.47359702 7.2321752e-15 0.3295152
0.45 3.9810717e-07 0.4800661 0.046159328 0.76107898
0.45 3.9810717e-08 0.47277639 0.0056523304 0.48210726
0.45 3.9810717e-09 0.48230453 5.8464859e-05 0.43724313
0.45 5.0118723e-06 0.4751642 6.6137776e-20 0.98960542
0.45 5.0118723e-07 0.47829665 0.03422014 0.75627546
0.45 5.0118723e-08 0.47634718 0.0081996269 0.49075304
0.45 5.0118723e-09 0.47069748 8.77049e-05 0.45834134
0.45 6.3095734e-06 0.4608552 2.9424204e-30 0.99995756
0.45 6.3095734e-07 0.47735694 0.021069128 0.80234076
0.45 6.3095734e-08 0.48008256 0.012127244 0.4623266
0.45 6.3095734e-09 0.47694524 0.00014816818 0.48617729
0.45 7.9432823e-06 0.49196208 1.9316146e-39 1
0.45 7.9432823e-07 0.47302564 0.0095834726 0.81889683
0.45 7.9432823e-08 0.4678918 0.018568132 0.51182451
0.45 7.9432823e-09 0.47721624 0.0002361097 0.46286158
0.5 1.2589254e-06 0.45812808 0.00039078626 0.71380389
0.5 1.2589254e-07 0.46609125 0.037663305 0.62330952
0.5 1.2589254e-08 0.4598196 0.00064677833 0.51045606
0.5 1.2589254e-09 0.46401476 6.7378348e-06 0.45368006
0.5 1.5848932e-06 0.4609391 3.4481534e-05 0.84187834
0.5 1.5848932e-07 0.44908455 0.051134316 0.63569907
0.5 1.5848932e-08 0.46430776 0.0011173805 0.46544064
0.5 1.5848932e-09 0.45175169 1.1833508e-05 0.47503027
0.5 1.9952623e-06 0.45419143 1.4203084e-06 0.93576084
0.5 1.9952623e-07 0.46327452 0.058165138 0.65726647
0.5 1.9952623e-08 0.48029557 0.001782594 0.48578306
0.5 1.9952623e-09 0.45462012 1.8562487e-05 0.48565016
0.5 1e-06 0.45079104 0.0027370388 0.78123383
0.5 1e-07 0.45585511 0.030788719 0.55956734
0.5 1e-08 0.44902163 0.00044271543 0.45519491
0.5 1e-09 0.45915033 4.4499882e-06 0.48377435
0.5 2.5118864e-06 0.46294021 2.7294349e-08 0.99364629
0.5 2.5118864e-07 0.45893918 0.062123395 0.6632979
0.5 2.5118864e-08 0.46169645 0.0026591873 0.50803522
0.5 2.5118864e-09 0.45756458 3.0906016e-05 0.44690792
0.5 3.1622777e-06 0.46402951 4.3356786e-10 0.36249463
0.5 3.1622777e-07 0.46166428 0.051154058 0.74360582
0.5 3.1622777e-08 0.45134914 0.0041365898 0.47364235
0.5 3.1622777e-09 0.4675298 4.1181601e-05 0.51562795
0.5 3.9810717e-06 0.44889616 6.6850521e-15 0.002720018
0.5 3.9810717e-07 0.45577951 0.041867319 0.7491498
0.5 3.9810717e-08 0.4569196 0.0064955385 0.50760681
0.5 3.9810717e-09 0.46109628 7.0278461e-05 0.46185423
0.5 5.0118723e-06 0.46264368 1.1437998e-21 0.039786771
0.5 5.0118723e-07 0.45791522 0.029243397 0.7942393
0.5 5.0118723e-08 0.45892526 0.010027988 0.5162377
0.5 5.0118723e-09 0.45922131 0.0001100992 0.49792499
0.5 6.3095734e-06 0.46666667 3.3059999e-33 1
0.5 6.3095734e-07 0.45723684 0.015908345 0.84238229
0.5 6.3095734e-08 0.4587269 0.015056746 0.5263978
0.5 6.3095734e-09 0.45308642 0.00017108019 0.51575783
0.5 7.9432823e-07 0.47040816 0.0069309954 0.84069374
0.5 7.9432823e-08 0.45594578 0.022230277 0.54296706
0.5 7.9432823e-09 0.45643239 0.00027977357 0.49259177
0.55 1.2589254e-06 0.42947929 0.00013706801 0.81327479
0.55 1.2589254e-07 0.43152508 0.049153709 0.56658072
0.55 1.2589254e-08 0.43123209 0.00097282535 0.49810262
0.55 1.5848932e-06 0.43258197 7.3191565e-06 0.36638727
0.55 1.5848932e-07 0.4357245 0.05692723 0.65295129
0.55 1.5848932e-08 0.43798608 0.0015754858 0.4525986
0.55 1.9952623e-06 0.42500512 1.6373145e-06 0.99495511
0.55 1.9952623e-07 0.43405472 0.063349534 0.6519115
0.55 1.9952623e-08 0.44879148 0.0025166265 0.48541639
0.55 1e-06 0.44458053 0.00071011247 0.6989831
0.55 1e-07 0.42845462 0.041123893 0.55045838
0.55 1e-08 0.43520983 0.00063764844 0.46896893
0.55 2.5118864e-06 0.42601726 9.2257831e-13 0.85232165
0.55 2.5118864e-07 0.45228385 0.055710887 0.67798666
0.55 2.5118864e-08 0.43756408 0.0040065207 0.47853021
0.55 3.1622777e-06 0.43928863 5.2895501e-18 0.98954742
0.55 3.1622777e-07 0.43146481 0.047310062 0.7459813
0.55 3.1622777e-08 0.44032587 0.0055105467 0.5084221
0.55 3.1622777e-09 0.43573475 6.5820756e-05 0.48809172
0.55 3.9810717e-06 0.42822036 2.1616751e-17 0.99014623
0.55 3.9810717e-07 0.43727088 0.029176411 0.83192806
0.55 3.9810717e-08 0.43179025 0.009308976 0.5096633
0.55 3.9810717e-09 0.43766578 9.7408528e-05 0.47659689
0.55 5.0118723e-06 0.42836617 2.8915522e-32 0.99999961
0.55 5.0118723e-07 0.42261296 0.017558736 0.82106635
0.55 5.0118723e-08 0.44589896 0.014548118 0.49895704
0.55 5.0118723e-09 0.43046763 0.00015297742 0.45195986
0.55 6.3095734e-06 0.43293058 7.2915246e-48 1
0.55 6.3095734e-07 0.42702149 0.0087073042 0.77046676
0.55 6.3095734e-08 0.43145655 0.020191772 0.48845569
0.55 6.3095734e-09 0.43339472 0.00025241825 0.50055076
0.55 7.9432823e-07 0.44364754 0.0030821606 0.79651487
0.55 7.9432823e-08 0.43650143 0.028818904 0.54382827
0.55 7.9432823e-09 0.43928863 0.00039875317 0.45279699
0.6 1.2589254e-06 0.39608802 5.962691e-06 0.72814267
0.6 1.2589254e-07 0.4049217 0.060109933 0.64651714
0.6 1.2589254e-08 0.41549725 0.001223244 0.52493397
0.6 1.5848932e-06 0.38141809 9.3225484e-07 0.99495041
0.6 1.5848932e-07 0.39751426 0.06362849 0.69780934
0.6 1.5848932e-08 0.40689374 0.0020504363 0.5097738
0.6 1.9952623e-06 0.39873547 8.445603e-09 0.99999999
0.6 1.9952623e-07 0.40612245 0.060828776 0.72080388
0.6 1.9952623e-08 0.39087019 0.003026237 0.53828782
0.6 1e-06 0.40199878 0.000302685 0.93493668
0.6 1e-07 0.39672131 0.050917005 0.56935599
0.6 1e-08 0.40513552 0.00089597062 0.48470494
0.6 2.5118864e-06 0.39509704 1.6055026e-12 0.091648601
0.6 2.5118864e-07 0.39898271 0.052273247 0.74485145
0.6 2.5118864e-08 0.40106079 0.0051982774 0.53652355
0.6 3.1622777e-06 0.40958206 9.340041e-19 1
0.6 3.1622777e-07 0.41404655 0.038538588 0.75288381
0.6 3.1622777e-08 0.39922638 0.0080950072 0.52739762
0.6 3.1622777e-09 0.4003675 8.6839014e-05 0.53899274
0.6 3.9810717e-06 0.38546345 2.1224305e-25 1
0.6 3.9810717e-07 0.41007341 0.023941792 0.79160675
0.6 3.9810717e-08 0.41303462 0.012191892 0.53636021
0.6 3.9810717e-09 0.40366599 0.00012897588 0.51579014
0.6 5.0118723e-06 0.39951328 2.8452761e-47 1
0.6 5.0118723e-07 0.3976834 0.012516933 0.84206837
0.6 5.0118723e-08 0.40427699 0.017539261 0.52203056
0.6 5.0118723e-09 0.40351235 0.00021178894 0.49509808
0.6 6.3095734e-07 0.39484452 0.0046230861 0.81874602
0.6 6.3095734e-08 0.39494084 0.026672706 0.53357401
0.6 6.3095734e-09 0.40278062 0.00035277899 0.5112689
0.6 7.9432823e-07 0.3995113 0.0018886538 0.84004323
0.6 7.9432823e-08 0.41656442 0.037272282 0.58877568
0.6 7.9432823e-09 0.40897044 0.00057190306 0.50342405
0.65 1.1220184543e-06 0.33380711 3.5239261e-06 0.99943325
0.65 1.2589254e-06 0.33886976 4.2330833e-07 0.92210555
0.65 1.2589254e-07 0.33651116 0.059566983 0.61516249
0.65 1.2589254e-08 0.33259109 0.0020914007 0.49935399
0.65 1.41253754462e-06 0.34795856 5.9813232e-09 0.41879869
0.65 1.5848932e-06 0.34376906 5.9996591e-08 0.99941726
0.65 1.5848932e-07 0.33143554 0.062766484 0.70653649
0.65 1.5848932e-08 0.33501412 0.0030856611 0.488168
0.65 1.77827941004e-06 0.34493927 8.9315854e-12 0.91107711
0.65 1.9952623e-06 0.35147713 1.4004507e-12 0.99998212
0.65 1.9952623e-07 0.35137875 0.048612676 0.73593169
0.65 1.9952623e-08 0.34458223 0.0049018063 0.53606895
0.65 1e-06 0.34313527 1.6696827e-05 0.50206635
0.65 1e-07 0.3475795 0.05379617 0.63516813
0.65 1e-08 0.33319854 0.0013390301 0.49967184
0.65 2.23872113857e-06 0.33603567 1.4338421e-13 0.99999966
0.65 2.5118864e-06 0.33346823 1.6436379e-18 1
0.65 2.5118864e-07 0.34989858 0.035963659 0.78780316
0.65 2.5118864e-08 0.33973711 0.0077645695 0.51777972
0.65 2.81838293126e-06 0.33340093 6.3410581e-24 1
0.65 3.1622777e-06 0.34388957 2.7932436e-30 0.99999264
0.65 3.1622777e-07 0.34010565 0.019961394 0.83319199
0.65 3.1622777e-08 0.34076627 0.011228605 0.4971848
0.65 3.1622777e-09 0.33853323 0.00013911385 0.50470598
0.65 3.54813389234e-06 0.33926765 1.3125936e-37 1
0.65 3.9810717e-07 0.34613041 0.010514251 0.84338086
0.65 3.9810717e-08 0.34071516 0.017454339 0.54895287
0.65 3.9810717e-09 0.32967033 0.00019902543 0.52094707
0.65 5.0118723e-07 0.35438668 0.004132199 0.86515004
0.65 5.0118723e-08 0.33326568 0.024643931 0.57184504
0.65 5.0118723e-09 0.32927324 0.00032609016 0.54234623
0.65 6.3095734e-07 0.34652059 0.0012651793 0.78220795
0.65 6.3095734e-08 0.34017059 0.035637293 0.57758456
0.65 6.3095734e-09 0.339141 0.00048280081 0.54550955
0.65 7.9432823e-07 0.33765707 0.00017204537 0.72946233
0.65 7.9432823e-08 0.34572415 0.04825425 0.5905598
0.65 7.9432823e-09 0.33658537 0.00079409008 0.51970821
0.7 1.2589254e-06 0.2651699 2.2140441e-12 0.35240629
0.7 1.2589254e-07 0.25060631 0.060336304 0.68209368
0.7 1.2589254e-08 0.26261607 0.0038667228 0.49660191
0.7 1.5848932e-06 0.26015767 8.365022e-13 1
0.7 1.5848932e-07 0.27090909 0.049486791 0.78291737
0.7 1.5848932e-08 0.2651454 0.0049729453 0.50077037
0.7 1.9952623e-06 0.26415475 3.087107e-24 0.99903363
0.7 1.9952623e-07 0.25728745 0.031659901 0.79754246
0.7 1.9952623e-08 0.25509998 0.0079598698 0.54889793
0.7 1e-06 0.26594247 1.9207601e-07 0.41058672
0.7 1e-07 0.26194332 0.06469674 0.69290994
0.7 1e-08 0.25761549 0.002300051 0.52588692
0.7 2.5118864e-06 0.2456034 4.8564098e-35 1
0.7 2.5118864e-07 0.24626564 0.020237199 0.77760599
0.7 2.5118864e-08 0.25955124 0.012941589 0.55546797
0.7 3.1622777e-06 0.25840886 9.9885385e-44 1
0.7 3.1622777e-07 0.25611482 0.01046955 0.79232375
0.7 3.1622777e-08 0.26006067 0.018174127 0.57084792
0.7 3.1622777e-09 0.25161551 0.0002271529 0.55667623
0.7 3.9810717e-07 0.25778407 0.0038265957 0.89857776
0.7 3.9810717e-08 0.25984252 0.029675494 0.54521736
0.7 3.9810717e-09 0.25569212 0.00033838018 0.52718214
0.7 5.0118723e-07 0.25976128 0.00094711507 0.91773963
0.7 5.0118723e-08 0.25736778 0.036748185 0.64318507
0.7 5.0118723e-09 0.25327687 0.00053989705 0.51660978
0.7 6.3095734e-07 0.25742574 0.0001689108 0.9441527
0.7 6.3095734e-08 0.25035304 0.047395965 0.63496541
0.7 6.3095734e-09 0.24994957 0.00087570637 0.56368761
0.7 7.9432823e-07 0.25380711 2.009707e-05 0.97526004
0.7 7.9432823e-08 0.26304084 0.059711875 0.67759122
0.7 7.9432823e-09 0.26101901 0.0014311414 0.56843367
0.75 1.1220184543e-06 0.19014085 5.2725216e-15 1
0.75 1.2589254e-06 0.19271043 4.4346704e-12 0.99983571
0.75 1.2589254e-07 0.18563958 0.04801409 0.8002129
0.75 1.2589254e-08 0.18092171 0.0058386665 0.5490504
0.75 1.41253754462e-06 0.17892404 3.8990533e-17 1
0.75 1.5848932e-06 0.18598546 2.5850525e-21 1
0.75 1.5848932e-07 0.18509567 0.031111387 0.80128868
0.75 1.5848932e-08 0.19223027 0.0082306312 0.57070055
0.75 1.77827941004e-06 0.1860137 1.5701177e-28 1
0.75 1.9952623e-06 0.18782749 1.4535496e-33 1
0.75 1.9952623e-07 0.19090726 0.016642733 0.86586593
0.75 1.9952623e-08 0.18751259 0.014075906 0.59674835
0.75 1e-06 0.18348439 1.6399523e-11 0.99999988
0.75 1e-07 0.18559613 0.061416682 0.72357259
0.75 1e-08 0.17927001 0.0037699479 0.54412685
0.75 2.5118864e-07 0.18390342 0.0079281102 0.79118955
0.75 2.5118864e-08 0.19412002 0.016159869 0.58722488
0.75 3.1622777e-07 0.19015931 0.002275857 0.7120385
0.75 3.1622777e-08 0.18912387 0.026306359 0.58613837
0.75 3.1622777e-09 0.18941224 0.00036484757 0.55463512
0.75 3.9810717e-07 0.18747483 0.00064219319 0.69877566
0.75 3.9810717e-08 0.18245968 0.041905093 0.59119238
0.75 3.9810717e-09 0.18916197 0.00057605544 0.57839697
0.75 5.0118723e-07 0.18828031 5.03782e-05 0.76483864
0.75 5.0118723e-08 0.18499092 0.042574853 0.66897956
0.75 5.0118723e-09 0.18071803 0.00077218429 0.59475821
0.75 6.3095734e-07 0.18868304 2.579568e-06 0.8538434
0.75 6.3095734e-08 0.18729839 0.05595987 0.69548954
0.75 6.3095734e-09 0.1933724 0.0015165055 0.57572024
0.75 7.9432823e-07 0.18815471 1.8753966e-07 0.98846028
0.75 7.9432823e-08 0.19327562 0.064385001 0.69427552
0.75 7.9432823e-09 0.18629032 0.0024226747 0.4772914
0.8 1.1220184543e-06 0.20104754 6.1392846e-14 0.99995543
0.8 1.2589254e-06 0.19895077 7.1006832e-14 1
0.8 1.2589254e-07 0.21563886 0.048854608 0.81145692
0.8 1.2589254e-08 0.21428571 0.0051058063 0.60411271
0.8 1.41253754462e-06 0.21733871 7.441317e-21 0.99966276
0.8 1.5848932e-06 0.21213954 2.3534517e-20 0.99999999
0.8 1.5848932e-07 0.21017565 0.03323462 0.81811375
0.8 1.5848932e-08 0.19741883 0.0081739934 0.58645284
0.8 1.77827941004e-06 0.2184603 1.0312959e-22 1
0.8 1.9952623e-06 0.20641646 3.2089673e-28 1
0.8 1.9952623e-07 0.21146881 0.020363958 0.82032285
0.8 1.9952623e-08 0.20729251 0.013082944 0.53152228
0.8 1e-06 0.20354696 6.8138026e-12 0.99826173
0.8 1e-07 0.21343794 0.063066132 0.73441778
0.8 1e-08 0.20213408 0.0032676874 0.54556266
0.8 2.23872113857e-06 0.20572235 1.3724765e-48 1
0.8 2.5118864e-07 0.2105475 0.011225896 0.8885787
0.8 2.5118864e-08 0.21706677 0.017898402 0.56685749
0.8 2.81838293126e-06 0.21383902 4.9311164e-44 1
0.8 3.1622777e-07 0.22253521 0.0038096824 0.76596328
0.8 3.1622777e-08 0.20887097 0.027889536 0.57003212
0.8 3.1622777e-09 0.21415644 0.0003653544 0.53191643
0.8 3.9810717e-07 0.20804829 0.0012008789 0.89978063
0.8 3.9810717e-08 0.20431191 0.036132369 0.59070436
0.8 3.9810717e-09 0.20725806 0.00055657378 0.55452489
0.8 5.0118723e-07 0.21812689 6.815268e-05 0.98408709
0.8 5.0118723e-08 0.20813205 0.04581089 0.67169867
0.8 5.0118723e-09 0.20749396 0.00082812117 0.56761096
0.8 6.3095734e-07 0.21653226 3.8010887e-06 0.76594007
0.8 6.3095734e-08 0.20958325 0.067426998 0.66167671
0.8 6.3095734e-09 0.20809831 0.001360223 0.58204832
0.8 7.9432823e-07 0.20383451 1.1340231e-08 0.92776875
0.8 7.9432823e-08 0.21114016 0.064065966 0.69215817
0.8 7.9432823e-09 0.21450151 0.0023447043 0.53005441
0.81 1.1220184543e-06 0.24677419 3.763204e-12 0.99776376
0.81 1.2589254e-06 0.23491423 2.4847191e-12 0.99799847
0.81 1.2589254e-07 0.22833535 0.056115518 0.78693334
0.81 1.2589254e-08 0.23655047 0.0050551353 0.57932236
0.81 1.41253754462e-06 0.23752013 1.3745192e-20 1
0.81 1.5848932e-06 0.23414536 5.909983e-18 1
0.81 1.5848932e-07 0.2288477 0.041845345 0.79672743
0.81 1.5848932e-08 0.24354839 0.0069150479 0.5735576
0.81 1.77827941004e-06 0.24456084 7.6227539e-28 1
0.81 1.9952623e-06 0.22718134 2.1116633e-32 0.99999997
0.81 1.9952623e-07 0.22972973 0.023910084 0.80147048
0.81 1.9952623e-08 0.22717194 0.010128477 0.53613304
0.81 1e-06 0.23542465 5.3394456e-09 0.9999946
0.81 1e-07 0.24093473 0.064517363 0.71979552
0.81 1e-08 0.22904464 0.0031528376 0.54751875
0.81 2.23872113857e-06 0.24078179 2.2187656e-43 1
0.81 2.5118864e-06 0.2328021 1.3772239e-40 1
0.81 2.5118864e-07 0.24738325 0.01186436 0.8354561
0.81 2.5118864e-08 0.22372403 0.016441594 0.56571204
0.81 3.1622777e-07 0.23572149 0.0048162804 0.69091555
0.81 3.1622777e-08 0.24429639 0.026158875 0.55172858
0.81 3.1622777e-09 0.23538896 0.00031067219 0.52046698
0.81 3.9810717e-07 0.23338048 0.0011335691 0.82711395
0.81 3.9810717e-08 0.23004032 0.034528585 0.59234628
0.81 3.9810717e-09 0.24606379 0.00052787838 0.51196494
0.81 5.0118723e-07 0.23368251 0.00014709901 0.92440187
0.81 5.0118723e-08 0.23036649 0.052065627 0.56299065
0.81 5.0118723e-09 0.23649194 0.00079739506 0.46327106
0.81 6.3095734e-07 0.24632131 2.3394762e-05 0.83212958
0.81 6.3095734e-08 0.22284908 0.052859393 0.6349348
0.81 6.3095734e-09 0.22945205 0.001211396 0.54075921
0.81 7.9432823e-07 0.24055746 1.11898e-06 0.99967377
0.81 7.9432823e-08 0.22634658 0.064036291 0.69358385
0.81 7.9432823e-09 0.24004825 0.0019623801 0.5401733
0.82 1.1220184543e-06 0.2579149 3.3299907e-10 0.99999455
0.82 1.2589254e-06 0.26649236 4.1203492e-12 0.88613203
0.82 1.2589254e-07 0.25762164 0.055367363 0.77019653
0.82 1.2589254e-08 0.25100725 0.0045118986 0.54038156
0.82 1.41253754462e-06 0.25045372 9.5708113e-14 0.99999845
0.82 1.5848932e-06 0.25604839 6.515227e-19 0.99999998
0.82 1.5848932e-07 0.25035275 0.04020639 0.81502306
0.82 1.5848932e-08 0.25503626 0.0066231257 0.5585214
0.82 1.77827941004e-06 0.25740181 3.941364e-24 1
0.82 1.9952623e-06 0.2565445 8.9181224e-33 0.99999777
0.82 1.9952623e-07 0.24581569 0.02818634 0.8641377
0.82 1.9952623e-08 0.26198147 0.0099748103 0.55714668
0.82 1e-06 0.25428514 6.6337609e-09 0.99042697
0.82 1e-07 0.25080645 0.066505194 0.72193284
0.82 1e-08 0.25468089 0.0027752038 0.53769301
0.82 2.23872113857e-06 0.2421371 1.0168099e-35 0.15865161
0.82 2.5118864e-07 0.25993144 0.013844886 0.78997878
0.82 2.5118864e-08 0.25358369 0.015343965 0.60363182
0.82 2.81838293126e-06 0.25589361 9.1580923e-47 1
0.82 3.1622777e-07 0.25559814 0.004807456 0.87029573
0.82 3.1622777e-08 0.24515347 0.021685874 0.63471123
0.82 3.1622777e-09 0.25696407 0.00027795284 0.52824927
0.82 3.9810717e-07 0.24667205 0.001979418 0.87872117
0.82 3.9810717e-08 0.25489405 0.030846796 0.60764777
0.82 3.9810717e-09 0.24234488 0.00046422377 0.59918556
0.82 5.0118723e-07 0.25883303 0.00031406761 0.92030125
0.82 5.0118723e-08 0.26931612 0.043518369 0.63271725
0.82 5.0118723e-09 0.26587382 0.00072724435 0.55933978
0.82 6.3095734e-07 0.24899275 5.2513513e-05 0.99414319
0.82 6.3095734e-08 0.25322841 0.054834281 0.64549209
0.82 6.3095734e-09 0.24415323 0.0011202243 0.57286883
0.82 7.9432823e-07 0.25090909 5.1756027e-07 0.77850594
0.82 7.9432823e-08 0.25594998 0.068079932 0.67822576
0.82 7.9432823e-09 0.26046699 0.0016254063 0.54185395
0.83 1.1220184543e-06 0.26261814 1.6139337e-11 0.94137384
0.83 1.2589254e-06 0.25121163 1.3708624e-13 0.87184651
0.83 1.2589254e-07 0.26964933 0.053236171 0.7861396
0.83 1.2589254e-08 0.27013931 0.0042100827 0.55767772
0.83 1.41253754462e-06 0.26744655 1.9295424e-13 1
0.83 1.5848932e-06 0.26451613 1.417188e-16 2.6454415e-05
0.83 1.5848932e-07 0.26850918 0.045058485 0.81587068
0.83 1.5848932e-08 0.26208703 0.0058067872 0.60508002
0.83 1.77827941004e-06 0.2677706 6.8252805e-27 0.99357076
0.83 1.9952623e-06 0.2743755 5.0961763e-26 1
0.83 1.9952623e-07 0.26659939 0.027274739 0.80768142
0.83 1.9952623e-08 0.27052653 0.010633475 0.55655971
0.83 1e-06 0.26189516 4.1012292e-08 0.25630563
0.83 1e-07 0.24939614 0.062468708 0.73169416
0.83 1e-08 0.27344064 0.0024962245 0.5510095
0.83 2.23872113857e-06 0.25654978 5.6944077e-25 1
0.83 2.5118864e-06 0.26136821 4.4041195e-40 1
0.83 2.5118864e-07 0.26952496 0.014733982 0.81987793
0.83 2.5118864e-08 0.26402907 0.014200601 0.5224543
0.83 2.81838293126e-06 0.26645135 1.0615897e-48 1
0.83 3.1622777e-07 0.25623492 0.0068121861 0.86533865
0.83 3.1622777e-08 0.27146031 0.020808834 0.58229815
0.83 3.1622777e-09 0.26772764 0.00024013762 0.58972209
0.83 3.9810717e-07 0.26293452 0.0022702031 0.82974956
0.83 3.9810717e-08 0.26530612 0.029877211 0.56775308
0.83 3.9810717e-09 0.2605975 0.00041321052 0.60554515
0.83 5.0118723e-07 0.2720129 0.00033320047 0.89905411
0.83 5.0118723e-08 0.26147343 0.040063987 0.59280984
0.83 5.0118723e-09 0.27468763 0.00060836981 0.570986
0.83 6.3095734e-07 0.2709469 4.0068974e-05 0.99106178
0.83 6.3095734e-08 0.26350806 0.061798476 0.65288506
0.83 6.3095734e-09 0.25846774 0.001049022 0.52771607
0.83 7.9432823e-07 0.25534921 2.7981595e-07 0.39133197
0.83 7.9432823e-08 0.26964933 0.062566055 0.68268963
0.83 7.9432823e-09 0.27131627 0.0015890936 0.60747819
0.84 1.2589254e-06 0.28577203 1.8518752e-11 0.80295498
0.84 1.2589254e-07 0.29526687 0.062078018 0.74922774
0.84 1.2589254e-08 0.30378727 0.0036271697 0.59817885
0.84 1.5848932e-06 0.29503231 6.3208436e-17 0.99602824
0.84 1.5848932e-07 0.29414141 0.046655093 0.74617954
0.84 1.5848932e-08 0.28154558 0.0057488591 0.54332602
0.84 1.9952623e-06 0.287674 2.8002124e-27 0.97852865
0.84 1.9952623e-07 0.27991927 0.034234283 0.83425565
0.84 1.9952623e-08 0.29277643 0.0087786786 0.53923207
0.84 1e-06 0.28631876 4.6560363e-08 0.99910403
0.84 1e-07 0.28816294 0.070377888 0.72459263
0.84 1e-08 0.27360775 0.0023867422 0.56223142
0.84 2.5118864e-06 0.30465444 2.813579e-33 1
0.84 2.5118864e-07 0.28346774 0.017893291 0.84224108
0.84 2.5118864e-08 0.28600283 0.013302542 0.5733692
0.84 3.1622777e-07 0.29070707 0.0081791853 0.88932223
0.84 3.1622777e-08 0.27503526 0.021917312 0.62628657
0.84 3.1622777e-09 0.27836092 0.00023753008 0.50249892
0.84 3.9810717e-07 0.28631876 0.0028069779 0.96649357
0.84 3.9810717e-08 0.29469865 0.026927492 0.63287332
0.84 3.9810717e-09 0.28493758 0.00039939928 0.54898338
0.84 5.0118723e-07 0.29591631 0.00064442127 0.84027659
0.84 5.0118723e-08 0.28002414 0.036749259 0.61997928
0.84 5.0118723e-09 0.2949132 0.00057216945 0.56564237
0.84 6.3095734e-07 0.28513732 7.4879829e-05 0.9930097
0.84 6.3095734e-08 0.29353535 0.054207518 0.68888639
0.84 6.3095734e-09 0.2863774 0.00086990173 0.61548375
0.84 7.9432823e-07 0.28839556 6.6121819e-06 0.60029242
0.84 7.9432823e-08 0.29116223 0.063033224 0.67961783
0.84 7.9432823e-09 0.2821443 0.0013653437 0.60840306
0.85 1.2589254e-06 0.31001814 1.4201784e-09 0.13307884
0.85 1.2589254e-07 0.30449687 0.062030614 0.76651431
0.85 1.2589254e-08 0.31860371 0.0032503386 0.57795241
0.85 1.5848932e-06 0.31414141 2.1245297e-15 0.67641397
0.85 1.5848932e-07 0.31306807 0.05306986 0.79373076
0.85 1.5848932e-08 0.30623361 0.0052030027 0.60440572
0.85 1.9952623e-06 0.31549182 2.8335428e-19 0.051562666
0.85 1.9952623e-07 0.3208729 0.034772578 0.8404356
0.85 1.9952623e-08 0.31343284 0.0072753007 0.57885001
0.85 1e-06 0.30597015 1.5343096e-08 0.90554122
0.85 1e-07 0.30806452 0.062696877 0.71143145
0.85 1e-08 0.31460901 0.0023163346 0.55327844
0.85 2.5118864e-06 0.30491737 4.9581972e-32 1
0.85 2.5118864e-07 0.3116778 0.020779813 0.85520436
0.85 2.5118864e-08 0.31896031 0.013186736 0.53837175
0.85 3.1622777e-07 0.31144239 0.010123498 0.83564022
0.85 3.1622777e-08 0.30745907 0.018629549 0.64731271
0.85 3.1622777e-09 0.31129978 0.00020233838 0.53148214
0.85 3.9810717e-07 0.31195806 0.0033443042 0.86109308
0.85 3.9810717e-08 0.31028226 0.024974236 0.59297304
0.85 3.9810717e-09 0.31810833 0.0003288955 0.59511984
0.85 5.0118723e-07 0.30137263 0.00067030791 0.90971602
0.85 5.0118723e-08 0.31056026 0.041435259 0.63951367
0.85 5.0118723e-09 0.30550514 0.00052928298 0.52868818
0.85 6.3095734e-07 0.30457569 0.00012032002 0.97327413
0.85 6.3095734e-08 0.31384055 0.047527617 0.6615101
0.85 6.3095734e-09 0.30769231 0.00087743835 0.53178392
0.85 7.9432823e-07 0.30121212 5.2466227e-06 0.71251619
0.85 7.9432823e-08 0.30497171 0.058764974 0.65817201
0.85 7.9432823e-09 0.30238673 0.0012939555 0.57121285
0.86 1.1220184543e-06 0.31459765 1.1227667e-09 0.99976765
0.86 1.2589254e-06 0.30818879 2.1470078e-10 0.99994218
0.86 1.2589254e-07 0.29813916 0.059526845 0.75242064
0.86 1.2589254e-08 0.30836026 0.0033235006 0.58448771
0.86 1.41253754462e-06 0.30181087 6.7261293e-12 0.99989941
0.86 1.5848932e-06 0.30741338 3.4661256e-16 0.58272774
0.86 1.5848932e-07 0.3030303 0.045645361 0.78128899
0.86 1.5848932e-08 0.31642756 0.0053201851 0.58605998
0.86 1.77827941004e-06 0.31079717 2.1665376e-15 0.94747242
0.86 1.9952623e-06 0.31345998 7.2601664e-26 0.9999998
0.86 1.9952623e-07 0.3023584 0.037657445 0.81911675
0.86 1.9952623e-08 0.30658852 0.0082056117 0.56626465
0.86 1e-06 0.3005652 2.1619664e-07 0.99611665
0.86 1e-07 0.30508475 0.059830372 0.76221019
0.86 1e-08 0.30513962 0.0022488612 0.56620541
0.86 2.23872113857e-06 0.30092779 2.3656285e-25 0.99999109
0.86 2.5118864e-06 0.30708661 4.8948068e-41 0.33553679
0.86 2.5118864e-07 0.29354839 0.018640978 0.85027211
0.86 2.5118864e-08 0.30060606 0.012023374 0.62077213
0.86 2.81838293126e-06 0.30447942 1.1763601e-38 1
0.86 3.1622777e-07 0.30497171 0.011416344 0.86145864
0.86 3.1622777e-08 0.30276154 0.017272154 0.59358655
0.86 3.1622777e-09 0.30615136 0.00021181594 0.57180913
0.86 3.9810717e-07 0.30608135 0.003318036 0.78174027
0.86 3.9810717e-08 0.30994152 0.026215515 0.63588396
0.86 3.9810717e-09 0.30753728 0.00033547442 0.59865972
0.86 5.0118723e-07 0.30022164 0.00068556041 0.87612796
0.86 5.0118723e-08 0.30697862 0.038230444 0.61559534
0.86 5.0118723e-09 0.30145278 0.00056265628 0.51505011
0.86 6.3095734e-07 0.31093624 0.0001255585 0.9658645
0.86 6.3095734e-08 0.31479242 0.048836258 0.64065071
0.86 6.3095734e-09 0.31754032 0.00091243993 0.60150092
0.86 7.9432823e-07 0.31169094 1.0777687e-05 0.85659956
0.86 7.9432823e-08 0.31318017 0.061488027 0.65810019
0.86 7.9432823e-09 0.29343007 0.0014087008 0.55467219
0.87 1.1220184543e-06 0.33797137 2.9702898e-08 0.99344188
0.87 1.2589254e-06 0.33905493 1.5306304e-09 0.73093461
0.87 1.2589254e-07 0.32639871 0.063865486 0.79121888
0.87 1.2589254e-08 0.33851747 0.0031413812 0.61886181
0.87 1.41253754462e-06 0.33144705 4.286446e-11 0.0041256052
0.87 1.5848932e-06 0.33063864 2.0953848e-13 0.99999824
0.87 1.5848932e-07 0.32715178 0.052148569 0.79687201
0.87 1.5848932e-08 0.33010688 0.0047391744 0.54616526
0.87 1.77827941004e-06 0.33932902 1.5938405e-17 0.92620728
0.87 1.9952623e-06 0.32620105 4.0841282e-17 1
0.87 1.9952623e-07 0.33542637 0.038784294 0.82375228
0.87 1.9952623e-08 0.3348856 0.0070469432 0.59216382
0.87 1e-06 0.34126184 2.440504e-06 0.98255324
0.87 1e-07 0.32997583 0.062205099 0.69512555
0.87 1e-08 0.33595483 0.0017279566 0.63294276
0.87 2.23872113857e-06 0.34943411 5.8319848e-24 0.00011048164
0.87 2.5118864e-06 0.33151845 1.1233799e-29 0.99646321
0.87 2.5118864e-07 0.33663567 0.023432553 0.83361114
0.87 2.5118864e-08 0.3470255 0.011650533 0.60182418
0.87 2.81838293126e-06 0.32875883 8.2323699e-40 0.48713253
0.87 3.1622777e-06 0.33528817 9.8272106e-42 2.5801034e-07
0.87 3.1622777e-07 0.3263945 0.012119904 0.83902097
0.87 3.1622777e-08 0.33958838 0.015688457 0.57748097
0.87 3.1622777e-09 0.33171913 0.0002069425 0.49949743
0.87 3.9810717e-07 0.34449375 0.0049417286 0.86501208
0.87 3.9810717e-08 0.3373664 0.024792354 0.62070514
0.87 3.9810717e-09 0.33752535 0.00029342722 0.53117564
0.87 5.0118723e-07 0.34841446 0.0014517094 0.94334495
0.87 5.0118723e-08 0.34042122 0.035166265 0.66108255
0.87 5.0118723e-09 0.33279385 0.00050420355 0.58257756
0.87 6.3095734e-07 0.33987854 0.00033004368 0.79367451
0.87 6.3095734e-08 0.33805381 0.047130524 0.63702877
0.87 6.3095734e-09 0.34281679 0.00074962017 0.5616313
0.87 7.9432823e-07 0.32462006 3.3339713e-05 0.69957942
0.87 7.9432823e-08 0.33608871 0.055888453 0.70194702
0.87 7.9432823e-09 0.34000809 0.0012365454 0.53240883
0.88 1.1220184543e-06 0.35711399 3.0957653e-07 0.99992912
0.88 1.2589254e-06 0.35187058 3.9255481e-10 0.99999143
0.88 1.2589254e-07 0.34159613 0.058909795 0.75191112
0.88 1.2589254e-08 0.34495265 0.0028917171 0.57101114
0.88 1.41253754462e-06 0.32849072 1.3644945e-11 0.97428299
0.88 1.5848932e-06 0.34013743 7.5413926e-13 0.99999973
0.88 1.5848932e-07 0.34819447 0.057164416 0.79002843
0.88 1.5848932e-08 0.34264319 0.0044042836 0.61917907
0.88 1.77827941004e-06 0.34845735 3.4420155e-13 0.99999607
0.88 1.9952623e-06 0.34886548 4.9687021e-22 0.99896768
0.88 1.9952623e-07 0.33749497 0.04301331 0.8035134
0.88 1.9952623e-08 0.34120735 0.0072385521 0.61076255
0.88 1e-06 0.33967611 5.4235504e-07 0.99169617
0.88 1e-07 0.34502924 0.061491676 0.72088964
0.88 1e-08 0.34136953 0.0021446726 0.53698562
0.88 2.23872113857e-06 0.34888889 7.6653361e-25 1
0.88 2.5118864e-06 0.34762386 4.0035404e-24 0.059414665
0.88 2.5118864e-07 0.34672048 0.024404417 0.81500884
0.88 2.5118864e-08 0.35384305 0.010842346 0.56547286
0.88 2.81838293126e-06 0.33690597 5.0197628e-32 1
0.88 3.1622777e-06 0.33884298 2.4561061e-42 1
0.88 3.1622777e-07 0.34281679 0.012087391 0.91453923
0.88 3.1622777e-08 0.34281679 0.016336529 0.56969593
0.88 3.1622777e-09 0.3427762 0.00018481812 0.54879846
0.88 3.9810717e-07 0.34276475 0.006557676 0.84488558
0.88 3.9810717e-08 0.34477883 0.024872028 0.61155457
0.88 3.9810717e-09 0.33946996 0.00027900393 0.55411285
0.88 5.0118723e-07 0.35043426 0.0015078122 0.854487
0.88 5.0118723e-08 0.34000404 0.033672685 0.66229808
0.88 5.0118723e-09 0.33798262 0.00044408912 0.60619103
0.88 6.3095734e-07 0.34949495 0.00032303515 0.89721546
0.88 6.3095734e-08 0.34459733 0.046351394 0.65054748
0.88 6.3095734e-09 0.34256825 0.00073342999 0.57949827
0.88 7.9432823e-07 0.35295307 2.6968226e-05 0.95462477
0.88 7.9432823e-08 0.34591322 0.054982947 0.68250475
0.88 7.9432823e-09 0.33602748 0.0012380888 0.57138833
0.89 1.1220184543e-06 0.36865521 7.3414649e-07 0.99474224
0.89 1.2589254e-06 0.36836796 2.275445e-09 0.98992477
0.89 1.2589254e-07 0.37122128 0.065500884 0.76250264
0.89 1.2589254e-08 0.37348178 0.0028573915 0.58460272
0.89 1.41253754462e-06 0.35688333 3.6762617e-11 0.99999604
0.89 1.5848932e-06 0.36473918 5.501119e-13 0.4651603
0.89 1.5848932e-07 0.36506974 0.057995975 0.74341292
0.89 1.5848932e-08 0.35891239 0.0039562317 0.56255448
0.89 1.77827941004e-06 0.36861314 5.5879497e-13 0.97046968
0.89 1.9952623e-06 0.36380145 1.11379e-18 0.99618366
0.89 1.9952623e-07 0.36534573 0.041821969 0.82504631
0.89 1.9952623e-08 0.36838918 0.0066608671 0.54690839
0.89 1e-06 0.37135922 4.6556538e-06 0.99045612
0.89 1e-07 0.36732633 0.064806205 0.71373485
0.89 1e-08 0.36674076 0.0017682156 0.57086672
0.89 2.23872113857e-06 0.35189669 2.1225346e-17 1
0.89 2.5118864e-06 0.36143117 5.700278e-31 0.99787571
0.89 2.5118864e-07 0.36223974 0.029939808 0.83239747
0.89 2.5118864e-08 0.36182221 0.010463135 0.56915418
0.89 2.81838293126e-06 0.37975709 5.3810407e-34 1
0.89 3.1622777e-06 0.36966633 1.8577108e-34 0.99999991
0.89 3.1622777e-07 0.36697618 0.016259117 0.83553009
0.89 3.1622777e-08 0.35187058 0.015396118 0.5906188
0.89 3.1622777e-09 0.35807948 0.00016471391 0.56965694
0.89 3.9810717e-07 0.36043689 0.0057700305 0.84447477
0.89 3.9810717e-08 0.36426117 0.02431866 0.6262812
0.89 3.9810717e-09 0.36790173 0.00028967273 0.54425673
0.89 5.0118723e-07 0.35963673 0.0016601385 0.81364242
0.89 5.0118723e-08 0.3660859 0.0320432 0.65749815
0.89 5.0118723e-09 0.36510828 0.00043220892 0.57163055
0.89 6.3095734e-07 0.36085813 0.00051276666 0.98424795
0.89 6.3095734e-08 0.36565657 0.044029739 0.60814691
0.89 6.3095734e-09 0.35575758 0.00066743047 0.61403486
0.89 7.9432823e-07 0.3639119 7.6951382e-05 0.99603572
0.89 7.9432823e-08 0.37758411 0.054407099 0.64460046
0.89 7.9432823e-09 0.3610101 0.0011021946 0.57451166
0.9 1.1220184543e-06 0.36540016 7.3182674e-08 0.99679524
0.9 1.2589254e-06 0.37019036 1.1397266e-07 0.018975637
0.9 1.2589254e-07 0.37257674 0.063981634 0.7306488
0.9 1.2589254e-08 0.36106051 0.0028614069 0.57632833
0.9 1.41253754462e-06 0.37798946 3.6485336e-10 0.99957043
0.9 1.5848932e-06 0.37641815 3.0797605e-11 0.99994451
0.9 1.5848932e-07 0.3728505 0.061913021 0.77461042
0.9 1.5848932e-08 0.36894184 0.0044710598 0.57063878
0.9 1.77827941004e-06 0.37293263 8.0022973e-15 0.90130296
0.9 1.9952623e-06 0.36550889 4.8999584e-16 1
0.9 1.9952623e-07 0.37105901 0.041946352 0.80659311
0.9 1.9952623e-08 0.36370984 0.0065832937 0.55212047
0.9 1e-06 0.37760259 2.4293893e-06 0.95379989
0.9 1e-07 0.3786133 0.06096622 0.66021501
0.9 1e-08 0.37363526 0.0016356571 0.57984074
0.9 2.23872113857e-06 0.35424652 1.8298765e-26 1
0.9 2.5118864e-06 0.37894099 3.3970027e-24 0.93738387
0.9 2.5118864e-07 0.36539625 0.030912496 0.82482086
0.9 2.5118864e-08 0.37449556 0.0093230721 0.5529478
0.9 2.81838293126e-06 0.36907881 4.3281336e-38 0.9991186
0.9 3.1622777e-06 0.35945073 4.46262e-42 1
0.9 3.1622777e-07 0.36649109 0.016385554 0.88822112
0.9 3.1622777e-08 0.38005663 0.015136303 0.60166403
0.9 3.1622777e-09 0.37325793 0.000158001 0.5369191
0.9 3.9810717e-07 0.37363526 0.0060684577 0.83244116
0.9 3.9810717e-08 0.36613457 0.021532064 0.63593642
0.9 3.9810717e-09 0.36758175 0.00027508175 0.58571232
0.9 5.0118723e-07 0.36717804 0.0020750941 0.84112216
0.9 5.0118723e-08 0.37530315 0.028941515 0.60387126
0.9 5.0118723e-09 0.36846356 0.00039982552 0.58032223
0.9 6.3095734e-07 0.3678557 0.00047446036 0.92499726
0.9 6.3095734e-08 0.37543007 0.043190953 0.65039085
0.9 6.3095734e-09 0.36976321 0.00069388678 0.60453535
0.9 7.9432823e-07 0.36960032 3.028064e-05 0.68825259
0.9 7.9432823e-08 0.37903226 0.052519748 0.68699449
0.9 7.9432823e-09 0.38123108 0.0010806653 0.59943872
0.95 1.1220184543e-06 0.41067472 7.5128701e-07 0.98803163
0.95 1.2589254e-06 0.41877402 8.420672e-09 0.99173664
0.95 1.2589254e-07 0.40521423 0.065149137 0.7510023
0.95 1.2589254e-08 0.41261842 0.0022047132 0.58124254
0.95 1.41253754462e-06 0.41546872 1.2872932e-08 0.77943339
0.95 1.5848932e-06 0.40968718 2.3347974e-10 0.95889864
0.95 1.5848932e-07 0.4205004 0.060092932 0.78205835
0.95 1.5848932e-08 0.41846402 0.0036913697 0.57970731
0.95 1.77827941004e-06 0.40944882 1.0923561e-12 0.075717904
0.95 1.9952623e-06 0.40008107 1.3949665e-15 1
0.95 1.9952623e-07 0.41619433 0.049900944 0.82297931
0.95 1.9952623e-08 0.40780429 0.0056254381 0.58041257
0.95 1e-06 0.40775914 2.3506898e-06 0.91324682
0.95 1e-07 0.41504854 0.057815976 0.70408557
0.95 1e-08 0.39915117 0.0013974264 0.59050132
0.95 2.23872113857e-06 0.40423814 5.515826e-17 1
0.95 2.5118864e-06 0.4045216 7.2042804e-26 1
0.95 2.5118864e-07 0.39983877 0.031349073 0.85514465
0.95 2.5118864e-08 0.41366761 0.0086808528 0.54967129
0.95 2.81838293126e-06 0.40913665 1.7752465e-30 1
0.95 3.1622777e-06 0.40497875 1.5044317e-31 1
0.95 3.1622777e-07 0.40247114 0.018135682 0.87913225
0.95 3.1622777e-08 0.40105327 0.013480647 0.56533878
0.95 3.1622777e-09 0.40676601 0.00014553306 0.5649917
0.95 3.9810717e-07 0.39874823 0.0076271733 0.89002991
0.95 3.9810717e-08 0.40173352 0.019280195 0.61913141
0.95 3.9810717e-09 0.40967024 0.00022741417 0.59038566
0.95 5.0118723e-07 0.39967605 0.0027446625 0.8211498
0.95 5.0118723e-08 0.41322314 0.028587475 0.63058035
0.95 5.0118723e-09 0.40780429 0.00039343768 0.5579932
0.95 6.3095734e-07 0.42629241 0.00063439723 0.83143657
0.95 6.3095734e-08 0.40941224 0.041666052 0.63438101
0.95 6.3095734e-09 0.40767677 0.00059346647 0.59003527
0.95 7.9432823e-07 0.41193124 0.00010168643 0.54190834
0.95 7.9432823e-08 0.41589351 0.052194135 0.79698069
0.95 7.9432823e-09 0.40008082 0.0009660133 0.54671788
