0.002 0.00012589254 5.4688927e+11
0.002 0.00015848932 4.8741812e+11
0.002 0.00019952623 4.7994831e+11
0.002 0.0001 4.7592841e+11
0.002 0.00025118864 2.7270272e+11
0.002 0.00031622777 2.6528782e+11
0.002 0.001 3144860.6
0.002 0.0031622777 0
0.002 0.01 0
0.002 0.031622777 0
0.002 0.1 0
0.002 1.2589254e-05 1.1355326e+09
0.002 1.2589254e-06 131058.67
0.002 1.2589254e-07 12.718977
0.002 1.2589254e-08 0.0011710547
0.002 1.2589254e-09 1.2737369e-07
0.002 1.5848932e-05 2.7238383e+09
0.002 1.5848932e-06 357694.23
0.002 1.5848932e-07 29.882486
0.002 1.5848932e-08 0.0032834028
0.002 1.5848932e-09 3.349974e-07
0.002 1.9952623e-05 7.0199925e+09
0.002 1.9952623e-06 825463.48
0.002 1.9952623e-07 86.899987
0.002 1.9952623e-08 0.0082053809
0.002 1.9952623e-09 8.0626734e-07
0.002 1e-05 4.8633656e+08
0.002 1e-06 49791.683
0.002 1e-07 4.8964511
0.002 1e-08 0.00055364941
0.002 1e-09 4.7168217e-08
0.002 2.5118864e-05 1.5674818e+10
0.002 2.5118864e-06 1890640.3
0.002 2.5118864e-07 206.8402
0.002 2.5118864e-08 0.020829352
0.002 2.5118864e-09 2.0295621e-06
0.002 3.1622777e-05 3.3153502e+10
0.002 3.1622777e-06 5237213.6
0.002 3.1622777e-07 496.27946
0.002 3.1622777e-08 0.051876983
0.002 3.1622777e-09 4.9463877e-06
0.002 3.9810717e-05 6.1458666e+10
0.002 3.9810717e-06 11901046
0.002 3.9810717e-07 1219.5811
0.002 3.9810717e-08 0.14555937
0.002 3.9810717e-09 1.4085894e-05
0.002 5.0118723e-05 1.2464845e+11
0.002 5.0118723e-06 33876623
0.002 5.0118723e-07 3193.555
0.002 5.0118723e-08 0.34239341
0.002 5.0118723e-09 3.511577e-05
0.002 6.3095734e-05 2.0076011e+11
0.002 6.3095734e-06 86315848
0.002 6.3095734e-07 8675.9937
0.002 6.3095734e-08 0.82803265
0.002 6.3095734e-09 7.9453159e-05
0.002 7.9432823e-05 3.2250443e+11
0.002 7.9432823e-06 1.8712105e+08
0.002 7.9432823e-07 20999.317
0.002 7.9432823e-08 2.0766153
0.002 7.9432823e-09 0.00020063421
0.005 0.00012589254 2.4371753e+10
0.005 0.00015848932 9.6290262e+09
0.005 0.00019952623 6.0992667e+09
0.005 0.0001 6.0693288e+10
0.005 0.00025118864 8.1221923e+08
0.005 0.00031622777 59734950
0.005 0.001 2.1926313e-27
0.005 0.0031622777 0
0.005 0.01 0
0.005 0.031622777 0
0.005 0.1 0
0.005 1.2589254e-05 3.0695935e+09
0.005 1.2589254e-06 402641.13
0.005 1.2589254e-07 44.925466
0.005 1.2589254e-08 0.003703436
0.005 1.2589254e-09 4.8030119e-07
0.005 1.5848932e-05 7.212785e+09
0.005 1.5848932e-06 996382.19
0.005 1.5848932e-07 102.16094
0.005 1.5848932e-08 0.0094679725
0.005 1.5848932e-09 1.0272114e-06
0.005 1.9952623e-05 1.3994794e+10
0.005 1.9952623e-06 2631401.7
0.005 1.9952623e-07 224.51134
0.005 1.9952623e-08 0.025757877
0.005 1.9952623e-09 2.3129301e-06
0.005 1e-05 1.3605978e+09
0.005 1e-06 170245.89
0.005 1e-07 15.552882
0.005 1e-08 0.0017128059
0.005 1e-09 1.6513324e-07
0.005 2.5118864e-05 2.5720629e+10
0.005 2.5118864e-06 6036708.2
0.005 2.5118864e-07 650.0958
0.005 2.5118864e-08 0.06977788
0.005 2.5118864e-09 6.6688864e-06
0.005 3.1622777e-05 3.8578076e+10
0.005 3.1622777e-06 15218816
0.005 3.1622777e-07 1659.8891
0.005 3.1622777e-08 0.16379476
0.005 3.1622777e-09 1.6259038e-05
0.005 3.9810717e-05 6.4066402e+10
0.005 3.9810717e-06 40245953
0.005 3.9810717e-07 3952.3417
0.005 3.9810717e-08 0.42175299
0.005 3.9810717e-09 4.3341277e-05
0.005 5.0118723e-05 7.9039341e+10
0.005 5.0118723e-06 87197074
0.005 5.0118723e-07 9573.7291
0.005 5.0118723e-08 0.96774169
0.005 5.0118723e-09 0.00010443574
0.005 6.3095734e-05 7.5772251e+10
0.005 6.3095734e-06 2.5306906e+08
0.005 6.3095734e-07 24462.896
0.005 6.3095734e-08 2.9392707
0.005 6.3095734e-09 0.00027036194
0.005 7.9432823e-05 6.3744391e+10
0.005 7.9432823e-06 5.7949749e+08
0.005 7.9432823e-07 65346.534
0.005 7.9432823e-08 6.327634
0.005 7.9432823e-09 0.00058574898
0.01 0.00012589254 1.9282017e+08
0.01 0.00015848932 587036.23
0.01 0.00019952623 552.5893
0.01 0.0001 7.0856171e+08
0.01 0.00025118864 41.596657
0.01 0.00031622777 1.8259361e-12
0.01 0.001 0
0.01 0.0031622777 0
0.01 0.01 0
0.01 0.031622777 0
0.01 0.1 0
0.01 1.2589254e-05 6.6540442e+09
0.01 1.2589254e-06 1393311.7
0.01 1.2589254e-07 155.06578
0.01 1.2589254e-08 0.015261076
0.01 1.2589254e-09 1.5694001e-06
0.01 1.5848932e-05 9.850602e+09
0.01 1.5848932e-06 3601719.8
0.01 1.5848932e-07 390.71141
0.01 1.5848932e-08 0.040926978
0.01 1.5848932e-09 4.5902407e-06
0.01 1.9952623e-05 1.4713474e+10
0.01 1.9952623e-06 9837129.5
0.01 1.9952623e-07 1003.9754
0.01 1.9952623e-08 0.095595051
0.01 1.9952623e-09 1.0426272e-05
0.01 1e-05 3.4746805e+09
0.01 1e-06 640824.91
0.01 1e-07 63.361615
0.01 1e-08 0.0062856116
0.01 1e-09 6.627234e-07
0.01 2.5118864e-05 1.9390898e+10
0.01 2.5118864e-06 24843497
0.01 2.5118864e-07 2517.7545
0.01 2.5118864e-08 0.2392009
0.01 2.5118864e-09 2.4208529e-05
0.01 3.1622777e-05 1.8620352e+10
0.01 3.1622777e-06 66345039
0.01 3.1622777e-07 6325.4244
0.01 3.1622777e-08 0.6492793
0.01 3.1622777e-09 6.2561761e-05
0.01 3.9810717e-05 1.3679367e+10
0.01 3.9810717e-06 1.3708003e+08
0.01 3.9810717e-07 15143.61
0.01 3.9810717e-08 1.5486794
0.01 3.9810717e-09 0.00015472568
0.01 5.0118723e-05 1.3022885e+10
0.01 5.0118723e-06 3.5354056e+08
0.01 5.0118723e-07 37142.22
0.01 5.0118723e-08 3.650089
0.01 5.0118723e-09 0.0003859362
0.01 6.3095734e-05 6.008054e+09
0.01 6.3095734e-06 8.3009953e+08
0.01 6.3095734e-07 107161.21
0.01 6.3095734e-08 9.6709141
0.01 6.3095734e-09 0.0010314671
0.01 7.9432823e-05 3.0065301e+09
0.01 7.9432823e-06 1.7232454e+09
0.01 7.9432823e-07 276638.21
0.01 7.9432823e-08 23.972089
0.01 7.9432823e-09 0.0022308349
0.05 0.00012589254 0
0.05 0.00015848932 0
0.05 0.00019952623 0
0.05 0.0001 0
0.05 0.00025118864 0
0.05 0.00031622777 0
0.05 0.001 0
0.05 0.0031622777 0
0.05 0.01 0
0.05 0.031622777 0
0.05 0.1 0
0.05 1.2589254e-05 1.3131324e+08
0.05 1.2589254e-06 21445594
0.05 1.2589254e-07 2709.2981
0.05 1.2589254e-08 0.27067878
0.05 1.2589254e-09 2.7045014e-05
0.05 1.5848932e-05 70578217
0.05 1.5848932e-06 45119174
0.05 1.5848932e-07 6956.4827
0.05 1.5848932e-08 0.69059384
0.05 1.5848932e-09 7.1811842e-05
0.05 1.9952623e-05 17087144
0.05 1.9952623e-06 85845434
0.05 1.9952623e-07 16944.042
0.05 1.9952623e-08 1.6189872
0.05 1.9952623e-09 0.00018093548
0.05 1e-05 3.2578359e+08
0.05 1e-06 9265967.6
0.05 1e-07 1146.0214
0.05 1e-08 0.10208563
0.05 1e-09 1.102047e-05
0.05 2.5118864e-05 1140201.4
0.05 2.5118864e-06 1.5968919e+08
0.05 2.5118864e-07 44504.383
0.05 2.5118864e-08 4.573181
0.05 2.5118864e-09 0.00040867822
0.05 3.1622777e-05 21000.608
0.05 3.1622777e-06 2.7601226e+08
0.05 3.1622777e-07 211062.82
0.05 3.1622777e-08 10.911071
0.05 3.1622777e-09 0.00101882
0.05 3.9810717e-05 8.437751
0.05 3.9810717e-06 4.072569e+08
0.05 3.9810717e-07 278529.83
0.05 3.9810717e-08 28.164297
0.05 3.9810717e-09 0.0028434316
0.05 5.0118723e-05 142.98955
0.05 5.0118723e-06 4.8697981e+08
0.05 5.0118723e-07 703197.75
0.05 5.0118723e-08 69.589342
0.05 5.0118723e-09 0.0062400749
0.05 6.3095734e-05 1.6247558e-07
0.05 6.3095734e-06 5.5884846e+08
0.05 6.3095734e-07 1481155.7
0.05 6.3095734e-08 173.28867
0.05 6.3095734e-09 0.01553938
0.05 7.9432823e-05 2.3607526e-22
0.05 7.9432823e-06 4.6272222e+08
0.05 7.9432823e-07 3702388.1
0.05 7.9432823e-08 438.33855
0.05 7.9432823e-09 0.048103468
0.1 0.00012589254 0
0.1 0.00015848932 0
0.1 0.00019952623 0
0.1 0.0001 0
0.1 0.00025118864 0
0.1 0.00031622777 0
0.1 0.001 0
0.1 0.0031622777 0
0.1 0.01 0
0.1 0.031622777 0
0.1 0.1 0
0.1 1.2589254e-05 77934.921
0.1 1.2589254e-06 7853519.6
0.1 1.2589254e-07 1647.3571
0.1 1.2589254e-08 0.17553889
0.1 1.2589254e-09 1.8880281e-05
0.1 1.5848932e-05 60245.832
0.1 1.5848932e-06 12812626
0.1 1.5848932e-07 4489.5812
0.1 1.5848932e-08 0.45236491
0.1 1.5848932e-09 4.8436284e-05
0.1 1.9952623e-05 3536.2894
0.1 1.9952623e-06 17136325
0.1 1.9952623e-07 11397.872
0.1 1.9952623e-08 1.2408406
0.1 1.9952623e-09 0.00011355137
0.1 1e-05 633094.23
0.1 1e-06 4270116.2
0.1 1e-07 733.03751
0.1 1e-08 0.074493512
0.1 1e-09 1.1043498e-05
0.1 2.5118864e-05 0.25820588
0.1 2.5118864e-06 25119598
0.1 2.5118864e-07 29289.504
0.1 2.5118864e-08 2.9944347
0.1 2.5118864e-09 0.00028932579
0.1 3.1622777e-05 0.00016989745
0.1 3.1622777e-06 25023416
0.1 3.1622777e-07 72344.869
0.1 3.1622777e-08 7.6328344
0.1 3.1622777e-09 0.00072258037
0.1 3.9810717e-05 8.2641815e-10
0.1 3.9810717e-06 27833648
0.1 3.9810717e-07 151466.48
0.1 3.9810717e-08 17.108293
0.1 3.9810717e-09 0.0017758407
0.1 5.0118723e-05 5.3126109e-32
0.1 5.0118723e-06 15623167
0.1 5.0118723e-07 409244.86
0.1 5.0118723e-08 43.956675
0.1 5.0118723e-09 0.0048386425
0.1 6.3095734e-05 0
0.1 6.3095734e-06 13469276
0.1 6.3095734e-07 900111.06
0.1 6.3095734e-08 120.27561
0.1 6.3095734e-09 0.011151425
0.1 7.9432823e-05 0
0.1 7.9432823e-06 5185499.1
0.1 7.9432823e-07 1968782.2
0.1 7.9432823e-08 287.90471
0.1 7.9432823e-09 0.028156765
0.15 0.00012589254 0
0.15 0.00015848932 0
0.15 0.00019952623 0
0.15 0.0001 0
0.15 0.00025118864 0
0.15 0.00031622777 0
0.15 0.001 0
0.15 0.0031622777 0
0.15 0.01 0
0.15 0.031622777 0
0.15 0.1 0
0.15 1.2589254e-05 167.83149
0.15 1.2589254e-06 3850499.8
0.15 1.2589254e-07 1607.3783
0.15 1.2589254e-08 0.17338888
0.15 1.2589254e-09 1.5690176e-05
0.15 1.5848932e-05 16.796638
0.15 1.5848932e-06 5710798.8
0.15 1.5848932e-07 3690.0674
0.15 1.5848932e-08 0.39371324
0.15 1.5848932e-09 4.1492066e-05
0.15 1.9952623e-05 2.4615822e-07
0.15 1.9952623e-06 6471227.9
0.15 1.9952623e-07 9215.638
0.15 1.9952623e-08 1.1413279
0.15 1.9952623e-09 0.00010434957
0.15 1e-05 6649.7171
0.15 1e-06 2441285.6
0.15 1e-07 659.90179
0.15 1e-08 0.06922044
0.15 1e-09 6.2321013e-06
0.15 2.5118864e-05 6.3413671e-12
0.15 2.5118864e-06 6642679.6
0.15 2.5118864e-07 24838.747
0.15 2.5118864e-08 2.4736273
0.15 2.5118864e-09 0.000242705
0.15 3.1622777e-05 4.9981024e-27
0.15 3.1622777e-06 5214589.7
0.15 3.1622777e-07 58426.156
0.15 3.1622777e-08 6.8206413
0.15 3.1622777e-09 0.00066075596
0.15 3.9810717e-05 0
0.15 3.9810717e-06 4395065.5
0.15 3.9810717e-07 136676
0.15 3.9810717e-08 15.577095
0.15 3.9810717e-09 0.0015793203
0.15 5.0118723e-05 0
0.15 5.0118723e-06 1743994.1
0.15 5.0118723e-07 310166.22
0.15 5.0118723e-08 39.780334
0.15 5.0118723e-09 0.0041212576
0.15 6.3095734e-05 0
0.15 6.3095734e-06 734996.51
0.15 6.3095734e-07 620772.77
0.15 6.3095734e-08 99.455124
0.15 6.3095734e-09 0.010690236
0.15 7.9432823e-05 0
0.15 7.9432823e-06 122251.76
0.15 7.9432823e-07 1332947.6
0.15 7.9432823e-08 274.36548
0.15 7.9432823e-09 0.025274768
0.2 0.00012589254 0
0.2 0.00015848932 0
0.2 0.00019952623 0
0.2 0.0001 0
0.2 0.00025118864 0
0.2 0.00031622777 0
0.2 0.001 0
0.2 0.0031622777 0
0.2 0.01 0
0.2 0.031622777 0
0.2 0.1 0
0.2 1.2589254e-05 0.013562371
0.2 1.2589254e-06 2833207.3
0.2 1.2589254e-07 2306.2521
0.2 1.2589254e-08 0.25402717
0.2 1.2589254e-09 2.4224351e-05
0.2 1.5848932e-05 2.8170881e-06
0.2 1.5848932e-06 3162826.6
0.2 1.5848932e-07 5692.9831
0.2 1.5848932e-08 0.59272508
0.2 1.5848932e-09 6.6381661e-05
0.2 1.9952623e-05 1.6870988e-12
0.2 1.9952623e-06 3686219.4
0.2 1.9952623e-07 13603.087
0.2 1.9952623e-08 1.5891143
0.2 1.9952623e-09 0.00015643108
0.2 1e-05 22.849801
0.2 1e-06 2130008.9
0.2 1e-07 900.38217
0.2 1e-08 0.097127757
0.2 1e-09 9.7632594e-06
0.2 2.5118864e-05 6.3321979e-25
0.2 2.5118864e-06 2580072.3
0.2 2.5118864e-07 34891.468
0.2 2.5118864e-08 3.8590191
0.2 2.5118864e-09 0.0003897124
0.2 3.1622777e-05 0
0.2 3.1622777e-06 1634812.2
0.2 3.1622777e-07 79603.319
0.2 3.1622777e-08 10.349763
0.2 3.1622777e-09 0.00092740983
0.2 3.9810717e-05 0
0.2 3.9810717e-06 968378.49
0.2 3.9810717e-07 168967.37
0.2 3.9810717e-08 24.463218
0.2 3.9810717e-09 0.0024567334
0.2 5.0118723e-05 0
0.2 5.0118723e-06 316481.15
0.2 5.0118723e-07 411610.2
0.2 5.0118723e-08 52.741728
0.2 5.0118723e-09 0.0062162029
0.2 6.3095734e-05 0
0.2 6.3095734e-06 71940.439
0.2 6.3095734e-07 757841.73
0.2 6.3095734e-08 162.57404
0.2 6.3095734e-09 0.014717227
0.2 7.9432823e-05 0
0.2 7.9432823e-06 3647.5722
0.2 7.9432823e-07 1339539.9
0.2 7.9432823e-08 403.47839
0.2 7.9432823e-09 0.037110906
0.25 0.00012589254 0
0.25 0.00015848932 0
0.25 0.00019952623 0
0.25 0.0001 0
0.25 0.00025118864 0
0.25 0.00031622777 0
0.25 0.25 0
0.25 1.1220184543e-05 1.8622817e-11
0.25 1.2589254e-05 9.0725501e-18
0.25 1.2589254e-06 2057007.7
0.25 1.2589254e-07 11010.477
0.25 1.2589254e-08 1.3303008
0.25 1.2589254e-09 0.00012626356
0.25 1.41253754462e-05 4.8051242e-20
0.25 1.5848932e-05 3.0074575e-30
0.25 1.5848932e-06 1544594.6
0.25 1.5848932e-07 27365.6
0.25 1.5848932e-08 3.1161762
0.25 1.5848932e-09 0.00032272497
0.25 1.77827941004e-05 4.4426801e-34
0.25 1.9952623e-05 0
0.25 1.9952623e-06 775457.97
0.25 1.9952623e-07 61272.11
0.25 1.9952623e-08 7.7790205
0.25 1.9952623e-09 0.00078577371
0.25 1e-05 4.9308431e-06
0.25 1e-06 2159960.9
0.25 1e-07 4855.6771
0.25 1e-08 0.51670988
0.25 1e-09 5.2728841e-05
0.25 2.23872113857e-05 0
0.25 2.5118864e-05 0
0.25 2.5118864e-06 401293.18
0.25 2.5118864e-07 145687.09
0.25 2.5118864e-08 21.713333
0.25 2.5118864e-09 0.0021374451
0.25 2.81838293126e-05 0
0.25 3.1622777e-05 0
0.25 3.1622777e-06 122493.19
0.25 3.1622777e-07 311057.04
0.25 3.1622777e-08 48.544818
0.25 3.1622777e-09 0.004910657
0.25 3.54813389234e-05 0
0.25 3.9810717e-05 0
0.25 3.9810717e-06 22608.185
0.25 3.9810717e-07 569770.21
0.25 3.9810717e-08 123.36258
0.25 3.9810717e-09 0.013087164
0.25 4.46683592151e-05 0
0.25 5.0118723e-05 0
0.25 5.0118723e-06 2455.8099
0.25 5.0118723e-07 1020287.3
0.25 5.0118723e-08 293.79533
0.25 5.0118723e-09 0.030549573
0.25 5.6234132519e-05 0
0.25 6.3095734e-05 0
0.25 6.3095734e-06 16.084549
0.25 6.3095734e-07 1419998.7
0.25 6.3095734e-08 1095.4284
0.25 6.3095734e-09 0.083739236
0.25 7.07945784384e-05 0
0.25 7.9432823e-05 0
0.25 7.9432823e-06 0.0017588213
0.25 7.9432823e-07 2057541.9
0.25 7.9432823e-08 1839.3266
0.25 7.9432823e-09 0.18900335
0.3 0.00012589254 0
0.3 0.00015848932 0
0.3 0.00019952623 0
0.3 0.0001 0
0.3 0.00025118864 0
0.3 0.00031622777 0
0.3 1.2589254e-05 1.6349609e-30
0.3 1.2589254e-06 811286.24
0.3 1.2589254e-07 12676.517
0.3 1.2589254e-08 1.3330944
0.3 1.2589254e-09 0.00013656555
0.3 1.5848932e-05 3.3096418e-35
0.3 1.5848932e-06 483700.88
0.3 1.5848932e-07 28011.137
0.3 1.5848932e-08 3.4335306
0.3 1.5848932e-09 0.0003517506
0.3 1.9952623e-05 0
0.3 1.9952623e-06 236631.77
0.3 1.9952623e-07 61453.71
0.3 1.9952623e-08 8.6550342
0.3 1.9952623e-09 0.0012673821
0.3 1e-05 1.3201578e-14
0.3 1e-06 1009384.3
0.3 1e-07 5229.4206
0.3 1e-08 0.53389574
0.3 1e-09 5.4700248e-05
0.3 2.5118864e-05 0
0.3 2.5118864e-06 56381.684
0.3 2.5118864e-07 127440.94
0.3 2.5118864e-08 20.744152
0.3 2.5118864e-09 0.0021144621
0.3 3.1622777e-05 0
0.3 3.1622777e-06 16647.029
0.3 3.1622777e-07 256660.16
0.3 3.1622777e-08 49.634836
0.3 3.1622777e-09 0.0053154085
0.3 3.9810717e-05 0
0.3 3.9810717e-06 1514.7443
0.3 3.9810717e-07 443426.26
0.3 3.9810717e-08 140.23478
0.3 3.9810717e-09 0.013585976
0.3 5.0118723e-05 0
0.3 5.0118723e-06 30.129157
0.3 5.0118723e-07 676380.8
0.3 5.0118723e-08 344.13966
0.3 5.0118723e-09 0.033556622
0.3 6.3095734e-05 0
0.3 6.3095734e-06 0.0036752516
0.3 6.3095734e-07 946080.12
0.3 6.3095734e-08 841.99007
0.3 6.3095734e-09 0.083963477
0.3 7.9432823e-05 0
0.3 7.9432823e-06 2.0864778e-10
0.3 7.9432823e-07 1055557.5
0.3 7.9432823e-08 2066.6601
0.3 7.9432823e-09 0.21691041
0.35 0.00012589254 0
0.35 0.00015848932 0
0.35 0.00019952623 0
0.35 0.0001 0
0.35 0.00025118864 0
0.35 0.00031622777 0
0.35 1.2589254e-05 0
0.35 1.2589254e-06 222918.79
0.35 1.2589254e-07 9053.9961
0.35 1.2589254e-08 1.1788033
0.35 1.2589254e-09 0.00011181805
0.35 1.5848932e-05 0
0.35 1.5848932e-06 143687.15
0.35 1.5848932e-07 20604.192
0.35 1.5848932e-08 2.671607
0.35 1.5848932e-09 0.00026978241
0.35 1.9952623e-05 0
0.35 1.9952623e-06 50828.333
0.35 1.9952623e-07 44382.789
0.35 1.9952623e-08 7.4397889
0.35 1.9952623e-09 0.00071694856
0.35 1e-05 7.4895746e-27
0.35 1e-06 388093.63
0.35 1e-07 3979.6061
0.35 1e-08 0.46399932
0.35 1e-09 4.3868257e-05
0.35 2.5118864e-05 0
0.35 2.5118864e-06 8420.4162
0.35 2.5118864e-07 95825.302
0.35 2.5118864e-08 18.292126
0.35 2.5118864e-09 0.0018518056
0.35 3.1622777e-05 0
0.35 3.1622777e-06 2018.3645
0.35 3.1622777e-07 175788.47
0.35 3.1622777e-08 44.438736
0.35 3.1622777e-09 0.0047198115
0.35 3.9810717e-05 0
0.35 3.9810717e-06 44.430768
0.35 3.9810717e-07 295443.16
0.35 3.9810717e-08 113.0997
0.35 3.9810717e-09 0.01139961
0.35 5.0118723e-05 0
0.35 5.0118723e-06 0.30298112
0.35 5.0118723e-07 397010.42
0.35 5.0118723e-08 258.56207
0.35 5.0118723e-09 0.029925618
0.35 6.3095734e-05 0
0.35 6.3095734e-06 1.1210815e-06
0.35 6.3095734e-07 474902.07
0.35 6.3095734e-08 714.89864
0.35 6.3095734e-09 0.070998093
0.35 7.9432823e-05 0
0.35 7.9432823e-06 4.6148582e-15
0.35 7.9432823e-07 521537.35
0.35 7.9432823e-08 1725.4581
0.35 7.9432823e-09 0.17552461
0.4 0.00012589254 0
0.4 0.00015848932 0
0.4 0.00019952623 0
0.4 0.0001 0
0.4 0.00025118864 0
0.4 0.00031622777 0
0.4 1.2589254e-05 0
0.4 1.2589254e-06 85509.231
0.4 1.2589254e-07 6391.8548
0.4 1.2589254e-08 0.78886488
0.4 1.2589254e-09 8.8158845e-05
0.4 1.5848932e-05 0
0.4 1.5848932e-06 24648.696
0.4 1.5848932e-07 15168.313
0.4 1.5848932e-08 2.1437344
0.4 1.5848932e-09 0.00020413555
0.4 1.9952623e-05 0
0.4 1.9952623e-06 5459.9501
0.4 1.9952623e-07 28816.296
0.4 1.9952623e-08 5.5672897
0.4 1.9952623e-09 0.00051859631
0.4 1e-05 7.3495821e-40
0.4 1e-06 124863.49
0.4 1e-07 2804.503
0.4 1e-08 0.45679977
0.4 1e-09 3.6093447e-05
0.4 2.5118864e-05 0
0.4 2.5118864e-06 662.33553
0.4 2.5118864e-07 60080.277
0.4 2.5118864e-08 13.346073
0.4 2.5118864e-09 0.001272206
0.4 3.1622777e-05 0
0.4 3.1622777e-06 6.1553425
0.4 3.1622777e-07 99940.882
0.4 3.1622777e-08 34.191729
0.4 3.1622777e-09 0.0035342569
0.4 3.9810717e-05 0
0.4 3.9810717e-06 0.40250564
0.4 3.9810717e-07 150796.93
0.4 3.9810717e-08 82.728225
0.4 3.9810717e-09 0.0083269426
0.4 5.0118723e-05 0
0.4 5.0118723e-06 0.0038063267
0.4 5.0118723e-07 200691.24
0.4 5.0118723e-08 193.1059
0.4 5.0118723e-09 0.021078754
0.4 6.3095734e-05 0
0.4 6.3095734e-06 6.4076784e-14
0.4 6.3095734e-07 213276.21
0.4 6.3095734e-08 513.17495
0.4 6.3095734e-09 0.052130341
0.4 7.9432823e-05 0
0.4 7.9432823e-06 1.0218954e-25
0.4 7.9432823e-07 169289.77
0.4 7.9432823e-08 1247.8949
0.4 7.9432823e-09 0.13654683
0.45 0.00012589254 0
0.45 0.00015848932 0
0.45 0.00019952623 0
0.45 0.0001 0
0.45 0.00025118864 0
0.45 0.00031622777 0
0.45 1.2589254e-05 0
0.45 1.2589254e-06 13768.45
0.45 1.2589254e-07 3069.3733
0.45 1.2589254e-08 0.39987314
0.45 1.2589254e-09 4.0208157e-05
0.45 1.5848932e-05 0
0.45 1.5848932e-06 4697.1794
0.45 1.5848932e-07 6605.8616
0.45 1.5848932e-08 0.99907476
0.45 1.5848932e-09 0.00010206873
0.45 1.9952623e-05 0
0.45 1.9952623e-06 536.53691
0.45 1.9952623e-07 12981.779
0.45 1.9952623e-08 2.5403874
0.45 1.9952623e-09 0.00024580068
0.45 1e-05 0
0.45 1e-06 29061.366
0.45 1e-07 1345.11
0.45 1e-08 0.15398503
0.45 1e-09 1.575742e-05
0.45 2.5118864e-05 0
0.45 2.5118864e-06 83.119601
0.45 2.5118864e-07 23166.893
0.45 2.5118864e-08 6.090268
0.45 2.5118864e-09 0.00062064829
0.45 3.1622777e-05 0
0.45 3.1622777e-06 1.4225656
0.45 3.1622777e-07 36316.982
0.45 3.1622777e-08 16.183431
0.45 3.1622777e-09 0.0016219458
0.45 3.9810717e-05 0
0.45 3.9810717e-06 4.9963849e-05
0.45 3.9810717e-07 48856.55
0.45 3.9810717e-08 39.304981
0.45 3.9810717e-09 0.0038665225
0.45 5.0118723e-05 0
0.45 5.0118723e-06 2.5596493e-09
0.45 5.0118723e-07 61477.078
0.45 5.0118723e-08 91.646172
0.45 5.0118723e-09 0.0096406193
0.45 6.3095734e-05 0
0.45 6.3095734e-06 9.3669798e-22
0.45 6.3095734e-07 62742.44
0.45 6.3095734e-08 234.69269
0.45 6.3095734e-09 0.026143635
0.45 7.9432823e-05 0
0.45 7.9432823e-06 1.0207534e-26
0.45 7.9432823e-07 45828.178
0.45 7.9432823e-08 564.03851
0.45 7.9432823e-09 0.064181601
0.5 0.00012589254 0
0.5 0.00015848932 0
0.5 0.00019952623 0
0.5 0.0001 0
0.5 0.00025118864 0
0.5 0.00031622777 0
0.5 1.2589254e-05 0
0.5 1.2589254e-06 902.01866
0.5 1.2589254e-07 501.63431
0.5 1.2589254e-08 0.069035572
0.5 1.2589254e-09 7.2887445e-06
0.5 1.5848932e-05 0
0.5 1.5848932e-06 119.59558
0.5 1.5848932e-07 1055.8918
0.5 1.5848932e-08 0.18280214
0.5 1.5848932e-09 1.9008528e-05
0.5 1.9952623e-05 0
0.5 1.9952623e-06 16.785991
0.5 1.9952623e-07 2060.9406
0.5 1.9952623e-08 0.44760076
0.5 1.9952623e-09 4.7144494e-05
0.5 1e-05 0
0.5 1e-06 2686.5266
0.5 1e-07 229.42869
0.5 1e-08 0.029281798
0.5 1e-09 2.9405351e-06
0.5 2.5118864e-05 0
0.5 2.5118864e-06 0.20904488
0.5 2.5118864e-07 3449.3384
0.5 2.5118864e-08 1.1442733
0.5 2.5118864e-09 0.00011782848
0.5 3.1622777e-05 0
0.5 3.1622777e-06 0.0014452853
0.5 3.1622777e-07 5139.3717
0.5 3.1622777e-08 2.8187072
0.5 3.1622777e-09 0.00029057173
0.5 3.9810717e-05 0
0.5 3.9810717e-06 4.6515642e-07
0.5 3.9810717e-07 6701.1585
0.5 3.9810717e-08 7.2619336
0.5 3.9810717e-09 0.00074721311
0.5 5.0118723e-05 0
0.5 5.0118723e-06 7.9401729e-13
0.5 5.0118723e-07 7429.5992
0.5 5.0118723e-08 17.747141
0.5 5.0118723e-09 0.001924824
0.5 6.3095734e-05 0
0.5 6.3095734e-06 8.581591e-25
0.5 6.3095734e-07 6502.4817
0.5 6.3095734e-08 41.970214
0.5 6.3095734e-09 0.0046364213
0.5 7.9432823e-05 0
0.5 7.9432823e-06 0
0.5 7.9432823e-07 4783.3859
0.5 7.9432823e-08 105.71181
0.5 7.9432823e-09 0.011486235
0.55 1.2589254e-05 0
0.55 1.2589254e-06 430.91588
0.55 1.2589254e-07 1405.1737
0.55 1.2589254e-08 0.24328547
0.55 1.5848932e-05 0
0.55 1.5848932e-06 23.407645
0.55 1.5848932e-07 2832.488
0.55 1.5848932e-08 0.58856323
0.55 1.9952623e-05 0
0.55 1.9952623e-06 11.431503
0.55 1.9952623e-07 5240.6866
0.55 1.9952623e-08 1.4785898
0.55 1e-05 0
0.55 1e-06 1678.6109
0.55 1e-07 674.23107
0.55 1e-08 0.092992345
0.55 2.5118864e-05 0
0.55 2.5118864e-06 0.0016975977
0.55 2.5118864e-07 7500.757
0.55 2.5118864e-08 3.7363007
0.55 3.1622777e-05 0
0.55 3.1622777e-06 2.7374021e-06
0.55 3.1622777e-07 10115.969
0.55 3.1622777e-08 9.098681
0.55 3.1622777e-09 0.00097241072
0.55 3.9810717e-06 4.8270794e-10
0.55 3.9810717e-07 11589.997
0.55 3.9810717e-08 23.165222
0.55 3.9810717e-09 0.0022939423
0.55 5.0118723e-06 1.0301065e-24
0.55 5.0118723e-07 10870.39
0.55 5.0118723e-08 55.55194
0.55 5.0118723e-09 0.0057070129
0.55 6.3095734e-06 4.1591907e-40
0.55 6.3095734e-07 7717.0776
0.55 6.3095734e-08 128.96252
0.55 6.3095734e-09 0.015913208
0.55 7.9432823e-06 0
0.55 7.9432823e-07 4759.64
0.55 7.9432823e-08 306.83629
0.55 7.9432823e-09 0.036574924
0.6 1.2589254e-05 0
0.6 1.2589254e-06 8.4844337
0.6 1.2589254e-07 643.9657
0.6 1.2589254e-08 0.11551043
0.6 1.5848932e-05 0
0.6 1.5848932e-06 3.3112652
0.6 1.5848932e-07 1161.2024
0.6 1.5848932e-08 0.29330331
0.6 1.9952623e-05 0
0.6 1.9952623e-06 0.084122599
0.6 1.9952623e-07 1907.3336
0.6 1.9952623e-08 0.74089524
0.6 1e-05 0
0.6 1e-06 247.29461
0.6 1e-07 309.70555
0.6 1e-08 0.047761698
0.6 2.5118864e-05 0
0.6 2.5118864e-06 4.8059173e-07
0.6 2.5118864e-07 2756.331
0.6 2.5118864e-08 1.851463
0.6 3.1622777e-05 0
0.6 3.1622777e-06 5.0602255e-12
0.6 3.1622777e-07 3230.7938
0.6 3.1622777e-08 4.5388255
0.6 3.1622777e-09 0.00050608945
0.6 3.9810717e-06 1.7189992e-18
0.6 3.9810717e-07 3210.9901
0.6 3.9810717e-08 11.412162
0.6 3.9810717e-09 0.0011761769
0.6 5.0118723e-06 7.6032457e-37
0.6 5.0118723e-07 2766.3469
0.6 5.0118723e-08 26.729902
0.6 5.0118723e-09 0.0029740564
0.6 6.3095734e-06 0
0.6 6.3095734e-07 1418.6873
0.6 6.3095734e-08 63.301244
0.6 6.3095734e-09 0.0079378738
0.6 7.9432823e-06 0
0.6 7.9432823e-07 850.69382
0.6 7.9432823e-08 144.6927
0.6 7.9432823e-09 0.019392127
0.65 1.1220184543e-06 1.277008
0.65 1.2589254e-05 0
0.65 1.2589254e-06 0.42271886
0.65 1.2589254e-07 303.7484
0.65 1.2589254e-08 0.08599074
0.65 1.41253754462e-06 0.22357744
0.65 1.5848932e-05 0
0.65 1.5848932e-06 0.036799379
0.65 1.5848932e-07 529.92918
0.65 1.5848932e-08 0.20317306
0.65 1.77827941004e-06 1.1162631e-05
0.65 1.9952623e-05 0
0.65 1.9952623e-06 1.4264198e-06
0.65 1.9952623e-07 721.9943
0.65 1.9952623e-08 0.51877934
0.65 1e-05 0
0.65 1e-06 4.1307564
0.65 1e-07 166.88882
0.65 1e-08 0.032550134
0.65 2.23872113857e-06 1.6783535e-07
0.65 2.5118864e-05 0
0.65 2.5118864e-06 3.4687847e-12
0.65 2.5118864e-07 849.57754
0.65 2.5118864e-08 1.2583213
0.65 2.81838293126e-06 5.7327721e-13
0.65 3.1622777e-05 0
0.65 3.1622777e-06 1.5595512e-19
0.65 3.1622777e-07 800.60879
0.65 3.1622777e-08 3.0320493
0.65 3.1622777e-09 0.00034505595
0.65 3.54813389234e-06 3.3518953e-28
0.65 3.9810717e-06 9.5591633e-39
0.65 3.9810717e-07 734.80576
0.65 3.9810717e-08 7.3669384
0.65 3.9810717e-09 0.00079605776
0.65 4.46683592151e-06 0
0.65 5.0118723e-06 0
0.65 5.0118723e-07 395.4457
0.65 5.0118723e-08 17.717492
0.65 5.0118723e-09 0.0021593801
0.65 5.6234132519e-06 0
0.65 6.3095734e-06 0
0.65 6.3095734e-07 168.00626
0.65 6.3095734e-08 39.65589
0.65 6.3095734e-09 0.0052505386
0.65 7.07945784384e-06 0
0.65 7.9432823e-06 0
0.65 7.9432823e-07 40.522689
0.65 7.9432823e-08 89.173039
0.65 7.9432823e-09 0.012820434
0.65 8.91250938134e-06 0
0.7 1.2589254e-05 0
0.7 1.2589254e-06 0.00057728997
0.7 1.2589254e-07 325.12712
0.7 1.2589254e-08 0.14294492
0.7 1.5848932e-05 0
0.7 1.5848932e-06 6.2356751e-07
0.7 1.5848932e-07 454.12252
0.7 1.5848932e-08 0.33595935
0.7 1.9952623e-05 0
0.7 1.9952623e-06 5.3938256e-18
0.7 1.9952623e-07 517.86267
0.7 1.9952623e-08 0.84330239
0.7 1e-05 0
0.7 1e-06 0.022886481
0.7 1e-07 209.45479
0.7 1e-08 0.053146962
0.7 2.5118864e-05 0
0.7 2.5118864e-06 2.4904865e-22
0.7 2.5118864e-07 507.199
0.7 2.5118864e-08 2.1326153
0.7 3.1622777e-05 0
0.7 3.1622777e-06 2.3162812e-37
0.7 3.1622777e-07 434.56271
0.7 3.1622777e-08 4.8224474
0.7 3.1622777e-09 0.00060755322
0.7 3.9810717e-06 0
0.7 3.9810717e-07 232.74362
0.7 3.9810717e-08 11.690979
0.7 3.9810717e-09 0.0013872124
0.7 5.0118723e-06 0
0.7 5.0118723e-07 96.850142
0.7 5.0118723e-08 27.744285
0.7 5.0118723e-09 0.0034089366
0.7 6.3095734e-06 0
0.7 6.3095734e-07 24.519859
0.7 6.3095734e-08 56.229582
0.7 6.3095734e-09 0.0091601738
0.7 7.9432823e-06 0
0.7 7.9432823e-07 3.2460722
0.7 7.9432823e-08 114.00152
0.7 7.9432823e-09 0.024330664
0.75 1.1220184543e-06 1.4014684e-09
0.75 1.2589254e-05 0
0.75 1.2589254e-06 1.5137658e-06
0.75 1.2589254e-07 251.71473
0.75 1.2589254e-08 0.23280475
0.75 1.41253754462e-06 1.5519422e-11
0.75 1.5848932e-05 0
0.75 1.5848932e-06 1.3361805e-15
0.75 1.5848932e-07 275.19064
0.75 1.5848932e-08 0.52343064
0.75 1.77827941004e-06 2.863536e-19
0.75 1.9952623e-05 0
0.75 1.9952623e-06 1.2233821e-27
0.75 1.9952623e-07 238.17475
0.75 1.9952623e-08 1.4215694
0.75 1e-05 0
0.75 1e-06 0.00024791221
0.75 1e-07 180.66132
0.75 1e-08 0.088791582
0.75 2.23872113857e-06 0
0.75 2.5118864e-05 0
0.75 2.5118864e-06 0
0.75 2.5118864e-07 193.50213
0.75 2.5118864e-08 2.6327224
0.75 2.81838293126e-06 0
0.75 3.1622777e-05 0
0.75 3.1622777e-06 0
0.75 3.1622777e-07 94.778916
0.75 3.1622777e-08 6.976783
0.75 3.1622777e-09 0.0009158484
0.75 3.54813389234e-06 0
0.75 3.9810717e-06 0
0.75 3.9810717e-07 41.408271
0.75 3.9810717e-08 16.357466
0.75 3.9810717e-09 0.0023151535
0.75 4.46683592151e-06 0
0.75 5.0118723e-06 0
0.75 5.0118723e-07 6.1638639
0.75 5.0118723e-08 32.743683
0.75 5.0118723e-09 0.0050783547
0.75 5.6234132519e-06 0
0.75 6.3095734e-06 0
0.75 6.3095734e-07 1.0471743
0.75 6.3095734e-08 65.194898
0.75 6.3095734e-09 0.013475114
0.75 7.07945784384e-06 0
0.75 7.9432823e-06 0
0.75 7.9432823e-07 0.026149741
0.75 7.9432823e-08 122.62161
0.75 7.9432823e-09 0.03125562
0.75 8.91250938134e-06 0
0.8 1.1220184543e-06 1.2610285e-06
0.8 1.2589254e-05 0
0.8 1.2589254e-06 9.122865e-09
0.8 1.2589254e-07 112.65695
0.8 1.2589254e-08 0.081474415
0.8 1.41253754462e-06 2.1564435e-12
0.8 1.5848932e-05 0
0.8 1.5848932e-06 4.9511131e-15
0.8 1.5848932e-07 122.85078
0.8 1.5848932e-08 0.20012111
0.8 1.77827941004e-06 2.8567142e-17
0.8 1.9952623e-05 0
0.8 1.9952623e-06 1.0989691e-22
0.8 1.9952623e-07 115.4788
0.8 1.9952623e-08 0.4779928
0.8 1e-05 0
0.8 1e-06 3.4245468e-06
0.8 1e-07 72.785346
0.8 1e-08 0.033888951
0.8 2.23872113857e-06 1.3724627e-39
0.8 2.5118864e-05 0
0.8 2.5118864e-06 0
0.8 2.5118864e-07 105.49324
0.8 2.5118864e-08 1.1420465
0.8 2.81838293126e-06 3.3100968e-38
0.8 3.1622777e-05 0
0.8 3.1622777e-06 0
0.8 3.1622777e-07 45.467345
0.8 3.1622777e-08 2.8490279
0.8 3.1622777e-09 0.0003337132
0.8 3.54813389234e-06 0
0.8 3.9810717e-06 0
0.8 3.9810717e-07 22.425145
0.8 3.9810717e-08 5.7351491
0.8 3.9810717e-09 0.00080152405
0.8 4.46683592151e-06 0
0.8 5.0118723e-06 0
0.8 5.0118723e-07 5.1151659
0.8 5.0118723e-08 13.366514
0.8 5.0118723e-09 0.0021635395
0.8 5.6234132519e-06 0
0.8 6.3095734e-06 0
0.8 6.3095734e-07 0.62149397
0.8 6.3095734e-08 30.127437
0.8 6.3095734e-09 0.0052731434
0.8 7.07945784384e-06 0
0.8 7.9432823e-06 0
0.8 7.9432823e-07 0.0023059251
0.8 7.9432823e-08 49.032612
0.8 7.9432823e-09 0.013939695
0.8 8.91250938134e-06 0
0.81 1.1220184543e-06 3.0824808e-07
0.81 1.2589254e-05 0
0.81 1.2589254e-06 3.5713022e-07
0.81 1.2589254e-07 89.698817
0.81 1.2589254e-08 0.056349964
0.81 1.41253754462e-06 1.7160203e-15
0.81 1.5848932e-05 0
0.81 1.5848932e-06 9.0798909e-13
0.81 1.5848932e-07 99.228475
0.81 1.5848932e-08 0.1239175
0.81 1.77827941004e-06 3.2551576e-14
0.81 1.9952623e-05 0
0.81 1.9952623e-06 2.8995254e-24
0.81 1.9952623e-07 92.700027
0.81 1.9952623e-08 0.31157754
0.81 1e-05 0
0.81 1e-06 0.0003271788
0.81 1e-07 59.600696
0.81 1e-08 0.022096576
0.81 2.23872113857e-06 1.4212215e-25
0.81 2.5118864e-05 0
0.81 2.5118864e-06 5.3378009e-32
0.81 2.5118864e-07 77.31883
0.81 2.5118864e-08 0.82566131
0.81 2.81838293126e-06 0
0.81 3.1622777e-05 0
0.81 3.1622777e-06 0
0.81 3.1622777e-07 45.713527
0.81 3.1622777e-08 1.8535732
0.81 3.1622777e-09 0.00020086431
0.81 3.54813389234e-06 0
0.81 3.9810717e-06 0
0.81 3.9810717e-07 17.821697
0.81 3.9810717e-08 4.0672936
0.81 3.9810717e-09 0.00053845271
0.81 4.46683592151e-06 0
0.81 5.0118723e-06 0
0.81 5.0118723e-07 3.4694129
0.81 5.0118723e-08 9.4738428
0.81 5.0118723e-09 0.001302034
0.81 5.6234132519e-06 0
0.81 6.3095734e-06 0
0.81 6.3095734e-07 1.1576171
0.81 6.3095734e-08 17.301073
0.81 6.3095734e-09 0.0034058417
0.81 7.07945784384e-06 0
0.81 7.9432823e-06 0
0.81 7.9432823e-07 0.061114244
0.81 7.9432823e-08 35.506839
0.81 7.9432823e-09 0.0083538362
0.81 8.91250938134e-06 0
0.82 1.1220184543e-06 0.00011711725
0.82 1.2589254e-05 0
0.82 1.2589254e-06 2.741054e-07
0.82 1.2589254e-07 66.984135
0.82 1.2589254e-08 0.036777924
0.82 1.41253754462e-06 8.7015993e-09
0.82 1.5848932e-05 0
0.82 1.5848932e-06 2.8662443e-13
0.82 1.5848932e-07 78.456522
0.82 1.5848932e-08 0.090180889
0.82 1.77827941004e-06 6.1796744e-19
0.82 1.9952623e-05 0
0.82 1.9952623e-06 2.3553618e-22
0.82 1.9952623e-07 87.54935
0.82 1.9952623e-08 0.20819101
0.82 1e-05 0
0.82 1e-06 0.0077500456
0.82 1e-07 44.365257
0.82 1e-08 0.014425179
0.82 2.23872113857e-06 5.865082e-26
0.82 2.5118864e-05 0
0.82 2.5118864e-06 3.1874882e-43
0.82 2.5118864e-07 76.167249
0.82 2.5118864e-08 0.53713068
0.82 2.81838293126e-06 3.3747845e-41
0.82 3.1622777e-05 0
0.82 3.1622777e-06 0
0.82 3.1622777e-07 40.817917
0.82 3.1622777e-08 1.2553832
0.82 3.1622777e-09 0.00014590454
0.82 3.54813389234e-06 0
0.82 3.9810717e-06 0
0.82 3.9810717e-07 20.395285
0.82 3.9810717e-08 2.8978723
0.82 3.9810717e-09 0.00038282855
0.82 4.46683592151e-06 0
0.82 5.0118723e-06 0
0.82 5.0118723e-07 6.6695693
0.82 5.0118723e-08 6.6709105
0.82 5.0118723e-09 0.00094296071
0.82 5.6234132519e-06 0
0.82 6.3095734e-06 0
0.82 6.3095734e-07 1.1870097
0.82 6.3095734e-08 13.184251
0.82 6.3095734e-09 0.0024101608
0.82 7.07945784384e-06 0
0.82 7.9432823e-06 0
0.82 7.9432823e-07 0.060652806
0.82 7.9432823e-08 25.811366
0.82 7.9432823e-09 0.0053015077
0.82 8.91250938134e-06 0
0.83 1.1220184543e-06 5.7722554e-06
0.83 1.2589254e-05 0
0.83 1.2589254e-06 1.8191841e-06
0.83 1.2589254e-07 46.429012
0.83 1.2589254e-08 0.026023739
0.83 1.41253754462e-06 1.1501022e-07
0.83 1.5848932e-05 0
0.83 1.5848932e-06 4.1211223e-16
0.83 1.5848932e-07 66.581854
0.83 1.5848932e-08 0.060505787
0.83 1.77827941004e-06 4.3799539e-18
0.83 1.9952623e-05 0
0.83 1.9952623e-06 7.1376745e-21
0.83 1.9952623e-07 62.252002
0.83 1.9952623e-08 0.15497543
0.83 1e-05 0
0.83 1e-06 0.00041430321
0.83 1e-07 33.739878
0.83 1e-08 0.010525812
0.83 2.23872113857e-06 9.6869175e-20
0.83 2.5118864e-05 0
0.83 2.5118864e-06 1.5324135e-31
0.83 2.5118864e-07 57.312847
0.83 2.5118864e-08 0.34726378
0.83 2.81838293126e-06 2.8909275e-43
0.83 3.1622777e-05 0
0.83 3.1622777e-06 0
0.83 3.1622777e-07 43.45234
0.83 3.1622777e-08 0.91406909
0.83 3.1622777e-09 0.00010080697
0.83 3.54813389234e-06 0
0.83 3.9810717e-06 0
0.83 3.9810717e-07 18.866544
0.83 3.9810717e-08 1.9367597
0.83 3.9810717e-09 0.00026913686
0.83 4.46683592151e-06 0
0.83 5.0118723e-06 0
0.83 5.0118723e-07 5.218335
0.83 5.0118723e-08 4.2708868
0.83 5.0118723e-09 0.00063426139
0.83 5.6234132519e-06 0
0.83 6.3095734e-06 0
0.83 6.3095734e-07 0.99466671
0.83 6.3095734e-08 10.654888
0.83 6.3095734e-09 0.0016158157
0.83 7.07945784384e-06 0
0.83 7.9432823e-06 0
0.83 7.9432823e-07 0.13833161
0.83 7.9432823e-08 19.358098
0.83 7.9432823e-09 0.0042420044
0.83 8.91250938134e-06 0
0.84 1.2589254e-05 0
0.84 1.2589254e-06 6.2306862e-07
0.84 1.2589254e-07 36.580637
0.84 1.2589254e-08 0.017289917
0.84 1.5848932e-05 0
0.84 1.5848932e-06 1.065906e-09
0.84 1.5848932e-07 46.913465
0.84 1.5848932e-08 0.037865254
0.84 1.9952623e-05 0
0.84 1.9952623e-06 1.2279616e-15
0.84 1.9952623e-07 57.680201
0.84 1.9952623e-08 0.10015032
0.84 1e-05 0
0.84 1e-06 0.0018124399
0.84 1e-07 24.584133
0.84 1e-08 0.0066454138
0.84 2.5118864e-05 0
0.84 2.5118864e-06 1.5591927e-26
0.84 2.5118864e-07 43.97077
0.84 2.5118864e-08 0.24377194
0.84 3.1622777e-05 0
0.84 3.1622777e-06 0
0.84 3.1622777e-07 35.522524
0.84 3.1622777e-08 0.63212434
0.84 3.1622777e-09 6.393132e-05
0.84 3.9810717e-06 0
0.84 3.9810717e-07 20.584574
0.84 3.9810717e-08 1.4118699
0.84 3.9810717e-09 0.00017979752
0.84 5.0118723e-06 0
0.84 5.0118723e-07 7.50145
0.84 5.0118723e-08 3.0431925
0.84 5.0118723e-09 0.00039714732
0.84 6.3095734e-06 0
0.84 6.3095734e-07 1.4081194
0.84 6.3095734e-08 6.9685767
0.84 6.3095734e-09 0.0011026358
0.84 7.9432823e-06 0
0.84 7.9432823e-07 0.13582558
0.84 7.9432823e-08 13.165456
0.84 7.9432823e-09 0.0026014077
0.85 1.2589254e-05 0
0.85 1.2589254e-06 5.1950933e-06
0.85 1.2589254e-07 24.750042
0.85 1.2589254e-08 0.010362882
0.85 1.5848932e-05 0
0.85 1.5848932e-06 1.3551859e-10
0.85 1.5848932e-07 35.171724
0.85 1.5848932e-08 0.026390162
0.85 1.9952623e-05 0
0.85 1.9952623e-06 4.6399749e-14
0.85 1.9952623e-07 39.216715
0.85 1.9952623e-08 0.06411265
0.85 1e-05 0
0.85 1e-06 0.0014641954
0.85 1e-07 15.566752
0.85 1e-08 0.0043762145
0.85 2.5118864e-05 0
0.85 2.5118864e-06 5.1712896e-27
0.85 2.5118864e-07 40.336276
0.85 2.5118864e-08 0.15271903
0.85 3.1622777e-05 0
0.85 3.1622777e-06 0
0.85 3.1622777e-07 29.506024
0.85 3.1622777e-08 0.41699502
0.85 3.1622777e-09 4.0935599e-05
0.85 3.9810717e-06 0
0.85 3.9810717e-07 16.569626
0.85 3.9810717e-08 0.88964768
0.85 3.9810717e-09 0.00011129334
0.85 5.0118723e-06 0
0.85 5.0118723e-07 5.3595565
0.85 5.0118723e-08 2.1798085
0.85 5.0118723e-09 0.00025260283
0.85 6.3095734e-06 0
0.85 6.3095734e-07 1.3684043
0.85 6.3095734e-08 4.3710911
0.85 6.3095734e-09 0.00066113791
0.85 7.9432823e-06 0
0.85 7.9432823e-07 0.059462851
0.85 7.9432823e-08 8.5823671
0.85 7.9432823e-09 0.0016961511
0.86 1.1220184543e-06 6.2385274e-05
0.86 1.2589254e-05 0
0.86 1.2589254e-06 1.7816207e-05
0.86 1.2589254e-07 19.275436
0.86 1.2589254e-08 0.0080060521
0.86 1.41253754462e-06 1.7418097e-07
0.86 1.5848932e-05 0
0.86 1.5848932e-06 4.4595116e-09
0.86 1.5848932e-07 24.526207
0.86 1.5848932e-08 0.020879405
0.86 1.77827941004e-06 8.420942e-11
0.86 1.9952623e-05 0
0.86 1.9952623e-06 5.9194935e-18
0.86 1.9952623e-07 31.356477
0.86 1.9952623e-08 0.048907124
0.86 1e-05 0
0.86 1e-06 0.0084565918
0.86 1e-07 11.73775
0.86 1e-08 0.0034961847
0.86 2.23872113857e-06 1.5043461e-20
0.86 2.5118864e-05 0
0.86 2.5118864e-06 2.7448051e-28
0.86 2.5118864e-07 29.525545
0.86 2.5118864e-08 0.13630558
0.86 2.81838293126e-06 1.16958e-33
0.86 3.1622777e-05 0
0.86 3.1622777e-06 0
0.86 3.1622777e-07 23.167455
0.86 3.1622777e-08 0.30193401
0.86 3.1622777e-09 3.3872118e-05
0.86 3.54813389234e-06 0
0.86 3.9810717e-06 0
0.86 3.9810717e-07 10.271904
0.86 3.9810717e-08 0.69107344
0.86 3.9810717e-09 8.6058146e-05
0.86 4.46683592151e-06 0
0.86 5.0118723e-06 0
0.86 5.0118723e-07 4.5332311
0.86 5.0118723e-08 1.6243284
0.86 5.0118723e-09 0.00020120842
0.86 5.6234132519e-06 0
0.86 6.3095734e-06 0
0.86 6.3095734e-07 1.0892253
0.86 6.3095734e-08 3.2858665
0.86 6.3095734e-09 0.00058237783
0.86 7.07945784384e-06 0
0.86 7.9432823e-06 0
0.86 7.9432823e-07 0.1644676
0.86 7.9432823e-08 6.7098986
0.86 7.9432823e-09 0.0013003839
0.86 8.91250938134e-06 0
0.87 1.1220184543e-06 0.0011090627
0.87 1.2589254e-05 0
0.87 1.2589254e-06 2.1491755e-05
0.87 1.2589254e-07 12.597711
0.87 1.2589254e-08 0.004959217
0.87 1.41253754462e-06 1.1196483e-06
0.87 1.5848932e-05 0
0.87 1.5848932e-06 4.9049592e-09
0.87 1.5848932e-07 17.310577
0.87 1.5848932e-08 0.011023941
0.87 1.77827941004e-06 7.3442639e-11
0.87 1.9952623e-05 0
0.87 1.9952623e-06 1.4172534e-12
0.87 1.9952623e-07 20.78955
0.87 1.9952623e-08 0.027849758
0.87 1e-05 0
0.87 1e-06 0.020182574
0.87 1e-07 7.6416119
0.87 1e-08 0.0017573118
0.87 2.23872113857e-06 1.9603318e-21
0.87 2.5118864e-05 0
0.87 2.5118864e-06 6.7539937e-25
0.87 2.5118864e-07 20.352768
0.87 2.5118864e-08 0.069317025
0.87 2.81838293126e-06 5.6027634e-35
0.87 3.1622777e-05 0
0.87 3.1622777e-06 2.7590975e-43
0.87 3.1622777e-07 16.97468
0.87 3.1622777e-08 0.1588575
0.87 3.1622777e-09 1.694801e-05
0.87 3.54813389234e-06 0
0.87 3.9810717e-06 0
0.87 3.9810717e-07 11.515423
0.87 3.9810717e-08 0.39982596
0.87 3.9810717e-09 4.4553028e-05
0.87 4.46683592151e-06 0
0.87 5.0118723e-06 0
0.87 5.0118723e-07 5.2083308
0.87 5.0118723e-08 0.96044202
0.87 5.0118723e-09 0.00012680714
0.87 5.6234132519e-06 0
0.87 6.3095734e-06 0
0.87 6.3095734e-07 1.2975162
0.87 6.3095734e-08 1.9536099
0.87 6.3095734e-09 0.00027708115
0.87 7.07945784384e-06 0
0.87 7.9432823e-06 0
0.87 7.9432823e-07 0.18984379
0.87 7.9432823e-08 4.1244083
0.87 7.9432823e-09 0.00069133014
0.87 8.91250938134e-06 0
0.88 1.1220184543e-06 0.0024827703
0.88 1.2589254e-05 0
0.88 1.2589254e-06 7.4469092e-06
0.88 1.2589254e-07 7.9999648
0.88 1.2589254e-08 0.0029995153
0.88 1.41253754462e-06 1.0690179e-06
0.88 1.5848932e-05 0
0.88 1.5848932e-06 6.1152371e-07
0.88 1.5848932e-07 12.47079
0.88 1.5848932e-08 0.0077589454
0.88 1.77827941004e-06 6.2911567e-09
0.88 1.9952623e-05 0
0.88 1.9952623e-06 2.3178181e-15
0.88 1.9952623e-07 15.003224
0.88 1.9952623e-08 0.018247379
0.88 1e-05 0
0.88 1e-06 0.0057802569
0.88 1e-07 5.1399924
0.88 1e-08 0.0012576055
0.88 2.23872113857e-06 1.9579199e-16
0.88 2.5118864e-05 0
0.88 2.5118864e-06 8.2125252e-21
0.88 2.5118864e-07 14.535437
0.88 2.5118864e-08 0.044588708
0.88 2.81838293126e-06 2.1166998e-27
0.88 3.1622777e-05 0
0.88 3.1622777e-06 1.3107689e-37
0.88 3.1622777e-07 12.211351
0.88 3.1622777e-08 0.11017741
0.88 3.1622777e-09 1.2455332e-05
0.88 3.54813389234e-06 2.8091746e-43
0.88 3.9810717e-06 0
0.88 3.9810717e-07 8.7019621
0.88 3.9810717e-08 0.27586202
0.88 3.9810717e-09 2.9458949e-05
0.88 4.46683592151e-06 0
0.88 5.0118723e-06 0
0.88 5.0118723e-07 3.1484518
0.88 5.0118723e-08 0.61535405
0.88 5.0118723e-09 7.7186928e-05
0.88 5.6234132519e-06 0
0.88 6.3095734e-06 0
0.88 6.3095734e-07 1.1087041
0.88 6.3095734e-08 1.2909196
0.88 6.3095734e-09 0.00018778272
0.88 7.07945784384e-06 0
0.88 7.9432823e-06 0
0.88 7.9432823e-07 0.20684892
0.88 7.9432823e-08 2.6946627
0.88 7.9432823e-09 0.0004725185
0.88 8.91250938134e-06 0
0.89 1.1220184543e-06 0.0035076599
0.89 1.2589254e-05 0
0.89 1.2589254e-06 1.9935637e-05
0.89 1.2589254e-07 5.1976241
0.89 1.2589254e-08 0.0017468386
0.89 1.41253754462e-06 2.4572934e-06
0.89 1.5848932e-05 0
0.89 1.5848932e-06 2.3485378e-07
0.89 1.5848932e-07 8.0596112
0.89 1.5848932e-08 0.0039816084
0.89 1.77827941004e-06 1.0611767e-07
0.89 1.9952623e-05 0
0.89 1.9952623e-06 1.6737034e-14
0.89 1.9952623e-07 10.033463
0.89 1.9952623e-08 0.010227133
0.89 1e-05 0
0.89 1e-06 0.019654833
0.89 1e-07 3.2398606
0.89 1e-08 0.00070612798
0.89 2.23872113857e-06 3.5189365e-13
0.89 2.5118864e-05 0
0.89 2.5118864e-06 2.9088232e-24
0.89 2.5118864e-07 10.56342
0.89 2.5118864e-08 0.024839775
0.89 2.81838293126e-06 1.5174989e-29
0.89 3.1622777e-05 0
0.89 3.1622777e-06 6.3256219e-30
0.89 3.1622777e-07 9.1897058
0.89 3.1622777e-08 0.058964932
0.89 3.1622777e-09 6.6446261e-06
0.89 3.54813389234e-06 9.6179899e-36
0.89 3.9810717e-06 0
0.89 3.9810717e-07 5.8315086
0.89 3.9810717e-08 0.16948249
0.89 3.9810717e-09 1.740779e-05
0.89 4.46683592151e-06 0
0.89 5.0118723e-06 0
0.89 5.0118723e-07 2.3517662
0.89 5.0118723e-08 0.35484654
0.89 5.0118723e-09 4.369642e-05
0.89 5.6234132519e-06 0
0.89 6.3095734e-06 0
0.89 6.3095734e-07 1.2363682
0.89 6.3095734e-08 0.78936571
0.89 6.3095734e-09 0.00011622879
0.89 7.07945784384e-06 0
0.89 7.9432823e-06 0
0.89 7.9432823e-07 0.2086676
0.89 7.9432823e-08 1.6230353
0.89 7.9432823e-09 0.00027807358
0.89 8.91250938134e-06 0
0.9 1.1220184543e-06 0.00040987834
0.9 1.2589254e-05 0
0.9 1.2589254e-06 4.6003076e-05
0.9 1.2589254e-07 3.1089256
0.9 1.2589254e-08 0.0011065494
0.9 1.41253754462e-06 1.5756966e-06
0.9 1.5848932e-05 0
0.9 1.5848932e-06 1.6139892e-07
0.9 1.5848932e-07 4.9288371
0.9 1.5848932e-08 0.0026525766
0.9 1.77827941004e-06 1.3212498e-08
0.9 1.9952623e-05 0
0.9 1.9952623e-06 4.0378183e-12
0.9 1.9952623e-07 5.7315849
0.9 1.9952623e-08 0.0062897797
0.9 1e-05 0
0.9 1e-06 0.013083369
0.9 1e-07 1.7552594
0.9 1e-08 0.00042044652
0.9 2.23872113857e-06 1.3785978e-14
0.9 2.5118864e-05 0
0.9 2.5118864e-06 4.3147635e-20
0.9 2.5118864e-07 6.604551
0.9 2.5118864e-08 0.01441084
0.9 2.81838293126e-06 2.3800805e-23
0.9 3.1622777e-05 0
0.9 3.1622777e-06 5.5693548e-33
0.9 3.1622777e-07 5.7404202
0.9 3.1622777e-08 0.038809673
0.9 3.1622777e-09 3.8141129e-06
0.9 3.54813389234e-06 1.9408074e-39
0.9 3.9810717e-06 0
0.9 3.9810717e-07 3.5962358
0.9 3.9810717e-08 0.088114441
0.9 3.9810717e-09 1.0852582e-05
0.9 4.46683592151e-06 0
0.9 5.0118723e-06 0
0.9 5.0118723e-07 1.5642717
0.9 5.0118723e-08 0.19488744
0.9 5.0118723e-09 2.5093824e-05
0.9 5.6234132519e-06 0
0.9 6.3095734e-06 0
0.9 6.3095734e-07 0.69701765
0.9 6.3095734e-08 0.46964144
0.9 6.3095734e-09 6.8204842e-05
0.9 7.07945784384e-06 0
0.9 7.9432823e-06 0
0.9 7.9432823e-07 0.047319016
0.9 7.9432823e-08 0.95186821
0.9 7.9432823e-09 0.00016326339
0.9 8.91250938134e-06 0
0.95 1.1220184543e-06 1.1506757e-05
0.95 1.2589254e-05 0
0.95 1.2589254e-06 1.4071744e-07
0.95 1.2589254e-07 0.0066977249
0.95 1.2589254e-08 1.9353698e-06
0.95 1.41253754462e-06 9.3367337e-08
0.95 1.5848932e-05 0
0.95 1.5848932e-06 3.3654607e-09
0.95 1.5848932e-07 0.010734329
0.95 1.5848932e-08 4.8469631e-06
0.95 1.77827941004e-06 4.9449838e-11
0.95 1.9952623e-05 0
0.95 1.9952623e-06 2.4300616e-14
0.95 1.9952623e-07 0.014555252
0.95 1.9952623e-08 1.158664e-05
0.95 1e-05 0
0.95 1e-06 2.6112037e-05
0.95 1e-07 0.0038095043
0.95 1e-08 7.6036416e-07
0.95 2.23872113857e-06 1.2649209e-15
0.95 2.5118864e-05 0
0.95 2.5118864e-06 8.0708746e-22
0.95 2.5118864e-07 0.015716456
0.95 2.5118864e-08 2.885539e-05
0.95 2.81838293126e-06 6.2857828e-29
0.95 3.1622777e-05 0
0.95 3.1622777e-06 6.6411179e-30
0.95 3.1622777e-07 0.01375574
0.95 3.1622777e-08 7.478518e-05
0.95 3.1622777e-09 7.5420646e-09
0.95 3.54813389234e-06 1.1705687e-43
0.95 3.9810717e-06 0
0.95 3.9810717e-07 0.008795219
0.95 3.9810717e-08 0.00017482986
0.95 3.9810717e-09 1.9846844e-08
0.95 4.46683592151e-06 0
0.95 5.0118723e-06 0
0.95 5.0118723e-07 0.0047586044
0.95 5.0118723e-08 0.0004181558
0.95 5.0118723e-09 5.0636231e-08
0.95 5.6234132519e-06 0
0.95 6.3095734e-06 0
0.95 6.3095734e-07 0.0017038214
0.95 6.3095734e-08 0.00096859839
0.95 6.3095734e-09 1.2672672e-07
0.95 7.07945784384e-06 0
0.95 7.9432823e-06 0
0.95 7.9432823e-07 0.00042051902
0.95 7.9432823e-08 0.0024080415
0.95 7.9432823e-09 3.0166113e-07
0.95 8.91250938134e-06 0
