lowest error 0.002 1.41434708597e-06
0.002 1.41434708597e-06 0.000148299727554
0.002 1.41435359929e-06 0.000243078085212
0.002 1.41434057267e-06 0.000539744145858
0.002 1.41436011264e-06 0.000634389303583
0.002 1.41433405941e-06 0.000931255180904
0.002 1.41436662603e-06 0.00102563393921
0.002 1.41432754617e-06 0.00132283284435
0.002 1.41437313944e-06 0.00141681200331
0.002 1.41432103297e-06 0.00171447714736
0.002 1.41437965289e-06 0.00180792350714
0.002 1.4143145198e-06 0.00210618810112
0.002 1.41438616636e-06 0.00219896846189
lowest error 0.002 6.44290903871e-15
0.002 6.44290903871e-15 7.87537000502e-07
0.002 6.44287936809e-15 1.99620204029e-05
0.002 6.44293870947e-15 2.15372815977e-05
0.002 6.4428496976e-15 4.07113906129e-05
0.002 6.44296838037e-15 4.22872133918e-05
0.002 6.44282002725e-15 6.14605736318e-05
0.002 6.4429980514e-15 6.3037332366e-05
0.002 6.44279035703e-15 8.22095694422e-05
0.002 6.44302772258e-15 8.37876385584e-05
0.002 6.44276068696e-15 0.000102958378084
0.002 6.44305739388e-15 0.000104538131952
0.002 6.44273101702e-15 0.000123706999538
lowest error 0.005 1.93554824096e-07
0.005 1.93554824096e-07 3.67183474541e-05
0.005 1.93553932745e-07 0.000252970808632
0.005 1.93555715451e-07 0.000326371020642
0.005 1.93553041398e-07 0.000542696452042
0.005 1.9355660681e-07 0.00061598721549
0.005 1.93552150055e-07 0.000832458587615
0.005 1.93557498173e-07 0.000905566936761
0.005 1.93551258717e-07 0.00112225721984
0.005 1.9355838954e-07 0.00119511018893
0.005 1.93550367382e-07 0.00141209235321
0.005 1.93559280911e-07 0.00148461697655
0.005 1.93549476052e-07 0.00170196399249
lowest error 0.005 2.73495383498e-15
0.005 2.73495383498e-15 5.4975689765e-06
0.005 2.73494124009e-15 1.85915369779e-05
0.005 2.73496642994e-15 2.95869272313e-05
0.005 2.73492864524e-15 4.26803906142e-05
0.005 2.73497902496e-15 5.36765377883e-05
0.005 2.73491605046e-15 6.67689919771e-05
0.005 2.73499162003e-15 7.77664006506e-05
0.005 2.73490345574e-15 9.08573410481e-05
0.005 2.73500421516e-15 0.00010185651582
0.005 2.73489086107e-15 0.00011494543783
0.005 2.73501681035e-15 0.00012594688328
0.005 2.73487826646e-15 0.000139033282325
lowest error 0.01 7.10647119451e-08
0.01 7.10647119451e-08 1.5435613363e-05
0.01 7.1065039211e-08 0.000242669292227
0.01 7.10643846808e-08 0.000273569486422
0.01 7.10653664783e-08 0.000500745233488
0.01 7.1064057418e-08 0.000531732330083
0.01 7.10656937472e-08 0.000758792213898
0.01 7.10637301566e-08 0.000789924147825
0.01 7.10660210176e-08 0.0010168102366
0.01 7.10634028968e-08 0.00104814494279
0.01 7.10663482894e-08 0.00127479930483
0.01 7.10630756385e-08 0.00130639471811
0.01 7.10666755628e-08 0.00153275942173
lowest error 0.01 1.407751504e-15
0.01 1.407751504e-15 2.65599171545e-07
0.01 1.40775798695e-15 1.8757896052e-05
0.01 1.40774502108e-15 1.92889370516e-05
0.01 1.40776446993e-15 3.77815486039e-05
0.01 1.40773853819e-15 3.83121175895e-05
0.01 1.40777095294e-15 5.68053585184e-05
0.01 1.40773205533e-15 5.73351407858e-05
0.01 1.40777743598e-15 7.58293257808e-05
0.01 1.4077255725e-15 7.6358006643e-05
0.01 1.40778391905e-15 9.48534503924e-05
0.01 1.40771908969e-15 9.53807151443e-05
0.01 1.40779040215e-15 0.000113877732354
lowest error 0.05 2.42924881751e-09
0.05 2.42924881751e-09 8.13507364574e-05
0.05 2.42923763043e-09 9.6948255738e-05
0.05 2.42926000464e-09 0.000259635907265
0.05 2.42922644341e-09 0.000275261070392
0.05 2.42927119182e-09 0.000437907257757
0.05 2.42921525643e-09 0.000453587708577
0.05 2.42928237906e-09 0.000616164789005
0.05 2.42920406951e-09 0.000631928171204
0.05 2.42929356634e-09 0.000794408501921
0.05 2.42919288264e-09 0.000810282459665
0.05 2.42930475368e-09 0.000972638397894
0.05 2.42918169581e-09 0.00098865057487
lowest error 0.05 3.05081589196e-16
0.05 3.05081589196e-16 4.7246630861e-06
0.05 3.05082994152e-16 1.27733783195e-05
0.05 3.05080184247e-16 2.22225713697e-05
0.05 3.05084399115e-16 3.02715528471e-05
0.05 3.05078779304e-16 3.97203465168e-05
0.05 3.05085804083e-16 4.77698604988e-05
0.05 3.05077374368e-16 5.72179885601e-05
0.05 3.05087209059e-16 6.52683012752e-05
0.05 3.05075969438e-16 7.47154974849e-05
0.05 3.0508861404e-16 8.27668751611e-05
0.05 3.05074564514e-16 9.22128732923e-05
0.05 3.05090019029e-16 0.00010026558219
lowest error 0.1 6.46023029428e-10
0.1 6.46023029428e-10 2.67968787115e-05
0.1 6.46026004481e-10 0.000147661746964
0.1 6.46020054389e-10 0.000201268738198
0.1 6.46028979547e-10 0.000322107139834
0.1 6.46017079363e-10 0.000375753832345
0.1 6.46031954628e-10 0.000496539300898
0.1 6.46014104352e-10 0.000550252162467
0.1 6.46034929721e-10 0.000670958231161
0.1 6.46011129353e-10 0.000724763729411
0.1 6.46037904829e-10 0.000845363931476
0.1 6.46008154369e-10 0.000899288534185
0.1 6.4604087995e-10 0.00101975640315
lowest error 0.1 3.59495948276e-16
0.1 3.59495948276e-16 1.84392665448e-06
0.1 6.46249172495e-16 2.30045627791e-06
0.1 5.39279609932e-16 2.62096631154e-06
0.1 5.39277126463e-16 4.89651077062e-06
0.1 5.39282093412e-16 1.01384188231e-05
0.1 5.39274643006e-16 1.24140124238e-05
0.1 5.39284576904e-16 1.76558467642e-05
0.1 5.3927215956e-16 1.99315386471e-05
0.1 3.59494292739e-16 2.05208879436e-05
0.1 3.59497603819e-16 2.4208958707e-05
0.1 5.39287060407e-16 2.51732501346e-05
0.1 5.39269676126e-16 2.74490894348e-05
lowest error 0.15 2.37084957578e-10
0.15 2.37084957578e-10 1.82924419603e-05
0.15 2.37086049397e-10 0.000184103922441
0.15 2.37083865764e-10 0.000220706618527
0.15 2.37087141221e-10 0.000386482476603
0.15 2.37082773955e-10 0.000423138608648
0.15 2.3708823305e-10 0.000588843221915
0.15 2.37081682151e-10 0.00062558841389
0.15 2.37089324884e-10 0.000791186159942
0.15 2.37080590352e-10 0.000828056035821
0.15 2.37090416723e-10 0.000993511292252
0.15 2.37079498558e-10 0.00103054147601
0.15 2.37091508568e-10 0.00119581862041
lowest error 0.15 4.69094131679e-16
0.15 4.69094131679e-16 7.82746242445e-06
0.15 4.69096291942e-16 1.2082453829e-05
0.15 4.69091971425e-16 2.77372063295e-05
0.15 4.69098452215e-16 3.1992542433e-05
0.15 4.69089811182e-16 4.76467778867e-05
0.15 4.69100612498e-16 5.19028033716e-05
0.15 4.69087650949e-16 6.75561770977e-05
0.15 4.69102772791e-16 7.18132366813e-05
0.15 4.69085490725e-16 8.74654039467e-05
0.15 4.69104933095e-16 9.17238423455e-05
0.15 4.69083330511e-16 0.00010737445847
0.15 4.69107093408e-16 0.000111634620366
lowest error 0.2 1.17161250932e-10
0.2 1.17161250932e-10 6.45413485847e-05
0.2 1.17160711385e-10 0.000125137893458
0.2 1.1716179048e-10 0.000254204948607
0.2 1.17160171842e-10 0.000314832778639
0.2 1.17162330032e-10 0.000443852908238
0.2 1.171596323e-10 0.000504543308254
0.2 1.17162869585e-10 0.000633485228594
0.2 1.17159092761e-10 0.000694269483591
0.2 1.17163409141e-10 0.000823101910974
0.2 1.17158553225e-10 0.000884011305936
0.2 1.171639487e-10 0.00101270295666
0.2 1.17158013691e-10 0.00107376877659
lowest error 0.2 3.82236362921e-16
0.2 3.82236362921e-16 3.43909800371e-06
0.2 3.82234602662e-16 1.58178297642e-05
0.2 3.82238123189e-16 2.26961870191e-05
0.2 3.8223284241e-16 3.50745963189e-05
0.2 3.82239883464e-16 4.19534372673e-05
0.2 3.82231082167e-16 5.43312016452e-05
0.2 3.82241643748e-16 6.12108487497e-05
0.2 3.82229321932e-16 7.35876457441e-05
0.2 3.8224340404e-16 8.04684214675e-05
0.2 3.82227561705e-16 9.28439286172e-05
0.2 3.8224516434e-16 9.97261554216e-05
0.2 3.82225801486e-16 0.000112100050266
lowest error 0.25 4.59502628468e-11
0.25 4.59502628468e-11 2.94050021266e-05
0.25 1.54959426356e-09 3.42537320677e-05
0.25 4.5950474456e-11 0.000107025893397
0.25 4.59500512385e-11 0.000165843990803
0.25 4.59506860663e-11 0.000243448696243
0.25 1.54960139972e-09 0.000268666369156
0.25 4.59498396311e-11 0.000302291073115
0.25 1.54958712743e-09 0.000337133942043
0.25 4.59508976775e-11 0.000379863406775
0.25 4.59496280248e-11 0.000438746249539
0.25 4.59511092897e-11 0.000516270025713
0.25 1.54960853592e-09 0.0005716263669
lowest error 0.25 1.67092901333e-16
0.25 1.67092901333e-16 9.60427183339e-06
0.25 1.67093670826e-16 9.94531358778e-06
0.25 1.67092131844e-16 2.91536910875e-05
0.25 1.67094440323e-16 2.94950651778e-05
0.25 1.67091362358e-16 4.87029441758e-05
0.25 1.67095209823e-16 4.90449829207e-05
0.25 1.67090592876e-16 6.82520310993e-05
0.25 1.67095979327e-16 6.85950668524e-05
0.25 1.67089823397e-16 8.78009518428e-05
0.25 1.67096748834e-16 8.81453169566e-05
0.25 1.67089053922e-16 0.000107349706442
0.25 1.67097518345e-16 0.000107695733235
lowest error 0.3 2.83432730072e-11
0.3 2.83432730072e-11 1.24994182218e-05
0.3 2.83431424819e-11 0.000197327966224
0.3 2.8343403533e-11 0.000222307661721
0.3 2.83430119572e-11 0.000407174493176
0.3 2.83435340595e-11 0.000432096766387
0.3 2.83428814331e-11 0.000617040164385
0.3 2.83436645866e-11 0.00064186673378
0.3 2.83427509096e-11 0.000826924981598
0.3 2.83437951143e-11 0.00085161756565
0.3 2.83426203867e-11 0.00103682894656
0.3 2.83439256426e-11 0.00106134926374
0.3 2.83424898644e-11 0.00124675206083
lowest error 0.3 1.56904717034e-16
0.3 1.56904717034e-16 9.24092456112e-06
0.3 1.56905439609e-16 1.36392234689e-05
0.3 1.56903994463e-16 3.21208449834e-05
0.3 1.56906162187e-16 3.65195990892e-05
0.3 1.56903271895e-16 5.50005378002e-05
0.3 1.56906884768e-16 5.94002023417e-05
0.3 1.56902549331e-16 7.78800030137e-05
0.3 1.56907607353e-16 8.22810332095e-05
0.3 1.56901826769e-16 0.000100759240626
0.3 1.56908329941e-16 0.000105162091694
0.3 1.56901104211e-16 0.000123638250619
0.3 1.56909052532e-16 0.000128043377797
lowest error 0.35 1.88073670302e-11
0.35 1.88073670302e-11 8.01086168147e-05
0.35 1.88072804193e-11 0.00010265984168
0.35 1.88074536415e-11 0.000262862552345
0.35 1.88071938087e-11 0.000285442824297
0.35 1.88075402532e-11 0.000445601965906
0.35 1.88071071986e-11 0.000468240332184
0.35 1.88076268654e-11 0.000628326858969
0.35 1.88070205889e-11 0.000651052366497
0.35 1.88077134779e-11 0.000811037232532
0.35 1.88069339795e-11 0.000833878928393
0.35 1.88078000908e-11 0.000993733087744
0.35 1.88068473706e-11 0.00101672001886
lowest error 0.35 1.71946761265e-16
0.35 1.71946761265e-16 5.00178397633e-06
0.35 1.7194755311e-16 1.68480212719e-05
0.35 1.71945969422e-16 2.6851381655e-05
0.35 1.7194834496e-16 3.86980340918e-05
0.35 1.71945177584e-16 4.8700771746e-05
0.35 1.71949136813e-16 6.05482544858e-05
0.35 1.71944385749e-16 7.0549954291e-05
0.35 1.7194992867e-16 8.23986824554e-05
0.35 1.71943593917e-16 9.23989292718e-05
0.35 1.71950720531e-16 0.000104249318002
0.35 1.7194280209e-16 0.000114247696691
0.35 1.71951512395e-16 0.000126100161109
lowest error 0.4 1.40301398493e-11
0.4 1.40301398493e-11 5.51395069559e-06
0.4 1.40300752383e-11 8.63411180028e-05
0.4 1.40302044606e-11 9.73653511176e-05
0.4 1.40300106275e-11 0.000178199855125
0.4 1.40302690722e-11 0.000189213083409
0.4 1.40299460171e-11 0.000270062260817
0.4 1.40303336842e-11 0.000281057147716
0.4 1.40298814069e-11 0.000361928335144
0.4 1.40303982964e-11 0.000372897544104
0.4 1.40298167971e-11 0.000453798078415
0.4 1.40304629089e-11 0.000464734272883
0.4 1.40297521876e-11 0.000545671490696
lowest error 0.4 1.86481605691e-16
0.4 1.86481605691e-16 8.24688860623e-06
0.4 1.86480746913e-16 1.1978393347e-05
0.4 1.86482464472e-16 2.84723484132e-05
0.4 1.8647988814e-16 3.22034974296e-05
0.4 1.86483323258e-16 4.86979860761e-05
0.4 1.8647902937e-16 5.24284236798e-05
0.4 1.86484182047e-16 6.89238015954e-05
0.4 1.86478170604e-16 7.26531720803e-05
0.4 1.86485040841e-16 8.91497949738e-05
0.4 1.86477311843e-16 9.28777426328e-05
0.4 1.86485899638e-16 0.000109375966195
0.4 1.86476453085e-16 0.00011310213534
lowest error 0.45 8.62700401186e-12
0.45 8.62700401186e-12 3.48238213603e-05
0.45 8.62704374077e-12 5.86964772888e-05
0.45 8.62696428313e-12 0.000128347922734
0.45 8.62708346987e-12 0.000152212973366
0.45 8.62692455458e-12 0.000221875826989
0.45 8.62712319915e-12 0.000245725667027
0.45 8.62688482622e-12 0.000315407534196
0.45 8.62716292861e-12 0.000339234558342
0.45 8.62684509803e-12 0.000408943044676
0.45 8.62720265825e-12 0.000432739647634
0.45 8.62680537004e-12 0.0005024823585
0.45 8.62724238808e-12 0.000526240934973
lowest error 0.45 2.33866491311e-16
0.45 2.33866491311e-16 9.38294071817e-06
0.45 2.33865414319e-16 1.14028410918e-05
0.45 2.33867568309e-16 3.0168910357e-05
0.45 2.33864337331e-16 3.21884350547e-05
0.45 2.33868645311e-16 5.09550678651e-05
0.45 2.33863260349e-16 5.29738411728e-05
0.45 2.33869722318e-16 7.17414132243e-05
0.45 2.33862183371e-16 7.37590594477e-05
0.45 2.33870799331e-16 9.25279464368e-05
0.45 2.33861106398e-16 9.45440898819e-05
0.45 2.33871876348e-16 0.000113314667504
0.45 2.3386002943e-16 0.000115328932457
lowest error 0.5 5.61528754094e-12
0.5 5.61528754094e-12 8.835438007e-06
0.5 5.61526168164e-12 9.08144042646e-05
0.5 5.61531340035e-12 0.000108480963107
0.5 5.61523582247e-12 0.000190468564072
0.5 5.61533925989e-12 0.000208122171133
0.5 5.61520996341e-12 0.000290127041515
0.5 5.61536511954e-12 0.000307759062273
0.5 5.61518410447e-12 0.000389789836779
0.5 5.61539097931e-12 0.000407391636714
0.5 5.61515824565e-12 0.000489456950051
0.5 5.6154168392e-12 0.000507019894643
0.5 5.61513238695e-12 0.00058912838152
lowest error 0.5 3.15121474548e-16
0.5 3.15121474548e-16 9.30956705547e-06
0.5 3.15120023363e-16 1.23257435583e-05
0.5 3.15122925739e-16 3.09450811868e-05
0.5 3.15118572185e-16 3.3960850657e-05
0.5 3.15124376937e-16 5.25807988176e-05
0.5 3.15117121014e-16 5.55957542425e-05
0.5 3.15125828142e-16 7.42167199883e-05
0.5 3.15115669849e-16 7.72304543171e-05
0.5 3.15127279353e-16 9.58528446819e-05
0.5 3.15114218691e-16 9.88649508624e-05
0.5 3.15128730572e-16 0.0001174891729
0.5 3.1511276754e-16 0.00012049924392
lowest error 0.55 3.80233169762e-12
0.55 3.80233169762e-12 1.02914743527e-06
0.55 3.80231418728e-12 7.76371062332e-05
0.55 3.80234920805e-12 7.9692710595e-05
0.55 3.80229667701e-12 0.000156306050502
0.55 3.80236671855e-12 0.000158353583338
0.55 3.80227916683e-12 0.000234977685465
0.55 3.80238422914e-12 0.000237011765755
0.55 3.80226165673e-12 0.000313652011143
0.55 3.8024017398e-12 0.00031566725787
0.55 3.80224414671e-12 0.000392329027767
0.55 3.80241925055e-12 0.000394320059914
0.55 3.80222663677e-12 0.000471008735361
lowest error 0.55 4.01104930047e-16
0.55 4.01104930047e-16 8.15597121306e-06
0.55 4.01106777208e-16 1.3443810321e-05
0.55 4.01103082895e-16 2.97555499005e-05
0.55 4.01108624377e-16 3.50437947039e-05
0.55 4.01101235751e-16 5.13549257426e-05
0.55 4.01110471555e-16 5.66439819178e-05
0.55 4.01099388616e-16 7.29540987416e-05
0.55 4.01112318741e-16 7.82443720042e-05
0.55 4.01097541489e-16 9.45530688994e-05
0.55 4.01114165936e-16 9.98449649448e-05
0.55 4.01095694371e-16 0.000116151836199
0.55 4.01116013139e-16 0.000121445760742
lowest error 0.6 2.69893235684e-12
0.6 2.69893235684e-12 3.79666709556e-05
0.6 2.69894478591e-12 0.000102169359409
0.6 2.69891992783e-12 0.000178111239882
0.6 2.69895721504e-12 0.000242296851605
0.6 2.69890749887e-12 0.00031826434814
0.6 2.69896964423e-12 0.000382415806156
0.6 2.69889506997e-12 0.000458425996126
0.6 2.69898207347e-12 0.000522526223582
0.6 2.69888264113e-12 0.000598596184356
0.6 2.69899450277e-12 0.000662628104402
0.6 2.69887021234e-12 0.000738774913357
0.6 2.69900693213e-12 0.000802721449011
lowest error 0.6 5.01450420692e-16
0.6 5.01450420692e-16 1.83866539327e-06
0.6 5.01452729962e-16 2.04642902268e-05
0.6 5.01448111433e-16 2.41414047251e-05
0.6 5.01455039242e-16 4.2767462118e-05
0.6 5.01445802184e-16 4.64439278103e-05
0.6 5.01457348534e-16 6.5070850281e-05
0.6 5.01443492946e-16 6.87462346316e-05
0.6 5.01459657835e-16 8.7374454719e-05
0.6 5.01441183719e-16 9.10483251904e-05
0.6 5.01461967148e-16 0.000109678275434
0.6 5.01438874502e-16 0.00011335019949
0.6 5.01464276471e-16 0.000131982312428
lowest error 0.65 1.18967408135e-12
0.65 1.18967408135e-12 8.3066857437e-06
0.65 1.18967956002e-12 4.96659225488e-05
0.65 1.18966860271e-12 6.62807552954e-05
0.65 1.18968503871e-12 0.000107637069567
0.65 1.1896631241e-12 0.000124256286143
0.65 1.18969051742e-12 0.000165606755453
0.65 1.18965764551e-12 0.000182233278323
0.65 1.18969599616e-12 0.000223574980189
0.65 1.18965216695e-12 0.000240211731873
0.65 1.18970147493e-12 0.000281541743813
0.65 1.18964668841e-12 0.000298191646778
0.65 1.18970695372e-12 0.000339507046363
lowest error 0.65 7.53886558358e-16
0.65 7.53886558358e-16 5.71545263739e-06
0.65 7.53890030142e-16 1.3878779991e-05
0.65 7.5388308659e-16 2.53095183562e-05
0.65 7.53893501942e-16 3.3473179565e-05
0.65 7.53879614838e-16 4.49034171499e-05
0.65 7.53896973757e-16 5.30677460686e-05
0.65 7.53876143102e-16 6.44971490198e-05
0.65 7.53900445589e-16 7.26624795035e-05
0.65 7.53872671382e-16 8.40907139668e-05
0.65 7.53903917437e-16 9.22573798712e-05
0.65 7.53869199678e-16 0.000103684111993
0.65 7.53907389301e-16 0.000111852447172
lowest error 0.7 6.74571517529e-13
0.7 6.74571517529e-13 3.69193873522e-05
0.7 6.74568411019e-13 6.10800704206e-05
0.7 6.74574624053e-13 0.000134914669717
0.7 6.74565304524e-13 0.000159083703954
0.7 6.74577730591e-13 0.000232905776765
0.7 6.74562198043e-13 0.00025709151334
0.7 6.74580837143e-13 0.000330892708671
0.7 6.74559091577e-13 0.000355103498753
0.7 6.7458394371e-13 0.00042887546562
0.7 6.74555985125e-13 0.000453119660372
0.7 6.74587050291e-13 0.000526854047784
0.7 6.74552878687e-13 0.000551139998377
lowest error 0.7 5.69539697185e-16
0.7 5.69539697185e-16 2.50460152929e-06
0.7 5.69542320018e-16 1.78931304577e-05
0.7 5.69537074364e-16 2.29021526184e-05
0.7 5.69544942864e-16 3.82910433432e-05
0.7 5.69534451555e-16 4.3299522793e-05
0.7 5.69547565721e-16 5.86891371297e-05
0.7 5.69531828758e-16 6.36967120919e-05
0.7 5.69550188591e-16 7.90874118182e-05
0.7 5.69529205973e-16 8.40937204982e-05
0.7 5.69552811472e-16 9.94858674108e-05
0.7 5.695265832e-16 0.000104490548014
0.7 5.69555434366e-16 0.000119884503891
lowest error 0.75 3.22920785331e-13
0.75 3.22920785331e-13 1.56160979783e-05
0.75 3.22922272439e-13 3.56427830517e-05
0.75 3.22919298229e-13 6.68761214047e-05
0.75 3.22923759555e-13 8.69005217097e-05
0.75 3.22917811134e-13 0.000118137287209
0.75 3.22925246677e-13 0.000138157118021
0.75 3.22916324046e-13 0.000169399595507
0.75 3.22926733806e-13 0.000189412572012
0.75 3.22914836965e-13 0.000220663046278
0.75 3.22928220942e-13 0.000240666883662
0.75 3.22913349891e-13 0.000271927639548
0.75 3.22929708085e-13 0.000291920053087
lowest error 0.75 4.73449868213e-16
0.75 4.73449868213e-16 5.75095305377e-06
0.75 4.73447687901e-16 1.19674610928e-05
0.75 4.73452048535e-16 2.34695036978e-05
0.75 4.73445507599e-16 2.96857387436e-05
0.75 4.73454228867e-16 4.11881908406e-05
0.75 4.73443327306e-16 4.74038798828e-05
0.75 4.7345640921e-16 5.89070144823e-05
0.75 4.73441147024e-16 6.51218845444e-05
0.75 4.73458589562e-16 7.6625974609e-05
0.75 4.73438966752e-16 8.28397527122e-05
0.75 4.73460769924e-16 9.43450712527e-05
0.75 4.7343678649e-16 0.000100557484388
lowest error 0.8 3.00546725065e-13
0.8 3.00546725065e-13 1.67416640409e-05
0.8 3.00545340999e-13 5.20582542296e-05
0.8 3.00548109137e-13 8.55395243455e-05
0.8 3.0054395694e-13 0.000120860230527
0.8 3.00549493215e-13 0.000154335326745
0.8 3.00542572887e-13 0.000189664264852
0.8 3.005508773e-13 0.000223129071302
0.8 3.0054118884e-13 0.000258470357391
0.8 3.00552261391e-13 0.000291920758017
0.8 3.005398048e-13 0.00032727850814
0.8 3.00553645488e-13 0.000360710387074
0.8 3.00538420766e-13 0.000396088717163
lowest error 0.8 7.82636322802e-16
0.8 7.82636322802e-16 7.89699828729e-06
0.8 7.82639926983e-16 9.18961527718e-06
0.8 7.82632718637e-16 2.4983484932e-05
0.8 7.82643531182e-16 2.62763557934e-05
0.8 7.82629114488e-16 4.20698446422e-05
0.8 7.82647135397e-16 4.33632232468e-05
0.8 7.82625510356e-16 5.91560774188e-05
0.8 7.82650739628e-16 6.04502176382e-05
0.8 7.82621906241e-16 7.62421832632e-05
0.8 7.82654343877e-16 7.75373389685e-05
0.8 7.82618302142e-16 9.33281621762e-05
0.8 7.82657948141e-16 9.46245872395e-05
lowest error 0.81 2.85786691024e-13
0.81 2.85786691024e-13 4.39295826347e-05
0.81 2.85785374931e-13 5.28422442332e-05
0.81 2.85788007124e-13 0.000140697337952
0.81 2.85784058844e-13 0.000149618142827
0.81 2.85789323229e-13 0.000237461021885
0.81 2.85782742763e-13 0.000246398113314
0.81 2.85790639341e-13 0.000334220634525
0.81 2.85781426688e-13 0.000343182155783
0.81 2.85791955458e-13 0.00043097617621
0.81 2.85780110618e-13 0.000439970270577
0.81 2.85793271582e-13 0.000527727647029
0.81 2.85778794555e-13 0.000536762457779
lowest error 0.81 9.82779298906e-16
0.81 9.82779298906e-16 4.71178135264e-06
0.81 9.82783824782e-16 1.37530375772e-05
0.81 9.8277477305e-16 2.31764520611e-05
0.81 9.82788350679e-16 3.22180047623e-05
0.81 9.82770247215e-16 4.16409745321e-05
0.81 9.82792876597e-16 5.06831201883e-05
0.81 9.82765721402e-16 6.01053487679e-05
0.81 9.82797402536e-16 6.91483838557e-05
0.81 9.82761195609e-16 7.85695747689e-05
0.81 9.82801928496e-16 8.76137957659e-05
0.81 9.82756669837e-16 9.70336525365e-05
0.81 9.82806454476e-16 0.00010607935592
lowest error 0.82 3.36084125798e-13
0.82 3.36084125798e-13 4.16067973985e-06
0.82 3.36085673527e-13 1.23108607388e-05
0.82 3.36082578077e-13 2.06323381811e-05
0.82 3.36087221262e-13 2.87822832563e-05
0.82 3.36081030363e-13 3.71041145852e-05
0.82 3.36088769004e-13 4.52535877988e-05
0.82 3.36079482657e-13 5.35760089533e-05
0.82 3.36090316754e-13 6.17247743961e-05
0.82 3.36077934957e-13 7.00480212856e-05
0.82 3.3609186451e-13 7.81958430345e-05
0.82 3.36076387264e-13 8.65201515698e-05
0.82 3.36093412274e-13 9.46667937152e-05
lowest error 0.82 1.18565953986e-15
0.82 1.18565953986e-15 8.1389487554e-06
0.82 1.18565407971e-15 1.19114550472e-05
0.82 1.18566500004e-15 2.81895273502e-05
0.82 1.18564861958e-15 3.19616840421e-05
0.82 1.18567046024e-15 4.82402807376e-05
0.82 1.18564315948e-15 5.20117382665e-05
0.82 1.18567592046e-15 6.82912089198e-05
0.82 1.1856376994e-15 7.20616177037e-05
0.82 1.18568138072e-15 8.83423118987e-05
0.82 1.18563223935e-15 9.21113223553e-05
0.82 1.18568684099e-15 0.000108393589657
0.82 1.18562677933e-15 0.000112160852223
lowest error 0.83 3.38730263529e-13
0.83 3.38730263529e-13 2.34668941728e-05
0.83 3.38731823443e-13 2.66918722365e-05
0.83 3.38728703622e-13 7.36267544652e-05
0.83 3.38733383364e-13 7.68495447869e-05
0.83 3.38727143722e-13 0.000123787708665
0.83 3.38734943293e-13 0.000127006123458
0.83 3.3872558383e-13 0.000173949756795
0.83 3.38736503228e-13 0.000177161608361
0.83 3.38724023944e-13 0.00022411289888
0.83 3.38738063171e-13 0.000227315999477
0.83 3.38722464066e-13 0.000274277134899
0.83 3.38739623121e-13 0.000277469296829
lowest error 0.83 1.44911883082e-15
0.83 1.44911883082e-15 7.50123195159e-06
0.83 1.44911215739e-15 1.12583542085e-05
0.83 1.44912550427e-15 2.62609711221e-05
0.83 1.449105484e-15 3.00177873593e-05
0.83 1.44913217776e-15 4.5020863304e-05
0.83 1.44909881064e-15 4.8777067486e-05
0.83 1.44913885127e-15 6.37809084991e-05
0.83 1.44909213731e-15 6.75361946221e-05
0.83 1.44914552482e-15 8.25411066914e-05
0.83 1.44908546401e-15 8.62951687535e-05
0.83 1.4491521984e-15 0.000101301457915
0.83 1.44907879074e-15 0.00010505398988
lowest error 0.84 3.70919785533e-13
0.84 3.70919785533e-13 1.26129761178e-05
0.84 3.70918077388e-13 1.5412983887e-05
0.84 3.70921493685e-13 4.06385946476e-05
0.84 3.70916369251e-13 4.34392854203e-05
0.84 3.70923201846e-13 6.86638716818e-05
0.84 3.70914661122e-13 7.14659284613e-05
0.84 3.70924910014e-13 9.66888072247e-05
0.84 3.70912953001e-13 9.94929130145e-05
0.84 3.7092661819e-13 0.000124713401281
0.84 3.70911244887e-13 0.000127520239084
0.84 3.70928326375e-13 0.000152737653853
0.84 3.70909536782e-13 0.000155547906674
lowest error 0.84 1.88899148388e-15
0.84 1.88899148388e-15 2.79871488118e-06
0.84 1.88898278477e-15 1.62437985796e-05
0.84 1.88900018302e-15 2.18413860025e-05
0.84 1.8889740857e-15 3.52861543811e-05
0.84 1.88900888221e-15 4.08842147861e-05
0.84 1.88896538667e-15 5.43283525238e-05
0.84 1.88901758144e-15 5.99272012334e-05
0.84 1.88895668769e-15 7.33703929927e-05
0.84 1.8890262807e-15 7.89703453283e-05
0.84 1.88894798874e-15 9.24122758237e-05
0.84 1.88903498001e-15 9.8013647106e-05
0.84 1.88893928983e-15 0.000111454001
lowest error 0.85 3.56247643284e-13
0.85 3.56247643284e-13 2.06250630348e-05
0.85 3.56246002707e-13 2.33754033339e-05
0.85 3.56249283869e-13 6.46246876546e-05
0.85 3.56244362137e-13 6.73767114669e-05
0.85 3.56250924461e-13 0.000108623470504
0.85 3.56242721575e-13 0.00011137886138
0.85 3.56252565061e-13 0.000152621411675
0.85 3.5624108102e-13 0.000155381853091
0.85 3.56254205669e-13 0.000196618511147
0.85 3.56239440473e-13 0.000199385686575
0.85 3.56255846284e-13 0.000240614768934
0.85 3.56237799934e-13 0.000243390361927
lowest error 0.85 2.38233044037e-15
0.85 2.38233044037e-15 3.25098026988e-06
0.85 2.38231946936e-15 1.54082358055e-05
0.85 2.38234141143e-15 2.19103477388e-05
0.85 2.3823084984e-15 3.4067300521e-05
0.85 2.38235238255e-15 4.05698665875e-05
0.85 2.38229752749e-15 5.27262138608e-05
0.85 2.38236335371e-15 5.9229536816e-05
0.85 2.38228655663e-15 7.13849758265e-05
0.85 2.38237432492e-15 7.78893584257e-05
0.85 2.38227558582e-15 9.004358642e-05
0.85 2.38238529619e-15 9.65493314182e-05
0.85 2.38226461506e-15 0.000108702045642
lowest error 0.86 3.5523520559e-13
0.86 3.5523520559e-13 8.26317776959e-06
0.86 3.55233569675e-13 1.07697626879e-05
0.86 3.55236841512e-13 2.72959607268e-05
0.86 3.55231933768e-13 2.98028606469e-05
0.86 3.55238477442e-13 4.63285861843e-05
0.86 3.55230297868e-13 4.88361161093e-05
0.86 3.5524011338e-13 6.53610541441e-05
0.86 3.55228661976e-13 6.7869529059e-05
0.86 3.55241749324e-13 8.43933645904e-05
0.86 3.55227026091e-13 8.69030995312e-05
0.86 3.55243385277e-13 0.000103425517558
0.86 3.55225390214e-13 0.000105936827511
lowest error 0.86 2.75681739228e-15
0.86 2.75681739228e-15 4.54870641775e-06
0.86 2.75683008792e-15 1.28667480799e-05
0.86 2.75680469669e-15 2.19640290471e-05
0.86 2.75684278362e-15 3.02823344467e-05
0.86 2.75679200117e-15 3.93792198099e-05
0.86 2.75685547938e-15 4.76980526836e-05
0.86 2.7567793057e-15 5.67942786911e-05
0.86 2.7568681752e-15 6.5113902791e-05
0.86 2.75676661029e-15 7.42092057231e-05
0.86 2.75688087107e-15 8.25298847547e-05
0.86 2.75675391494e-15 9.16240008908e-05
0.86 2.75689356701e-15 9.99459986071e-05
lowest error 0.87 3.6923766849e-13
0.87 3.6923766849e-13 1.06941224671e-05
0.87 3.69235968092e-13 1.46814375079e-05
0.87 3.69239368896e-13 3.60694024786e-05
0.87 3.69234267701e-13 4.00572774493e-05
0.87 3.6924106931e-13 6.14444025309e-05
0.87 3.69232567319e-13 6.54333973591e-05
0.87 3.69242769732e-13 8.68191226031e-05
0.87 3.69230866944e-13 9.08097972419e-05
0.87 3.69244470162e-13 0.000112193562745
0.87 3.69229166577e-13 0.000116186477077
0.87 3.692461706e-13 0.000137567722935
0.87 3.69227466217e-13 0.000141563436913
lowest error 0.87 3.72594122655e-15
0.87 3.72594122655e-15 8.80518627566e-06
0.87 3.72595838518e-15 9.29272834771e-06
0.87 3.72592406799e-15 2.69029585094e-05
0.87 3.72597554389e-15 2.7390785394e-05
0.87 3.72590690952e-15 4.50005883379e-05
0.87 3.72599270268e-15 4.54889848482e-05
0.87 3.72588975112e-15 6.30980757634e-05
0.87 3.72600986155e-15 6.35873267112e-05
0.87 3.72587259281e-15 8.11954207864e-05
0.87 3.7260270205e-15 8.16858109847e-05
0.87 3.72585543457e-15 9.92926234087e-05
0.87 3.72604417953e-15 9.97844376696e-05
lowest error 0.88 2.95869365251e-13
0.88 2.95869365251e-13 1.94104153772e-06
0.88 2.95870727783e-13 3.0531648664e-05
0.88 2.95868002726e-13 3.44141902131e-05
0.88 2.95872090322e-13 6.30038803986e-05
0.88 2.95866640206e-13 6.68877973684e-05
0.88 2.95873452866e-13 9.5475653672e-05
0.88 2.95865277693e-13 9.93618629814e-05
0.88 2.95874815417e-13 0.000127946968462
0.88 2.95863915186e-13 0.000131836387117
0.88 2.95876177974e-13 0.000160417824834
0.88 2.95862552686e-13 0.000164311369752
0.88 2.95877540537e-13 0.000192888222764
lowest error 0.88 5.04758917153e-15
0.88 5.04758917153e-15 2.0608268092e-06
0.88 5.04756592657e-15 1.14767177029e-05
0.88 5.04761241659e-15 1.55984510029e-05
0.88 5.04754268173e-15 2.50141825351e-05
0.88 5.04763566176e-15 2.91361548657e-05
0.88 5.04751943699e-15 3.85515676871e-05
0.88 5.04765890703e-15 4.26739384221e-05
0.88 5.04749619235e-15 5.20888731597e-05
0.88 5.04768215241e-15 5.62118016609e-05
0.88 5.04747294783e-15 6.56260989413e-05
0.88 5.0477053979e-15 6.97497445823e-05
0.88 5.04744970341e-15 7.91632450565e-05
lowest error 0.89 2.8232933162e-13
0.89 2.8232933162e-13 6.97477130762e-06
0.89 2.82328031449e-13 1.64918734686e-05
0.89 2.82330631798e-13 3.04411766576e-05
0.89 2.82326731283e-13 3.99587576725e-05
0.89 2.82331931982e-13 5.3907342584e-05
0.89 2.82325431123e-13 6.3425881307e-05
0.89 2.82333232171e-13 7.73732690686e-05
0.89 2.8232413097e-13 8.68932443545e-05
0.89 2.82334532367e-13 0.000100838956155
0.89 2.82322830822e-13 0.000110360846858
0.89 2.82335832568e-13 0.000124304403827
0.89 2.8232153068e-13 0.0001338286888
lowest error 0.89 7.36268126486e-15
0.89 7.36268126486e-15 5.53545452897e-06
0.89 7.36271517134e-15 8.99409010513e-06
0.89 7.36264735853e-15 2.00649073778e-05
0.89 7.36274907797e-15 2.35237265129e-05
0.89 7.36261345237e-15 3.45942684414e-05
0.89 7.36278298476e-15 3.80534547202e-05
0.89 7.36257954636e-15 4.91235377211e-05
0.89 7.36281689171e-15 5.25832747149e-05
0.89 7.36254564051e-15 6.36527152165e-05
0.89 7.36285079881e-15 6.71131864971e-05
0.89 7.36251173481e-15 7.81818009283e-05
0.89 7.36288470607e-15 8.16431900681e-05
High eps empty 0.8 8.15057034442e-13
High eps empty 0.8 8.13482097963e-13
lowest error 0.8 8.14201690958e-13
0.8 8.14201690958e-13 7.32001032375e-05
0.8 8.1419794143e-13 0.000260625126661
0.8 8.14205440504e-13 0.000406976886764
0.8 8.14194191918e-13 0.000594498809674
0.8 8.14209190068e-13 0.000740705230948
0.8 8.14190442424e-13 0.000928420953415
0.8 8.14212939648e-13 0.00107438514282
0.8 8.14186692947e-13 0.00126239156462
0.8 8.14216689246e-13 0.00140801662941
0.8 8.14182943487e-13 0.00159641065034
0.8 8.14220438861e-13 0.00174159969774
0.8 8.14179194045e-13 0.0019304782176
lowest error 0.9 2.17182085929e-13
0.9 2.17182085929e-13 2.57323698527e-06
0.9 2.17183086092e-13 1.0881593048e-05
0.9 2.17181085771e-13 1.60281457289e-05
0.9 2.17184086259e-13 2.43363443713e-05
0.9 2.17180085617e-13 2.94831331829e-05
0.9 2.17185086431e-13 3.77910169855e-05
0.9 2.17179085468e-13 4.29381993476e-05
0.9 2.17186086607e-13 5.12456108788e-05
0.9 2.17178085324e-13 5.63933442117e-05
0.9 2.17187086789e-13 6.47001260763e-05
0.9 2.17177085184e-13 6.98485678003e-05
0.9 2.17188086974e-13 7.81545625657e-05
lowest error 0.9 1.05946838085e-14
0.9 1.05946838085e-14 1.42978484163e-07
0.9 1.05947325989e-14 1.19917518719e-05
0.9 1.05946350182e-14 1.22776448181e-05
0.9 1.05947813896e-14 2.41265462506e-05
0.9 1.05945862283e-14 2.441224713e-05
0.9 1.05948301804e-14 3.62614046412e-05
0.9 1.05945374385e-14 3.65467854206e-05
0.9 1.05948789715e-14 4.83963270659e-05
0.9 1.0594488649e-14 4.86812596794e-05
0.9 1.05949277629e-14 6.05313135136e-05
0.9 1.05944398597e-14 6.08156699284e-05
0.9 1.05949765544e-14 7.26663639852e-05
