0.002 0.00012589254 5000 5000 5000 1469 1373
0.002 0.00015848932 5000 5000 5000 1515 1417
0.002 0.00019952623 5000 5000 5000 1445 1357
0.002 0.0001 5000 5000 5000 1565 1474
0.002 0.00025118864 5000 5000 5000 1477 1375
0.002 0.00031622777 5000 5000 5000 1571 1475
0.002 0.001 5000 5000 5000 1553 1448
0.002 0.0031622777 5000 5000 5000 1507 1411
0.002 0.01 5000 5000 5000 1492 1411
0.002 0.031622777 5000 5000 5000 1587 1490
0.002 1.2589254e-05 5000 5000 5000 1521 1426
0.002 1.2589254e-06 5000 5000 5000 1532 1444
0.002 1.2589254e-07 5000 5000 5000 1503 1401
0.002 1.2589254e-08 5000 5000 5000 1560 1445
0.002 1.2589254e-09 5000 5000 5000 1458 1367
0.002 1.5848932e-05 5000 5000 5000 1505 1422
0.002 1.5848932e-06 5000 5000 5000 1549 1441
0.002 1.5848932e-07 5000 5000 5000 1529 1422
0.002 1.5848932e-08 5000 5000 5000 1485 1390
0.002 1.5848932e-09 5000 5000 5000 1460 1365
0.002 1.9952623e-05 5000 5000 5000 1484 1391
0.002 1.9952623e-06 5000 5000 5000 1599 1497
0.002 1.9952623e-07 5000 5000 5000 1507 1435
0.002 1.9952623e-08 5000 5000 5000 1522 1439
0.002 1.9952623e-09 5000 5000 5000 1497 1397
0.002 1e-05 5000 5000 5000 1457 1369
0.002 1e-06 5000 5000 5000 1521 1432
0.002 1e-07 5000 5000 5000 1470 1384
0.002 1e-08 5000 5000 5000 1505 1416
0.002 1e-09 5000 5000 5000 1523 1437
0.002 2.5118864e-05 5000 5000 5000 1565 1471
0.002 2.5118864e-06 5000 5000 5000 1541 1457
0.002 2.5118864e-07 5000 5000 5000 1518 1422
0.002 2.5118864e-08 5000 5000 5000 1537 1441
0.002 2.5118864e-09 5000 5000 5000 1458 1359
0.002 3.1622777e-05 5000 5000 5000 1539 1432
0.002 3.1622777e-06 5000 5000 5000 1544 1445
0.002 3.1622777e-07 5000 5000 5000 1479 1377
0.002 3.1622777e-08 5000 5000 5000 1554 1440
0.002 3.1622777e-09 5000 5000 5000 1501 1412
0.002 3.9810717e-05 5000 5000 5000 1545 1449
0.002 3.9810717e-06 5000 5000 5000 1479 1364
0.002 3.9810717e-07 5000 5000 5000 1452 1349
0.002 3.9810717e-08 5000 5000 5000 1496 1401
0.002 3.9810717e-09 5000 5000 5000 1496 1380
0.002 5.0118723e-05 5000 5000 5000 1536 1442
0.002 5.0118723e-06 5000 5000 5000 1513 1432
0.002 5.0118723e-07 5000 5000 5000 1532 1424
0.002 5.0118723e-08 5000 5000 5000 1557 1468
0.002 5.0118723e-09 5000 5000 5000 1545 1438
0.002 6.3095734e-05 5000 5000 5000 1582 1484
0.002 6.3095734e-06 5000 5000 5000 1541 1436
0.002 6.3095734e-07 5000 5000 5000 1477 1364
0.002 6.3095734e-08 5000 5000 5000 1504 1416
0.002 6.3095734e-09 5000 5000 5000 1461 1361
0.002 7.9432823e-05 5000 5000 5000 1494 1387
0.002 7.9432823e-06 5000 5000 5000 1553 1452
0.002 7.9432823e-07 5000 5000 5000 1449 1366
0.002 7.9432823e-08 5000 5000 5000 1497 1411
0.002 7.9432823e-09 5000 5000 5000 1458 1376
0.005 0.00012589254 5000 5000 5000 1520 1364
0.005 0.00015848932 5000 5000 5000 1465 1294
0.005 0.00019952623 5000 5000 5000 1546 1376
0.005 0.0001 5000 5000 5000 1450 1292
0.005 0.00025118864 5000 5000 5000 1502 1315
0.005 0.00031622777 5000 5000 5000 1484 1338
0.005 0.001 5000 5000 5000 1543 1388
0.005 0.0031622777 5000 5000 5000 1526 1372
0.005 0.01 5000 5000 5000 1538 1381
0.005 0.031622777 5000 5000 5000 1511 1340
0.005 1.2589254e-05 5000 5000 5000 1463 1315
0.005 1.2589254e-06 5000 5000 5000 1493 1348
0.005 1.2589254e-07 5000 5000 5000 1578 1431
0.005 1.2589254e-08 5000 5000 5000 1523 1365
0.005 1.2589254e-09 5000 5000 5000 1506 1354
0.005 1.5848932e-05 5000 5000 5000 1475 1325
0.005 1.5848932e-06 5000 5000 5000 1544 1380
0.005 1.5848932e-07 5000 5000 5000 1509 1356
0.005 1.5848932e-08 5000 5000 5000 1514 1366
0.005 1.5848932e-09 5000 5000 5000 1543 1388
0.005 1.9952623e-05 5000 5000 5000 1469 1315
0.005 1.9952623e-06 5000 5000 5000 1496 1332
0.005 1.9952623e-07 5000 5000 5000 1549 1389
0.005 1.9952623e-08 5000 5000 5000 1494 1325
0.005 1.9952623e-09 5000 5000 5000 1496 1330
0.005 1e-05 5000 5000 5000 1549 1389
0.005 1e-06 5000 5000 5000 1596 1416
0.005 1e-07 5000 5000 5000 1466 1311
0.005 1e-08 5000 5000 5000 1540 1380
0.005 1e-09 5000 5000 5000 1566 1424
0.005 2.5118864e-05 5000 5000 5000 1503 1352
0.005 2.5118864e-06 5000 5000 5000 1534 1377
0.005 2.5118864e-07 5000 5000 5000 1524 1373
0.005 2.5118864e-08 5000 5000 5000 1576 1407
0.005 2.5118864e-09 5000 5000 5000 1536 1374
0.005 3.1622777e-05 5000 5000 5000 1536 1377
0.005 3.1622777e-06 5000 5000 5000 1511 1347
0.005 3.1622777e-07 5000 5000 5000 1514 1361
0.005 3.1622777e-08 5000 5000 5000 1556 1370
0.005 3.1622777e-09 5000 5000 5000 1497 1337
0.005 3.9810717e-05 5000 5000 5000 1454 1320
0.005 3.9810717e-06 5000 5000 5000 1496 1349
0.005 3.9810717e-07 5000 5000 5000 1554 1409
0.005 3.9810717e-08 5000 5000 5000 1459 1285
0.005 3.9810717e-09 5000 5000 5000 1482 1333
0.005 5.0118723e-05 5000 5000 5000 1518 1360
0.005 5.0118723e-06 5000 5000 5000 1525 1377
0.005 5.0118723e-07 5000 5000 5000 1452 1300
0.005 5.0118723e-08 5000 5000 5000 1447 1289
0.005 5.0118723e-09 5000 5000 5000 1491 1356
0.005 6.3095734e-05 5000 5000 5000 1491 1333
0.005 6.3095734e-06 5000 5000 5000 1545 1384
0.005 6.3095734e-07 5000 5000 5000 1466 1297
0.005 6.3095734e-08 5000 5000 5000 1523 1375
0.005 6.3095734e-09 5000 5000 5000 1517 1364
0.005 7.9432823e-05 5000 5000 5000 1486 1328
0.005 7.9432823e-06 5000 5000 5000 1479 1308
0.005 7.9432823e-07 5000 5000 5000 1491 1330
0.005 7.9432823e-08 5000 5000 5000 1548 1397
0.005 7.9432823e-09 5000 5000 5000 1511 1374
0.01 0.00012589254 5000 5000 5000 1541 1355
0.01 0.00015848932 5000 5000 5000 1527 1363
0.01 0.00019952623 5000 5000 5000 1518 1335
0.01 0.0001 5000 5000 5000 1524 1335
0.01 0.00025118864 5000 5000 5000 1507 1347
0.01 0.00031622777 5000 5000 5000 1463 1299
0.01 0.001 5000 5000 5000 1476 1307
0.01 0.0031622777 5000 5000 5000 1498 1300
0.01 0.01 5000 5000 5000 1500 1322
0.01 0.031622777 5000 5000 5000 1537 1351
0.01 1.2589254e-05 5000 5000 5000 1441 1267
0.01 1.2589254e-06 5000 5000 5000 1495 1333
0.01 1.2589254e-07 5000 5000 5000 1534 1362
0.01 1.2589254e-08 5000 5000 5000 1523 1333
0.01 1.2589254e-09 5000 5000 5000 1548 1382
0.01 1.5848932e-05 5000 5000 5000 1479 1296
0.01 1.5848932e-06 5000 5000 5000 1501 1325
0.01 1.5848932e-07 5000 5000 5000 1500 1333
0.01 1.5848932e-08 5000 5000 5000 1463 1285
0.01 1.5848932e-09 5000 5000 5000 1476 1297
0.01 1.9952623e-05 5000 5000 5000 1525 1334
0.01 1.9952623e-06 5000 5000 5000 1521 1321
0.01 1.9952623e-07 5000 5000 5000 1545 1369
0.01 1.9952623e-08 5000 5000 5000 1482 1305
0.01 1.9952623e-09 5000 5000 5000 1512 1351
0.01 1e-05 5000 5000 5000 1501 1327
0.01 1e-06 5000 5000 5000 1461 1275
0.01 1e-07 5000 5000 5000 1521 1348
0.01 1e-08 5000 5000 5000 1503 1317
0.01 1e-09 5000 5000 5000 1518 1333
0.01 2.5118864e-05 5000 5000 5000 1539 1364
0.01 2.5118864e-06 5000 5000 5000 1537 1341
0.01 2.5118864e-07 5000 5000 5000 1537 1380
0.01 2.5118864e-08 5000 5000 5000 1527 1354
0.01 2.5118864e-09 5000 5000 5000 1507 1334
0.01 3.1622777e-05 5000 5000 5000 1499 1315
0.01 3.1622777e-06 5000 5000 5000 1508 1332
0.01 3.1622777e-07 5000 5000 5000 1497 1328
0.01 3.1622777e-08 5000 5000 5000 1490 1322
0.01 3.1622777e-09 5000 5000 5000 1488 1316
0.01 3.9810717e-05 5000 5000 5000 1512 1325
0.01 3.9810717e-06 5000 5000 5000 1559 1377
0.01 3.9810717e-07 5000 5000 5000 1516 1330
0.01 3.9810717e-08 5000 5000 5000 1486 1315
0.01 3.9810717e-09 5000 5000 5000 1557 1363
0.01 5.0118723e-05 5000 5000 5000 1525 1353
0.01 5.0118723e-06 5000 5000 5000 1535 1339
0.01 5.0118723e-07 5000 5000 5000 1454 1273
0.01 5.0118723e-08 5000 5000 5000 1508 1350
0.01 5.0118723e-09 5000 5000 5000 1454 1306
0.01 6.3095734e-05 5000 5000 5000 1551 1384
0.01 6.3095734e-06 5000 5000 5000 1524 1355
0.01 6.3095734e-07 5000 5000 5000 1514 1338
0.01 6.3095734e-08 5000 5000 5000 1465 1300
0.01 6.3095734e-09 5000 5000 5000 1474 1301
0.01 7.9432823e-05 5000 5000 5000 1543 1362
0.01 7.9432823e-06 5000 5000 5000 1573 1390
0.01 7.9432823e-07 5000 5000 5000 1530 1363
0.01 7.9432823e-08 5000 5000 5000 1524 1336
0.01 7.9432823e-09 5000 5000 5000 1542 1375
0.05 0.00012589254 5000 5000 4993 1507 1338
0.05 0.00015848932 5000 5000 4991 1528 1336
0.05 0.00019952623 5000 5000 4988 1525 1353
0.05 0.0001 5000 5000 4994 1482 1295
0.05 0.00025118864 5000 5000 4994 1528 1355
0.05 0.00031622777 5000 5000 4991 1520 1343
0.05 0.001 5000 5000 4993 1478 1325
0.05 0.0031622777 5000 5000 4995 1530 1324
0.05 0.01 5000 5000 4989 1469 1298
0.05 0.031622777 5000 5000 4992 1514 1323
0.05 1.2589254e-05 5000 5000 4992 1516 1314
0.05 1.2589254e-06 5000 5000 4989 1546 1353
0.05 1.2589254e-07 5000 5000 4996 1474 1306
0.05 1.2589254e-08 5000 5000 4994 1512 1322
0.05 1.2589254e-09 5000 5000 4992 1554 1393
0.05 1.5848932e-05 5000 5000 4997 1544 1350
0.05 1.5848932e-06 5000 5000 4991 1521 1332
0.05 1.5848932e-07 5000 5000 4991 1514 1330
0.05 1.5848932e-08 5000 5000 4995 1521 1343
0.05 1.5848932e-09 5000 5000 4987 1565 1371
0.05 1.9952623e-05 5000 5000 4990 1503 1334
0.05 1.9952623e-06 5000 5000 4988 1491 1328
0.05 1.9952623e-07 5000 5000 4991 1555 1397
0.05 1.9952623e-08 5000 5000 4993 1509 1321
0.05 1.9952623e-09 5000 5000 4995 1483 1318
0.05 1e-05 5000 5000 4998 1540 1367
0.05 1e-06 5000 5000 4992 1476 1299
0.05 1e-07 5000 5000 4997 1550 1372
0.05 1e-08 5000 5000 4989 1587 1395
0.05 1e-09 5000 5000 4993 1486 1316
0.05 2.5118864e-05 5000 5000 4995 1544 1351
0.05 2.5118864e-06 5000 5000 4990 1477 1309
0.05 2.5118864e-07 5000 5000 4993 1530 1357
0.05 2.5118864e-08 5000 5000 4998 1473 1288
0.05 2.5118864e-09 5000 5000 4993 1508 1337
0.05 3.1622777e-05 5000 5000 4994 1533 1370
0.05 3.1622777e-06 5000 5000 4993 1522 1334
0.05 3.1622777e-07 5000 5000 4996 1459 1284
0.05 3.1622777e-08 5000 5000 4993 1462 1296
0.05 3.1622777e-09 5000 5000 4991 1534 1359
0.05 3.9810717e-05 5000 5000 4994 1517 1332
0.05 3.9810717e-06 5000 5000 4995 1526 1365
0.05 3.9810717e-07 5000 5000 4989 1549 1356
0.05 3.9810717e-08 5000 5000 4994 1566 1391
0.05 3.9810717e-09 5000 5000 4991 1511 1334
0.05 5.0118723e-05 5000 5000 4987 1443 1254
0.05 5.0118723e-06 5000 5000 4991 1480 1291
0.05 5.0118723e-07 5000 5000 4993 1542 1350
0.05 5.0118723e-08 5000 5000 4994 1498 1330
0.05 5.0118723e-09 5000 5000 4993 1472 1280
0.05 6.3095734e-05 5000 5000 4995 1444 1268
0.05 6.3095734e-06 5000 5000 4992 1500 1330
0.05 6.3095734e-07 5000 5000 4993 1522 1345
0.05 6.3095734e-08 5000 5000 4996 1451 1291
0.05 6.3095734e-09 5000 5000 4993 1518 1363
0.05 7.9432823e-05 5000 5000 4996 1502 1335
0.05 7.9432823e-06 5000 5000 4993 1465 1297
0.05 7.9432823e-07 5000 5000 4989 1525 1352
0.05 7.9432823e-08 5000 5000 4993 1558 1378
0.05 7.9432823e-09 5000 5000 4994 1532 1333
0.1 0.00012589254 5000 5000 4993 1493 1324
0.1 0.00015848932 5000 5000 4994 1496 1314
0.1 0.00019952623 5000 5000 4994 1527 1346
0.1 0.0001 5000 5000 4994 1510 1335
0.1 0.00025118864 5000 5000 4992 1507 1328
0.1 0.00031622777 5000 5000 4991 1483 1306
0.1 0.001 5000 5000 4993 1450 1293
0.1 0.0031622777 5000 5000 4995 1526 1341
0.1 0.01 5000 5000 4993 1466 1319
0.1 0.031622777 5000 5000 4987 1538 1378
0.1 1.2589254e-05 5000 5000 4991 1454 1294
0.1 1.2589254e-06 5000 5000 4990 1510 1339
0.1 1.2589254e-07 5000 5000 4987 1513 1326
0.1 1.2589254e-08 5000 5000 4992 1508 1320
0.1 1.2589254e-09 5000 5000 4996 1549 1359
0.1 1.5848932e-05 5000 5000 4992 1416 1240
0.1 1.5848932e-06 5000 5000 4989 1535 1344
0.1 1.5848932e-07 5000 5000 4997 1490 1313
0.1 1.5848932e-08 5000 5000 4993 1471 1304
0.1 1.5848932e-09 5000 5000 4992 1551 1387
0.1 1.9952623e-05 5000 5000 4990 1549 1353
0.1 1.9952623e-06 5000 5000 4989 1484 1303
0.1 1.9952623e-07 5000 5000 4992 1514 1340
0.1 1.9952623e-08 5000 5000 4988 1453 1274
0.1 1.9952623e-09 5000 5000 4996 1499 1332
0.1 1e-05 5000 5000 4991 1480 1316
0.1 1e-06 5000 5000 4989 1462 1291
0.1 1e-07 5000 5000 4992 1490 1312
0.1 1e-08 5000 5000 4990 1506 1357
0.1 1e-09 5000 5000 4992 1480 1309
0.1 2.5118864e-05 5000 5000 4998 1488 1304
0.1 2.5118864e-06 5000 5000 4990 1524 1330
0.1 2.5118864e-07 5000 5000 4987 1415 1241
0.1 2.5118864e-08 5000 5000 4991 1529 1365
0.1 2.5118864e-09 5000 5000 4996 1531 1321
0.1 3.1622777e-05 5000 5000 4987 1534 1359
0.1 3.1622777e-06 5000 5000 4990 1524 1342
0.1 3.1622777e-07 5000 5000 4993 1419 1247
0.1 3.1622777e-08 5000 5000 4986 1490 1326
0.1 3.1622777e-09 5000 5000 4993 1483 1310
0.1 3.9810717e-05 5000 5000 4992 1534 1350
0.1 3.9810717e-06 5000 5000 4994 1552 1365
0.1 3.9810717e-07 5000 5000 4995 1482 1309
0.1 3.9810717e-08 5000 5000 4993 1485 1314
0.1 3.9810717e-09 5000 5000 4988 1487 1304
0.1 5.0118723e-05 5000 5000 4992 1500 1329
0.1 5.0118723e-06 5000 5000 4994 1556 1397
0.1 5.0118723e-07 5000 5000 4994 1539 1379
0.1 5.0118723e-08 5000 5000 4991 1523 1332
0.1 5.0118723e-09 5000 5000 4992 1486 1321
0.1 6.3095734e-05 5000 5000 4991 1540 1349
0.1 6.3095734e-06 5000 5000 4996 1492 1294
0.1 6.3095734e-07 5000 5000 4985 1503 1328
0.1 6.3095734e-08 5000 5000 4988 1549 1338
0.1 6.3095734e-09 5000 5000 4991 1497 1320
0.1 7.9432823e-05 5000 5000 4989 1510 1325
0.1 7.9432823e-06 5000 5000 4987 1483 1315
0.1 7.9432823e-07 5000 5000 4992 1445 1274
0.1 7.9432823e-08 5000 5000 4991 1482 1317
0.1 7.9432823e-09 5000 5000 4993 1485 1305
0.15 0.00012589254 5000 5000 4991 1457 1291
0.15 0.00015848932 5000 5000 4996 1446 1262
0.15 0.00019952623 5000 5000 4995 1503 1319
0.15 0.0001 5000 5000 4994 1520 1342
0.15 0.00025118864 5000 5000 4984 1506 1334
0.15 0.00031622777 5000 5000 4991 1516 1353
0.15 0.001 5000 5000 4991 1480 1317
0.15 0.0031622777 5000 5000 4995 1469 1309
0.15 0.01 5000 5000 4989 1523 1339
0.15 0.031622777 5000 5000 4997 1489 1315
0.15 1.2589254e-05 5000 5000 4992 1505 1343
0.15 1.2589254e-06 5000 5000 4998 1535 1357
0.15 1.2589254e-07 5000 5000 4988 1487 1334
0.15 1.2589254e-08 5000 5000 4995 1542 1357
0.15 1.2589254e-09 5000 5000 4993 1510 1348
0.15 1.5848932e-05 5000 5000 4994 1453 1296
0.15 1.5848932e-06 5000 5000 4993 1516 1345
0.15 1.5848932e-07 5000 5000 4992 1517 1336
0.15 1.5848932e-08 5000 5000 4994 1568 1380
0.15 1.5848932e-09 5000 5000 4991 1506 1332
0.15 1.9952623e-05 5000 5000 4990 1425 1269
0.15 1.9952623e-06 5000 5000 4997 1478 1290
0.15 1.9952623e-07 5000 5000 4993 1522 1337
0.15 1.9952623e-08 5000 5000 4989 1506 1328
0.15 1.9952623e-09 5000 5000 4990 1525 1354
0.15 1e-05 5000 5000 4989 1535 1354
0.15 1e-06 5000 5000 4994 1524 1357
0.15 1e-07 5000 5000 4990 1471 1318
0.15 1e-08 5000 5000 4994 1494 1316
0.15 1e-09 5000 5000 4993 1489 1313
0.15 2.5118864e-05 5000 5000 4991 1485 1307
0.15 2.5118864e-06 5000 5000 4993 1392 1250
0.15 2.5118864e-07 5000 5000 4990 1527 1363
0.15 2.5118864e-08 5000 5000 4992 1524 1348
0.15 2.5118864e-09 5000 5000 4993 1478 1316
0.15 3.1622777e-05 5000 5000 4992 1456 1300
0.15 3.1622777e-06 5000 5000 4992 1516 1343
0.15 3.1622777e-07 5000 5000 4994 1496 1326
0.15 3.1622777e-08 5000 5000 4993 1478 1305
0.15 3.1622777e-09 5000 5000 4990 1440 1271
0.15 3.9810717e-05 5000 5000 4990 1532 1355
0.15 3.9810717e-06 5000 5000 4994 1469 1299
0.15 3.9810717e-07 5000 5000 4990 1497 1332
0.15 3.9810717e-08 5000 5000 4993 1516 1337
0.15 3.9810717e-09 5000 5000 4991 1480 1300
0.15 5.0118723e-05 5000 5000 4996 1485 1301
0.15 5.0118723e-06 5000 5000 4989 1507 1312
0.15 5.0118723e-07 5000 5000 4991 1490 1323
0.15 5.0118723e-08 5000 5000 4991 1537 1355
0.15 5.0118723e-09 5000 5000 4988 1484 1320
0.15 6.3095734e-05 5000 5000 4986 1504 1340
0.15 6.3095734e-06 5000 5000 4992 1445 1281
0.15 6.3095734e-07 5000 5000 4993 1521 1347
0.15 6.3095734e-08 5000 5000 4993 1507 1336
0.15 6.3095734e-09 5000 5000 4986 1534 1377
0.15 7.9432823e-05 5000 5000 4992 1508 1325
0.15 7.9432823e-06 5000 5000 4991 1512 1331
0.15 7.9432823e-07 5000 5000 4992 1514 1359
0.15 7.9432823e-08 5000 5000 4991 1473 1305
0.15 7.9432823e-09 5000 5000 4990 1457 1282
0.2 0.00012589254 5000 5000 4990 1463 1274
0.2 0.00015848932 5000 5000 4995 1484 1329
0.2 0.00019952623 5000 5000 4991 1472 1297
0.2 0.0001 5000 5000 4988 1475 1272
0.2 0.00025118864 5000 5000 4993 1461 1294
0.2 0.00031622777 5000 5000 4989 1495 1333
0.2 0.001 5000 5000 4992 1447 1270
0.2 0.0031622777 5000 5000 4992 1434 1266
0.2 0.01 5000 5000 4989 1473 1310
0.2 0.031622777 5000 5000 4994 1472 1301
0.2 1.2589254e-05 5000 5000 4989 1444 1266
0.2 1.2589254e-06 5000 5000 4993 1491 1312
0.2 1.2589254e-07 5000 5000 4987 1457 1276
0.2 1.2589254e-08 5000 5000 4994 1473 1313
0.2 1.2589254e-09 5000 5000 4994 1475 1318
0.2 1.5848932e-05 5000 5000 4988 1444 1276
0.2 1.5848932e-06 5000 5000 4987 1439 1257
0.2 1.5848932e-07 5000 5000 4988 1460 1298
0.2 1.5848932e-08 5000 5000 4986 1460 1279
0.2 1.5848932e-09 5000 5000 4996 1473 1312
0.2 1.9952623e-05 5000 5000 4994 1526 1355
0.2 1.9952623e-06 5000 5000 4992 1530 1356
0.2 1.9952623e-07 5000 5000 4993 1506 1327
0.2 1.9952623e-08 5000 5000 4992 1414 1267
0.2 1.9952623e-09 5000 5000 4983 1424 1258
0.2 1e-05 5000 5000 4990 1483 1317
0.2 1e-06 5000 5000 4988 1467 1301
0.2 1e-07 5000 5000 4986 1511 1314
0.2 1e-08 5000 5000 4988 1468 1288
0.2 1e-09 5000 5000 4990 1505 1308
0.2 2.5118864e-05 5000 5000 4990 1496 1317
0.2 2.5118864e-06 5000 5000 4993 1467 1316
0.2 2.5118864e-07 5000 5000 4995 1434 1277
0.2 2.5118864e-08 5000 5000 4994 1438 1285
0.2 2.5118864e-09 5000 5000 4995 1418 1274
0.2 3.1622777e-05 5000 5000 4993 1511 1347
0.2 3.1622777e-06 5000 5000 4990 1466 1317
0.2 3.1622777e-07 5000 5000 4993 1493 1326
0.2 3.1622777e-08 5000 5000 4992 1447 1273
0.2 3.1622777e-09 5000 5000 4994 1444 1277
0.2 3.9810717e-05 5000 5000 4992 1539 1351
0.2 3.9810717e-06 5000 5000 4990 1488 1331
0.2 3.9810717e-07 5000 5000 4990 1484 1319
0.2 3.9810717e-08 5000 5000 4989 1489 1311
0.2 3.9810717e-09 5000 5000 4987 1459 1312
0.2 5.0118723e-05 5000 5000 4987 1485 1305
0.2 5.0118723e-06 5000 5000 4995 1480 1298
0.2 5.0118723e-07 5000 5000 4990 1479 1293
0.2 5.0118723e-08 5000 5000 4993 1459 1299
0.2 5.0118723e-09 5000 5000 4989 1481 1326
0.2 6.3095734e-05 5000 5000 4992 1429 1267
0.2 6.3095734e-06 5000 5000 4992 1497 1331
0.2 6.3095734e-07 5000 5000 4990 1420 1252
0.2 6.3095734e-08 5000 5000 4989 1445 1280
0.2 6.3095734e-09 5000 5000 4995 1523 1355
0.2 7.9432823e-05 5000 5000 4992 1460 1287
0.2 7.9432823e-06 5000 5000 4992 1509 1338
0.2 7.9432823e-07 5000 5000 4992 1447 1284
0.2 7.9432823e-08 5000 5000 4992 1490 1326
0.2 7.9432823e-09 5000 5000 4994 1463 1290
0.25 0.00012589254 5000 5000 4995 1473 1348
0.25 0.00015848932 5000 5000 4994 1427 1306
0.25 0.00019952623 5000 5000 4996 1464 1334
0.25 0.0001 5000 5000 4996 1477 1356
0.25 0.00025118864 5000 5000 4994 1510 1353
0.25 0.00031622777 5000 5000 4997 1454 1330
0.25 1.1220184543e-05 5000 5000 4997 1519 1371
0.25 1.2589254e-05 5000 5000 4999 1470 1323
0.25 1.2589254e-06 5000 5000 4995 1421 1281
0.25 1.2589254e-07 5000 5000 4996 1466 1355
0.25 1.2589254e-08 5000 5000 4990 1460 1327
0.25 1.2589254e-09 5000 5000 4997 1497 1376
0.25 1.41253754462e-05 5000 5000 4995 1427 1305
0.25 1.5848932e-05 5000 5000 4997 1517 1353
0.25 1.5848932e-06 5000 5000 4993 1429 1304
0.25 1.5848932e-07 5000 5000 4994 1437 1308
0.25 1.5848932e-08 5000 5000 4990 1523 1391
0.25 1.5848932e-09 5000 5000 4992 1425 1302
0.25 1.77827941004e-05 5000 5000 4996 1454 1318
0.25 1.9952623e-05 5000 5000 4998 1438 1296
0.25 1.9952623e-06 5000 5000 4998 1468 1327
0.25 1.9952623e-07 5000 5000 4994 1427 1287
0.25 1.9952623e-08 5000 5000 4997 1440 1312
0.25 1.9952623e-09 5000 5000 4995 1485 1343
0.25 1e-05 5000 5000 4997 1506 1343
0.25 1e-06 5000 5000 4993 1460 1318
0.25 1e-07 5000 5000 4991 1483 1361
0.25 1e-08 5000 5000 4993 1481 1333
0.25 1e-09 5000 5000 4995 1471 1343
0.25 2.23872113857e-05 5000 5000 4993 1501 1365
0.25 2.5118864e-05 5000 5000 4994 1450 1303
0.25 2.5118864e-06 5000 5000 4995 1430 1293
0.25 2.5118864e-07 5000 5000 4997 1444 1323
0.25 2.5118864e-08 5000 5000 4996 1451 1311
0.25 2.5118864e-09 5000 5000 4991 1472 1313
0.25 2.81838293126e-05 5000 5000 4998 1448 1319
0.25 3.1622777e-05 5000 5000 4996 1548 1403
0.25 3.1622777e-06 5000 5000 4999 1484 1350
0.25 3.1622777e-07 5000 5000 4999 1444 1313
0.25 3.1622777e-08 5000 5000 4995 1473 1342
0.25 3.1622777e-09 5000 5000 4996 1472 1331
0.25 3.54813389234e-05 5000 5000 4995 1474 1330
0.25 3.9810717e-05 5000 5000 4996 1465 1326
0.25 3.9810717e-06 5000 5000 4992 1485 1351
0.25 3.9810717e-07 5000 5000 4992 1512 1369
0.25 3.9810717e-08 5000 5000 4993 1469 1330
0.25 3.9810717e-09 5000 5000 4999 1427 1283
0.25 4.46683592151e-05 5000 5000 4999 1398 1252
0.25 5.0118723e-05 5000 5000 4992 1469 1341
0.25 5.0118723e-06 5000 5000 4995 1494 1325
0.25 5.0118723e-07 5000 5000 4995 1437 1300
0.25 5.0118723e-08 5000 5000 4996 1453 1335
0.25 5.0118723e-09 5000 5000 4995 1456 1318
0.25 5.6234132519e-05 5000 5000 4993 1513 1358
0.25 6.3095734e-05 5000 5000 4992 1469 1318
0.25 6.3095734e-06 5000 5000 4996 1456 1319
0.25 6.3095734e-07 5000 5000 4997 1460 1324
0.25 6.3095734e-08 5000 5000 4995 1495 1341
0.25 6.3095734e-09 5000 5000 4997 1463 1310
0.25 7.07945784384e-05 5000 5000 4998 1466 1334
0.25 7.9432823e-05 5000 5000 4995 1424 1296
0.25 7.9432823e-06 5000 5000 4995 1418 1300
0.25 7.9432823e-07 5000 5000 4996 1426 1300
0.25 7.9432823e-08 5000 5000 4995 1422 1299
0.25 7.9432823e-09 5000 5000 4996 1449 1296
0.3 0.00012589254 5000 5000 4996 1478 1350
0.3 0.00015848932 5000 5000 5000 1423 1291
0.3 0.00019952623 5000 5000 4997 1394 1285
0.3 0.0001 5000 5000 4996 1426 1311
0.3 0.00025118864 5000 5000 4996 1466 1345
0.3 0.00031622777 5000 5000 4992 1494 1364
0.3 1.2589254e-05 5000 5000 4994 1481 1369
0.3 1.2589254e-06 5000 5000 4995 1412 1267
0.3 1.2589254e-07 5000 5000 4997 1396 1275
0.3 1.2589254e-08 5000 5000 4997 1431 1301
0.3 1.2589254e-09 5000 5000 4996 1416 1289
0.3 1.5848932e-05 5000 5000 4997 1482 1322
0.3 1.5848932e-06 5000 5000 4990 1416 1303
0.3 1.5848932e-07 5000 5000 4993 1449 1326
0.3 1.5848932e-08 5000 5000 4994 1446 1310
0.3 1.5848932e-09 5000 5000 4995 1501 1349
0.3 1.9952623e-05 5000 5000 4998 1426 1311
0.3 1.9952623e-06 5000 5000 4996 1403 1277
0.3 1.9952623e-07 5000 5000 4998 1475 1337
0.3 1.9952623e-08 5000 5000 4993 1430 1298
0.3 1.9952623e-09 5000 5000 4995 1457 1334
0.3 1e-05 5000 5000 4996 1458 1328
0.3 1e-06 5000 5000 4995 1463 1309
0.3 1e-07 5000 5000 4993 1430 1296
0.3 1e-08 5000 5000 4993 1434 1297
0.3 1e-09 5000 5000 4996 1404 1267
0.3 2.5118864e-05 5000 5000 4996 1453 1311
0.3 2.5118864e-06 5000 5000 4995 1431 1315
0.3 2.5118864e-07 5000 5000 4995 1440 1324
0.3 2.5118864e-08 5000 5000 4996 1438 1321
0.3 2.5118864e-09 5000 5000 4993 1475 1349
0.3 3.1622777e-05 5000 5000 4999 1442 1294
0.3 3.1622777e-06 5000 5000 4993 1504 1351
0.3 3.1622777e-07 5000 5000 4993 1467 1344
0.3 3.1622777e-08 5000 5000 4996 1439 1314
0.3 3.1622777e-09 5000 5000 4998 1447 1321
0.3 3.9810717e-05 5000 5000 4995 1457 1302
0.3 3.9810717e-06 5000 5000 4999 1423 1301
0.3 3.9810717e-07 5000 5000 4998 1418 1291
0.3 3.9810717e-08 5000 5000 4994 1393 1260
0.3 3.9810717e-09 5000 5000 4995 1436 1306
0.3 5.0118723e-05 5000 5000 4993 1473 1369
0.3 5.0118723e-06 5000 5000 4994 1380 1234
0.3 5.0118723e-07 5000 5000 4992 1417 1321
0.3 5.0118723e-08 5000 5000 4996 1439 1313
0.3 5.0118723e-09 5000 5000 4996 1435 1317
0.3 6.3095734e-05 5000 5000 4996 1471 1362
0.3 6.3095734e-06 5000 5000 4995 1456 1337
0.3 6.3095734e-07 5000 5000 4992 1419 1289
0.3 6.3095734e-08 5000 5000 4994 1398 1281
0.3 6.3095734e-09 5000 5000 4995 1422 1291
0.3 7.9432823e-05 5000 5000 4996 1445 1314
0.3 7.9432823e-06 5000 5000 4997 1370 1234
0.3 7.9432823e-07 5000 5000 4997 1446 1323
0.3 7.9432823e-08 5000 5000 4994 1431 1317
0.3 7.9432823e-09 5000 5000 4997 1451 1315
0.35 0.00012589254 5000 5000 4998 1451 1318
0.35 0.00015848932 5000 5000 4994 1403 1279
0.35 0.00019952623 5000 5000 4997 1417 1287
0.35 0.0001 5000 5000 4996 1433 1308
0.35 0.00025118864 5000 5000 4997 1420 1289
0.35 0.00031622777 5000 5000 4994 1399 1260
0.35 1.2589254e-05 5000 5000 4995 1460 1344
0.35 1.2589254e-06 5000 5000 4998 1418 1296
0.35 1.2589254e-07 5000 5000 4995 1382 1252
0.35 1.2589254e-08 5000 5000 4999 1405 1271
0.35 1.2589254e-09 5000 5000 4995 1426 1301
0.35 1.5848932e-06 5000 5000 4996 1477 1327
0.35 1.5848932e-07 5000 5000 4998 1414 1302
0.35 1.5848932e-08 5000 5000 4996 1387 1270
0.35 1.5848932e-09 5000 5000 4992 1441 1314
0.35 1.9952623e-05 5000 5000 4998 1454 1327
0.35 1.9952623e-06 5000 5000 4997 1450 1299
0.35 1.9952623e-07 5000 5000 4998 1415 1310
0.35 1.9952623e-08 5000 5000 4998 1466 1343
0.35 1.9952623e-09 5000 5000 4991 1467 1334
0.35 1e-05 5000 5000 4998 1405 1276
0.35 1e-06 5000 5000 4996 1375 1256
0.35 1e-07 5000 5000 4993 1397 1263
0.35 1e-08 5000 5000 4998 1458 1329
0.35 1e-09 5000 5000 4994 1467 1349
0.35 2.5118864e-05 5000 5000 5000 1418 1273
0.35 2.5118864e-06 5000 5000 4993 1466 1334
0.35 2.5118864e-07 5000 5000 4997 1413 1292
0.35 2.5118864e-08 5000 5000 4996 1404 1282
0.35 2.5118864e-09 5000 5000 4998 1424 1292
0.35 3.1622777e-05 5000 5000 4997 1368 1256
0.35 3.1622777e-06 5000 5000 4993 1411 1294
0.35 3.1622777e-07 5000 5000 4997 1375 1256
0.35 3.1622777e-08 5000 5000 4997 1471 1345
0.35 3.1622777e-09 5000 5000 4998 1414 1288
0.35 3.9810717e-05 5000 5000 4997 1418 1292
0.35 3.9810717e-06 5000 5000 4996 1422 1297
0.35 3.9810717e-07 5000 5000 4997 1447 1313
0.35 3.9810717e-08 5000 5000 4991 1401 1287
0.35 3.9810717e-09 5000 5000 4992 1447 1321
0.35 5.0118723e-05 5000 5000 4998 1396 1276
0.35 5.0118723e-06 5000 5000 4995 1417 1289
0.35 5.0118723e-07 5000 5000 4999 1409 1280
0.35 5.0118723e-08 5000 5000 4993 1424 1320
0.35 5.0118723e-09 5000 5000 4994 1433 1313
0.35 6.3095734e-05 5000 5000 4996 1381 1262
0.35 6.3095734e-06 5000 5000 4992 1458 1334
0.35 6.3095734e-07 5000 5000 4999 1406 1269
0.35 6.3095734e-08 5000 5000 4993 1438 1316
0.35 6.3095734e-09 5000 5000 4998 1425 1303
0.35 7.9432823e-05 5000 5000 4994 1437 1330
0.35 7.9432823e-06 5000 5000 4994 1408 1273
0.35 7.9432823e-08 5000 5000 4995 1382 1281
0.35 7.9432823e-09 5000 5000 4994 1416 1309
0.4 0.00012589254 5000 5000 4998 1407 1288
0.4 0.00015848932 5000 5000 4995 1365 1259
0.4 0.00019952623 5000 5000 4993 1337 1237
0.4 0.0001 5000 5000 4995 1356 1253
0.4 0.00025118864 5000 5000 4997 1344 1218
0.4 0.00031622777 5000 5000 4998 1373 1270
0.4 1.2589254e-05 5000 5000 4996 1371 1250
0.4 1.2589254e-06 5000 5000 4992 1382 1272
0.4 1.2589254e-07 5000 5000 4998 1374 1238
0.4 1.2589254e-08 5000 5000 4993 1388 1255
0.4 1.2589254e-09 5000 5000 4994 1353 1232
0.4 1.5848932e-05 5000 5000 4994 1398 1282
0.4 1.5848932e-06 5000 5000 4995 1408 1307
0.4 1.5848932e-07 5000 5000 4998 1413 1282
0.4 1.5848932e-08 5000 5000 4999 1370 1255
0.4 1.5848932e-09 5000 5000 4996 1433 1300
0.4 1.9952623e-05 5000 5000 4996 1379 1248
0.4 1.9952623e-06 5000 5000 4998 1368 1257
0.4 1.9952623e-07 5000 5000 4991 1389 1271
0.4 1.9952623e-08 5000 5000 4998 1422 1291
0.4 1.9952623e-09 5000 5000 4996 1385 1271
0.4 1e-05 5000 5000 4994 1309 1178
0.4 1e-06 5000 5000 4996 1384 1224
0.4 1e-07 5000 5000 4996 1373 1253
0.4 1e-08 5000 5000 4996 1388 1259
0.4 1e-09 5000 5000 4996 1397 1282
0.4 2.5118864e-05 5000 5000 4996 1410 1294
0.4 2.5118864e-06 5000 5000 4998 1362 1267
0.4 2.5118864e-07 5000 5000 4995 1414 1277
0.4 2.5118864e-08 5000 5000 4995 1333 1206
0.4 2.5118864e-09 5000 5000 4996 1327 1200
0.4 3.1622777e-05 5000 5000 4997 1383 1281
0.4 3.1622777e-06 5000 5000 4997 1371 1251
0.4 3.1622777e-07 5000 5000 4996 1327 1207
0.4 3.1622777e-08 5000 5000 4994 1333 1217
0.4 3.1622777e-09 5000 5000 4994 1366 1253
0.4 3.9810717e-05 5000 5000 4994 1377 1263
0.4 3.9810717e-06 5000 5000 4994 1380 1250
0.4 3.9810717e-07 5000 5000 4994 1383 1262
0.4 3.9810717e-08 5000 5000 4995 1433 1281
0.4 3.9810717e-09 5000 5000 4996 1388 1273
0.4 5.0118723e-05 5000 5000 4999 1442 1315
0.4 5.0118723e-06 5000 5000 4998 1398 1270
0.4 5.0118723e-07 5000 5000 4996 1416 1285
0.4 5.0118723e-08 5000 5000 4994 1351 1223
0.4 5.0118723e-09 5000 5000 4995 1318 1195
0.4 6.3095734e-05 5000 5000 4996 1371 1260
0.4 6.3095734e-06 5000 5000 4997 1371 1252
0.4 6.3095734e-07 5000 5000 4994 1381 1254
0.4 6.3095734e-08 5000 5000 4995 1376 1258
0.4 6.3095734e-09 5000 5000 4998 1372 1269
0.4 7.9432823e-05 5000 5000 4993 1352 1233
0.4 7.9432823e-06 5000 5000 4993 1408 1275
0.4 7.9432823e-07 5000 5000 4995 1382 1277
0.4 7.9432823e-08 5000 5000 4998 1426 1300
0.4 7.9432823e-09 5000 5000 4998 1477 1368
0.45 0.00012589254 5000 5000 4995 1334 1227
0.45 0.00015848932 5000 5000 4999 1387 1269
0.45 0.00019952623 5000 5000 4999 1302 1191
0.45 0.0001 5000 5000 4997 1388 1276
0.45 0.00025118864 5000 5000 4998 1365 1261
0.45 0.00031622777 5000 5000 4993 1329 1201
0.45 1.2589254e-05 5000 5000 4994 1408 1291
0.45 1.2589254e-06 5000 5000 4991 1361 1247
0.45 1.2589254e-07 5000 5000 4997 1349 1236
0.45 1.2589254e-08 5000 5000 4997 1319 1199
0.45 1.2589254e-09 5000 5000 4998 1420 1289
0.45 1.5848932e-05 5000 5000 4995 1344 1229
0.45 1.5848932e-06 5000 5000 4996 1377 1268
0.45 1.5848932e-07 5000 5000 4993 1293 1179
0.45 1.5848932e-08 5000 5000 4997 1379 1243
0.45 1.5848932e-09 5000 5000 4997 1322 1202
0.45 1.9952623e-05 5000 5000 4996 1366 1240
0.45 1.9952623e-06 5000 5000 4999 1349 1233
0.45 1.9952623e-07 5000 5000 4995 1347 1232
0.45 1.9952623e-08 5000 5000 4994 1327 1206
0.45 1.9952623e-09 5000 5000 4994 1386 1253
0.45 1e-05 5000 5000 4997 1316 1195
0.45 1e-06 5000 5000 4998 1362 1232
0.45 1e-07 5000 5000 4998 1424 1301
0.45 1e-08 5000 5000 4995 1328 1214
0.45 1e-09 5000 5000 4995 1400 1278
0.45 2.5118864e-05 5000 5000 4997 1373 1250
0.45 2.5118864e-06 5000 5000 4999 1322 1202
0.45 2.5118864e-07 5000 5000 4995 1355 1237
0.45 2.5118864e-08 5000 5000 4995 1361 1259
0.45 2.5118864e-09 5000 5000 4997 1383 1262
0.45 3.1622777e-05 5000 5000 4993 1285 1179
0.45 3.1622777e-06 5000 5000 4995 1368 1227
0.45 3.1622777e-07 5000 5000 4996 1367 1230
0.45 3.1622777e-08 5000 5000 4999 1355 1247
0.45 3.1622777e-09 5000 5000 4996 1428 1299
0.45 3.9810717e-05 5000 5000 4998 1333 1213
0.45 3.9810717e-06 5000 5000 4999 1312 1199
0.45 3.9810717e-07 5000 5000 4997 1355 1252
0.45 3.9810717e-08 5000 5000 4997 1430 1308
0.45 3.9810717e-09 5000 5000 4996 1390 1274
0.45 5.0118723e-05 5000 5000 4993 1365 1235
0.45 5.0118723e-06 5000 5000 4996 1355 1239
0.45 5.0118723e-07 5000 5000 4996 1359 1247
0.45 5.0118723e-08 5000 5000 4995 1342 1223
0.45 5.0118723e-09 5000 5000 4994 1361 1229
0.45 6.3095734e-05 5000 5000 4995 1379 1258
0.45 6.3095734e-06 5000 5000 4994 1350 1238
0.45 6.3095734e-07 5000 5000 4999 1347 1217
0.45 6.3095734e-08 5000 5000 4995 1399 1280
0.45 6.3095734e-09 5000 5000 4997 1310 1199
0.45 7.9432823e-05 5000 5000 4994 1357 1220
0.45 7.9432823e-06 5000 5000 4996 1356 1234
0.45 7.9432823e-07 5000 5000 4997 1377 1256
0.45 7.9432823e-08 5000 5000 4996 1327 1202
0.45 7.9432823e-09 5000 5000 4998 1411 1280
0.4 1.5848932e-08 5000 5000 4994 1379 1226
0.4 1.9952623e-06 5000 5000 4993 1411 1257
0.5 0.00012589254 5000 5000 4996 1342 1214
0.5 0.00015848932 5000 5000 4995 1345 1241
0.5 0.00019952623 5000 5000 4994 1333 1218
0.5 0.0001 5000 5000 4997 1311 1183
0.5 0.00025118864 5000 5000 4995 1231 1133
0.5 0.00031622777 5000 5000 4999 1310 1204
0.5 1.2589254e-05 5000 5000 4997 1369 1241
0.5 1.2589254e-06 5000 5000 4995 1303 1184
0.5 1.2589254e-07 5000 5000 4997 1312 1192
0.5 1.2589254e-08 5000 5000 4997 1336 1235
0.5 1.2589254e-09 5000 5000 4992 1300 1187
0.5 1.5848932e-05 5000 5000 4995 1270 1164
0.5 1.5848932e-06 5000 5000 4998 1283 1186
0.5 1.5848932e-07 5000 5000 4998 1345 1238
0.5 1.5848932e-08 5000 5000 4996 1314 1190
0.5 1.5848932e-09 5000 5000 4996 1295 1178
0.5 1.9952623e-05 5000 5000 4997 1329 1212
0.5 1.9952623e-06 5000 5000 4994 1269 1161
0.5 1.9952623e-07 5000 5000 4998 1389 1263
0.5 1.9952623e-08 5000 5000 4996 1354 1215
0.5 1.9952623e-09 5000 5000 4998 1309 1174
0.5 1e-05 5000 5000 4997 1308 1186
0.5 1e-06 5000 5000 4995 1347 1216
0.5 1e-07 5000 5000 4993 1391 1271
0.5 1e-08 5000 5000 4995 1293 1182
0.5 1e-09 5000 5000 4992 1359 1240
0.5 2.5118864e-05 5000 5000 4999 1296 1188
0.5 2.5118864e-06 5000 5000 4993 1260 1145
0.5 2.5118864e-07 5000 5000 4991 1309 1177
0.5 2.5118864e-08 5000 5000 4997 1326 1204
0.5 2.5118864e-09 5000 5000 4998 1293 1181
0.5 3.1622777e-05 5000 5000 4991 1333 1219
0.5 3.1622777e-06 5000 5000 4995 1283 1182
0.5 3.1622777e-07 5000 5000 4996 1333 1200
0.5 3.1622777e-08 5000 5000 4994 1340 1234
0.5 3.1622777e-09 5000 5000 4997 1295 1180
0.5 3.9810717e-05 5000 5000 4989 1380 1253
0.5 3.9810717e-06 5000 5000 4993 1335 1209
0.5 3.9810717e-07 5000 5000 4996 1294 1179
0.5 3.9810717e-08 5000 5000 4993 1315 1202
0.5 3.9810717e-09 5000 5000 4999 1319 1210
0.5 5.0118723e-05 5000 5000 4996 1336 1223
0.5 5.0118723e-06 5000 5000 4996 1367 1254
0.5 5.0118723e-07 5000 5000 4997 1344 1231
0.5 5.0118723e-09 5000 5000 4994 1328 1217
0.5 6.3095734e-05 5000 5000 4997 1316 1201
0.5 6.3095734e-06 5000 5000 4998 1299 1198
0.5 6.3095734e-07 5000 5000 4994 1308 1179
0.5 6.3095734e-08 5000 5000 4998 1274 1156
0.5 6.3095734e-09 5000 5000 4998 1322 1208
0.5 7.9432823e-05 5000 5000 4998 1338 1226
0.5 7.9432823e-06 5000 5000 4999 1316 1201
0.5 7.9432823e-07 5000 5000 4991 1339 1218
0.5 7.9432823e-08 5000 5000 4998 1352 1228
0.5 7.9432823e-09 5000 5000 4994 1345 1223
0.55 1.2589254e-05 5000 5000 4995 1270 1169
0.55 1.2589254e-06 5000 5000 4995 1251 1143
0.55 1.2589254e-07 5000 5000 4999 1303 1187
0.55 1.2589254e-08 5000 5000 4998 1319 1189
0.55 1.5848932e-05 5000 5000 4996 1332 1223
0.55 1.5848932e-06 5000 5000 4997 1277 1153
0.55 1.5848932e-07 5000 5000 4996 1300 1212
0.55 1.5848932e-08 5000 5000 4996 1241 1108
0.55 1.9952623e-05 5000 5000 4996 1282 1154
0.55 1.9952623e-07 5000 5000 4998 1215 1092
0.55 1.9952623e-08 5000 5000 4993 1286 1163
0.55 1e-05 5000 5000 4998 1311 1208
0.55 1e-06 5000 5000 4997 1276 1164
0.55 1e-07 5000 5000 4994 1260 1150
0.55 1e-08 5000 5000 4997 1341 1220
0.55 2.5118864e-05 5000 5000 4994 1290 1182
0.55 2.5118864e-06 5000 5000 4997 1267 1151
0.55 2.5118864e-07 5000 5000 4997 1303 1179
0.55 2.5118864e-08 5000 5000 4997 1263 1126
0.55 3.1622777e-05 5000 5000 4994 1259 1127
0.55 3.1622777e-06 5000 5000 4999 1305 1184
0.55 3.1622777e-07 5000 5000 4995 1274 1168
0.55 3.1622777e-08 5000 5000 4996 1302 1176
0.55 3.1622777e-09 5000 5000 4996 1230 1119
0.55 3.9810717e-06 5000 5000 4994 1306 1177
0.55 3.9810717e-07 5000 5000 4998 1243 1146
0.55 3.9810717e-08 5000 5000 4996 1256 1145
0.55 3.9810717e-09 5000 5000 4997 1284 1178
0.55 5.0118723e-06 5000 5000 4999 1301 1188
0.55 5.0118723e-07 5000 5000 4999 1279 1176
0.55 5.0118723e-08 5000 5000 4995 1316 1214
0.55 5.0118723e-09 5000 5000 4993 1276 1182
0.55 6.3095734e-06 5000 5000 4994 1233 1122
0.55 6.3095734e-07 5000 5000 4996 1303 1191
0.55 6.3095734e-08 5000 5000 4997 1290 1181
0.55 6.3095734e-09 5000 5000 4998 1247 1124
0.55 7.9432823e-06 5000 5000 4998 1245 1127
0.55 7.9432823e-07 5000 5000 4996 1223 1111
0.55 7.9432823e-08 5000 5000 4998 1285 1175
0.55 7.9432823e-09 5000 5000 4996 1349 1221
0.6 1.2589254e-05 5000 5000 4998 1252 1146
0.6 1.2589254e-06 5000 5000 4997 1248 1132
0.6 1.2589254e-07 5000 5000 4996 1238 1110
0.6 1.2589254e-08 5000 5000 4998 1230 1109
0.6 1.5848932e-05 5000 5000 4996 1205 1101
0.6 1.5848932e-06 5000 5000 4996 1305 1191
0.6 1.5848932e-07 5000 5000 4998 1253 1143
0.6 1.5848932e-08 5000 5000 4998 1205 1083
0.6 1.9952623e-05 5000 5000 4997 1229 1128
0.6 1.9952623e-06 5000 5000 4997 1274 1140
0.6 1.9952623e-07 5000 5000 4995 1184 1082
0.6 1e-05 5000 5000 4999 1264 1151
0.6 1e-06 5000 5000 4996 1237 1129
0.6 1e-07 5000 5000 4998 1187 1077
0.6 1e-08 5000 5000 4997 1242 1130
0.6 2.5118864e-05 5000 5000 4995 1237 1121
0.6 2.5118864e-06 5000 5000 4998 1288 1188
0.6 2.5118864e-07 5000 5000 4998 1256 1157
0.6 2.5118864e-08 5000 5000 4998 1258 1151
0.6 3.1622777e-05 5000 5000 4997 1191 1084
0.6 3.1622777e-06 5000 5000 4998 1242 1140
0.6 3.1622777e-07 5000 5000 4997 1251 1146
0.6 3.1622777e-08 5000 5000 4999 1246 1142
0.6 3.1622777e-09 5000 5000 4992 1206 1118
0.6 3.9810717e-06 5000 5000 4998 1217 1103
0.6 3.9810717e-07 5000 5000 4993 1257 1142
0.6 3.9810717e-08 5000 5000 4999 1244 1123
0.6 3.9810717e-09 5000 5000 4997 1184 1070
0.6 5.0118723e-06 5000 5000 4999 1241 1134
0.6 5.0118723e-07 5000 5000 4998 1198 1088
0.6 5.0118723e-08 5000 5000 4997 1283 1172
0.6 5.0118723e-09 5000 5000 5000 1250 1130
0.6 6.3095734e-06 5000 5000 4999 1213 1094
0.6 6.3095734e-07 5000 5000 4997 1224 1112
0.6 6.3095734e-08 5000 5000 4994 1181 1077
0.6 6.3095734e-09 5000 5000 4997 1248 1125
0.6 7.9432823e-06 5000 5000 4998 1260 1148
0.6 7.9432823e-07 5000 5000 4996 1188 1078
0.6 7.9432823e-08 5000 5000 4993 1254 1136
0.6 7.9432823e-09 5000 5000 4997 1210 1119
0.65 1.1220184543e-06 5000 5000 4998 1227 1109
0.65 1.2589254e-05 5000 5000 4994 1223 1109
0.65 1.2589254e-06 5000 5000 4999 1217 1108
0.65 1.2589254e-07 5000 5000 4996 1194 1087
0.65 1.2589254e-08 5000 5000 4998 1219 1109
0.65 1.41253754462e-06 5000 5000 4998 1196 1073
0.65 1.5848932e-05 5000 5000 4998 1192 1060
0.65 1.5848932e-06 5000 5000 4996 1176 1069
0.65 1.5848932e-07 5000 5000 4999 1177 1068
0.65 1.5848932e-08 5000 5000 4994 1193 1082
0.65 1.77827941004e-06 5000 5000 4997 1133 1032
0.65 1.9952623e-05 5000 5000 4995 1227 1121
0.65 1.9952623e-06 5000 5000 4998 1186 1075
0.65 1.9952623e-07 5000 5000 4996 1209 1098
0.65 1.9952623e-08 5000 5000 5000 1187 1086
0.65 1e-05 5000 5000 4998 1151 1040
0.65 1e-06 5000 5000 4998 1196 1093
0.65 1e-08 5000 5000 4996 1211 1109
0.65 2.23872113857e-06 5000 5000 5000 1167 1055
0.65 2.5118864e-05 5000 5000 4997 1166 1052
0.65 2.5118864e-06 5000 5000 4995 1219 1112
0.65 2.5118864e-07 5000 5000 4996 1242 1122
0.65 2.5118864e-08 5000 5000 4999 1185 1081
0.65 2.81838293126e-06 5000 5000 4996 1196 1094
0.65 3.1622777e-05 5000 5000 5000 1216 1110
0.65 3.1622777e-06 5000 5000 4998 1151 1038
0.65 3.1622777e-07 5000 5000 4998 1192 1097
0.65 3.1622777e-08 5000 5000 4995 1234 1126
0.65 3.1622777e-09 5000 5000 4994 1228 1107
0.65 3.54813389234e-06 5000 5000 4999 1188 1081
0.65 3.9810717e-06 5000 5000 4996 1164 1052
0.65 3.9810717e-07 5000 5000 4996 1186 1065
0.65 3.9810717e-08 5000 5000 4998 1215 1114
0.65 3.9810717e-09 5000 5000 4997 1160 1061
0.65 4.46683592151e-06 5000 5000 4997 1190 1078
0.65 5.0118723e-06 5000 5000 4998 1213 1081
0.65 5.0118723e-07 5000 5000 4999 1218 1101
0.65 5.0118723e-08 5000 5000 4998 1185 1077
0.65 5.0118723e-09 5000 5000 4999 1150 1046
0.65 5.6234132519e-06 5000 5000 4996 1167 1064
0.65 6.3095734e-06 5000 5000 4997 1244 1126
0.65 6.3095734e-07 5000 5000 4998 1139 1019
0.65 6.3095734e-08 5000 5000 4995 1232 1121
0.65 6.3095734e-09 5000 5000 4998 1148 1035
0.65 7.07945784384e-06 5000 5000 4998 1161 1032
0.65 7.9432823e-06 5000 5000 4998 1194 1084
0.65 7.9432823e-07 5000 5000 5000 1237 1117
0.65 7.9432823e-08 5000 5000 4997 1220 1097
0.65 7.9432823e-09 5000 5000 4997 1193 1097
0.65 8.91250938134e-06 5000 5000 4999 1171 1050
0.7 1.2589254e-05 5000 5000 4994 1015 917
0.7 1.2589254e-06 5000 5000 4997 1079 974
0.7 1.2589254e-07 5000 5000 4997 1035 936
0.7 1.2589254e-08 5000 5000 4997 1083 985
0.7 1.5848932e-05 5000 5000 4995 1056 954
0.7 1.5848932e-06 5000 5000 4999 1107 1004
0.7 1.5848932e-07 5000 5000 4996 1091 991
0.7 1.5848932e-08 5000 5000 4996 1107 996
0.7 1.9952623e-05 5000 5000 4992 1057 964
0.7 1.9952623e-06 5000 5000 4996 1060 967
0.7 1.9952623e-07 5000 5000 4996 1121 1031
0.7 1.9952623e-08 5000 5000 4998 1120 980
0.7 1e-05 5000 5000 4995 1161 1060
0.7 1e-06 5000 5000 4992 1100 963
0.7 1e-07 5000 5000 4996 1069 961
0.7 1e-08 5000 5000 4999 1082 979
0.7 2.5118864e-05 5000 5000 4997 1095 990
0.7 2.5118864e-06 5000 5000 4996 1067 973
0.7 2.5118864e-07 5000 5000 4995 1136 1033
0.7 2.5118864e-08 5000 5000 4997 1094 991
0.7 3.1622777e-05 5000 5000 4995 1058 975
0.7 3.1622777e-06 5000 5000 4998 1137 1024
0.7 3.1622777e-07 5000 5000 4998 1093 984
0.7 3.1622777e-08 5000 5000 4995 1086 982
0.7 3.1622777e-09 5000 5000 4999 1099 989
0.7 3.9810717e-06 5000 5000 4998 1054 933
0.7 3.9810717e-07 5000 5000 4999 1029 933
0.7 3.9810717e-08 5000 5000 4999 1088 992
0.7 3.9810717e-09 5000 5000 4997 1102 996
0.7 5.0118723e-06 5000 5000 4998 1066 957
0.7 5.0118723e-07 5000 5000 4996 1051 961
0.7 5.0118723e-08 5000 5000 4994 1097 981
0.7 5.0118723e-09 5000 5000 4997 1149 1027
0.7 6.3095734e-06 5000 5000 4995 1059 942
0.7 6.3095734e-07 5000 5000 4996 1069 975
0.7 6.3095734e-08 5000 5000 4997 1052 941
0.7 6.3095734e-09 5000 5000 4993 1029 929
0.7 7.9432823e-06 5000 5000 4998 1144 1041
0.7 7.9432823e-08 5000 5000 4997 1055 967
0.7 7.9432823e-09 5000 5000 4998 1099 991
0.75 1.1220184543e-06 5000 5000 4996 950 850
0.75 1.2589254e-05 5000 5000 4994 1020 935
0.75 1.2589254e-06 5000 5000 4992 976 879
0.75 1.2589254e-07 5000 5000 4996 976 893
0.75 1.2589254e-08 5000 5000 4995 956 863
0.75 1.41253754462e-06 5000 5000 4995 1005 914
0.75 1.5848932e-05 5000 5000 4994 1005 908
0.75 1.5848932e-06 5000 5000 4997 1040 945
0.75 1.5848932e-07 5000 5000 4989 990 900
0.75 1.5848932e-08 5000 5000 4993 994 888
0.75 1.77827941004e-06 5000 5000 4997 1003 917
0.75 1.9952623e-05 5000 5000 4993 980 899
0.75 1.9952623e-06 5000 5000 4996 953 844
0.75 1.9952623e-07 5000 5000 4997 983 885
0.75 1.9952623e-08 5000 5000 4994 953 866
0.75 1e-05 5000 5000 4996 975 871
0.75 1e-06 5000 5000 4994 1002 904
0.75 1e-07 5000 5000 4994 976 893
0.75 1e-08 5000 5000 4998 1026 936
0.75 2.23872113857e-06 5000 5000 4994 1039 936
0.75 2.5118864e-05 5000 5000 4997 971 864
0.75 2.5118864e-06 5000 5000 4995 1099 1015
0.75 2.5118864e-07 5000 5000 4996 1004 911
0.75 2.5118864e-08 5000 5000 4992 1026 931
0.75 2.81838293126e-06 5000 5000 4993 1020 941
0.75 3.1622777e-05 5000 5000 4992 999 886
0.75 3.1622777e-06 5000 5000 4995 1003 907
0.75 3.1622777e-07 5000 5000 4994 1049 949
0.75 3.1622777e-08 5000 5000 4991 984 877
0.75 3.1622777e-09 5000 5000 4996 994 887
0.75 3.54813389234e-06 5000 5000 4993 1045 948
0.75 3.9810717e-06 5000 5000 4995 985 867
0.75 3.9810717e-07 5000 5000 4990 1003 900
0.75 3.9810717e-08 5000 5000 4995 997 915
0.75 3.9810717e-09 5000 5000 4992 1022 922
0.75 4.46683592151e-06 5000 5000 4995 1029 926
0.75 5.0118723e-06 5000 5000 4996 1045 953
0.75 5.0118723e-07 5000 5000 4996 1027 927
0.75 5.0118723e-08 5000 5000 4994 1044 942
0.75 5.0118723e-09 5000 5000 4988 975 883
0.75 5.6234132519e-06 5000 5000 4995 1014 887
0.75 6.3095734e-06 5000 5000 4998 937 845
0.75 6.3095734e-07 5000 5000 4998 1004 906
0.75 6.3095734e-08 5000 5000 4994 964 873
0.75 6.3095734e-09 5000 5000 4997 1006 924
0.75 7.07945784384e-06 5000 5000 4996 1050 951
0.75 7.9432823e-06 5000 5000 4995 1007 905
0.75 7.9432823e-07 5000 5000 4993 1030 932
0.75 7.9432823e-08 5000 5000 4997 1004 906
0.75 7.9432823e-09 5000 5000 4997 1005 893
0.75 8.91250938134e-06 5000 5000 4995 1001 908
0.8 1.1220184543e-06 5000 5000 4991 1039 930
0.8 1.2589254e-05 5000 5000 4997 961 887
0.8 1.2589254e-06 5000 5000 4996 1011 903
0.8 1.2589254e-07 5000 5000 4995 1010 923
0.8 1.2589254e-08 5000 5000 4998 1003 925
0.8 1.41253754462e-06 5000 5000 4995 1043 945
0.8 1.5848932e-05 5000 5000 4995 1029 923
0.8 1.5848932e-06 5000 5000 4997 1046 950
0.8 1.5848932e-07 5000 5000 4995 1065 963
0.8 1.5848932e-08 5000 5000 4999 968 872
0.8 1.77827941004e-06 5000 5000 4996 1003 925
0.8 1.9952623e-05 5000 5000 4996 1035 933
0.8 1.9952623e-06 5000 5000 4998 1067 979
0.8 1.9952623e-07 5000 5000 4998 1009 920
0.8 1.9952623e-08 5000 5000 4999 1048 963
0.8 1e-05 5000 5000 4997 999 912
0.8 1e-06 5000 5000 4998 1041 924
0.8 1e-07 5000 5000 4998 1032 912
0.8 1e-08 5000 5000 4996 1022 923
0.8 2.23872113857e-06 5000 5000 4996 1002 906
0.8 2.5118864e-05 5000 5000 4996 1045 940
0.8 2.5118864e-06 5000 5000 4995 1065 983
0.8 2.5118864e-07 5000 5000 4995 1068 955
0.8 2.5118864e-08 5000 5000 4999 989 913
0.8 2.81838293126e-06 5000 5000 4996 1016 905
0.8 3.1622777e-05 5000 5000 4998 1043 941
0.8 3.1622777e-06 5000 5000 4994 1050 959
0.8 3.1622777e-07 5000 5000 4998 985 894
0.8 3.1622777e-08 5000 5000 4996 1003 898
0.8 3.1622777e-09 5000 5000 4994 1061 957
0.8 3.54813389234e-06 5000 5000 4997 987 894
0.8 3.9810717e-06 5000 5000 4992 1076 972
0.8 3.9810717e-07 5000 5000 4995 1009 917
0.8 3.9810717e-08 5000 5000 4996 1013 922
0.8 3.9810717e-09 5000 5000 4996 999 912
0.8 4.46683592151e-06 5000 5000 4991 1013 921
0.8 5.0118723e-06 5000 5000 4995 1038 947
0.8 5.0118723e-07 5000 5000 4995 1027 928
0.8 5.0118723e-08 5000 5000 4993 976 900
0.8 5.0118723e-09 5000 5000 4997 1046 941
0.8 5.6234132519e-06 5000 5000 4995 1026 928
0.8 6.3095734e-06 5000 5000 5000 1038 940
0.8 6.3095734e-07 5000 5000 4998 1027 930
0.8 6.3095734e-08 5000 5000 4996 1015 929
0.8 6.3095734e-09 5000 5000 4997 1046 964
0.8 7.07945784384e-06 5000 5000 4995 1021 918
0.8 7.9432823e-06 5000 5000 4996 1055 971
0.8 7.9432823e-07 5000 5000 4997 1062 967
0.8 7.9432823e-08 5000 5000 4998 1037 934
0.8 7.9432823e-09 5000 5000 4991 1001 909
0.8 8.91250938134e-06 5000 5000 4998 1017 920
0.81 1.1220184543e-06 5000 5000 4998 1046 948
0.81 1.2589254e-05 5000 5000 4995 976 865
0.81 1.2589254e-06 5000 5000 4995 1039 932
0.81 1.2589254e-07 5000 5000 4996 1078 971
0.81 1.2589254e-08 5000 5000 4995 1028 918
0.81 1.41253754462e-06 5000 5000 4998 1037 924
0.81 1.5848932e-05 5000 5000 4996 1032 937
0.81 1.5848932e-06 5000 5000 4994 1013 921
0.81 1.5848932e-07 5000 5000 4996 1012 916
0.81 1.5848932e-08 5000 5000 4996 1014 920
0.81 1.77827941004e-06 5000 5000 4996 993 903
0.81 1.9952623e-05 5000 5000 4994 1013 907
0.81 1.9952623e-06 5000 5000 4996 1050 946
0.81 1.9952623e-07 5000 5000 4998 1036 927
0.81 1.9952623e-08 5000 5000 4997 1029 931
0.81 1e-05 5000 5000 4995 1038 944
0.81 1e-06 5000 5000 5000 1048 930
0.81 1e-07 5000 5000 4991 996 894
0.81 1e-08 5000 5000 4996 1069 965
0.81 2.23872113857e-06 5000 5000 4997 999 889
0.81 2.5118864e-05 5000 5000 4997 1091 980
0.81 2.5118864e-06 5000 5000 4999 974 874
0.81 2.5118864e-07 5000 5000 4995 1037 936
0.81 2.5118864e-08 5000 5000 4994 1060 967
0.81 2.81838293126e-06 5000 5000 5000 973 882
0.81 3.1622777e-05 5000 5000 4993 1037 923
0.81 3.1622777e-06 5000 5000 4998 1062 962
0.81 3.1622777e-07 5000 5000 4997 1037 940
0.81 3.1622777e-09 5000 5000 4998 1067 984
0.81 3.54813389234e-06 5000 5000 4994 1041 934
0.81 3.9810717e-06 5000 5000 4998 1021 921
0.81 3.9810717e-07 5000 5000 4998 1027 948
0.81 3.9810717e-08 5000 5000 4998 1003 904
0.81 3.9810717e-09 5000 5000 4995 1006 904
0.81 4.46683592151e-06 5000 5000 4994 1031 922
0.81 5.0118723e-06 5000 5000 4995 1059 949
0.81 5.0118723e-07 5000 5000 4995 1033 950
0.81 5.0118723e-08 5000 5000 4997 1007 902
0.81 5.0118723e-09 5000 5000 4991 987 898
0.81 5.6234132519e-06 5000 5000 4998 995 899
0.81 6.3095734e-06 5000 5000 4999 983 892
0.81 6.3095734e-07 5000 5000 4999 1059 974
0.81 6.3095734e-08 5000 5000 4994 998 905
0.81 6.3095734e-09 5000 5000 4996 1054 935
0.81 7.07945784384e-06 5000 5000 4997 988 905
0.81 7.9432823e-06 5000 5000 4995 1012 910
0.81 7.9432823e-07 5000 5000 4998 1059 960
0.81 7.9432823e-08 5000 5000 4997 1029 932
0.81 7.9432823e-09 5000 5000 4999 1014 915
0.81 8.91250938134e-06 5000 5000 4995 1031 938
0.82 1.1220184543e-06 5000 5000 4998 1031 930
0.82 1.2589254e-05 5000 5000 4996 1043 928
0.82 1.2589254e-06 5000 5000 4999 1133 1043
0.82 1.2589254e-07 5000 5000 4997 1022 920
0.82 1.2589254e-08 5000 5000 4998 1060 940
0.82 1.41253754462e-06 5000 5000 4997 1004 912
0.82 1.5848932e-05 5000 5000 4994 1072 982
0.82 1.5848932e-06 5000 5000 4994 996 892
0.82 1.5848932e-07 5000 5000 4994 1059 955
0.82 1.5848932e-08 5000 5000 4995 1010 918
0.82 1.77827941004e-06 5000 5000 4997 1061 966
0.82 1.9952623e-05 5000 5000 4998 1067 969
0.82 1.9952623e-06 5000 5000 4998 1003 893
0.82 1.9952623e-07 5000 5000 4996 1020 917
0.82 1.9952623e-08 5000 5000 4995 1034 943
0.82 1e-05 5000 5000 4995 1005 902
0.82 1e-07 5000 5000 4998 1081 994
0.82 1e-08 5000 5000 4999 1081 981
0.82 2.23872113857e-06 5000 5000 4998 1053 947
0.82 2.5118864e-05 5000 5000 4996 1019 913
0.82 2.5118864e-06 5000 5000 4995 1027 938
0.82 2.5118864e-07 5000 5000 4998 1046 949
0.82 2.5118864e-08 5000 5000 4997 1012 908
0.82 2.81838293126e-06 5000 5000 4999 1037 942
0.82 3.1622777e-05 5000 5000 4993 1045 936
0.82 3.1622777e-06 5000 5000 4997 997 905
0.82 3.1622777e-07 5000 5000 4996 1064 979
0.82 3.1622777e-08 5000 5000 4995 1048 939
0.82 3.1622777e-09 5000 5000 4996 1039 935
0.82 3.54813389234e-06 5000 5000 4996 1055 963
0.82 3.9810717e-06 5000 5000 4998 1027 939
0.82 3.9810717e-07 5000 5000 4998 1103 991
0.82 3.9810717e-08 5000 5000 4997 1050 933
0.82 3.9810717e-09 5000 5000 4996 1028 918
0.82 4.46683592151e-06 5000 5000 4996 1048 952
0.82 5.0118723e-06 5000 5000 4997 982 893
0.82 5.0118723e-07 5000 5000 4997 989 876
0.82 5.0118723e-08 5000 5000 4997 1063 964
0.82 5.0118723e-09 5000 5000 4998 970 890
0.82 5.6234132519e-06 5000 5000 4997 1038 938
0.82 6.3095734e-06 5000 5000 4999 1009 917
0.82 6.3095734e-07 5000 5000 4996 1078 960
0.82 6.3095734e-08 5000 5000 4997 1034 936
0.82 6.3095734e-09 5000 5000 4995 1025 926
0.82 7.07945784384e-06 5000 5000 4998 1052 955
0.82 7.9432823e-06 5000 5000 4999 1046 933
0.82 7.9432823e-07 5000 5000 4997 1025 917
0.82 7.9432823e-08 5000 5000 4996 1036 941
0.82 7.9432823e-09 5000 5000 5000 1078 964
0.82 8.91250938134e-06 5000 5000 4995 1057 939
0.83 1.1220184543e-06 5000 5000 4998 996 901
0.83 1.2589254e-05 5000 5000 4999 1071 976
0.83 1.2589254e-06 5000 5000 4996 1036 934
0.83 1.2589254e-07 5000 5000 4996 1026 925
0.83 1.2589254e-08 5000 5000 4995 1058 952
0.83 1.41253754462e-06 5000 5000 4998 1061 966
0.83 1.5848932e-05 5000 5000 4998 1045 939
0.83 1.5848932e-06 5000 5000 4999 1073 970
0.83 1.5848932e-07 5000 5000 4998 1065 961
0.83 1.5848932e-08 5000 5000 4998 991 882
0.83 1.77827941004e-06 5000 5000 4996 1021 926
0.83 1.9952623e-05 5000 5000 4997 1038 933
0.83 1.9952623e-06 5000 5000 4994 1106 992
0.83 1.9952623e-07 5000 5000 4999 1059 950
0.83 1.9952623e-08 5000 5000 4996 1072 965
0.83 1e-05 5000 5000 4999 1053 947
0.83 1e-06 5000 5000 4999 1042 946
0.83 1e-07 5000 5000 4997 1056 951
0.83 1e-08 5000 5000 4997 1076 973
0.83 2.23872113857e-06 5000 5000 4997 1058 965
0.83 2.5118864e-05 5000 5000 4993 1002 915
0.83 2.5118864e-06 5000 5000 4995 1043 940
0.83 2.5118864e-07 5000 5000 4996 1039 959
0.83 2.5118864e-08 5000 5000 4998 1045 946
0.83 2.81838293126e-06 5000 5000 4997 1082 975
0.83 3.1622777e-05 5000 5000 4998 1096 984
0.83 3.1622777e-06 5000 5000 4998 1071 986
0.83 3.1622777e-07 5000 5000 4997 1047 947
0.83 3.1622777e-08 5000 5000 4997 1049 933
0.83 3.1622777e-09 5000 5000 4998 1068 993
0.83 3.54813389234e-06 5000 5000 4994 1077 975
0.83 3.9810717e-06 5000 5000 4995 1052 957
0.83 3.9810717e-07 5000 5000 4992 1041 940
0.83 3.9810717e-08 5000 5000 4997 1064 958
0.83 3.9810717e-09 5000 5000 4995 1044 953
0.83 4.46683592151e-06 5000 5000 4995 1058 937
0.83 5.0118723e-06 5000 5000 5000 1057 952
0.83 5.0118723e-07 5000 5000 4997 1034 936
0.83 5.0118723e-08 5000 5000 4997 1104 1005
0.83 5.0118723e-09 5000 5000 4998 1043 957
0.83 5.6234132519e-06 5000 5000 4998 1034 923
0.83 6.3095734e-06 5000 5000 4997 1084 970
0.83 6.3095734e-07 5000 5000 5000 1069 966
0.83 6.3095734e-08 5000 5000 4998 1069 973
0.83 6.3095734e-09 5000 5000 4998 1067 978
0.83 7.07945784384e-06 5000 5000 4996 1023 912
0.83 7.9432823e-06 5000 5000 4996 1068 961
0.83 7.9432823e-07 5000 5000 4998 1045 944
0.83 7.9432823e-08 5000 5000 4999 1089 997
0.83 7.9432823e-09 5000 5000 4999 1091 995
0.83 8.91250938134e-06 5000 5000 4995 1085 982
0.84 1.2589254e-05 5000 5000 4998 1096 995
0.84 1.2589254e-06 5000 5000 5000 1104 1012
0.84 1.2589254e-07 5000 5000 4998 1066 983
0.84 1.2589254e-08 5000 5000 4996 1061 958
0.84 1.5848932e-05 5000 5000 4999 1025 940
0.84 1.5848932e-06 5000 5000 4997 1034 941
0.84 1.5848932e-07 5000 5000 4996 1062 963
0.84 1.5848932e-08 5000 5000 4999 1028 925
0.84 1.9952623e-05 5000 5000 4998 1045 946
0.84 1.9952623e-06 5000 5000 4995 1048 947
0.84 1.9952623e-07 5000 5000 4995 1057 950
0.84 1.9952623e-08 5000 5000 4999 1135 1016
0.84 1e-05 5000 5000 4999 1032 953
0.84 1e-06 5000 5000 4998 1084 981
0.84 1e-07 5000 5000 4996 1026 931
0.84 1e-08 5000 5000 4998 1088 983
0.84 2.5118864e-05 5000 5000 4999 1117 992
0.84 2.5118864e-06 5000 5000 4997 1074 964
0.84 2.5118864e-07 5000 5000 4997 1047 950
0.84 2.5118864e-08 5000 5000 4998 1095 1011
0.84 3.1622777e-05 5000 5000 5000 1041 940
0.84 3.1622777e-06 5000 5000 4996 1058 957
0.84 3.1622777e-07 5000 5000 4998 1081 973
0.84 3.1622777e-08 5000 5000 4998 1052 944
0.84 3.1622777e-09 5000 5000 4999 1061 959
0.84 3.9810717e-06 5000 5000 4999 1044 951
0.84 3.9810717e-07 5000 5000 4999 1060 962
0.84 3.9810717e-08 5000 5000 5000 1056 950
0.84 3.9810717e-09 5000 5000 4995 1062 954
0.84 5.0118723e-06 5000 5000 4997 1020 899
0.84 5.0118723e-07 5000 5000 4995 1084 1000
0.84 5.0118723e-08 5000 5000 4997 1053 950
0.84 5.0118723e-09 5000 5000 5000 1071 959
0.84 6.3095734e-06 5000 5000 4996 1017 893
0.84 6.3095734e-07 5000 5000 4993 1108 993
0.84 6.3095734e-08 5000 5000 4996 1051 961
0.84 6.3095734e-09 5000 5000 4996 1062 941
0.84 7.9432823e-06 5000 5000 4997 1068 967
0.84 7.9432823e-07 5000 5000 4998 1085 955
0.84 7.9432823e-08 5000 5000 4998 1065 966
0.84 7.9432823e-09 5000 5000 4996 1029 928
0.85 1.2589254e-05 5000 5000 4996 1097 991
0.85 1.2589254e-06 5000 5000 4997 1064 956
0.85 1.2589254e-07 5000 5000 4996 1078 971
0.85 1.2589254e-08 5000 5000 4999 1030 927
0.85 1.5848932e-05 5000 5000 4998 1101 1001
0.85 1.5848932e-06 5000 5000 4998 1119 1022
0.85 1.5848932e-07 5000 5000 4998 1098 996
0.85 1.5848932e-08 5000 5000 4999 1087 977
0.85 1.9952623e-05 5000 5000 4996 1053 952
0.85 1.9952623e-06 5000 5000 4996 1060 970
0.85 1.9952623e-07 5000 5000 4997 1053 949
0.85 1.9952623e-08 5000 5000 4996 1029 919
0.85 1e-05 5000 5000 4998 1057 955
0.85 1e-06 5000 5000 4995 1128 1025
0.85 1e-07 5000 5000 4999 1102 997
0.85 1e-08 5000 5000 5000 1069 970
0.85 2.5118864e-05 5000 5000 4998 1019 925
0.85 2.5118864e-06 5000 5000 4996 1121 1022
0.85 2.5118864e-07 5000 5000 5000 1018 914
0.85 2.5118864e-08 5000 5000 4998 1065 965
0.85 3.1622777e-05 5000 5000 4997 1074 986
0.85 3.1622777e-06 5000 5000 4997 1038 950
0.85 3.1622777e-07 5000 5000 4996 1036 946
0.85 3.1622777e-08 5000 5000 4999 1066 965
0.85 3.1622777e-09 5000 5000 4995 1047 959
0.85 3.9810717e-06 5000 5000 4997 1066 959
0.85 3.9810717e-07 5000 5000 4998 1079 992
0.85 3.9810717e-08 5000 5000 4994 1119 1032
0.85 3.9810717e-09 5000 5000 4998 1006 883
0.85 5.0118723e-06 5000 5000 4994 1054 957
0.85 5.0118723e-07 5000 5000 4995 1128 1017
0.85 5.0118723e-08 5000 5000 5000 1056 977
0.85 5.0118723e-09 5000 5000 4997 1086 983
0.85 6.3095734e-06 5000 5000 4999 1099 989
0.85 6.3095734e-07 5000 5000 4998 1111 990
0.85 6.3095734e-08 5000 5000 4998 1062 959
0.85 6.3095734e-09 5000 5000 4998 1093 1009
0.85 7.9432823e-06 5000 5000 4999 1138 1034
0.85 7.9432823e-07 5000 5000 4999 1046 955
0.85 7.9432823e-08 5000 5000 4999 1135 1027
0.85 7.9432823e-09 5000 5000 4996 1091 1001
0.86 1.1220184543e-06 5000 5000 4994 1115 999
0.86 1.2589254e-05 5000 5000 5000 1102 1008
0.86 1.2589254e-06 5000 5000 4995 1066 975
0.86 1.2589254e-07 5000 5000 4998 1069 968
0.86 1.2589254e-08 5000 5000 4998 1121 1004
0.86 1.41253754462e-06 5000 5000 5000 1085 978
0.86 1.5848932e-05 5000 5000 4997 1046 963
0.86 1.5848932e-06 5000 5000 4998 1053 944
0.86 1.5848932e-07 5000 5000 4998 986 871
0.86 1.5848932e-08 5000 5000 4998 1081 990
0.86 1.77827941004e-06 5000 5000 4995 1001 908
0.86 1.9952623e-05 5000 5000 4996 1055 944
0.86 1.9952623e-06 5000 5000 4997 1115 992
0.86 1.9952623e-07 5000 5000 4995 1045 954
0.86 1.9952623e-08 5000 5000 4996 1084 977
0.86 1e-05 5000 5000 4999 1081 979
0.86 1e-06 5000 5000 4998 1099 1001
0.86 1e-07 5000 5000 4998 1092 978
0.86 1e-08 5000 5000 4999 1054 948
0.86 2.23872113857e-06 5000 5000 4996 1063 957
0.86 2.5118864e-05 5000 5000 4998 1100 997
0.86 2.5118864e-06 5000 5000 4998 1106 1022
0.86 2.5118864e-07 5000 5000 4991 1066 951
0.86 2.5118864e-08 5000 5000 4997 1079 978
0.86 2.81838293126e-06 5000 5000 4999 1057 962
0.86 3.1622777e-05 5000 5000 4996 1109 989
0.86 3.1622777e-06 5000 5000 4998 1020 921
0.86 3.1622777e-07 5000 5000 4997 1113 1009
0.86 3.1622777e-08 5000 5000 4999 1075 958
0.86 3.1622777e-09 5000 5000 4998 1078 953
0.86 3.54813389234e-06 5000 5000 5000 1032 926
0.86 3.9810717e-06 5000 5000 4999 1056 945
0.86 3.9810717e-07 5000 5000 4998 1047 947
0.86 3.9810717e-08 5000 5000 4995 1090 986
0.86 3.9810717e-09 5000 5000 4998 1098 999
0.86 4.46683592151e-06 5000 5000 4998 1085 977
0.86 5.0118723e-06 5000 5000 4995 1069 964
0.86 5.0118723e-07 5000 5000 4997 1072 969
0.86 5.0118723e-08 5000 5000 4996 1063 951
0.86 5.0118723e-09 5000 5000 4999 1043 920
0.86 5.6234132519e-06 5000 5000 4997 1041 941
0.86 6.3095734e-06 5000 5000 4998 1036 936
0.86 6.3095734e-07 5000 5000 4998 1076 961
0.86 6.3095734e-08 5000 5000 4999 1078 969
0.86 6.3095734e-09 5000 5000 4995 1108 1000
0.86 7.07945784384e-06 5000 5000 4996 1097 989
0.86 7.9432823e-06 5000 5000 4997 1095 971
0.86 7.9432823e-07 5000 5000 4997 1053 961
0.86 7.9432823e-08 5000 5000 4998 1087 983
0.86 7.9432823e-09 5000 5000 4999 1062 968
0.86 8.91250938134e-06 5000 5000 4999 1073 984
0.87 1.1220184543e-06 5000 5000 4998 1122 1008
0.87 1.2589254e-05 5000 5000 4999 1139 1021
0.87 1.2589254e-06 5000 5000 5000 1067 973
0.87 1.2589254e-07 5000 5000 4998 1064 962
0.87 1.2589254e-08 5000 5000 4998 1091 982
0.87 1.41253754462e-06 5000 5000 4998 1094 991
0.87 1.5848932e-05 5000 5000 4997 1066 967
0.87 1.5848932e-06 5000 5000 4995 1048 971
0.87 1.5848932e-07 5000 5000 4999 1096 985
0.87 1.5848932e-08 5000 5000 4997 1063 964
0.87 1.77827941004e-06 5000 5000 4996 1077 966
0.87 1.9952623e-05 5000 5000 4997 1092 990
0.87 1.9952623e-06 5000 5000 4996 1091 981
0.87 1.9952623e-07 5000 5000 4997 1049 954
0.87 1.9952623e-08 5000 5000 4997 1070 988
0.87 1e-05 5000 5000 4996 1046 941
0.87 1e-06 5000 5000 4999 1071 969
0.87 1e-07 5000 5000 4997 1049 960
0.87 1e-08 5000 5000 4997 1084 990
0.87 2.23872113857e-06 5000 5000 4997 1055 959
0.87 2.5118864e-05 5000 5000 4997 1115 1022
0.87 2.5118864e-06 5000 5000 4993 1072 977
0.87 2.5118864e-07 5000 5000 4999 1030 913
0.87 2.5118864e-08 5000 5000 4996 1110 1002
0.87 2.81838293126e-06 5000 5000 4998 1068 956
0.87 3.1622777e-05 5000 5000 4999 1113 1012
0.87 3.1622777e-06 5000 5000 4997 1092 985
0.87 3.1622777e-07 5000 5000 4996 1119 1002
0.87 3.1622777e-08 5000 5000 4998 1017 932
0.87 3.1622777e-09 5000 5000 4995 1062 965
0.87 3.54813389234e-06 5000 5000 4997 1106 1001
0.87 3.9810717e-06 5000 5000 4999 1086 988
0.87 3.9810717e-07 5000 5000 5000 1038 952
0.87 3.9810717e-08 5000 5000 4999 1105 1005
0.87 3.9810717e-09 5000 5000 4998 1140 1036
0.87 4.46683592151e-06 5000 5000 5000 1111 1012
0.87 5.0118723e-06 5000 5000 4997 1117 996
0.87 5.0118723e-07 5000 5000 4997 1108 1009
0.87 5.0118723e-08 5000 5000 4997 1050 961
0.87 5.0118723e-09 5000 5000 4999 1133 1032
0.87 5.6234132519e-06 5000 5000 4997 1092 983
0.87 6.3095734e-06 5000 5000 4998 1049 950
0.87 6.3095734e-07 5000 5000 4995 1110 995
0.87 6.3095734e-08 5000 5000 5000 1077 971
0.87 6.3095734e-09 5000 5000 4998 1052 960
0.87 7.07945784384e-06 5000 5000 4996 1059 970
0.87 7.9432823e-06 5000 5000 4996 1035 944
0.87 7.9432823e-07 5000 5000 4998 1115 1012
0.87 7.9432823e-08 5000 5000 4997 1111 1020
0.87 7.9432823e-09 5000 5000 4996 1039 933
0.87 8.91250938134e-06 5000 5000 4999 1128 1008
0.88 1.1220184543e-06 5000 5000 4998 1111 1011
0.88 1.2589254e-05 5000 5000 4998 1124 1032
0.88 1.2589254e-06 5000 5000 4997 1085 983
0.88 1.2589254e-07 5000 5000 4995 1113 993
0.88 1.2589254e-08 5000 5000 4996 1103 1001
0.88 1.41253754462e-06 5000 5000 4997 1120 1013
0.88 1.5848932e-05 5000 5000 4998 1103 994
0.88 1.5848932e-06 5000 5000 4999 1097 984
0.88 1.5848932e-07 5000 5000 4996 1104 1004
0.88 1.5848932e-08 5000 5000 4997 1070 986
0.88 1.77827941004e-06 5000 5000 4997 1114 1011
0.88 1.9952623e-05 5000 5000 4999 1051 943
0.88 1.9952623e-06 5000 5000 4993 1160 1053
0.88 1.9952623e-07 5000 5000 4997 1091 991
0.88 1.9952623e-08 5000 5000 4997 1072 970
0.88 1e-05 5000 5000 5000 1126 1019
0.88 1e-06 5000 5000 4998 1080 984
0.88 1e-07 5000 5000 4997 1073 975
0.88 1e-08 5000 5000 4996 1078 963
0.88 2.23872113857e-06 5000 5000 4996 1084 975
0.88 2.5118864e-05 5000 5000 4997 1095 986
0.88 2.5118864e-06 5000 5000 4998 1111 1003
0.88 2.5118864e-07 5000 5000 4997 1057 958
0.88 2.5118864e-08 5000 5000 4997 1136 1032
0.88 2.81838293126e-06 5000 5000 4997 1106 999
0.88 3.1622777e-05 5000 5000 4999 1101 993
0.88 3.1622777e-06 5000 5000 4997 1108 1003
0.88 3.1622777e-07 5000 5000 4995 1041 936
0.88 3.1622777e-08 5000 5000 4996 1094 982
0.88 3.1622777e-09 5000 5000 4995 1048 969
0.88 3.54813389234e-06 5000 5000 4998 1130 1018
0.88 3.9810717e-06 5000 5000 4999 1110 1011
0.88 3.9810717e-07 5000 5000 4999 1088 981
0.88 3.9810717e-08 5000 5000 4994 1025 915
0.88 3.9810717e-09 5000 5000 4998 1014 922
0.88 4.46683592151e-06 5000 5000 4999 1094 977
0.88 5.0118723e-06 5000 5000 4999 1102 1013
0.88 5.0118723e-07 5000 5000 4997 1114 1001
0.88 5.0118723e-08 5000 5000 5000 1055 959
0.88 5.0118723e-09 5000 5000 4997 1074 985
0.88 5.6234132519e-06 5000 5000 4998 1102 990
0.88 6.3095734e-06 5000 5000 4997 1158 1054
0.88 6.3095734e-07 5000 5000 4997 1099 1000
0.88 6.3095734e-08 5000 5000 4996 1065 959
0.88 6.3095734e-09 5000 5000 4995 1110 991
0.88 7.07945784384e-06 5000 5000 4993 1084 987
0.88 7.9432823e-06 5000 5000 4999 1153 1041
0.88 7.9432823e-07 5000 5000 4999 1099 996
0.88 7.9432823e-08 5000 5000 4995 1098 992
0.88 7.9432823e-09 5000 5000 4996 1118 1016
0.88 8.91250938134e-06 5000 5000 4996 1106 994
0.89 1.1220184543e-06 5000 5000 4998 1105 1002
0.89 1.2589254e-05 5000 5000 4997 1109 1007
0.89 1.2589254e-06 5000 5000 4998 1112 1009
0.89 1.2589254e-07 5000 5000 4995 1063 961
0.89 1.2589254e-08 5000 5000 4998 1101 983
0.89 1.41253754462e-06 5000 5000 4998 1102 996
0.89 1.5848932e-05 5000 5000 4995 1119 1003
0.89 1.5848932e-06 5000 5000 4997 1099 1009
0.89 1.5848932e-07 5000 5000 4997 1125 1006
0.89 1.5848932e-08 5000 5000 4993 1060 950
0.89 1.77827941004e-06 5000 5000 5000 1116 1000
0.89 1.9952623e-05 5000 5000 4998 1100 1001
0.89 1.9952623e-06 5000 5000 4999 1067 986
0.89 1.9952623e-07 5000 5000 4997 1106 995
0.89 1.9952623e-08 5000 5000 4997 1099 992
0.89 1e-05 5000 5000 4999 1070 964
0.89 1e-06 5000 5000 4997 1123 1013
0.89 1e-07 5000 5000 4999 1044 935
0.89 1e-08 5000 5000 4999 1106 1019
0.89 2.23872113857e-06 5000 5000 4996 1099 994
0.89 2.5118864e-05 5000 5000 4998 1144 1026
0.89 2.5118864e-06 5000 5000 4997 1112 1016
0.89 2.5118864e-07 5000 5000 4997 1163 1060
0.89 2.5118864e-08 5000 5000 4996 1079 971
0.89 2.81838293126e-06 5000 5000 4996 1099 1011
0.89 3.1622777e-05 5000 5000 4998 1086 1002
0.89 3.1622777e-06 5000 5000 5000 1147 1046
0.89 3.1622777e-07 5000 5000 4999 1126 1042
0.89 3.1622777e-08 5000 5000 4995 1134 1002
0.89 3.1622777e-09 5000 5000 4996 1071 970
0.89 3.54813389234e-06 5000 5000 4999 1114 1011
0.89 3.9810717e-06 5000 5000 4999 1125 1001
0.89 3.9810717e-07 5000 5000 4999 1152 1047
0.89 3.9810717e-08 5000 5000 4998 1118 1009
0.89 3.9810717e-09 5000 5000 4997 1146 1025
0.89 4.46683592151e-06 5000 5000 4997 1109 1011
0.89 5.0118723e-06 5000 5000 4998 1082 978
0.89 5.0118723e-07 5000 5000 4996 1044 956
0.89 5.0118723e-08 5000 5000 4997 1137 1020
0.89 5.0118723e-09 5000 5000 4999 1098 1013
0.89 5.6234132519e-06 5000 5000 4994 1072 966
0.89 6.3095734e-06 5000 5000 4998 1126 998
0.89 6.3095734e-07 5000 5000 4999 1145 1038
0.89 6.3095734e-08 5000 5000 4997 1110 1011
0.89 6.3095734e-09 5000 5000 4999 1147 1038
0.89 7.07945784384e-06 5000 5000 4998 1136 1024
0.89 7.9432823e-06 5000 5000 4996 1129 1024
0.89 7.9432823e-07 5000 5000 4996 1143 1028
0.89 7.9432823e-08 5000 5000 4996 1182 1094
0.89 7.9432823e-09 5000 5000 5000 1120 1022
0.89 8.91250938134e-06 5000 5000 4996 1082 983
0.9 1.1220184543e-06 5000 5000 4993 1100 995
0.9 1.2589254e-05 5000 5000 4998 1103 1007
0.9 1.2589254e-06 5000 5000 4997 1147 1028
0.9 1.2589254e-07 5000 5000 4996 1115 1002
0.9 1.2589254e-08 5000 5000 4994 1125 1015
0.9 1.41253754462e-06 5000 5000 4996 1092 983
0.9 1.5848932e-05 5000 5000 4995 1123 1009
0.9 1.5848932e-06 5000 5000 4997 1084 970
0.9 1.5848932e-07 5000 5000 4999 1050 952
0.9 1.5848932e-08 5000 5000 4995 1061 967
0.9 1.77827941004e-06 5000 5000 4999 1084 984
0.9 1.9952623e-05 5000 5000 4996 1129 1033
0.9 1.9952623e-06 5000 5000 4997 1105 992
0.9 1.9952623e-07 5000 5000 4996 1134 1020
0.9 1.9952623e-08 5000 5000 4998 1115 1028
0.9 1e-05 5000 5000 4997 1104 980
0.9 1e-06 5000 5000 4997 1113 1006
0.9 1e-07 5000 5000 4996 1119 1002
0.9 1e-08 5000 5000 4998 1109 1009
0.9 2.23872113857e-06 5000 5000 4999 1113 991
0.9 2.5118864e-05 5000 5000 4996 1075 983
0.9 2.5118864e-06 5000 5000 4997 1155 1048
0.9 2.5118864e-07 5000 5000 4996 1082 996
0.9 2.5118864e-08 5000 5000 4998 1045 941
0.9 2.81838293126e-06 5000 5000 4995 1116 1002
0.9 3.1622777e-05 5000 5000 4997 1147 1038
0.9 3.1622777e-06 5000 5000 4999 1128 1029
0.9 3.1622777e-07 5000 5000 4998 1117 1017
0.9 3.1622777e-08 5000 5000 4996 1072 957
0.9 3.1622777e-09 5000 5000 4998 1148 1048
0.9 3.54813389234e-06 5000 5000 4999 1136 1039
0.9 3.9810717e-06 5000 5000 4998 1162 1051
0.9 3.9810717e-07 5000 5000 4996 1113 1012
0.9 3.9810717e-08 5000 5000 4996 1098 984
0.9 3.9810717e-09 5000 5000 4999 1074 976
0.9 4.46683592151e-06 5000 5000 4998 1111 994
0.9 5.0118723e-06 5000 5000 4997 1073 973
0.9 5.0118723e-07 5000 5000 4997 1102 985
0.9 5.0118723e-08 5000 5000 4999 1099 988
0.9 5.0118723e-09 5000 5000 4995 1148 1039
0.9 5.6234132519e-06 5000 5000 4997 1095 1000
0.9 6.3095734e-06 5000 5000 4995 1084 974
0.9 6.3095734e-07 5000 5000 4996 1117 1012
0.9 6.3095734e-08 5000 5000 4996 1133 1023
0.9 6.3095734e-09 5000 5000 4995 1120 1026
0.9 7.07945784384e-06 5000 5000 4998 1137 1033
0.9 7.9432823e-06 5000 5000 4995 1055 957
0.9 7.9432823e-07 5000 5000 4997 1155 1045
0.9 7.9432823e-08 5000 5000 4992 1071 960
0.9 7.9432823e-09 5000 5000 4995 1105 1002
0.9 8.91250938134e-06 5000 5000 4998 1115 1014
0.95 1.1220184543e-06 5000 5000 4999 1118 1009
0.95 1.2589254e-05 5000 5000 4996 1142 1045
0.95 1.2589254e-06 5000 5000 4995 1097 1007
0.95 1.2589254e-07 5000 5000 4995 1142 1042
0.95 1.2589254e-08 5000 5000 4996 1134 1032
0.95 1.41253754462e-06 5000 5000 4997 1045 947
0.95 1.5848932e-05 5000 5000 4996 1094 998
0.95 1.5848932e-06 5000 5000 4997 1123 1011
0.95 1.5848932e-07 5000 5000 4996 1142 1031
0.95 1.5848932e-08 5000 5000 4997 1093 1001
0.95 1.77827941004e-06 5000 5000 4994 1133 1042
0.95 1.9952623e-05 5000 5000 4996 1039 965
0.95 1.9952623e-06 5000 5000 4995 1117 1012
0.95 1.9952623e-07 5000 5000 4997 1106 990
0.95 1.9952623e-08 5000 5000 4996 1071 990
0.95 1e-05 5000 5000 4995 1122 1027
0.95 1e-06 5000 5000 4996 1111 1020
0.95 1e-07 5000 5000 4994 1156 1042
0.95 1e-08 5000 5000 4998 1050 961
0.95 2.23872113857e-06 5000 5000 4997 1064 960
0.95 2.5118864e-05 5000 5000 4998 1144 1040
0.95 2.5118864e-06 5000 5000 4995 1126 1027
0.95 2.5118864e-07 5000 5000 5000 1086 974
0.95 2.5118864e-08 5000 5000 4995 1143 1025
0.95 2.81838293126e-06 5000 5000 4999 1128 1020
0.95 3.1622777e-05 5000 5000 4992 1090 978
0.95 3.1622777e-06 5000 5000 4997 1108 996
0.95 3.1622777e-07 5000 5000 4996 1115 1014
0.95 3.1622777e-08 5000 5000 4997 1031 933
0.95 3.1622777e-09 5000 5000 4995 1136 1032
0.95 3.54813389234e-06 5000 5000 4995 1120 1023
0.95 3.9810717e-06 5000 5000 4999 1143 1029
0.95 3.9810717e-07 5000 5000 4999 1168 1055
0.95 3.9810717e-08 5000 5000 4993 1084 997
0.95 3.9810717e-09 5000 5000 4998 1130 1022
0.95 4.46683592151e-06 5000 5000 4997 1125 1030
0.95 5.0118723e-06 5000 5000 4998 1117 1005
0.95 5.0118723e-07 5000 5000 4998 1085 973
0.95 5.0118723e-08 5000 5000 4999 1129 1030
0.95 5.0118723e-09 5000 5000 4998 1088 1000
0.95 5.6234132519e-06 5000 5000 4996 1128 1020
0.95 6.3095734e-06 5000 5000 4997 1156 1065
0.95 6.3095734e-07 5000 5000 4996 1131 1014
0.95 6.3095734e-08 5000 5000 4998 1105 1012
0.95 6.3095734e-09 5000 5000 5000 1160 1045
0.95 7.07945784384e-06 5000 5000 4995 1084 980
0.95 7.9432823e-06 5000 5000 4999 1062 962
0.95 7.9432823e-07 5000 5000 4997 1148 1049
0.95 7.9432823e-08 5000 5000 4999 1081 985
0.95 7.9432823e-09 5000 5000 4997 1133 1029
0.95 8.91250938134e-06 5000 5000 4994 1124 1020
1 1.2589254e-05 5000 5000 4998 1031 923
1 1.2589254e-06 5000 5000 4993 1043 957
1 1.2589254e-07 5000 5000 4997 1112 1009
1 1.2589254e-08 5000 5000 4999 1097 992
1 1.5848932e-05 5000 5000 4993 1026 927
1 1.5848932e-06 5000 5000 4999 1039 944
1 1.5848932e-07 5000 5000 4995 1064 957
1 1.5848932e-08 5000 5000 4999 1084 974
1 1.9952623e-05 5000 5000 4996 1076 972
1 1.9952623e-06 5000 5000 4996 1086 996
1 1.9952623e-07 5000 5000 4999 1140 1020
1 1.9952623e-08 5000 5000 4999 1088 958
1 1e-05 5000 5000 4999 1056 941
1 1e-06 5000 5000 4996 1019 924
1 1e-07 5000 5000 4998 1081 959
1 1e-08 5000 5000 4998 1086 990
1 2.5118864e-05 5000 5000 4999 1082 967
1 2.5118864e-06 5000 5000 4997 1089 995
1 2.5118864e-07 5000 5000 4999 1111 1010
1 2.5118864e-08 5000 5000 4997 1025 923
1 3.1622777e-05 5000 5000 4996 1095 981
1 3.1622777e-06 5000 5000 4996 1052 951
1 3.1622777e-07 5000 5000 4998 1061 964
1 3.1622777e-08 5000 5000 5000 1116 1008
1 3.1622777e-09 5000 5000 4996 1047 949
1 3.9810717e-06 5000 5000 4999 1077 980
1 3.9810717e-07 5000 5000 4998 1089 975
1 3.9810717e-08 5000 5000 4997 1078 990
1 3.9810717e-09 5000 5000 4995 1069 968
1 5.0118723e-06 5000 5000 4998 1038 922
1 5.0118723e-07 5000 5000 4998 1014 909
1 5.0118723e-08 5000 5000 4998 1041 940
1 5.0118723e-09 5000 5000 5000 1094 998
1 6.3095734e-06 5000 5000 4996 1038 942
1 6.3095734e-07 5000 5000 4993 1090 995
1 6.3095734e-08 5000 5000 4994 1078 970
1 6.3095734e-09 5000 5000 4998 1071 978
1 7.9432823e-06 5000 5000 4997 1124 1003
1 7.9432823e-07 5000 5000 4995 1072 976
1 7.9432823e-08 5000 5000 4995 1105 1013
1 7.9432823e-09 5000 5000 4996 998 898
1.1 1.2589254e-05 5000 5000 4997 1051 940
1.1 1.2589254e-06 5000 5000 4996 1072 946
1.1 1.2589254e-07 5000 5000 4998 1022 931
1.1 1.2589254e-08 5000 5000 4996 1088 982
1.1 1.5848932e-05 5000 5000 4997 1088 970
1.1 1.5848932e-06 5000 5000 4999 1058 971
1.1 1.5848932e-07 5000 5000 4997 1019 929
1.1 1.5848932e-08 5000 5000 4994 1003 894
1.1 1.9952623e-05 5000 5000 4997 1088 975
1.1 1.9952623e-06 5000 5000 4995 1092 994
1.1 1.9952623e-07 5000 5000 4999 1029 931
1.1 1.9952623e-08 5000 5000 4992 1074 976
1.1 1e-05 5000 5000 4996 1082 976
1.1 1e-06 5000 5000 4995 1052 956
1.1 1e-07 5000 5000 4996 1081 980
1.1 1e-08 5000 5000 4997 1096 970
1.1 2.5118864e-05 5000 5000 4996 1046 936
1.1 2.5118864e-06 5000 5000 4999 1084 982
1.1 2.5118864e-07 5000 5000 4997 1069 960
1.1 2.5118864e-08 5000 5000 4998 1062 947
1.1 3.1622777e-05 5000 5000 4999 1002 914
1.1 3.1622777e-06 5000 5000 4995 1037 919
1.1 3.1622777e-07 5000 5000 4994 1102 1007
1.1 3.1622777e-08 5000 5000 5000 1071 975
1.1 3.1622777e-09 5000 5000 4991 1056 967
1.1 3.9810717e-06 5000 5000 4998 1078 961
1.1 3.9810717e-07 5000 5000 4995 1041 950
1.1 3.9810717e-08 5000 5000 4999 1096 996
1.1 3.9810717e-09 5000 5000 4995 1055 970
1.1 5.0118723e-06 5000 5000 4996 1001 908
1.1 5.0118723e-07 5000 5000 4996 1082 960
1.1 5.0118723e-08 5000 5000 4998 1023 923
1.1 5.0118723e-09 5000 5000 4999 1000 891
1.1 6.3095734e-06 5000 5000 4998 1016 921
1.1 6.3095734e-07 5000 5000 4993 1034 951
1.1 6.3095734e-08 5000 5000 4992 1039 954
1.1 6.3095734e-09 5000 5000 4993 1062 967
1.1 7.9432823e-06 5000 5000 4997 1000 898
1.1 7.9432823e-07 5000 5000 4996 1034 942
1.1 7.9432823e-08 5000 5000 4993 1026 939
1.1 7.9432823e-09 5000 5000 4995 1115 991
1.2 1.2589254e-05 5000 5000 4995 975 882
1.2 1.2589254e-06 5000 5000 4998 1028 937
1.2 1.2589254e-07 5000 5000 4993 962 867
1.2 1.2589254e-08 5000 5000 4998 997 905
1.2 1.5848932e-05 5000 5000 4997 1006 923
1.2 1.5848932e-06 5000 5000 4998 1001 891
1.2 1.5848932e-07 5000 5000 4998 1042 957
1.2 1.5848932e-08 5000 5000 4997 1040 930
1.2 1.9952623e-05 5000 5000 4996 1016 907
1.2 1.9952623e-06 5000 5000 4997 1032 929
1.2 1.9952623e-07 5000 5000 4998 970 869
1.2 1.9952623e-08 5000 5000 4997 1000 897
1.2 1e-05 5000 5000 4998 1038 932
1.2 1e-06 5000 5000 4996 1072 970
1.2 1e-07 5000 5000 4997 992 901
1.2 1e-08 5000 5000 4998 1005 894
1.2 2.5118864e-05 5000 5000 4997 1027 926
1.2 2.5118864e-06 5000 5000 4998 1032 922
1.2 2.5118864e-07 5000 5000 5000 979 899
1.2 2.5118864e-08 5000 5000 4999 965 874
1.2 3.1622777e-05 5000 5000 4996 1000 899
1.2 3.1622777e-06 5000 5000 4998 1008 911
1.2 3.1622777e-07 5000 5000 4997 1042 942
1.2 3.1622777e-08 5000 5000 4997 998 892
1.2 3.1622777e-09 5000 5000 5000 998 911
1.2 3.9810717e-06 5000 5000 4997 1015 905
1.2 3.9810717e-07 5000 5000 4995 1004 910
1.2 3.9810717e-08 5000 5000 4998 984 909
1.2 3.9810717e-09 5000 5000 4998 1017 918
1.2 5.0118723e-06 5000 5000 4997 1057 955
1.2 5.0118723e-07 5000 5000 4997 1055 952
1.2 5.0118723e-08 5000 5000 4997 988 886
1.2 5.0118723e-09 5000 5000 4999 1033 933
1.2 6.3095734e-07 5000 5000 4999 955 865
1.2 6.3095734e-08 5000 5000 4996 1035 938
1.2 6.3095734e-09 5000 5000 4998 1028 924
1.2 7.9432823e-06 5000 5000 4996 1004 908
1.2 7.9432823e-07 5000 5000 4999 1000 902
1.2 7.9432823e-08 5000 5000 4999 1020 932
1.2 7.9432823e-09 5000 5000 4997 1088 995
1.3 1.2589254e-05 5000 5000 4996 940 837
1.3 1.2589254e-06 5000 5000 4997 940 856
1.3 1.2589254e-07 5000 5000 4998 1006 909
1.3 1.2589254e-08 5000 5000 4997 955 871
1.3 1.5848932e-05 5000 5000 4996 962 868
1.3 1.5848932e-06 5000 5000 4997 948 868
1.3 1.5848932e-07 5000 5000 4997 1001 920
1.3 1.5848932e-08 5000 5000 4996 1013 929
1.3 1.9952623e-05 5000 5000 4998 1015 907
1.3 1.9952623e-06 5000 5000 4997 940 849
1.3 1.9952623e-07 5000 5000 4997 968 885
1.3 1.9952623e-08 5000 5000 4999 1013 926
1.3 1e-05 5000 5000 4999 1001 906
1.3 1e-06 5000 5000 4996 967 887
1.3 1e-07 5000 5000 4995 993 910
1.3 1e-08 5000 5000 4998 981 888
1.3 2.5118864e-05 5000 5000 4994 980 894
1.3 2.5118864e-06 5000 5000 4996 974 872
1.3 2.5118864e-07 5000 5000 4999 936 837
1.3 2.5118864e-08 5000 5000 4995 959 864
1.3 3.1622777e-05 5000 5000 4995 997 905
1.3 3.1622777e-06 5000 5000 4995 970 872
1.3 3.1622777e-07 5000 5000 4999 966 873
1.3 3.1622777e-08 5000 5000 4995 978 880
1.3 3.1622777e-09 5000 5000 4999 1002 912
1.3 3.9810717e-06 5000 5000 4997 975 879
1.3 3.9810717e-07 5000 5000 4997 977 872
1.3 3.9810717e-08 5000 5000 4998 938 840
1.3 3.9810717e-09 5000 5000 4996 979 898
1.3 5.0118723e-06 5000 5000 4999 970 878
1.3 5.0118723e-07 5000 5000 4999 963 866
1.3 5.0118723e-08 5000 5000 5000 963 850
1.3 5.0118723e-09 5000 5000 4998 963 879
1.3 6.3095734e-06 5000 5000 4998 977 883
1.3 6.3095734e-07 5000 5000 4998 977 884
1.3 6.3095734e-08 5000 5000 4998 1013 897
1.3 6.3095734e-09 5000 5000 4997 987 890
1.3 7.9432823e-06 5000 5000 4998 986 898
1.3 7.9432823e-07 5000 5000 4997 970 874
1.3 7.9432823e-08 5000 5000 4995 1003 921
1.3 7.9432823e-09 5000 5000 4994 937 859
1.4 1.1220184543e-06 5000 5000 4996 918 820
1.4 1.2589254e-05 5000 5000 4998 947 868
1.4 1.2589254e-06 5000 5000 4994 926 830
1.4 1.2589254e-07 5000 5000 4999 938 845
1.4 1.2589254e-08 5000 5000 4997 931 828
1.4 1.41253754462e-06 5000 5000 5000 946 861
1.4 1.5848932e-05 5000 5000 4996 973 896
1.4 1.5848932e-06 5000 5000 4998 947 845
1.4 1.5848932e-07 5000 5000 4997 970 870
1.4 1.5848932e-08 5000 5000 4998 897 800
1.4 1.77827941004e-06 5000 5000 4998 977 886
1.4 1.9952623e-05 5000 5000 5000 934 832
1.4 1.9952623e-06 5000 5000 4997 970 862
1.4 1.9952623e-07 5000 5000 4997 949 856
1.4 1.9952623e-08 5000 5000 4996 962 869
1.4 1e-05 5000 5000 4999 973 873
1.4 1e-06 5000 5000 4999 942 845
1.4 1e-07 5000 5000 4996 955 856
1.4 1e-08 5000 5000 4998 924 833
1.4 2.23872113857e-06 5000 5000 4998 970 851
1.4 2.5118864e-05 5000 5000 4996 925 854
1.4 2.5118864e-06 5000 5000 4999 902 814
1.4 2.5118864e-07 5000 5000 4995 896 805
1.4 2.5118864e-08 5000 5000 4993 971 877
1.4 2.81838293126e-06 5000 5000 4996 957 862
1.4 3.1622777e-05 5000 5000 4997 954 874
1.4 3.1622777e-06 5000 5000 4996 918 835
1.4 3.1622777e-07 5000 5000 4999 977 879
1.4 3.1622777e-08 5000 5000 4997 922 833
1.4 3.1622777e-09 5000 5000 4997 985 892
1.4 3.54813389234e-06 5000 5000 4995 941 850
1.4 3.9810717e-06 5000 5000 4997 903 823
1.4 3.9810717e-07 5000 5000 4998 994 907
1.4 3.9810717e-08 5000 5000 4997 1041 920
1.4 3.9810717e-09 5000 5000 4999 888 807
1.4 4.46683592151e-06 5000 5000 4997 958 861
1.4 5.0118723e-06 5000 5000 4999 924 834
1.4 5.0118723e-07 5000 5000 5000 952 863
1.4 5.0118723e-08 5000 5000 4997 968 874
1.4 5.0118723e-09 5000 5000 4999 963 873
1.4 5.6234132519e-06 5000 5000 5000 962 869
1.4 6.3095734e-06 5000 5000 4997 904 834
1.4 6.3095734e-07 5000 5000 4995 933 844
1.4 6.3095734e-08 5000 5000 4995 948 858
1.4 6.3095734e-09 5000 5000 4994 928 835
1.4 7.07945784384e-06 5000 5000 4998 932 859
1.4 7.9432823e-06 5000 5000 4998 948 857
1.4 7.9432823e-07 5000 5000 4993 973 872
1.4 7.9432823e-08 5000 5000 4998 956 880
1.4 7.9432823e-09 5000 5000 4996 930 845
1.4 8.91250938134e-06 5000 5000 4996 951 868
1.5 1.2589254e-05 5000 5000 4997 894 811
1.5 1.2589254e-06 5000 5000 4998 893 811
1.5 1.2589254e-07 5000 5000 4999 920 815
1.5 1.2589254e-08 5000 5000 4995 867 782
1.5 1.5848932e-05 5000 5000 5000 899 796
1.5 1.5848932e-06 5000 5000 4998 936 848
1.5 1.5848932e-07 5000 5000 4996 891 798
1.5 1.5848932e-08 5000 5000 4997 938 842
1.5 1.9952623e-05 5000 5000 4999 899 804
1.5 1.9952623e-06 5000 5000 4996 948 848
1.5 1.9952623e-07 5000 5000 4998 941 846
1.5 1.9952623e-08 5000 5000 4998 876 781
1.5 1e-05 5000 5000 4999 915 848
1.5 1e-06 5000 5000 4998 914 829
1.5 1e-07 5000 5000 4995 927 825
1.5 2.5118864e-05 5000 5000 4999 922 833
1.5 2.5118864e-06 5000 5000 4994 891 815
1.5 2.5118864e-07 5000 5000 4997 960 875
1.5 2.5118864e-08 5000 5000 4998 940 852
1.5 3.1622777e-05 5000 5000 4997 953 866
1.5 3.1622777e-06 5000 5000 4997 969 876
1.5 3.1622777e-07 5000 5000 4996 906 805
1.5 3.1622777e-08 5000 5000 4999 893 806
1.5 3.1622777e-09 5000 5000 4999 900 806
1.5 3.9810717e-06 5000 5000 4994 910 822
1.5 3.9810717e-07 5000 5000 4998 898 808
1.5 3.9810717e-08 5000 5000 4999 920 814
1.5 3.9810717e-09 5000 5000 4997 884 796
1.5 5.0118723e-06 5000 5000 4997 922 819
1.5 5.0118723e-07 5000 5000 4998 902 817
1.5 5.0118723e-08 5000 5000 4998 880 803
1.5 5.0118723e-09 5000 5000 4999 941 856
1.5 6.3095734e-06 5000 5000 4996 892 800
1.5 6.3095734e-07 5000 5000 4997 902 811
1.5 6.3095734e-08 5000 5000 4998 911 811
1.5 6.3095734e-09 5000 5000 4999 904 804
1.5 7.9432823e-06 5000 5000 4997 923 830
1.5 7.9432823e-07 5000 5000 4999 871 795
1.5 7.9432823e-08 5000 5000 4997 925 818
1.5 7.9432823e-09 5000 5000 4995 896 789
1.6 1.2589254e-06 5000 5000 4999 870 779
1.6 1.2589254e-07 5000 5000 4998 859 788
1.6 1.2589254e-08 5000 5000 4998 902 818
1.6 1.5848932e-06 5000 5000 4996 919 832
1.6 1.5848932e-07 5000 5000 5000 904 804
1.6 1.5848932e-08 5000 5000 4997 875 783
1.6 1.9952623e-06 5000 5000 4997 873 789
1.6 1.9952623e-07 5000 5000 4998 880 812
1.6 1.9952623e-08 5000 5000 4997 892 793
1.6 1e-06 5000 5000 4997 879 802
1.6 1e-07 5000 5000 4997 926 827
1.6 1e-08 5000 5000 5000 880 789
1.6 2.5118864e-06 5000 5000 4996 851 774
1.6 2.5118864e-07 5000 5000 4998 885 788
1.6 2.5118864e-08 5000 5000 4996 869 787
1.6 3.1622777e-06 5000 5000 4999 890 800
1.6 3.1622777e-07 5000 5000 4997 857 773
1.6 3.1622777e-08 5000 5000 4999 873 792
1.6 3.1622777e-09 5000 5000 5000 908 837
1.6 3.9810717e-07 5000 5000 4999 843 753
1.6 3.9810717e-08 5000 5000 5000 886 803
1.6 3.9810717e-09 5000 5000 4999 931 837
1.6 5.0118723e-07 5000 5000 4997 896 808
1.6 5.0118723e-08 5000 5000 4997 936 857
1.6 5.0118723e-09 5000 5000 5000 883 791
1.6 6.3095734e-07 5000 5000 4998 895 812
1.6 6.3095734e-08 5000 5000 4994 886 808
1.6 6.3095734e-09 5000 5000 4997 846 761
1.6 7.9432823e-07 5000 5000 4997 889 792
1.6 7.9432823e-08 5000 5000 5000 897 795
1.6 7.9432823e-09 5000 5000 4998 903 820
1.7 1.2589254e-06 5000 5000 4999 865 779
1.7 1.2589254e-07 5000 5000 4998 843 774
1.7 1.2589254e-08 5000 5000 4996 873 768
1.7 1.5848932e-06 5000 5000 4996 830 751
1.7 1.5848932e-07 5000 5000 4999 856 770
1.7 1.5848932e-08 5000 5000 4999 827 740
1.7 1.9952623e-06 5000 5000 4998 831 740
1.7 1.9952623e-07 5000 5000 4997 830 756
1.7 1.9952623e-08 5000 5000 4999 844 753
1.7 1e-06 5000 5000 4996 866 768
1.7 1e-07 5000 5000 4999 815 738
1.7 1e-08 5000 5000 4998 847 757
1.7 2.5118864e-06 5000 5000 4999 880 798
1.7 2.5118864e-07 5000 5000 4999 822 753
1.7 2.5118864e-08 5000 5000 4997 858 756
1.7 3.1622777e-06 5000 5000 4998 847 760
1.7 3.1622777e-07 5000 5000 4999 847 755
1.7 3.1622777e-08 5000 5000 4993 859 781
1.7 3.1622777e-09 5000 5000 4998 870 792
1.7 3.9810717e-07 5000 5000 4996 833 759
1.7 3.9810717e-08 5000 5000 4996 870 786
1.7 3.9810717e-09 5000 5000 4997 829 748
1.7 5.0118723e-07 5000 5000 4998 814 740
1.7 5.0118723e-08 5000 5000 4997 829 747
1.7 5.0118723e-09 5000 5000 4999 837 737
1.7 6.3095734e-07 5000 5000 5000 845 766
1.7 6.3095734e-08 5000 5000 4999 875 808
1.7 6.3095734e-09 5000 5000 4999 842 771
1.7 7.9432823e-07 5000 5000 5000 865 796
1.7 7.9432823e-08 5000 5000 4996 856 763
1.7 7.9432823e-09 5000 5000 4998 849 763
1.8 1.2589254e-06 5000 5000 4999 769 683
1.8 1.2589254e-07 5000 5000 4996 868 785
1.8 1.2589254e-08 5000 5000 4999 793 725
1.8 1.5848932e-06 5000 5000 5000 872 794
1.8 1.5848932e-07 5000 5000 4998 836 741
1.8 1.5848932e-08 5000 5000 4998 826 756
1.8 1.9952623e-06 5000 5000 5000 786 722
1.8 1.9952623e-07 5000 5000 4999 824 747
1.8 1.9952623e-08 5000 5000 4999 870 787
1.8 1e-06 5000 5000 4997 825 747
1.8 1e-07 5000 5000 4994 850 760
1.8 1e-08 5000 5000 4998 830 749
1.8 2.5118864e-06 5000 5000 4997 807 732
1.8 2.5118864e-07 5000 5000 4999 857 778
1.8 2.5118864e-08 5000 5000 4997 817 743
1.8 3.1622777e-06 5000 5000 4998 841 759
1.8 3.1622777e-07 5000 5000 4997 817 737
1.8 3.1622777e-08 5000 5000 4999 820 752
1.8 3.1622777e-09 5000 5000 4999 855 770
1.8 3.9810717e-07 5000 5000 4998 865 784
1.8 3.9810717e-08 5000 5000 4998 841 764
1.8 3.9810717e-09 5000 5000 4998 836 757
1.8 5.0118723e-07 5000 5000 4999 830 763
1.8 5.0118723e-08 5000 5000 5000 783 708
1.8 5.0118723e-09 5000 5000 4997 851 774
1.8 6.3095734e-07 5000 5000 4998 835 752
1.8 6.3095734e-08 5000 5000 4997 774 703
1.8 6.3095734e-09 5000 5000 4995 819 733
1.8 7.9432823e-07 5000 5000 4998 815 733
1.8 7.9432823e-08 5000 5000 4999 869 787
1.8 7.9432823e-09 5000 5000 5000 827 757
1.9 1.2589254e-06 5000 5000 4997 761 694
1.9 1.2589254e-07 5000 5000 4996 824 740
1.9 1.2589254e-08 5000 5000 4996 789 712
1.9 1.5848932e-06 5000 5000 4997 840 764
1.9 1.5848932e-07 5000 5000 4997 822 753
1.9 1.5848932e-08 5000 5000 4997 825 745
1.9 1.9952623e-06 5000 5000 4998 860 775
1.9 1.9952623e-07 5000 5000 4999 792 717
1.9 1.9952623e-08 5000 5000 4999 827 756
1.9 1e-06 5000 5000 4997 803 744
1.9 1e-07 5000 5000 4996 852 775
1.9 1e-08 5000 5000 4996 821 752
1.9 2.5118864e-06 5000 5000 4999 826 748
1.9 2.5118864e-07 5000 5000 4996 823 745
1.9 2.5118864e-08 5000 5000 4997 828 749
1.9 3.1622777e-06 5000 5000 4999 807 732
1.9 3.1622777e-07 5000 5000 4998 837 760
1.9 3.1622777e-08 5000 5000 4996 799 728
1.9 3.1622777e-09 5000 5000 4998 824 740
1.9 3.9810717e-07 5000 5000 4996 838 755
1.9 3.9810717e-08 5000 5000 4998 818 745
1.9 3.9810717e-09 5000 5000 4998 804 726
1.9 5.0118723e-07 5000 5000 4997 834 750
1.9 5.0118723e-08 5000 5000 4991 831 749
1.9 5.0118723e-09 5000 5000 4997 830 752
1.9 6.3095734e-07 5000 5000 4995 799 708
1.9 6.3095734e-08 5000 5000 4997 774 716
1.9 6.3095734e-09 5000 5000 4997 750 676
1.9 7.9432823e-07 5000 5000 5000 806 726
1.9 7.9432823e-08 5000 5000 5000 761 687
1.9 7.9432823e-09 5000 5000 4998 804 739
2 1.2589254e-06 5000 5000 4999 789 714
2 1.2589254e-08 5000 5000 4994 772 703
2 1.5848932e-06 5000 5000 4997 807 721
2 1.5848932e-07 5000 5000 4999 800 730
2 1.5848932e-08 5000 5000 4999 725 661
2 1.9952623e-06 5000 5000 4998 807 723
2 1.9952623e-07 5000 5000 4998 865 786
2 1.9952623e-08 5000 5000 4998 797 720
2 1e-06 5000 5000 4997 819 737
2 1e-07 5000 5000 4996 817 740
2 1e-08 5000 5000 4998 827 753
2 2.5118864e-06 5000 5000 4997 805 733
2 2.5118864e-07 5000 5000 4998 767 691
2 2.5118864e-08 5000 5000 4999 764 684
2 3.1622777e-06 5000 5000 4995 773 703
2 3.1622777e-07 5000 5000 4997 749 669
2 3.1622777e-08 5000 5000 4996 792 715
2 3.1622777e-09 5000 5000 4999 772 720
2 3.9810717e-07 5000 5000 4998 808 732
2 3.9810717e-08 5000 5000 4998 813 737
2 3.9810717e-09 5000 5000 4998 816 730
2 5.0118723e-07 5000 5000 4999 786 707
2 5.0118723e-08 5000 5000 4998 776 711
2 5.0118723e-09 5000 5000 4999 802 730
2 6.3095734e-07 5000 5000 4998 777 700
2 6.3095734e-08 5000 5000 4993 787 714
2 6.3095734e-09 5000 5000 4998 808 730
2 7.9432823e-07 5000 5000 4998 801 735
2 7.9432823e-08 5000 5000 4998 747 680
2 7.9432823e-09 5000 5000 4998 773 688
2.1 1.2589254e-06 5000 5000 4997 808 735
2.1 1.2589254e-07 5000 5000 4998 747 680
2.1 1.2589254e-08 5000 5000 4994 787 730
2.1 1.5848932e-06 5000 5000 4998 759 687
2.1 1.5848932e-07 5000 5000 4997 751 653
2.1 1.5848932e-08 5000 5000 4998 739 673
2.1 1.9952623e-06 5000 5000 4999 756 683
2.1 1.9952623e-07 5000 5000 4999 759 693
2.1 1.9952623e-08 5000 5000 4998 734 660
2.1 1e-06 5000 5000 4998 793 714
2.1 1e-07 5000 5000 4997 816 744
2.1 1e-08 5000 5000 4999 803 725
2.1 2.5118864e-06 5000 5000 4999 776 696
2.1 2.5118864e-07 5000 5000 4995 775 709
2.1 2.5118864e-08 5000 5000 4998 718 651
2.1 3.1622777e-06 5000 5000 4998 749 684
2.1 3.1622777e-07 5000 5000 5000 761 696
2.1 3.1622777e-08 5000 5000 4997 760 688
2.1 3.1622777e-09 5000 5000 4999 791 701
2.1 3.9810717e-07 5000 5000 4998 748 692
2.1 3.9810717e-08 5000 5000 4996 735 667
2.1 3.9810717e-09 5000 5000 4998 766 690
2.1 5.0118723e-07 5000 5000 4995 772 708
2.1 5.0118723e-08 5000 5000 5000 774 707
2.1 5.0118723e-09 5000 5000 4998 750 667
2.1 6.3095734e-07 5000 5000 4997 774 704
2.1 6.3095734e-08 5000 5000 5000 753 681
2.1 6.3095734e-09 5000 5000 4998 780 706
2.1 7.9432823e-07 5000 5000 4999 772 696
2.1 7.9432823e-08 5000 5000 4997 760 693
2.1 7.9432823e-09 5000 5000 4999 759 690
2.2 1.2589254e-06 5000 5000 4999 777 703
2.2 1.2589254e-07 5000 5000 4997 717 628
2.2 1.2589254e-08 5000 5000 4999 721 646
2.2 1.5848932e-06 5000 5000 4998 717 657
2.2 1.5848932e-07 5000 5000 4999 739 680
2.2 1.5848932e-08 5000 5000 4998 730 679
2.2 1.9952623e-06 5000 5000 5000 717 641
2.2 1.9952623e-07 5000 5000 4997 721 654
2.2 1.9952623e-08 5000 5000 4997 732 667
2.2 1e-06 5000 5000 4995 724 654
2.2 1e-07 5000 5000 4999 734 671
2.2 1e-08 5000 5000 4999 715 650
2.2 2.5118864e-06 5000 5000 4997 756 690
2.2 2.5118864e-07 5000 5000 4997 787 714
2.2 2.5118864e-08 5000 5000 4996 714 637
2.2 3.1622777e-06 5000 5000 4996 737 665
2.2 3.1622777e-07 5000 5000 4999 769 698
2.2 3.1622777e-08 5000 5000 4998 713 638
2.2 3.1622777e-09 5000 5000 4999 729 665
2.2 3.9810717e-07 5000 5000 4996 754 692
2.2 3.9810717e-08 5000 5000 4996 725 689
2.2 3.9810717e-09 5000 5000 4998 743 662
2.2 5.0118723e-07 5000 5000 4997 704 642
2.2 5.0118723e-08 5000 5000 4999 707 643
2.2 5.0118723e-09 5000 5000 4996 775 703
2.2 6.3095734e-07 5000 5000 4998 753 690
2.2 6.3095734e-08 5000 5000 4998 738 675
2.2 6.3095734e-09 5000 5000 4996 699 622
2.2 7.9432823e-07 5000 5000 4997 723 668
2.2 7.9432823e-08 5000 5000 5000 709 639
2.2 7.9432823e-09 5000 5000 4995 736 653
2.3 1.2589254e-06 5000 5000 4999 710 649
2.3 1.2589254e-07 5000 5000 4995 644 586
2.3 1.2589254e-08 5000 5000 4998 713 647
2.3 1.5848932e-06 5000 5000 4999 687 627
2.3 1.5848932e-07 5000 5000 5000 733 666
2.3 1.5848932e-08 5000 5000 4997 756 685
2.3 1.9952623e-06 5000 5000 4997 714 650
2.3 1.9952623e-07 5000 5000 4997 707 652
2.3 1.9952623e-08 5000 5000 4997 681 623
2.3 1e-06 5000 5000 4996 713 653
2.3 1e-07 5000 5000 4999 703 629
2.3 1e-08 5000 5000 4997 708 633
2.3 2.5118864e-06 5000 5000 4999 749 678
2.3 2.5118864e-07 5000 5000 5000 670 613
2.3 2.5118864e-08 5000 5000 4997 703 641
2.3 3.1622777e-06 5000 5000 4996 714 655
2.3 3.1622777e-07 5000 5000 4998 741 667
2.3 3.1622777e-08 5000 5000 4998 712 646
2.3 3.1622777e-09 5000 5000 5000 719 650
2.3 3.9810717e-07 5000 5000 4998 696 628
2.3 3.9810717e-08 5000 5000 4996 704 639
2.3 3.9810717e-09 5000 5000 4994 756 680
2.3 5.0118723e-07 5000 5000 4997 696 642
2.3 5.0118723e-08 5000 5000 4998 703 636
2.3 5.0118723e-09 5000 5000 4999 747 682
2.3 6.3095734e-07 5000 5000 4998 716 637
2.3 6.3095734e-08 5000 5000 4997 707 633
2.3 6.3095734e-09 5000 5000 5000 714 656
2.3 7.9432823e-07 5000 5000 4998 731 662
2.3 7.9432823e-08 5000 5000 4996 693 624
2.3 7.9432823e-09 5000 5000 5000 693 629
2.4 1.2589254e-06 5000 5000 4998 716 642
2.4 1.2589254e-07 5000 5000 4995 695 628
2.4 1.2589254e-08 5000 5000 4998 720 652
2.4 1.5848932e-06 5000 5000 4999 713 631
2.4 1.5848932e-07 5000 5000 4999 717 659
2.4 1.5848932e-08 5000 5000 4996 721 649
2.4 1.9952623e-06 5000 5000 4998 705 628
2.4 1.9952623e-07 5000 5000 4997 717 659
2.4 1.9952623e-08 5000 5000 4998 702 635
2.4 1e-06 5000 5000 4998 721 643
2.4 1e-07 5000 5000 4997 745 669
2.4 1e-08 5000 5000 4999 697 646
2.4 2.5118864e-06 5000 5000 4996 701 629
2.4 2.5118864e-07 5000 5000 4996 707 621
2.4 2.5118864e-08 5000 5000 4997 709 627
2.4 3.1622777e-06 5000 5000 4995 727 661
2.4 3.1622777e-07 5000 5000 4998 685 619
2.4 3.1622777e-08 5000 5000 4997 718 649
2.4 3.1622777e-09 5000 5000 4996 719 647
2.4 3.9810717e-07 5000 5000 4993 693 616
2.4 3.9810717e-08 5000 5000 4997 681 618
2.4 3.9810717e-09 5000 5000 4998 743 687
2.4 5.0118723e-07 5000 5000 5000 652 591
2.4 5.0118723e-08 5000 5000 4995 685 608
2.4 5.0118723e-09 5000 5000 4994 710 631
2.4 6.3095734e-07 5000 5000 4997 691 614
2.4 6.3095734e-08 5000 5000 4996 681 619
2.4 6.3095734e-09 5000 5000 4998 722 645
2.4 7.9432823e-07 5000 5000 5000 707 646
2.4 7.9432823e-08 5000 5000 4996 723 666
2.4 7.9432823e-09 5000 5000 4996 689 617
2.5 1.2589254e-06 5000 5000 4995 698 630
2.5 1.2589254e-07 5000 5000 4997 682 603
2.5 1.2589254e-08 5000 5000 4997 661 588
2.5 1.5848932e-06 5000 5000 4996 666 605
2.5 1.5848932e-07 5000 5000 4999 694 618
2.5 1.5848932e-08 5000 5000 4996 643 593
2.5 1.9952623e-06 5000 5000 4999 701 624
2.5 1.9952623e-07 5000 5000 4997 685 617
2.5 1.9952623e-08 5000 5000 4998 655 593
2.5 1e-06 5000 5000 4997 705 640
2.5 1e-07 5000 5000 4996 661 604
2.5 1e-08 5000 5000 4999 686 629
2.5 2.5118864e-06 5000 5000 4997 712 637
2.5 2.5118864e-07 5000 5000 4998 695 632
2.5 2.5118864e-08 5000 5000 4997 683 615
2.5 3.1622777e-06 5000 5000 4996 608 540
2.5 3.1622777e-07 5000 5000 4999 707 635
2.5 3.1622777e-08 5000 5000 4999 705 643
2.5 3.1622777e-09 5000 5000 4997 669 593
2.5 3.9810717e-07 5000 5000 4998 689 625
2.5 3.9810717e-08 5000 5000 4997 657 602
2.5 3.9810717e-09 5000 5000 4995 729 667
2.5 5.0118723e-07 5000 5000 4996 699 624
2.5 5.0118723e-08 5000 5000 4999 673 627
2.5 5.0118723e-09 5000 5000 4995 693 608
2.5 6.3095734e-07 5000 5000 4999 686 616
2.5 6.3095734e-08 5000 5000 4999 616 562
2.5 6.3095734e-09 5000 5000 4998 706 629
2.5 7.9432823e-07 5000 5000 4996 674 608
2.5 7.9432823e-08 5000 5000 4997 664 600
2.5 7.9432823e-09 5000 5000 4996 664 615
2.6 1.2589254e-06 5000 5000 4998 665 596
2.6 1.2589254e-07 5000 5000 4996 670 615
2.6 1.2589254e-08 5000 5000 4999 678 603
2.6 1.5848932e-06 5000 5000 4998 644 574
2.6 1.5848932e-07 5000 5000 4998 695 631
2.6 1.5848932e-08 5000 5000 4999 679 623
2.6 1.9952623e-06 5000 5000 4998 654 593
2.6 1.9952623e-07 5000 5000 4998 637 580
2.6 1.9952623e-08 5000 5000 4998 726 645
2.6 1e-06 5000 5000 4996 644 580
2.6 1e-07 5000 5000 4998 663 610
2.6 1e-08 5000 5000 4999 626 565
2.6 2.5118864e-06 5000 5000 4994 650 593
2.6 2.5118864e-07 5000 5000 4998 663 597
2.6 2.5118864e-08 5000 5000 4996 685 626
2.6 3.1622777e-06 5000 5000 4999 682 615
2.6 3.1622777e-07 5000 5000 4999 700 620
2.6 3.1622777e-08 5000 5000 4999 678 608
2.6 3.1622777e-09 5000 5000 4998 665 598
2.6 3.9810717e-07 5000 5000 4997 703 627
2.6 3.9810717e-08 5000 5000 4996 621 559
2.6 3.9810717e-09 5000 5000 4999 675 615
2.6 5.0118723e-07 5000 5000 4998 691 630
2.6 5.0118723e-08 5000 5000 4998 672 618
2.6 5.0118723e-09 5000 5000 4999 708 632
2.6 6.3095734e-07 5000 5000 4997 679 625
2.6 6.3095734e-08 5000 5000 4998 661 586
2.6 6.3095734e-09 5000 5000 4997 664 589
2.6 7.9432823e-07 5000 5000 4997 642 573
2.6 7.9432823e-08 5000 5000 4997 654 606
2.6 7.9432823e-09 5000 5000 4997 692 628
2.7 1.2589254e-06 5000 5000 4999 635 582
2.7 1.2589254e-07 5000 5000 4990 636 584
2.7 1.2589254e-08 5000 5000 4999 674 613
2.7 1.5848932e-06 5000 5000 4993 667 600
2.7 1.5848932e-07 5000 5000 4998 642 589
2.7 1.5848932e-08 5000 5000 4996 623 571
2.7 1.9952623e-06 5000 5000 4997 617 555
2.7 1.9952623e-07 5000 5000 4996 586 522
2.7 1.9952623e-08 5000 5000 4995 603 547
2.7 1e-06 5000 5000 4999 633 578
2.7 1e-07 5000 5000 4998 726 653
2.7 1e-08 5000 5000 4999 637 583
2.7 2.5118864e-06 5000 5000 4997 644 582
2.7 2.5118864e-07 5000 5000 4994 635 570
2.7 2.5118864e-08 5000 5000 4998 650 587
2.7 3.1622777e-06 5000 5000 4998 644 575
2.7 3.1622777e-07 5000 5000 4994 689 625
2.7 3.1622777e-08 5000 5000 4996 651 587
2.7 3.1622777e-09 5000 5000 4998 616 548
2.7 3.9810717e-07 5000 5000 4997 636 575
2.7 3.9810717e-08 5000 5000 4997 653 599
2.7 3.9810717e-09 5000 5000 4995 643 575
2.7 5.0118723e-07 5000 5000 4997 658 598
2.7 5.0118723e-08 5000 5000 4997 616 559
2.7 5.0118723e-09 5000 5000 4998 663 613
2.7 6.3095734e-07 5000 5000 4999 623 553
2.7 6.3095734e-08 5000 5000 4999 641 586
2.7 6.3095734e-09 5000 5000 4998 677 612
2.7 7.9432823e-07 5000 5000 4999 633 582
2.7 7.9432823e-08 5000 5000 4995 637 588
2.7 7.9432823e-09 5000 5000 4999 639 583
2.8 1.2589254e-06 5000 5000 4998 610 551
2.8 1.2589254e-07 5000 5000 4998 661 597
2.8 1.2589254e-08 5000 5000 4994 638 581
2.8 1.5848932e-06 5000 5000 4999 624 554
2.8 1.5848932e-07 5000 5000 4996 649 584
2.8 1.5848932e-08 5000 5000 4998 623 573
2.8 1.9952623e-06 5000 5000 4996 581 530
2.8 1.9952623e-07 5000 5000 4996 621 558
2.8 1.9952623e-08 5000 5000 4993 692 629
2.8 1e-06 5000 5000 5000 619 558
2.8 1e-07 5000 5000 4998 609 550
2.8 1e-08 5000 5000 4999 635 573
2.8 2.5118864e-06 5000 5000 4995 670 609
2.8 2.5118864e-07 5000 5000 4996 616 540
2.8 2.5118864e-08 5000 5000 4998 630 565
2.8 3.1622777e-06 5000 5000 4996 626 559
2.8 3.1622777e-07 5000 5000 4999 626 569
2.8 3.1622777e-08 5000 5000 4995 628 568
2.8 3.1622777e-09 5000 5000 4997 593 525
2.8 3.9810717e-07 5000 5000 4997 632 574
2.8 3.9810717e-08 5000 5000 4995 609 549
2.8 3.9810717e-09 5000 5000 4995 591 531
2.8 5.0118723e-07 5000 5000 4997 627 573
2.8 5.0118723e-08 5000 5000 4999 625 555
2.8 5.0118723e-09 5000 5000 4998 685 614
2.8 6.3095734e-07 5000 5000 4995 620 568
2.8 6.3095734e-08 5000 5000 4997 632 577
2.8 6.3095734e-09 5000 5000 4996 646 593
2.8 7.9432823e-07 5000 5000 4998 661 604
2.8 7.9432823e-08 5000 5000 4999 611 557
2.8 7.9432823e-09 5000 5000 5000 664 597
2.9 1.2589254e-06 5000 5000 4995 608 541
2.9 1.2589254e-07 5000 5000 4997 620 550
2.9 1.2589254e-08 5000 5000 4996 629 558
2.9 1.5848932e-06 5000 5000 4998 629 567
2.9 1.5848932e-07 5000 5000 4999 634 571
2.9 1.5848932e-08 5000 5000 4999 559 500
2.9 1.9952623e-06 5000 5000 4996 602 550
2.9 1.9952623e-07 5000 5000 4996 610 538
2.9 1.9952623e-08 5000 5000 4994 610 549
2.9 1e-06 5000 5000 4997 646 569
2.9 1e-07 5000 5000 4995 615 563
2.9 1e-08 5000 5000 4997 649 576
2.9 2.5118864e-06 5000 5000 4998 662 597
2.9 2.5118864e-07 5000 5000 4999 605 552
2.9 2.5118864e-08 5000 5000 4997 612 545
2.9 3.1622777e-06 5000 5000 5000 654 600
2.9 3.1622777e-07 5000 5000 4997 584 531
2.9 3.1622777e-08 5000 5000 4995 610 546
2.9 3.1622777e-09 5000 5000 4994 644 583
2.9 3.9810717e-07 5000 5000 4997 619 563
2.9 3.9810717e-08 5000 5000 4995 677 607
2.9 3.9810717e-09 5000 5000 4997 571 519
2.9 5.0118723e-07 5000 5000 4995 616 565
2.9 5.0118723e-08 5000 5000 4997 610 554
2.9 5.0118723e-09 5000 5000 4997 658 590
2.9 6.3095734e-07 5000 5000 4995 604 544
2.9 6.3095734e-08 5000 5000 4997 680 610
2.9 6.3095734e-09 5000 5000 4996 637 586
2.9 7.9432823e-07 5000 5000 5000 636 577
2.9 7.9432823e-08 5000 5000 4998 612 551
2.9 7.9432823e-09 5000 5000 4996 599 556
