1.00000E+01 1.258925400E-07 4.092921800E-11
1.00000E+01 1.258925400E-08 6.087077800E-03
1.00000E+01 1.584893200E-07 1.996387800E-16
1.00000E+01 1.584893200E-08 1.039145400E-02
1.00000E+01 1.995262300E-07 2.750978500E-24
1.00000E+01 1.995262300E-08 1.480517200E-02
1.00000E+01 1.000000000E-07 8.793865800E-08
1.00000E+01 1.000000000E-08 2.899684600E-03
1.00000E+01 2.511886400E-07 3.683860500E-43
1.00000E+01 2.511886400E-08 1.823152200E-02
1.00000E+01 3.162277700E-08 1.364464000E-02
1.00000E+01 3.162277700E-09 4.535009600E-05
1.00000E+01 3.981071700E-08 6.573733600E-03
1.00000E+01 3.981071700E-09 1.142028600E-04
1.00000E+01 5.011872300E-08 2.047832000E-03
1.00000E+01 5.011872300E-09 2.517570200E-04
1.00000E+01 6.309573400E-08 2.531065500E-04
1.00000E+01 6.309573400E-09 6.225052900E-04
1.00000E+01 7.943282300E-08 1.309849900E-05
1.00000E+01 7.943282300E-09 1.399710500E-03
1.50000E+00 1.258925400E-06 2.276922400E-10
1.50000E+00 1.258925400E-07 1.318231600E+03
1.50000E+00 1.258925400E-08 6.957033800E-01
1.50000E+00 1.584893200E-06 8.663004600E-20
1.50000E+00 1.584893200E-07 1.560358800E+03
1.50000E+00 1.584893200E-08 1.652765800E+00
1.50000E+00 1.995262300E-06 2.027412500E-29
1.50000E+00 1.995262300E-07 1.562132800E+03
1.50000E+00 1.995262300E-08 4.151021600E+00
1.50000E+00 1.000000000E-06 9.115563900E-05
1.50000E+00 1.000000000E-07 8.660652300E+02
1.50000E+00 1.000000000E-08 2.928856100E-01
1.50000E+00 2.511886400E-07 1.378367000E+03
1.50000E+00 2.511886400E-08 1.020220400E+01
1.50000E+00 3.162277700E-07 5.573233100E+02
1.50000E+00 3.162277700E-08 2.247232200E+01
1.50000E+00 3.162277700E-09 2.894238300E-03
1.50000E+00 3.981071700E-07 1.726567000E+02
1.50000E+00 3.981071700E-08 5.477584800E+01
1.50000E+00 3.981071700E-09 6.992169500E-03
1.50000E+00 5.011872300E-07 3.605709700E+01
1.50000E+00 5.011872300E-08 1.196902700E+02
1.50000E+00 5.011872300E-09 1.919487000E-02
1.50000E+00 6.309573400E-07 1.945715200E+00
1.50000E+00 6.309573400E-08 2.676115000E+02
1.50000E+00 6.309573400E-09 4.451084000E-02
1.50000E+00 7.943282300E-07 1.830202200E-02
1.50000E+00 7.943282300E-08 5.021240300E+02
1.50000E+00 7.943282300E-09 1.112419700E-01
1.60000E+00 1.258925400E-06 1.117721800E-12
1.60000E+00 1.258925400E-07 9.991577900E+02
1.60000E+00 1.258925400E-08 7.081611700E-01
1.60000E+00 1.584893200E-06 7.606477700E-26
1.60000E+00 1.584893200E-07 1.246652900E+03
1.60000E+00 1.584893200E-08 1.944473000E+00
1.60000E+00 1.995262300E-06 7.542285900E-36
1.60000E+00 1.995262300E-07 1.188089000E+03
1.60000E+00 1.995262300E-08 4.297531300E+00
1.60000E+00 1.000000000E-06 9.681876600E-07
1.60000E+00 1.000000000E-07 7.780379700E+02
1.60000E+00 1.000000000E-08 2.878982800E-01
1.60000E+00 2.511886400E-07 8.201816800E+02
1.60000E+00 2.511886400E-08 9.970489700E+00
1.60000E+00 3.162277700E-07 3.035761300E+02
1.60000E+00 3.162277700E-08 2.369466000E+01
1.60000E+00 3.162277700E-09 3.078966100E-03
1.60000E+00 3.981071700E-07 8.603918700E+01
1.60000E+00 3.981071700E-08 5.980105900E+01
1.60000E+00 3.981071700E-09 8.273404600E-03
1.60000E+00 5.011872300E-07 1.355721400E+01
1.60000E+00 5.011872300E-08 1.285127200E+02
1.60000E+00 5.011872300E-09 1.822004600E-02
1.60000E+00 6.309573400E-07 5.080703800E-01
1.60000E+00 6.309573400E-08 2.539732500E+02
1.60000E+00 6.309573400E-09 4.608530700E-02
1.60000E+00 7.943282300E-07 9.791137000E-03
1.60000E+00 7.943282300E-08 4.799311300E+02
1.60000E+00 7.943282300E-09 1.190549000E-01
1.70000E+00 1.258925400E-06 2.413241700E-16
1.70000E+00 1.258925400E-07 9.239912600E+02
1.70000E+00 1.258925400E-08 7.702757500E-01
1.70000E+00 1.584893200E-06 4.130945200E-27
1.70000E+00 1.584893200E-07 9.120557600E+02
1.70000E+00 1.584893200E-08 1.887383400E+00
1.70000E+00 1.995262300E-06 3.182827800E-40
1.70000E+00 1.995262300E-07 8.298096600E+02
1.70000E+00 1.995262300E-08 4.609275300E+00
1.70000E+00 1.000000000E-06 1.698881400E-09
1.70000E+00 1.000000000E-07 6.707129400E+02
1.70000E+00 1.000000000E-08 3.060360400E-01
1.70000E+00 2.511886400E-07 4.529885100E+02
1.70000E+00 2.511886400E-08 1.155091600E+01
1.70000E+00 3.162277700E-07 1.619989700E+02
1.70000E+00 3.162277700E-08 2.677588100E+01
1.70000E+00 3.162277700E-09 3.288976400E-03
1.70000E+00 3.981071700E-07 3.602685600E+01
1.70000E+00 3.981071700E-08 5.816398100E+01
1.70000E+00 3.981071700E-09 7.901387900E-03
1.70000E+00 5.011872300E-07 2.882651100E+00
1.70000E+00 5.011872300E-08 1.242881400E+02
1.70000E+00 5.011872300E-09 1.903103300E-02
1.70000E+00 6.309573400E-07 6.027601000E-02
1.70000E+00 6.309573400E-08 2.442198000E+02
1.70000E+00 6.309573400E-09 5.050367200E-02
1.70000E+00 7.943282300E-07 1.506478300E-04
1.70000E+00 7.943282300E-08 4.033058400E+02
1.70000E+00 7.943282300E-09 1.242796300E-01
1.80000E+00 1.258925400E-06 9.082089500E-16
1.80000E+00 1.258925400E-07 7.368636700E+02
1.80000E+00 1.258925400E-08 6.376170400E-01
1.80000E+00 1.584893200E-06 6.402322200E-31
1.80000E+00 1.584893200E-07 7.217497100E+02
1.80000E+00 1.584893200E-08 1.613889800E+00
1.80000E+00 1.995262300E-06 1.249683200E-40
1.80000E+00 1.995262300E-07 5.413512100E+02
1.80000E+00 1.995262300E-08 3.994096200E+00
1.80000E+00 1.000000000E-06 1.474230800E-09
1.80000E+00 1.000000000E-07 5.622868100E+02
1.80000E+00 1.000000000E-08 2.518940100E-01
1.80000E+00 2.511886400E-07 3.144903300E+02
1.80000E+00 2.511886400E-08 9.577583900E+00
1.80000E+00 3.162277700E-07 1.019652800E+02
1.80000E+00 3.162277700E-08 2.342058400E+01
1.80000E+00 3.162277700E-09 2.595525600E-03
1.80000E+00 3.981071700E-07 2.511704800E+01
1.80000E+00 3.981071700E-08 4.942181900E+01
1.80000E+00 3.981071700E-09 6.708366600E-03
1.80000E+00 5.011872300E-07 1.048198600E+00
1.80000E+00 5.011872300E-08 1.015475000E+02
1.80000E+00 5.011872300E-09 1.739141600E-02
1.80000E+00 6.309573400E-07 1.231533800E-02
1.80000E+00 6.309573400E-08 2.103187400E+02
1.80000E+00 6.309573400E-09 4.278311500E-02
1.80000E+00 7.943282300E-07 1.715636500E-04
1.80000E+00 7.943282300E-08 3.650424100E+02
1.80000E+00 7.943282300E-09 1.110821700E-01
1.90000E+00 1.258925400E-06 2.242783700E-17
1.90000E+00 1.258925400E-07 5.297086500E+02
1.90000E+00 1.258925400E-08 4.964466400E-01
1.90000E+00 1.584893200E-06 4.393158700E-29
1.90000E+00 1.584893200E-07 5.822706100E+02
1.90000E+00 1.584893200E-08 1.141604900E+00
1.90000E+00 1.995262300E-07 4.906945500E+02
1.90000E+00 1.995262300E-08 3.043721700E+00
1.90000E+00 1.000000000E-06 1.216586900E-09
1.90000E+00 1.000000000E-07 4.144896200E+02
1.90000E+00 1.000000000E-08 1.958337600E-01
1.90000E+00 2.511886400E-07 2.864041200E+02
1.90000E+00 2.511886400E-08 7.106461000E+00
1.90000E+00 3.162277700E-07 6.832690200E+01
1.90000E+00 3.162277700E-08 1.745900600E+01
1.90000E+00 3.162277700E-09 1.945075500E-03
1.90000E+00 3.981071700E-07 2.081150800E+01
1.90000E+00 3.981071700E-08 3.683246200E+01
1.90000E+00 3.981071700E-09 5.162761900E-03
1.90000E+00 5.011872300E-07 1.036548800E+00
1.90000E+00 5.011872300E-08 8.058462700E+01
1.90000E+00 5.011872300E-09 1.283518700E-02
1.90000E+00 6.309573400E-07 1.968126000E-02
1.90000E+00 6.309573400E-08 1.530681800E+02
1.90000E+00 6.309573400E-09 3.226591800E-02
1.90000E+00 7.943282300E-07 1.151416600E-04
1.90000E+00 7.943282300E-08 2.601459800E+02
1.90000E+00 7.943282300E-09 8.152217100E-02
2.00000E+00 1.258925400E-06 1.638355800E-19
2.00000E+00 1.258925400E-07 4.638798200E+02
2.00000E+00 1.258925400E-08 5.263989500E-01
2.00000E+00 1.584893200E-06 2.662214600E-38
2.00000E+00 1.584893200E-07 4.130939400E+02
2.00000E+00 1.584893200E-08 1.300404300E+00
2.00000E+00 1.995262300E-07 3.325658700E+02
2.00000E+00 1.995262300E-08 3.061125500E+00
2.00000E+00 1.000000000E-06 4.586655100E-16
2.00000E+00 1.000000000E-07 3.715221000E+02
2.00000E+00 1.000000000E-08 2.099194500E-01
2.00000E+00 2.511886400E-07 1.486148500E+02
2.00000E+00 2.511886400E-08 6.760524600E+00
2.00000E+00 3.162277700E-07 3.164963800E+01
2.00000E+00 3.162277700E-08 1.656871600E+01
2.00000E+00 3.162277700E-09 1.964458800E-03
2.00000E+00 3.981071700E-07 6.467002000E+00
2.00000E+00 3.981071700E-08 3.771860100E+01
2.00000E+00 3.981071700E-09 5.258020100E-03
2.00000E+00 5.011872300E-07 2.899406400E-01
2.00000E+00 5.011872300E-08 7.847088700E+01
2.00000E+00 5.011872300E-09 1.352175000E-02
2.00000E+00 6.309573400E-07 2.347333300E-03
2.00000E+00 6.309573400E-08 1.450736100E+02
2.00000E+00 6.309573400E-09 3.180879300E-02
2.00000E+00 7.943282300E-07 6.222150700E-07
2.00000E+00 7.943282300E-08 2.396934300E+02
2.00000E+00 7.943282300E-09 8.019409500E-02
2.10000E+00 1.258925400E-06 1.006978500E-25
2.10000E+00 1.258925400E-07 3.783951400E+02
2.10000E+00 1.258925400E-08 4.974997800E-01
2.10000E+00 1.584893200E-06 3.979251500E-40
2.10000E+00 1.584893200E-07 3.283899400E+02
2.10000E+00 1.584893200E-08 1.227490500E+00
2.10000E+00 1.995262300E-07 2.047271200E+02
2.10000E+00 1.995262300E-08 3.127703300E+00
2.10000E+00 1.000000000E-06 1.806181800E-13
2.10000E+00 1.000000000E-07 3.209842200E+02
2.10000E+00 1.000000000E-08 2.050477600E-01
2.10000E+00 2.511886400E-07 8.222093400E+01
2.10000E+00 2.511886400E-08 7.114751100E+00
2.10000E+00 3.162277700E-07 1.770139600E+01
2.10000E+00 3.162277700E-08 1.712432100E+01
2.10000E+00 3.162277700E-09 1.928838500E-03
2.10000E+00 3.981071700E-07 2.554911800E+00
2.10000E+00 3.981071700E-08 3.290455700E+01
2.10000E+00 3.981071700E-09 5.396733800E-03
2.10000E+00 5.011872300E-07 2.767253800E-02
2.10000E+00 5.011872300E-08 7.476095200E+01
2.10000E+00 5.011872300E-09 1.298724100E-02
2.10000E+00 6.309573400E-07 1.261356000E-03
2.10000E+00 6.309573400E-08 1.297158000E+02
2.10000E+00 6.309573400E-09 3.370802300E-02
2.10000E+00 7.943282300E-07 2.233895800E-08
2.10000E+00 7.943282300E-08 2.290841200E+02
2.10000E+00 7.943282300E-09 8.111261900E-02
2.20000E+00 1.258925400E-06 7.119282100E-28
2.20000E+00 1.258925400E-07 2.872606400E+02
2.20000E+00 1.258925400E-08 4.957618400E-01
2.20000E+00 1.584893200E-06 6.592578500E-42
2.20000E+00 1.584893200E-07 2.300243100E+02
2.20000E+00 1.584893200E-08 1.270488100E+00
2.20000E+00 1.995262300E-07 1.404533000E+02
2.20000E+00 1.995262300E-08 2.969404700E+00
2.20000E+00 1.000000000E-06 3.406590900E-14
2.20000E+00 1.000000000E-07 2.695907000E+02
2.20000E+00 1.000000000E-08 2.119404300E-01
2.20000E+00 2.511886400E-07 4.958038300E+01
2.20000E+00 2.511886400E-08 6.591155700E+00
2.20000E+00 3.162277700E-07 8.595989900E+00
2.20000E+00 3.162277700E-08 1.543291600E+01
2.20000E+00 3.162277700E-09 1.996211700E-03
2.20000E+00 3.981071700E-07 5.257849100E-01
2.20000E+00 3.981071700E-08 3.385025800E+01
2.20000E+00 3.981071700E-09 5.007829100E-03
2.20000E+00 5.011872300E-07 1.810680400E-02
2.20000E+00 5.011872300E-08 6.841003500E+01
2.20000E+00 5.011872300E-09 1.258870600E-02
2.20000E+00 6.309573400E-07 4.324910900E-05
2.20000E+00 6.309573400E-08 1.210329100E+02
2.20000E+00 6.309573400E-09 3.200233700E-02
2.20000E+00 7.943282300E-07 3.776603500E-09
2.20000E+00 7.943282300E-08 1.981325100E+02
2.20000E+00 7.943282300E-09 7.785638300E-02
2.30000E+00 1.258925400E-06 3.710414200E-29
2.30000E+00 1.258925400E-07 2.430936000E+02
2.30000E+00 1.258925400E-08 4.552847000E-01
2.30000E+00 1.584893200E-07 1.489659700E+02
2.30000E+00 1.584893200E-08 1.104238400E+00
2.30000E+00 1.995262300E-07 1.064501700E+02
2.30000E+00 1.995262300E-08 2.715997500E+00
2.30000E+00 1.000000000E-06 3.999433300E-17
2.30000E+00 1.000000000E-07 2.052680700E+02
2.30000E+00 1.000000000E-08 1.884308400E-01
2.30000E+00 2.511886400E-07 2.601376600E+01
2.30000E+00 2.511886400E-08 6.086904900E+00
2.30000E+00 3.162277700E-07 6.045221400E+00
2.30000E+00 3.162277700E-08 1.438503800E+01
2.30000E+00 3.162277700E-09 1.983762600E-03
2.30000E+00 3.981071700E-07 4.180504500E-01
2.30000E+00 3.981071700E-08 2.889470000E+01
2.30000E+00 3.981071700E-09 5.059950300E-03
2.30000E+00 5.011872300E-07 9.095163400E-03
2.30000E+00 5.011872300E-08 5.784411000E+01
2.30000E+00 5.011872300E-09 1.197540000E-02
2.30000E+00 6.309573400E-07 1.896916400E-06
2.30000E+00 6.309573400E-08 1.048184100E+02
2.30000E+00 6.309573400E-09 3.030523400E-02
2.30000E+00 7.943282300E-07 7.193533800E-09
2.30000E+00 7.943282300E-08 1.562151100E+02
2.30000E+00 7.943282300E-09 6.857422700E-02
2.40000E+00 1.258925400E-06 1.117776700E-35
2.40000E+00 1.258925400E-07 1.928326000E+02
2.40000E+00 1.258925400E-08 4.058557100E-01
2.40000E+00 1.584893200E-07 1.189487000E+02
2.40000E+00 1.584893200E-08 1.010404100E+00
2.40000E+00 1.995262300E-07 5.400906400E+01
2.40000E+00 1.995262300E-08 2.380271300E+00
2.40000E+00 1.000000000E-06 2.587638500E-23
2.40000E+00 1.000000000E-07 1.711035500E+02
2.40000E+00 1.000000000E-08 1.701877900E-01
2.40000E+00 2.511886400E-07 1.761151800E+01
2.40000E+00 2.511886400E-08 5.494296100E+00
2.40000E+00 3.162277700E-07 2.430039900E+00
2.40000E+00 3.162277700E-08 1.250588700E+01
2.40000E+00 3.162277700E-09 1.752560500E-03
2.40000E+00 3.981071700E-07 1.659423600E-01
2.40000E+00 3.981071700E-08 2.671212800E+01
2.40000E+00 3.981071700E-09 4.298267300E-03
2.40000E+00 5.011872300E-07 1.198445300E-03
2.40000E+00 5.011872300E-08 5.144825100E+01
2.40000E+00 5.011872300E-09 1.165593500E-02
2.40000E+00 6.309573400E-07 9.208159600E-07
2.40000E+00 6.309573400E-08 8.647719600E+01
2.40000E+00 6.309573400E-09 2.722362200E-02
2.40000E+00 7.943282300E-07 9.529773300E-14
2.40000E+00 7.943282300E-08 1.370561000E+02
2.40000E+00 7.943282300E-09 6.617508300E-02
2.50000E+00 1.258925400E-06 2.663994800E-43
2.50000E+00 1.258925400E-07 1.417109500E+02
2.50000E+00 1.258925400E-08 3.807170200E-01
2.50000E+00 1.584893200E-07 9.303438400E+01
2.50000E+00 1.584893200E-08 8.845111400E-01
2.50000E+00 1.995262300E-07 4.819942600E+01
2.50000E+00 1.995262300E-08 2.266607600E+00
2.50000E+00 1.000000000E-06 4.269624600E-23
2.50000E+00 1.000000000E-07 1.509653900E+02
2.50000E+00 1.000000000E-08 1.463363000E-01
2.50000E+00 2.511886400E-07 1.165643600E+01
2.50000E+00 2.511886400E-08 5.018770700E+00
2.50000E+00 3.162277700E-07 1.255238000E+00
2.50000E+00 3.162277700E-08 1.182259500E+01
2.50000E+00 3.162277700E-09 1.708371200E-03
2.50000E+00 3.981071700E-07 6.406058300E-02
2.50000E+00 3.981071700E-08 2.334392800E+01
2.50000E+00 3.981071700E-09 3.961821300E-03
2.50000E+00 5.011872300E-07 1.019970300E-03
2.50000E+00 5.011872300E-08 4.733610800E+01
2.50000E+00 5.011872300E-09 1.048966900E-02
2.50000E+00 6.309573400E-07 8.474692800E-08
2.50000E+00 6.309573400E-08 7.702832000E+01
2.50000E+00 6.309573400E-09 2.515286500E-02
2.50000E+00 7.943282300E-07 9.239921000E-15
2.50000E+00 7.943282300E-08 1.178595400E+02
2.50000E+00 7.943282300E-09 6.523439500E-02
2.60000E+00 1.258925400E-06 8.275124800E-40
2.60000E+00 1.258925400E-07 1.108277600E+02
2.60000E+00 1.258925400E-08 3.510956300E-01
2.60000E+00 1.584893200E-07 7.445666400E+01
2.60000E+00 1.584893200E-08 8.717701200E-01
2.60000E+00 1.995262300E-07 2.973786900E+01
2.60000E+00 1.995262300E-08 2.022519800E+00
2.60000E+00 1.000000000E-06 5.649045800E-25
2.60000E+00 1.000000000E-07 1.159654000E+02
2.60000E+00 1.000000000E-08 1.515671500E-01
2.60000E+00 2.511886400E-07 6.752286200E+00
2.60000E+00 2.511886400E-08 4.592977400E+00
2.60000E+00 3.162277700E-07 7.086282000E-01
2.60000E+00 3.162277700E-08 1.061930100E+01
2.60000E+00 3.162277700E-09 1.455338900E-03
2.60000E+00 3.981071700E-07 4.317149500E-02
2.60000E+00 3.981071700E-08 1.998721800E+01
2.60000E+00 3.981071700E-09 3.784072400E-03
2.60000E+00 5.011872300E-07 5.529319700E-04
2.60000E+00 5.011872300E-08 4.082070600E+01
2.60000E+00 5.011872300E-09 9.380276300E-03
2.60000E+00 6.309573400E-07 3.562540300E-08
2.60000E+00 6.309573400E-08 6.865999400E+01
2.60000E+00 6.309573400E-09 2.424519800E-02
2.60000E+00 7.943282300E-07 2.344459800E-14
2.60000E+00 7.943282300E-08 9.981796700E+01
2.60000E+00 7.943282300E-09 5.623564100E-02
2.70000E+00 1.258925400E-06 1.694776800E-38
2.70000E+00 1.258925400E-07 8.168058100E+01
2.70000E+00 1.258925400E-08 3.108230300E-01
2.70000E+00 1.584893200E-07 4.855710700E+01
2.70000E+00 1.584893200E-08 7.487059500E-01
2.70000E+00 1.995262300E-07 2.179915400E+01
2.70000E+00 1.995262300E-08 1.696061100E+00
2.70000E+00 1.000000000E-06 1.227752400E-26
2.70000E+00 1.000000000E-07 9.546418900E+01
2.70000E+00 1.000000000E-08 1.277712300E-01
2.70000E+00 2.511886400E-07 4.545307800E+00
2.70000E+00 2.511886400E-08 4.115333500E+00
2.70000E+00 3.162277700E-07 4.329239700E-01
2.70000E+00 3.162277700E-08 9.021196100E+00
2.70000E+00 3.162277700E-09 1.361844600E-03
2.70000E+00 3.981071700E-07 1.010827900E-02
2.70000E+00 3.981071700E-08 1.777642400E+01
2.70000E+00 3.981071700E-09 3.253214600E-03
2.70000E+00 5.011872300E-07 1.503672400E-05
2.70000E+00 5.011872300E-08 3.260207000E+01
2.70000E+00 5.011872300E-09 7.816662300E-03
2.70000E+00 6.309573400E-07 4.215998900E-10
2.70000E+00 6.309573400E-08 5.834366900E+01
2.70000E+00 6.309573400E-09 2.067267400E-02
2.70000E+00 7.943282300E-07 2.227976700E-17
2.70000E+00 7.943282300E-08 8.431918900E+01
2.70000E+00 7.943282300E-09 4.879492900E-02
2.80000E+00 1.258925400E-07 6.291091400E+01
2.80000E+00 1.258925400E-08 2.575198900E-01
2.80000E+00 1.584893200E-07 3.837594300E+01
2.80000E+00 1.584893200E-08 6.265197200E-01
2.80000E+00 1.995262300E-07 1.594586200E+01
2.80000E+00 1.995262300E-08 1.533636900E+00
2.80000E+00 1.000000000E-06 1.088318200E-31
2.80000E+00 1.000000000E-07 6.722829600E+01
2.80000E+00 1.000000000E-08 1.058603800E-01
2.80000E+00 2.511886400E-07 3.517563800E+00
2.80000E+00 2.511886400E-08 3.392828000E+00
2.80000E+00 3.162277700E-07 2.974773900E-01
2.80000E+00 3.162277700E-08 7.150216300E+00
2.80000E+00 3.162277700E-09 1.105258900E-03
2.80000E+00 3.981071700E-07 8.130116600E-03
2.80000E+00 3.981071700E-08 1.623931500E+01
2.80000E+00 3.981071700E-09 2.751708300E-03
2.80000E+00 5.011872300E-07 1.050633600E-05
2.80000E+00 5.011872300E-08 2.764397200E+01
2.80000E+00 5.011872300E-09 7.479593400E-03
2.80000E+00 6.309573400E-07 2.709278500E-10
2.80000E+00 6.309573400E-08 4.778539700E+01
2.80000E+00 6.309573400E-09 1.776527200E-02
2.80000E+00 7.943282300E-07 1.062746000E-16
2.80000E+00 7.943282300E-08 6.392760600E+01
2.80000E+00 7.943282300E-09 4.585180500E-02
2.90000E+00 1.258925400E-07 5.387423800E+01
2.90000E+00 1.258925400E-08 2.293552900E-01
2.90000E+00 1.584893200E-07 2.852630800E+01
2.90000E+00 1.584893200E-08 6.388399400E-01
2.90000E+00 1.995262300E-07 9.170701800E+00
2.90000E+00 1.995262300E-08 1.492180600E+00
2.90000E+00 1.000000000E-06 9.479555900E-30
2.90000E+00 1.000000000E-07 5.948569200E+01
2.90000E+00 1.000000000E-08 1.072301600E-01
2.90000E+00 2.511886400E-07 2.056471300E+00
2.90000E+00 2.511886400E-08 3.144198700E+00
2.90000E+00 3.162277700E-07 9.076493700E-02
2.90000E+00 3.162277700E-08 7.264342400E+00
2.90000E+00 3.162277700E-09 1.125899200E-03
2.90000E+00 3.981071700E-07 9.365973300E-04
2.90000E+00 3.981071700E-08 1.364654400E+01
2.90000E+00 3.981071700E-09 2.586696300E-03
2.90000E+00 5.011872300E-07 5.866516900E-06
2.90000E+00 5.011872300E-08 2.515269800E+01
2.90000E+00 5.011872300E-09 6.831642800E-03
2.90000E+00 6.309573400E-07 2.330507300E-11
2.90000E+00 6.309573400E-08 4.066214900E+01
2.90000E+00 6.309573400E-09 1.644847200E-02
2.90000E+00 7.943282300E-07 3.277737200E-20
2.90000E+00 7.943282300E-08 5.517496200E+01
2.90000E+00 7.943282300E-09 4.092528900E-02
3.00000E+00 1.258925400E-07 3.642320000E+01
3.00000E+00 1.258925400E-08 2.182769100E-01
3.00000E+00 1.584893200E-07 1.952886800E+01
3.00000E+00 1.584893200E-08 5.372432000E-01
3.00000E+00 1.995262300E-07 5.949686100E+00
3.00000E+00 1.995262300E-08 1.250905600E+00
3.00000E+00 1.000000000E-06 2.457960000E-36
3.00000E+00 1.000000000E-07 4.839100000E+01
3.00000E+00 1.000000000E-08 9.468185400E-02
3.00000E+00 2.511886400E-07 1.006873800E+00
3.00000E+00 2.511886400E-08 2.943857600E+00
3.00000E+00 3.162277700E-07 4.079979100E-02
3.00000E+00 3.162277700E-08 6.183288300E+00
3.00000E+00 3.162277700E-09 9.955987400E-04
3.00000E+00 3.981071700E-07 4.966995000E-04
3.00000E+00 3.981071700E-08 1.161462000E+01
3.00000E+00 3.981071700E-09 2.405367400E-03
3.00000E+00 5.011872300E-07 7.646115900E-06
3.00000E+00 5.011872300E-08 2.251186000E+01
3.00000E+00 5.011872300E-09 5.915533900E-03
3.00000E+00 6.309573400E-07 9.777571500E-12
3.00000E+00 6.309573400E-08 3.408086000E+01
3.00000E+00 6.309573400E-09 1.430447300E-02
3.00000E+00 7.943282300E-07 9.586252900E-20
3.00000E+00 7.943282300E-08 4.630520600E+01
3.00000E+00 7.943282300E-09 3.712663500E-02
3.10000E+00 1.258925400E-07 3.168169200E+01
3.10000E+00 1.258925400E-08 2.255707400E-01
3.10000E+00 1.584893200E-07 1.531391100E+01
3.10000E+00 1.584893200E-08 5.561881500E-01
3.10000E+00 1.995262300E-07 4.600295300E+00
3.10000E+00 1.995262300E-08 1.267401700E+00
3.10000E+00 1.000000000E-06 3.417401500E-29
3.10000E+00 1.000000000E-07 4.145302800E+01
3.10000E+00 1.000000000E-08 9.082925700E-02
3.10000E+00 2.511886400E-07 5.879089100E-01
3.10000E+00 2.511886400E-08 2.786877800E+00
3.10000E+00 3.162277700E-07 9.034003900E-03
3.10000E+00 3.162277700E-08 5.931039400E+00
3.10000E+00 3.162277700E-09 9.268709000E-04
3.10000E+00 3.981071700E-07 1.033805900E-03
3.10000E+00 3.981071700E-08 1.193603900E+01
3.10000E+00 3.981071700E-09 2.535569800E-03
3.10000E+00 5.011872300E-07 6.176743700E-07
3.10000E+00 5.011872300E-08 2.190266600E+01
3.10000E+00 5.011872300E-09 6.209123200E-03
3.10000E+00 6.309573400E-07 3.847490300E-12
3.10000E+00 6.309573400E-08 3.260453000E+01
3.10000E+00 6.309573400E-09 1.570492200E-02
3.10000E+00 7.943282300E-07 8.145219100E-21
3.10000E+00 7.943282300E-08 3.996063100E+01
3.10000E+00 7.943282300E-09 3.583131000E-02
3.20000E+00 1.258925400E-07 2.608053900E+01
3.20000E+00 1.258925400E-08 2.124921100E-01
3.20000E+00 1.584893200E-07 1.340541000E+01
3.20000E+00 1.584893200E-08 5.103582600E-01
3.20000E+00 1.995262300E-07 2.533570600E+00
3.20000E+00 1.995262300E-08 1.202328400E+00
3.20000E+00 1.000000000E-07 3.346003600E+01
3.20000E+00 1.000000000E-08 9.196725800E-02
3.20000E+00 2.511886400E-07 2.208524700E-01
3.20000E+00 2.511886400E-08 2.695727900E+00
3.20000E+00 3.162277700E-07 4.406941700E-03
3.20000E+00 3.162277700E-08 5.819839200E+00
3.20000E+00 3.162277700E-09 9.834046600E-04
3.20000E+00 3.981071700E-07 1.642936700E-04
3.20000E+00 3.981071700E-08 1.089019100E+01
3.20000E+00 3.981071700E-09 2.373001300E-03
3.20000E+00 5.011872300E-07 5.050052200E-08
3.20000E+00 5.011872300E-08 1.990554500E+01
3.20000E+00 5.011872300E-09 5.960830700E-03
3.20000E+00 6.309573400E-07 6.028312600E-14
3.20000E+00 6.309573400E-08 2.925310500E+01
3.20000E+00 6.309573400E-09 1.537368100E-02
3.20000E+00 7.943282300E-07 3.347095500E-25
3.20000E+00 7.943282300E-08 3.800800700E+01
3.20000E+00 7.943282300E-09 3.680417500E-02
3.30000E+00 1.258925400E-07 1.941119200E+01
3.30000E+00 1.258925400E-08 1.940156600E-01
3.30000E+00 1.584893200E-07 8.119580800E+00
3.30000E+00 1.584893200E-08 4.935908800E-01
3.30000E+00 1.995262300E-07 1.941257900E+00
3.30000E+00 1.995262300E-08 1.173376700E+00
3.30000E+00 1.000000000E-06 2.319245600E-41
3.30000E+00 1.000000000E-07 3.060153300E+01
3.30000E+00 1.000000000E-08 8.324525900E-02
3.30000E+00 2.511886400E-07 1.989715900E-01
3.30000E+00 2.511886400E-08 2.607569800E+00
3.30000E+00 3.162277700E-07 1.189065600E-02
3.30000E+00 3.162277700E-08 5.609903600E+00
3.30000E+00 3.162277700E-09 9.216523000E-04
3.30000E+00 3.981071700E-07 1.487575800E-05
3.30000E+00 3.981071700E-08 1.058323400E+01
3.30000E+00 3.981071700E-09 2.274795300E-03
3.30000E+00 5.011872300E-07 6.325748800E-10
3.30000E+00 5.011872300E-08 1.840225100E+01
3.30000E+00 5.011872300E-09 5.362818300E-03
3.30000E+00 6.309573400E-07 4.561590300E-16
3.30000E+00 6.309573400E-08 2.568523800E+01
3.30000E+00 6.309573400E-09 1.441361100E-02
3.30000E+00 7.943282300E-07 8.123422500E-27
3.30000E+00 7.943282300E-08 3.357767700E+01
3.30000E+00 7.943282300E-09 3.583774500E-02
3.40000E+00 1.258925400E-07 1.606613900E+01
3.40000E+00 1.258925400E-08 1.960046000E-01
3.40000E+00 1.584893200E-07 5.993749400E+00
3.40000E+00 1.584893200E-08 4.891825200E-01
3.40000E+00 1.995262300E-07 1.821460400E+00
3.40000E+00 1.995262300E-08 1.093293200E+00
3.40000E+00 1.000000000E-07 2.683453500E+01
3.40000E+00 1.000000000E-08 8.177832200E-02
3.40000E+00 2.511886400E-07 1.780016900E-01
3.40000E+00 2.511886400E-08 2.380005400E+00
3.40000E+00 3.162277700E-07 7.859190200E-03
3.40000E+00 3.162277700E-08 4.891417200E+00
3.40000E+00 3.162277700E-09 8.389016100E-04
3.40000E+00 3.981071700E-07 6.371849200E-06
3.40000E+00 3.981071700E-08 9.569354700E+00
3.40000E+00 3.981071700E-09 2.231191200E-03
3.40000E+00 5.011872300E-07 1.867218300E-10
3.40000E+00 5.011872300E-08 1.620315700E+01
3.40000E+00 5.011872300E-09 5.250888100E-03
3.40000E+00 6.309573400E-07 9.572717300E-17
3.40000E+00 6.309573400E-08 2.404673600E+01
3.40000E+00 6.309573400E-09 1.466371900E-02
3.40000E+00 7.943282300E-07 1.405584500E-28
3.40000E+00 7.943282300E-08 2.763164700E+01
3.40000E+00 7.943282300E-09 3.533263300E-02
3.50000E+00 1.258925400E-07 1.299709000E+01
3.50000E+00 1.258925400E-08 1.942402400E-01
3.50000E+00 1.584893200E-07 4.790059900E+00
3.50000E+00 1.584893200E-08 4.510013200E-01
3.50000E+00 1.995262300E-07 9.027032200E-01
3.50000E+00 1.995262300E-08 1.058046100E+00
3.50000E+00 1.000000000E-07 1.986218900E+01
3.50000E+00 1.000000000E-08 7.864968700E-02
3.50000E+00 2.511886400E-07 8.258962900E-02
3.50000E+00 2.511886400E-08 2.425387100E+00
3.50000E+00 3.162277700E-07 2.723393900E-03
3.50000E+00 3.162277700E-08 4.663970500E+00
3.50000E+00 3.162277700E-09 8.153541100E-04
3.50000E+00 3.981071700E-07 2.725664200E-07
3.50000E+00 3.981071700E-08 9.275174900E+00
3.50000E+00 3.981071700E-09 1.989993400E-03
3.50000E+00 5.011872300E-07 2.960491700E-12
3.50000E+00 5.011872300E-08 1.470220500E+01
3.50000E+00 5.011872300E-09 5.381898500E-03
3.50000E+00 6.309573400E-07 8.102772800E-17
3.50000E+00 6.309573400E-08 2.287648300E+01
3.50000E+00 6.309573400E-09 1.311817000E-02
3.50000E+00 7.943282300E-07 3.846665300E-28
3.50000E+00 7.943282300E-08 2.443379400E+01
3.50000E+00 7.943282300E-09 3.157940300E-02
3.60000E+00 1.258925400E-07 9.150939800E+00
3.60000E+00 1.258925400E-08 2.015206700E-01
3.60000E+00 1.584893200E-07 2.172322100E+00
3.60000E+00 1.584893200E-08 4.808694400E-01
3.60000E+00 1.995262300E-07 6.848602000E-01
3.60000E+00 1.995262300E-08 1.079693400E+00
3.60000E+00 1.000000000E-07 1.809741000E+01
3.60000E+00 1.000000000E-08 8.268659400E-02
3.60000E+00 2.511886400E-07 1.812944800E-02
3.60000E+00 2.511886400E-08 2.353626200E+00
3.60000E+00 3.162277700E-07 6.213432500E-04
3.60000E+00 3.162277700E-08 4.680864800E+00
3.60000E+00 3.162277700E-09 9.098317800E-04
3.60000E+00 3.981071700E-07 1.292067000E-06
3.60000E+00 3.981071700E-08 8.399380900E+00
3.60000E+00 3.981071700E-09 2.391854800E-03
3.60000E+00 5.011872300E-07 1.277688600E-13
3.60000E+00 5.011872300E-08 1.446151800E+01
3.60000E+00 5.011872300E-09 5.505028600E-03
3.60000E+00 6.309573400E-07 5.262903500E-19
3.60000E+00 6.309573400E-08 1.966845400E+01
3.60000E+00 6.309573400E-09 1.339343100E-02
3.60000E+00 7.943282300E-07 1.748355200E-29
3.60000E+00 7.943282300E-08 2.096587800E+01
3.60000E+00 7.943282300E-09 3.282898100E-02
3.70000E+00 1.258925400E-07 8.126147900E+00
3.70000E+00 1.258925400E-08 2.399264600E-01
3.70000E+00 1.584893200E-07 2.120197600E+00
3.70000E+00 1.584893200E-08 5.922797900E-01
3.70000E+00 1.995262300E-07 2.593235100E-01
3.70000E+00 1.995262300E-08 1.247724300E+00
3.70000E+00 1.000000000E-07 1.404089300E+01
3.70000E+00 1.000000000E-08 1.017984400E-01
3.70000E+00 2.511886400E-07 1.793782200E-02
3.70000E+00 2.511886400E-08 2.712473600E+00
3.70000E+00 3.162277700E-07 1.029979700E-04
3.70000E+00 3.162277700E-08 5.523265000E+00
3.70000E+00 3.162277700E-09 1.195489200E-03
3.70000E+00 3.981071700E-07 6.181460400E-08
3.70000E+00 3.981071700E-08 1.007625100E+01
3.70000E+00 3.981071700E-09 2.547940500E-03
3.70000E+00 5.011872300E-07 8.445062300E-14
3.70000E+00 5.011872300E-08 1.614938600E+01
3.70000E+00 5.011872300E-09 6.883412700E-03
3.70000E+00 6.309573400E-07 4.927982400E-21
3.70000E+00 6.309573400E-08 2.068924300E+01
3.70000E+00 6.309573400E-09 1.646224600E-02
3.70000E+00 7.943282300E-07 7.175759000E-33
3.70000E+00 7.943282300E-08 2.031377200E+01
3.70000E+00 7.943282300E-09 4.277670000E-02
3.80000E+00 1.258925400E-07 5.758385400E+00
3.80000E+00 1.258925400E-08 2.737222800E-01
3.80000E+00 1.584893200E-07 1.129874300E+00
3.80000E+00 1.584893200E-08 6.124301000E-01
3.80000E+00 1.995262300E-07 1.077167100E-01
3.80000E+00 1.995262300E-08 1.444674100E+00
3.80000E+00 1.000000000E-07 1.089917100E+01
3.80000E+00 1.000000000E-08 1.180962200E-01
3.80000E+00 2.511886400E-07 2.548547300E-03
3.80000E+00 2.511886400E-08 2.954555400E+00
3.80000E+00 3.162277700E-07 1.552135700E-05
3.80000E+00 3.162277700E-08 5.896655700E+00
3.80000E+00 3.162277700E-09 1.265161100E-03
3.80000E+00 3.981071700E-07 1.419505000E-10
3.80000E+00 3.981071700E-08 9.583786300E+00
3.80000E+00 3.981071700E-09 3.076457700E-03
3.80000E+00 5.011872300E-07 3.666303700E-14
3.80000E+00 5.011872300E-08 1.520318200E+01
3.80000E+00 5.011872300E-09 7.924234300E-03
3.80000E+00 6.309573400E-07 2.052483000E-24
3.80000E+00 6.309573400E-08 1.897002200E+01
3.80000E+00 6.309573400E-09 1.953788300E-02
3.80000E+00 7.943282300E-07 3.665800200E-36
3.80000E+00 7.943282300E-08 1.705424000E+01
3.80000E+00 7.943282300E-09 4.638199200E-02
3.90000E+00 1.258925400E-07 3.251896600E+00
3.90000E+00 1.258925400E-08 2.961067900E-01
3.90000E+00 1.584893200E-07 6.571100400E-01
3.90000E+00 1.584893200E-08 6.706196600E-01
3.90000E+00 1.995262300E-07 3.203650300E-02
3.90000E+00 1.995262300E-08 1.509993400E+00
3.90000E+00 1.000000000E-07 8.652295600E+00
3.90000E+00 1.000000000E-08 1.240627000E-01
3.90000E+00 2.511886400E-07 1.376014300E-03
3.90000E+00 2.511886400E-08 3.092769500E+00
3.90000E+00 3.162277700E-07 2.329790100E-06
3.90000E+00 3.162277700E-08 5.605262900E+00
3.90000E+00 3.162277700E-09 1.354534800E-03
3.90000E+00 3.981071700E-07 1.217206700E-10
3.90000E+00 3.981071700E-08 9.698962200E+00
3.90000E+00 3.981071700E-09 3.383042000E-03
3.90000E+00 5.011872300E-07 7.723481700E-17
3.90000E+00 5.011872300E-08 1.448860700E+01
3.90000E+00 5.011872300E-09 8.239691600E-03
3.90000E+00 6.309573400E-07 6.080896300E-28
3.90000E+00 6.309573400E-08 1.570183500E+01
3.90000E+00 6.309573400E-09 2.147891900E-02
3.90000E+00 7.943282300E-07 5.312104100E-39
3.90000E+00 7.943282300E-08 1.457475700E+01
3.90000E+00 7.943282300E-09 4.908877500E-02
4.00000E+00 1.258925400E-07 1.887038400E+00
4.00000E+00 1.258925400E-08 3.091616500E-01
4.00000E+00 1.584893200E-07 2.496067800E-01
4.00000E+00 1.584893200E-08 7.035532600E-01
4.00000E+00 1.995262300E-07 9.213933400E-03
4.00000E+00 1.995262300E-08 1.615923600E+00
4.00000E+00 1.000000000E-07 5.917135900E+00
4.00000E+00 1.000000000E-08 1.356600900E-01
4.00000E+00 2.511886400E-07 2.067837100E-04
4.00000E+00 2.511886400E-08 3.280779300E+00
4.00000E+00 3.162277700E-07 1.605499500E-07
4.00000E+00 3.162277700E-08 5.844139700E+00
4.00000E+00 3.162277700E-09 1.502728200E-03
4.00000E+00 3.981071700E-07 3.044053700E-13
4.00000E+00 3.981071700E-08 9.600074400E+00
4.00000E+00 3.981071700E-09 3.851459700E-03
4.00000E+00 5.011872300E-07 2.303951400E-18
4.00000E+00 5.011872300E-08 1.236972600E+01
4.00000E+00 5.011872300E-09 9.555401600E-03
4.00000E+00 6.309573400E-07 8.887628500E-31
4.00000E+00 6.309573400E-08 1.347794700E+01
4.00000E+00 6.309573400E-09 2.278130000E-02
4.00000E+00 7.943282300E-07 1.416736800E-43
4.00000E+00 7.943282300E-08 1.139324100E+01
4.00000E+00 7.943282300E-09 5.559794500E-02
4.10000E+00 1.258925400E-07 9.714998100E-01
4.10000E+00 1.258925400E-08 3.902117400E-01
4.10000E+00 1.584893200E-07 1.039109500E-01
4.10000E+00 1.584893200E-08 8.327782800E-01
4.10000E+00 1.995262300E-07 8.149194300E-04
4.10000E+00 1.995262300E-08 1.885473800E+00
4.10000E+00 1.000000000E-07 3.363967400E+00
4.10000E+00 1.000000000E-08 1.747103800E-01
4.10000E+00 2.511886400E-07 4.228694300E-05
4.10000E+00 2.511886400E-08 3.547466500E+00
4.10000E+00 3.162277700E-07 2.964549600E-09
4.10000E+00 3.162277700E-08 6.226942800E+00
4.10000E+00 3.162277700E-09 2.002250700E-03
4.10000E+00 3.981071700E-07 1.992134000E-14
4.10000E+00 3.981071700E-08 8.850510100E+00
4.10000E+00 3.981071700E-09 4.831435400E-03
4.10000E+00 5.011872300E-07 1.290809900E-28
4.10000E+00 5.011872300E-08 1.209367000E+01
4.10000E+00 5.011872300E-09 1.244575000E-02
4.10000E+00 6.309573400E-07 3.247578800E-33
4.10000E+00 6.309573400E-08 1.174797500E+01
4.10000E+00 6.309573400E-09 3.018874800E-02
4.10000E+00 7.943282300E-08 8.433026200E+00
4.10000E+00 7.943282300E-09 7.093595200E-02
4.20000E+00 1.258925400E-07 6.695993000E-01
4.20000E+00 1.258925400E-08 3.737755800E-01
4.20000E+00 1.584893200E-07 8.048916500E-02
4.20000E+00 1.584893200E-08 8.130153800E-01
4.20000E+00 1.995262300E-07 3.257518600E-03
4.20000E+00 1.995262300E-08 1.780879200E+00
4.20000E+00 1.000000000E-07 3.088852400E+00
4.20000E+00 1.000000000E-08 1.466068700E-01
4.20000E+00 2.511886400E-07 7.357122700E-06
4.20000E+00 2.511886400E-08 3.302640100E+00
4.20000E+00 3.162277700E-07 1.272385300E-08
4.20000E+00 3.162277700E-08 5.813088900E+00
4.20000E+00 3.162277700E-09 1.811967100E-03
4.20000E+00 3.981071700E-07 3.455355900E-14
4.20000E+00 3.981071700E-08 8.823889100E+00
4.20000E+00 3.981071700E-09 4.565718300E-03
4.20000E+00 5.011872300E-07 6.723561400E-23
4.20000E+00 5.011872300E-08 1.080352900E+01
4.20000E+00 5.011872300E-09 1.099880300E-02
4.20000E+00 6.309573400E-07 1.824953500E-39
4.20000E+00 6.309573400E-08 1.117508200E+01
4.20000E+00 6.309573400E-09 2.838341500E-02
4.20000E+00 7.943282300E-08 6.202453600E+00
4.20000E+00 7.943282300E-09 6.159416500E-02
4.30000E+00 1.258925400E-07 7.154619100E-01
4.30000E+00 1.258925400E-08 2.859153300E-01
4.30000E+00 1.584893200E-07 9.448589000E-02
4.30000E+00 1.584893200E-08 6.145023900E-01
4.30000E+00 1.995262300E-07 5.704743400E-03
4.30000E+00 1.995262300E-08 1.301918700E+00
4.30000E+00 1.000000000E-07 2.899779100E+00
4.30000E+00 1.000000000E-08 1.156024100E-01
4.30000E+00 2.511886400E-07 2.018002600E-05
4.30000E+00 2.511886400E-08 2.563103200E+00
4.30000E+00 3.162277700E-07 5.070088100E-09
4.30000E+00 3.162277700E-08 4.600382700E+00
4.30000E+00 3.162277700E-09 1.325636300E-03
4.30000E+00 3.981071700E-07 3.395272500E-13
4.30000E+00 3.981071700E-08 6.844268500E+00
4.30000E+00 3.981071700E-09 3.385439400E-03
4.30000E+00 5.011872300E-07 4.337098900E-27
4.30000E+00 5.011872300E-08 8.791412400E+00
4.30000E+00 5.011872300E-09 8.040908400E-03
4.30000E+00 6.309573400E-07 6.302906200E-41
4.30000E+00 6.309573400E-08 8.420246700E+00
4.30000E+00 6.309573400E-09 2.028705000E-02
4.30000E+00 7.943282300E-08 5.817698500E+00
4.30000E+00 7.943282300E-09 5.068620000E-02
4.40000E+00 1.258925400E-07 3.767468800E-01
4.40000E+00 1.258925400E-08 3.350581700E-01
4.40000E+00 1.584893200E-07 2.666702100E-02
4.40000E+00 1.584893200E-08 7.469083000E-01
4.40000E+00 1.995262300E-07 2.674238100E-04
4.40000E+00 1.995262300E-08 1.457462900E+00
4.40000E+00 1.000000000E-07 1.546635600E+00
4.40000E+00 1.000000000E-08 1.384174400E-01
4.40000E+00 2.511886400E-07 4.069414200E-07
4.40000E+00 2.511886400E-08 2.952866200E+00
4.40000E+00 3.162277700E-07 7.983345700E-11
4.40000E+00 3.162277700E-08 4.989580700E+00
4.40000E+00 3.162277700E-09 1.723695800E-03
4.40000E+00 3.981071700E-07 5.470076800E-17
4.40000E+00 3.981071700E-08 6.703740100E+00
4.40000E+00 3.981071700E-09 4.085064100E-03
4.40000E+00 5.011872300E-07 2.124708100E-28
4.40000E+00 5.011872300E-08 8.435215200E+00
4.40000E+00 5.011872300E-09 1.066647200E-02
4.40000E+00 6.309573400E-07 3.075409900E-39
4.40000E+00 6.309573400E-08 6.991307000E+00
4.40000E+00 6.309573400E-09 2.409217200E-02
4.40000E+00 7.943282300E-08 4.149217300E+00
4.40000E+00 7.943282300E-09 6.436140300E-02
4.50000E+00 1.258925400E-07 3.629329700E-01
4.50000E+00 1.258925400E-08 2.707321700E-01
4.50000E+00 1.584893200E-07 1.869122400E-02
4.50000E+00 1.584893200E-08 6.024399000E-01
4.50000E+00 1.995262300E-07 2.128076200E-04
4.50000E+00 1.995262300E-08 1.243959500E+00
4.50000E+00 1.000000000E-07 1.408777700E+00
4.50000E+00 1.000000000E-08 1.208267100E-01
4.50000E+00 2.511886400E-07 4.749001500E-06
4.50000E+00 2.511886400E-08 2.438319000E+00
4.50000E+00 3.162277700E-07 1.622587900E-10
4.50000E+00 3.162277700E-08 4.108593500E+00
4.50000E+00 3.162277700E-09 1.302864100E-03
4.50000E+00 3.981071700E-07 4.828078300E-18
4.50000E+00 3.981071700E-08 5.893208500E+00
4.50000E+00 3.981071700E-09 3.356902400E-03
4.50000E+00 5.011872300E-07 3.727345600E-26
4.50000E+00 5.011872300E-08 7.344870600E+00
4.50000E+00 5.011872300E-09 7.994787200E-03
4.50000E+00 6.309573400E-08 6.156446200E+00
4.50000E+00 6.309573400E-09 2.007783200E-02
4.50000E+00 7.943282300E-08 3.702168400E+00
4.50000E+00 7.943282300E-09 5.086784000E-02
4.60000E+00 1.258925400E-07 2.796901000E-01
4.60000E+00 1.258925400E-08 2.449473400E-01
4.60000E+00 1.584893200E-07 2.179193100E-02
4.60000E+00 1.584893200E-08 5.266512200E-01
4.60000E+00 1.995262300E-07 5.200129800E-04
4.60000E+00 1.995262300E-08 1.146418700E+00
4.60000E+00 1.000000000E-07 1.213811900E+00
4.60000E+00 1.000000000E-08 1.062589200E-01
4.60000E+00 2.511886400E-07 2.127880100E-06
4.60000E+00 2.511886400E-08 2.269548300E+00
4.60000E+00 3.162277700E-07 8.871213400E-12
4.60000E+00 3.162277700E-08 3.922955300E+00
4.60000E+00 3.162277700E-09 1.233508300E-03
4.60000E+00 3.981071700E-07 2.291265500E-17
4.60000E+00 3.981071700E-08 5.475626800E+00
4.60000E+00 3.981071700E-09 3.191805800E-03
4.60000E+00 5.011872300E-07 6.159928000E-30
4.60000E+00 5.011872300E-08 6.320704200E+00
4.60000E+00 5.011872300E-09 7.047179900E-03
4.60000E+00 6.309573400E-07 1.249845400E-43
4.60000E+00 6.309573400E-08 5.120205600E+00
4.60000E+00 6.309573400E-09 1.857848700E-02
4.60000E+00 7.943282300E-08 3.145634900E+00
4.60000E+00 7.943282300E-09 4.650963700E-02
4.70000E+00 1.258925400E-07 1.688040600E-01
4.70000E+00 1.258925400E-08 2.439500800E-01
4.70000E+00 1.584893200E-07 9.971089000E-03
4.70000E+00 1.584893200E-08 5.724218400E-01
4.70000E+00 1.995262300E-07 1.914693900E-04
4.70000E+00 1.995262300E-08 1.114710700E+00
4.70000E+00 1.000000000E-07 1.048506900E+00
4.70000E+00 1.000000000E-08 1.067123300E-01
4.70000E+00 2.511886400E-07 8.035362600E-08
4.70000E+00 2.511886400E-08 2.167050500E+00
4.70000E+00 3.162277700E-07 1.558286700E-10
4.70000E+00 3.162277700E-08 3.730120500E+00
4.70000E+00 3.162277700E-09 1.281816300E-03
4.70000E+00 3.981071700E-07 2.812669000E-20
4.70000E+00 3.981071700E-08 4.764136900E+00
4.70000E+00 3.981071700E-09 2.964031400E-03
4.70000E+00 5.011872300E-07 4.718803000E-32
4.70000E+00 5.011872300E-08 5.406378100E+00
4.70000E+00 5.011872300E-09 7.948554800E-03
4.70000E+00 6.309573400E-08 4.776167100E+00
4.70000E+00 6.309573400E-09 1.861400800E-02
4.70000E+00 7.943282300E-08 2.734105000E+00
4.70000E+00 7.943282300E-09 4.631427800E-02
4.80000E+00 1.258925400E-07 1.049430500E-01
4.80000E+00 1.258925400E-08 2.567788100E-01
4.80000E+00 1.584893200E-07 6.625611800E-03
4.80000E+00 1.584893200E-08 5.352901000E-01
4.80000E+00 1.995262300E-07 2.698190800E-05
4.80000E+00 1.995262300E-08 1.114963800E+00
4.80000E+00 1.000000000E-07 7.753746400E-01
4.80000E+00 1.000000000E-08 1.125671500E-01
4.80000E+00 2.511886400E-07 2.762277100E-09
4.80000E+00 2.511886400E-08 2.003630400E+00
4.80000E+00 3.162277700E-07 6.014022200E-12
4.80000E+00 3.162277700E-08 3.257598400E+00
4.80000E+00 3.162277700E-09 1.191649600E-03
4.80000E+00 3.981071700E-07 9.353578800E-21
4.80000E+00 3.981071700E-08 4.283671600E+00
4.80000E+00 3.981071700E-09 3.101519800E-03
4.80000E+00 5.011872300E-07 8.685860700E-33
4.80000E+00 5.011872300E-08 5.136445400E+00
4.80000E+00 5.011872300E-09 7.724256100E-03
4.80000E+00 6.309573400E-08 3.806324600E+00
4.80000E+00 6.309573400E-09 1.893939500E-02
4.80000E+00 7.943282300E-08 1.959227700E+00
4.80000E+00 7.943282300E-09 4.522706700E-02
4.90000E+00 1.258925400E-07 5.857239300E-02
4.90000E+00 1.258925400E-08 2.221855200E-01
4.90000E+00 1.584893200E-07 1.905150100E-03
4.90000E+00 1.584893200E-08 5.111673900E-01
4.90000E+00 1.995262300E-07 3.126938700E-05
4.90000E+00 1.995262300E-08 9.232003200E-01
4.90000E+00 1.000000000E-07 4.540917100E-01
4.90000E+00 1.000000000E-08 9.892928900E-02
4.90000E+00 2.511886400E-07 4.962877200E-08
4.90000E+00 2.511886400E-08 1.847590800E+00
4.90000E+00 3.162277700E-07 5.765687100E-14
4.90000E+00 3.162277700E-08 2.812733300E+00
4.90000E+00 3.162277700E-09 1.183663900E-03
4.90000E+00 3.981071700E-07 1.904309100E-23
4.90000E+00 3.981071700E-08 4.124946800E+00
4.90000E+00 3.981071700E-09 3.020944100E-03
4.90000E+00 5.011872300E-07 1.435980100E-32
4.90000E+00 5.011872300E-08 3.899271200E+00
4.90000E+00 5.011872300E-09 7.093521300E-03
4.90000E+00 6.309573400E-08 3.553213000E+00
4.90000E+00 6.309573400E-09 1.801632200E-02
4.90000E+00 7.943282300E-08 1.560813600E+00
4.90000E+00 7.943282300E-09 4.194866700E-02
5.00000E+00 1.258925400E-07 4.733053300E-02
5.00000E+00 1.258925400E-08 2.048722600E-01
5.00000E+00 1.584893200E-07 3.357109500E-03
5.00000E+00 1.584893200E-08 4.776027100E-01
5.00000E+00 1.995262300E-07 1.326323000E-05
5.00000E+00 1.995262300E-08 9.178295000E-01
5.00000E+00 1.000000000E-07 4.012965700E-01
5.00000E+00 1.000000000E-08 9.522407000E-02
5.00000E+00 2.511886400E-07 4.048437000E-09
5.00000E+00 2.511886400E-08 1.785880800E+00
5.00000E+00 3.162277700E-07 9.872179100E-15
5.00000E+00 3.162277700E-08 2.735635400E+00
5.00000E+00 3.162277700E-09 1.019169700E-03
5.00000E+00 3.981071700E-07 2.437110900E-21
5.00000E+00 3.981071700E-08 3.554653700E+00
5.00000E+00 3.981071700E-09 2.742447300E-03
5.00000E+00 5.011872300E-07 5.199521200E-34
5.00000E+00 5.011872300E-08 3.317759800E+00
5.00000E+00 5.011872300E-09 6.194857000E-03
5.00000E+00 6.309573400E-08 2.713980700E+00
5.00000E+00 6.309573400E-09 1.609830800E-02
5.00000E+00 7.943282300E-08 1.173581300E+00
5.00000E+00 7.943282300E-09 4.092502500E-02
5.50000E+00 1.258925400E-07 1.076732700E-02
5.50000E+00 1.258925400E-08 1.442993400E-01
5.50000E+00 1.584893200E-07 3.298104600E-04
5.50000E+00 1.584893200E-08 3.096776400E-01
5.50000E+00 1.995262300E-07 1.008395100E-06
5.50000E+00 1.995262300E-08 6.423438700E-01
5.50000E+00 1.000000000E-07 1.308784900E-01
5.50000E+00 1.000000000E-08 6.192677400E-02
5.50000E+00 2.511886400E-07 5.781511800E-10
5.50000E+00 2.511886400E-08 1.072667900E+00
5.50000E+00 3.162277700E-07 8.758343200E-17
5.50000E+00 3.162277700E-08 1.718457500E+00
5.50000E+00 3.162277700E-09 8.545724600E-04
5.50000E+00 3.981071700E-07 1.257456700E-28
5.50000E+00 3.981071700E-08 1.941451100E+00
5.50000E+00 3.981071700E-09 2.149592600E-03
5.50000E+00 5.011872300E-07 2.681279200E-41
5.50000E+00 5.011872300E-08 1.819616000E+00
5.50000E+00 5.011872300E-09 5.018493000E-03
5.50000E+00 6.309573400E-08 1.289426300E+00
5.50000E+00 6.309573400E-09 1.172837700E-02
5.50000E+00 7.943282300E-08 5.204038800E-01
5.50000E+00 7.943282300E-09 2.864570400E-02
6.00000E+00 1.258925400E-07 1.341816100E-03
6.00000E+00 1.258925400E-08 1.018812700E-01
6.00000E+00 1.584893200E-07 1.651966200E-05
6.00000E+00 1.584893200E-08 2.236069200E-01
6.00000E+00 1.995262300E-07 1.983849500E-08
6.00000E+00 1.995262300E-08 4.220467800E-01
6.00000E+00 1.000000000E-07 3.355405200E-02
6.00000E+00 1.000000000E-08 4.789849900E-02
6.00000E+00 2.511886400E-07 2.480420000E-13
6.00000E+00 2.511886400E-08 7.000566400E-01
6.00000E+00 3.162277700E-07 2.404207300E-20
6.00000E+00 3.162277700E-08 9.680047500E-01
6.00000E+00 3.162277700E-09 6.126335100E-04
6.00000E+00 3.981071700E-07 4.797360400E-34
6.00000E+00 3.981071700E-08 1.117978000E+00
6.00000E+00 3.981071700E-09 1.548766900E-03
6.00000E+00 5.011872300E-08 9.264847400E-01
6.00000E+00 5.011872300E-09 3.485446900E-03
6.00000E+00 6.309573400E-08 5.490122800E-01
6.00000E+00 6.309573400E-09 9.239644700E-03
6.00000E+00 7.943282300E-08 1.637172000E-01
6.00000E+00 7.943282300E-09 2.116327100E-02
6.50000E+00 1.258925400E-07 1.007717100E-04
6.50000E+00 1.258925400E-08 8.380151700E-02
6.50000E+00 1.584893200E-07 2.907645300E-07
6.50000E+00 1.584893200E-08 1.696190900E-01
6.50000E+00 1.995262300E-07 1.062293600E-10
6.50000E+00 1.995262300E-08 2.922047100E-01
6.50000E+00 1.000000000E-07 8.519115000E-03
6.50000E+00 1.000000000E-08 4.127324300E-02
6.50000E+00 2.511886400E-07 3.869313400E-17
6.50000E+00 2.511886400E-08 4.672160600E-01
6.50000E+00 3.162277700E-07 8.681941800E-27
6.50000E+00 3.162277700E-08 5.878888800E-01
6.50000E+00 3.162277700E-09 4.727843100E-04
6.50000E+00 3.981071700E-07 1.231198900E-40
6.50000E+00 3.981071700E-08 6.097117400E-01
6.50000E+00 3.981071700E-09 1.096172100E-03
6.50000E+00 5.011872300E-08 4.166943100E-01
6.50000E+00 5.011872300E-09 2.872397100E-03
6.50000E+00 6.309573400E-08 1.568151800E-01
6.50000E+00 6.309573400E-09 6.631179500E-03
6.50000E+00 7.943282300E-08 4.031339400E-02
6.50000E+00 7.943282300E-09 1.660001900E-02
7.00000E+00 1.258925400E-07 2.399248900E-05
7.00000E+00 1.258925400E-08 6.156683900E-02
7.00000E+00 1.584893200E-07 6.901546000E-08
7.00000E+00 1.584893200E-08 1.115457900E-01
7.00000E+00 1.995262300E-07 1.001209800E-11
7.00000E+00 1.995262300E-08 2.127628900E-01
7.00000E+00 1.000000000E-07 1.189486700E-03
7.00000E+00 1.000000000E-08 2.673815000E-02
7.00000E+00 2.511886400E-07 3.416129300E-19
7.00000E+00 2.511886400E-08 2.938193900E-01
7.00000E+00 3.162277700E-07 8.747745100E-29
7.00000E+00 3.162277700E-08 3.795446200E-01
7.00000E+00 3.162277700E-09 3.561558400E-04
7.00000E+00 3.981071700E-08 3.276609000E-01
7.00000E+00 3.981071700E-09 8.331716600E-04
7.00000E+00 5.011872300E-08 2.177252700E-01
7.00000E+00 5.011872300E-09 2.105060600E-03
7.00000E+00 6.309573400E-08 8.184218600E-02
7.00000E+00 6.309573400E-09 5.099951800E-03
7.00000E+00 7.943282300E-08 1.521150600E-02
7.00000E+00 7.943282300E-09 1.162165500E-02
8.00000E+00 1.258925400E-07 5.700463100E-07
8.00000E+00 1.258925400E-08 2.815545500E-02
8.00000E+00 1.584893200E-07 4.856390000E-10
8.00000E+00 1.584893200E-08 5.178488600E-02
8.00000E+00 1.995262300E-07 5.629928500E-16
8.00000E+00 1.995262300E-08 8.438173200E-02
8.00000E+00 1.000000000E-07 5.064495000E-05
8.00000E+00 1.000000000E-08 1.400464700E-02
8.00000E+00 2.511886400E-07 6.632834500E-24
8.00000E+00 2.511886400E-08 1.102165400E-01
8.00000E+00 3.162277700E-07 1.364762200E-42
8.00000E+00 3.162277700E-08 1.156250600E-01
8.00000E+00 3.162277700E-09 1.852656700E-04
8.00000E+00 3.981071700E-08 9.016835100E-02
8.00000E+00 3.981071700E-09 4.748678300E-04
8.00000E+00 5.011872300E-08 4.499903300E-02
8.00000E+00 5.011872300E-09 1.086020400E-03
8.00000E+00 6.309573400E-08 1.078792400E-02
8.00000E+00 6.309573400E-09 2.557969800E-03
8.00000E+00 7.943282300E-08 1.143128300E-03
8.00000E+00 7.943282300E-09 6.230057600E-03
9.00000E+00 1.258925400E-07 1.605884800E-08
9.00000E+00 1.258925400E-08 1.356689700E-02
9.00000E+00 1.584893200E-07 5.846425700E-13
9.00000E+00 1.584893200E-08 2.266921800E-02
9.00000E+00 1.995262300E-07 2.014320800E-22
9.00000E+00 1.995262300E-08 3.803717800E-02
9.00000E+00 1.000000000E-07 3.435492100E-06
9.00000E+00 1.000000000E-08 6.337354200E-03
9.00000E+00 2.511886400E-07 1.335547300E-31
9.00000E+00 2.511886400E-08 4.553072400E-02
9.00000E+00 3.162277700E-08 4.269562000E-02
9.00000E+00 3.162277700E-09 9.059036200E-05
9.00000E+00 3.981071700E-08 2.507709600E-02
9.00000E+00 3.981071700E-09 2.283525900E-04
9.00000E+00 5.011872300E-08 9.044009400E-03
9.00000E+00 5.011872300E-09 5.245867100E-04
9.00000E+00 6.309573400E-08 1.541705400E-03
9.00000E+00 6.309573400E-09 1.297923600E-03
9.00000E+00 7.943282300E-08 1.152041600E-04
9.00000E+00 7.943282300E-09 2.893433500E-03
