10 1.2589254e-07 4.0809164e-12
10 1.2589254e-08 0.0015754615
10 1.5848932e-07 6.4949722e-17
10 1.5848932e-08 0.002675417
10 1.9952623e-07 1.337617e-24
10 1.9952623e-08 0.0036823167
10 1e-06 0
10 1e-07 1.4851362e-08
10 1e-08 0.00080755776
10 2.5118864e-07 7.290833e-41
10 2.5118864e-08 0.004364233
10 3.1622777e-07 0
10 3.1622777e-08 0.0034196671
10 3.1622777e-09 1.2130828e-05
10 3.9810717e-07 0
10 3.9810717e-08 0.0016121904
10 3.9810717e-09 2.953836e-05
10 5.0118723e-07 0
10 5.0118723e-08 0.00045728083
10 5.0118723e-09 7.0077323e-05
10 6.3095734e-07 0
10 6.3095734e-08 6.0549256e-05
10 6.3095734e-09 0.00016756696
10 7.9432823e-07 0
10 7.9432823e-08 3.4112182e-06
10 7.9432823e-09 0.00036945275
1.4 1.2589254e-05 0
1.4 1.2589254e-06 0
1.4 1.2589254e-07 0
1.4 1.2589254e-08 0
1.4 1.5848932e-05 0
1.4 1.5848932e-06 0
1.4 1.5848932e-07 0
1.4 1.5848932e-08 0
1.4 1.9952623e-05 0
1.4 1.9952623e-06 0
1.4 1.9952623e-07 0
1.4 1.9952623e-08 0
1.4 1e-05 0
1.4 1e-06 0
1.4 1e-07 0
1.4 1e-08 0
1.4 2.5118864e-05 0
1.4 2.5118864e-06 0
1.4 2.5118864e-07 0
1.4 2.5118864e-08 0
1.4 3.1622777e-05 0
1.4 3.1622777e-06 0
1.4 3.1622777e-07 0
1.4 3.1622777e-08 0
1.4 3.1622777e-09 0
1.4 3.9810717e-06 0
1.4 3.9810717e-07 0
1.4 3.9810717e-08 0
1.4 3.9810717e-09 0
1.4 5.0118723e-06 0
1.4 5.0118723e-07 0
1.4 5.0118723e-08 0
1.4 5.0118723e-09 0
1.4 6.3095734e-06 0
1.4 6.3095734e-07 0
1.4 6.3095734e-08 0
1.4 6.3095734e-09 0
1.4 7.9432823e-06 0
1.4 7.9432823e-07 0
1.4 7.9432823e-08 0
1.4 7.9432823e-09 0
1.5 1.2589254e-05 0
1.5 1.2589254e-06 2.9593663e-10
1.5 1.2589254e-07 273.70269
1.5 1.2589254e-08 0.1514827
1.5 1.5848932e-05 0
1.5 1.5848932e-06 1.0171462e-16
1.5 1.5848932e-07 331.83512
1.5 1.5848932e-08 0.36589453
1.5 1.9952623e-05 0
1.5 1.9952623e-06 2.8410944e-30
1.5 1.9952623e-07 319.17877
1.5 1.9952623e-08 0.89098784
1.5 1e-05 0
1.5 1e-06 1.3784128e-05
1.5 1e-07 183.38281
1.5 1e-08 0.061561521
1.5 2.5118864e-05 0
1.5 2.5118864e-06 0
1.5 2.5118864e-07 285.67926
1.5 2.5118864e-08 2.2553994
1.5 3.1622777e-05 0
1.5 3.1622777e-06 0
1.5 3.1622777e-07 122.54441
1.5 3.1622777e-08 5.0659914
1.5 3.1622777e-09 0.0006317455
1.5 3.9810717e-06 0
1.5 3.9810717e-07 40.562365
1.5 3.9810717e-08 12.11672
1.5 3.9810717e-09 0.0015780303
1.5 5.0118723e-06 0
1.5 5.0118723e-07 7.4399856
1.5 5.0118723e-08 25.742259
1.5 5.0118723e-09 0.0041164468
1.5 6.3095734e-06 0
1.5 6.3095734e-07 0.48422957
1.5 6.3095734e-08 58.797277
1.5 6.3095734e-09 0.009663327
1.5 7.9432823e-06 0
1.5 7.9432823e-07 0.0043604838
1.5 7.9432823e-08 106.55791
1.5 7.9432823e-09 0.024238059
1.6 1.2589254e-06 1.4373564e-13
1.6 1.2589254e-07 209.74587
1.6 1.2589254e-08 0.14944332
1.6 1.5848932e-06 6.3888213e-24
1.6 1.5848932e-07 258.80502
1.6 1.5848932e-08 0.38328106
1.6 1.9952623e-06 9.8584429e-37
1.6 1.9952623e-07 236.79956
1.6 1.9952623e-08 0.89531119
1.6 1e-06 1.2883779e-07
1.6 1e-07 161.51131
1.6 1e-08 0.059188956
1.6 2.5118864e-06 0
1.6 2.5118864e-07 161.37778
1.6 2.5118864e-08 2.0526324
1.6 3.1622777e-06 0
1.6 3.1622777e-07 66.895277
1.6 3.1622777e-08 5.1202331
1.6 3.1622777e-09 0.00065461539
1.6 3.9810717e-07 17.678309
1.6 3.9810717e-08 12.03016
1.6 3.9810717e-09 0.0016763942
1.6 5.0118723e-07 3.1239243
1.6 5.0118723e-08 26.073042
1.6 5.0118723e-09 0.0038069642
1.6 6.3095734e-07 0.10588338
1.6 6.3095734e-08 51.21361
1.6 6.3095734e-09 0.0096016894
1.6 7.9432823e-07 0.001797582
1.6 7.9432823e-08 96.975571
1.6 7.9432823e-09 0.023377217
1.7 1.2589254e-06 3.1633187e-17
1.7 1.2589254e-07 177.69959
1.7 1.2589254e-08 0.15331857
1.7 1.5848932e-06 4.9149101e-28
1.7 1.5848932e-07 181.7542
1.7 1.5848932e-08 0.36752774
1.7 1.9952623e-06 3.8859605e-41
1.7 1.9952623e-07 154.50072
1.7 1.9952623e-08 0.90561905
1.7 1e-06 2.0661369e-10
1.7 1e-07 125.42851
1.7 1e-08 0.05987001
1.7 2.5118864e-06 0
1.7 2.5118864e-07 84.209275
1.7 2.5118864e-08 2.2330758
1.7 3.1622777e-06 0
1.7 3.1622777e-07 33.365791
1.7 3.1622777e-08 5.0979818
1.7 3.1622777e-09 0.00062135493
1.7 3.9810717e-07 7.3119776
1.7 3.9810717e-08 11.188125
1.7 3.9810717e-09 0.0015556926
1.7 5.0118723e-07 0.50793391
1.7 5.0118723e-08 23.49189
1.7 5.0118723e-09 0.0038660353
1.7 6.3095734e-07 0.012159282
1.7 6.3095734e-08 47.261305
1.7 6.3095734e-09 0.010235597
1.7 7.9432823e-07 1.945178e-05
1.7 7.9432823e-08 80.630345
1.7 7.9432823e-09 0.023832509
1.8 1.2589254e-06 1.1752846e-16
1.8 1.2589254e-07 150.57628
1.8 1.2589254e-08 0.13589143
1.8 1.5848932e-06 8.2663199e-32
1.8 1.5848932e-07 145.10155
1.8 1.5848932e-08 0.33972811
1.8 1.9952623e-06 1.5922239e-41
1.8 1.9952623e-07 115.93488
1.8 1.9952623e-08 0.84115514
1.8 1e-06 2.5943027e-09
1.8 1e-07 113.46546
1.8 1e-08 0.053267365
1.8 2.5118864e-06 0
1.8 2.5118864e-07 62.926374
1.8 2.5118864e-08 1.9734158
1.8 3.1622777e-06 0
1.8 3.1622777e-07 21.810605
1.8 3.1622777e-08 4.7396574
1.8 3.1622777e-09 0.00055215504
1.8 3.9810717e-07 5.116343
1.8 3.9810717e-08 10.174973
1.8 3.9810717e-09 0.00136615
1.8 5.0118723e-07 0.17689992
1.8 5.0118723e-08 21.123593
1.8 5.0118723e-09 0.0036411464
1.8 6.3095734e-07 0.0047374855
1.8 6.3095734e-08 42.461366
1.8 6.3095734e-09 0.0087252787
1.8 7.9432823e-07 2.1555456e-05
1.8 7.9432823e-08 73.014351
1.8 7.9432823e-09 0.022059531
1.9 1.2589254e-06 3.5877472e-18
1.9 1.2589254e-07 122.41284
1.9 1.2589254e-08 0.1179435
1.9 1.5848932e-06 1.6368025e-29
1.9 1.5848932e-07 131.34289
1.9 1.5848932e-08 0.27613694
1.9 1.9952623e-06 0
1.9 1.9952623e-07 112.28876
1.9 1.9952623e-08 0.69962974
1.9 1e-06 1.9473955e-10
1.9 1e-07 99.639549
1.9 1e-08 0.045494357
1.9 2.5118864e-06 0
1.9 2.5118864e-07 65.201752
1.9 2.5118864e-08 1.6325408
1.9 3.1622777e-06 0
1.9 3.1622777e-07 16.74851
1.9 3.1622777e-08 4.0033127
1.9 3.1622777e-09 0.00047256844
1.9 3.9810717e-07 4.3017465
1.9 3.9810717e-08 8.6971233
1.9 3.9810717e-09 0.0012296786
1.9 5.0118723e-07 0.25340752
1.9 5.0118723e-08 19.339919
1.9 5.0118723e-09 0.0029410268
1.9 6.3095734e-07 0.0056566339
1.9 6.3095734e-08 36.024248
1.9 6.3095734e-09 0.0077193324
1.9 7.9432823e-07 1.8294651e-05
1.9 7.9432823e-08 60.479415
1.9 7.9432823e-09 0.019050276
2 1.2589254e-06 2.6372918e-20
2 1.2589254e-07 100.12666
2 1.2589254e-08 0.11666331
2 1.5848932e-06 4.2925333e-39
2 1.5848932e-07 92.017174
2 1.5848932e-08 0.29791968
2 1.9952623e-06 0
2 1.9952623e-07 71.65971
2 1.9952623e-08 0.69260175
2 1e-06 3.1654199e-15
2 1e-07 82.078138
2 1e-08 0.048055266
2 2.5118864e-06 0
2 2.5118864e-07 33.615888
2 2.5118864e-08 1.5882789
2 3.1622777e-06 0
2 3.1622777e-07 7.6869414
2 3.1622777e-08 3.7450627
2 3.1622777e-09 0.00045056128
2 3.9810717e-07 1.4580515
2 3.9810717e-08 8.4725671
2 3.9810717e-09 0.0012110012
2 5.0118723e-07 0.047457495
2 5.0118723e-08 17.104258
2 5.0118723e-09 0.0029197122
2 6.3095734e-07 0.00034957827
2 6.3095734e-08 31.228893
2 6.3095734e-09 0.0071758249
2 7.9432823e-07 1.5419963e-07
2 7.9432823e-08 52.802632
2 7.9432823e-09 0.018587945
2.1 1.2589254e-06 2.2681547e-26
2.1 1.2589254e-07 80.223007
2.1 1.2589254e-08 0.11497954
2.1 1.5848932e-06 5.7590402e-41
2.1 1.5848932e-07 72.630093
2.1 1.5848932e-08 0.26889232
2.1 1.9952623e-06 0
2.1 1.9952623e-07 40.259022
2.1 1.9952623e-08 0.68886215
2.1 1e-06 2.5108259e-14
2.1 1e-07 67.429785
2.1 1e-08 0.043595455
2.1 2.5118864e-06 0
2.1 2.5118864e-07 18.628491
2.1 2.5118864e-08 1.5672807
2.1 3.1622777e-06 0
2.1 3.1622777e-07 3.9069453
2.1 3.1622777e-08 3.6583595
2.1 3.1622777e-09 0.00044521533
2.1 3.9810717e-07 0.43957967
2.1 3.9810717e-08 7.1895516
2.1 3.9810717e-09 0.0011979197
2.1 5.0118723e-07 0.0060867014
2.1 5.0118723e-08 16.512578
2.1 5.0118723e-09 0.0029056049
2.1 6.3095734e-07 0.00020718717
2.1 6.3095734e-08 27.635039
2.1 6.3095734e-09 0.0074609375
2.1 7.9432823e-07 7.3003075e-09
2.1 7.9432823e-08 47.88374
2.1 7.9432823e-09 0.017975638
2.2 1.2589254e-06 5.8265457e-26
2.2 1.2589254e-07 59.790622
2.2 1.2589254e-08 0.10927537
2.2 1.5848932e-06 8.6909647e-43
2.2 1.5848932e-07 48.264364
2.2 1.5848932e-08 0.26713139
2.2 1.9952623e-06 0
2.2 1.9952623e-07 29.354063
2.2 1.9952623e-08 0.64596559
2.2 1e-06 4.5668474e-15
2.2 1e-07 56.297359
2.2 1e-08 0.046212764
2.2 2.5118864e-06 0
2.2 2.5118864e-07 10.75104
2.2 2.5118864e-08 1.4410862
2.2 3.1622777e-06 0
2.2 3.1622777e-07 1.473251
2.2 3.1622777e-08 3.2733299
2.2 3.1622777e-09 0.00044510986
2.2 3.9810717e-07 0.1362121
2.2 3.9810717e-08 7.236083
2.2 3.9810717e-09 0.0011109231
2.2 5.0118723e-07 0.0036786119
2.2 5.0118723e-08 14.101264
2.2 5.0118723e-09 0.0028308791
2.2 6.3095734e-07 5.7413997e-06
2.2 6.3095734e-08 25.609984
2.2 6.3095734e-09 0.0069904929
2.2 7.9432823e-07 4.9428016e-10
2.2 7.9432823e-08 40.666723
2.2 7.9432823e-09 0.017293516
2.3 1.2589254e-06 4.876679e-30
2.3 1.2589254e-07 50.03391
2.3 1.2589254e-08 0.10064531
2.3 1.5848932e-06 0
2.3 1.5848932e-07 34.005591
2.3 1.5848932e-08 0.24151522
2.3 1.9952623e-06 0
2.3 1.9952623e-07 21.813544
2.3 1.9952623e-08 0.55380732
2.3 1e-06 6.4566452e-18
2.3 1e-07 44.606364
2.3 1e-08 0.041494171
2.3 2.5118864e-06 0
2.3 2.5118864e-07 5.646874
2.3 2.5118864e-08 1.3469195
2.3 3.1622777e-06 0
2.3 3.1622777e-07 1.2391997
2.3 3.1622777e-08 3.0989621
2.3 3.1622777e-09 0.00041246881
2.3 3.9810717e-07 0.072206667
2.3 3.9810717e-08 6.1962626
2.3 3.9810717e-09 0.001127509
2.3 5.0118723e-07 0.001363451
2.3 5.0118723e-08 12.699119
2.3 5.0118723e-09 0.0026235522
2.3 6.3095734e-07 2.7620869e-06
2.3 6.3095734e-08 21.84226
2.3 6.3095734e-09 0.0066895101
2.3 7.9432823e-07 9.5935028e-10
2.3 7.9432823e-08 34.237519
2.3 7.9432823e-09 0.015242011
2.4 1.2589254e-06 1.3417804e-34
2.4 1.2589254e-07 40.044912
2.4 1.2589254e-08 0.093848057
2.4 1.5848932e-06 0
2.4 1.5848932e-07 26.443603
2.4 1.5848932e-08 0.22073823
2.4 1.9952623e-06 0
2.4 1.9952623e-07 12.328494
2.4 1.9952623e-08 0.54375754
2.4 1e-06 1.7575446e-21
2.4 1e-07 36.92791
2.4 1e-08 0.037579546
2.4 2.5118864e-06 0
2.4 2.5118864e-07 3.5002668
2.4 2.5118864e-08 1.2539421
2.4 3.1622777e-06 0
2.4 3.1622777e-07 0.52640924
2.4 3.1622777e-08 2.7339617
2.4 3.1622777e-09 0.00038882503
2.4 3.9810717e-07 0.030400574
2.4 3.9810717e-08 5.846801
2.4 3.9810717e-09 0.00098485705
2.4 5.0118723e-07 0.00027659708
2.4 5.0118723e-08 11.231638
2.4 5.0118723e-09 0.0025350771
2.4 6.3095734e-07 1.3110209e-07
2.4 6.3095734e-08 18.787403
2.4 6.3095734e-09 0.0062694815
2.4 7.9432823e-07 8.3162919e-13
2.4 7.9432823e-08 30.085104
2.4 7.9432823e-09 0.014802421
2.5 1.2589254e-06 2.1165633e-43
2.5 1.2589254e-07 29.932647
2.5 1.2589254e-08 0.086639067
2.5 1.5848932e-06 0
2.5 1.5848932e-07 19.74018
2.5 1.5848932e-08 0.20013177
2.5 1.9952623e-06 0
2.5 1.9952623e-07 9.4111533
2.5 1.9952623e-08 0.51716002
2.5 1e-06 5.7636856e-24
2.5 1e-07 31.207359
2.5 1e-08 0.034234876
2.5 2.5118864e-06 0
2.5 2.5118864e-07 2.4433855
2.5 2.5118864e-08 1.1319697
2.5 3.1622777e-06 0
2.5 3.1622777e-07 0.29930636
2.5 3.1622777e-08 2.5661154
2.5 3.1622777e-09 0.00039314898
2.5 3.9810717e-07 0.013412462
2.5 3.9810717e-08 5.2827616
2.5 3.9810717e-09 0.00091582515
2.5 5.0118723e-07 0.00016381562
2.5 5.0118723e-08 9.9697873
2.5 5.0118723e-09 0.0024069408
2.5 6.3095734e-07 1.1848106e-08
2.5 6.3095734e-08 16.603685
2.5 6.3095734e-09 0.0055917509
2.5 7.9432823e-07 2.2941014e-14
2.5 7.9432823e-08 25.215971
2.5 7.9432823e-09 0.014871744
2.6 1.2589254e-06 1.0639657e-40
2.6 1.2589254e-07 23.069846
2.6 1.2589254e-08 0.080329907
2.6 1.5848932e-06 0
2.6 1.5848932e-07 15.833063
2.6 1.5848932e-08 0.19822963
2.6 1.9952623e-06 0
2.6 1.9952623e-07 6.0945422
2.6 1.9952623e-08 0.45418599
2.6 1e-06 1.0252667e-25
2.6 1e-07 24.78497
2.6 1e-08 0.034858843
2.6 2.5118864e-06 0
2.6 2.5118864e-07 1.443698
2.6 2.5118864e-08 1.051789
2.6 3.1622777e-06 0
2.6 3.1622777e-07 0.17287109
2.6 3.1622777e-08 2.329855
2.6 3.1622777e-09 0.00033786881
2.6 3.9810717e-07 0.0063603985
2.6 3.9810717e-08 4.5950728
2.6 3.9810717e-09 0.00091472443
2.6 5.0118723e-07 8.6099941e-05
2.6 5.0118723e-08 8.956882
2.6 5.0118723e-09 0.0022312005
2.6 6.3095734e-07 7.3696033e-09
2.6 6.3095734e-08 14.920592
2.6 6.3095734e-09 0.0054700916
2.6 7.9432823e-07 3.1886417e-15
2.6 7.9432823e-08 21.417676
2.6 7.9432823e-09 0.012992134
2.7 1.2589254e-06 2.2780536e-39
2.7 1.2589254e-07 17.626454
2.7 1.2589254e-08 0.073114444
2.7 1.5848932e-06 0
2.7 1.5848932e-07 10.794115
2.7 1.5848932e-08 0.17775488
2.7 1.9952623e-06 0
2.7 1.9952623e-07 4.336326
2.7 1.9952623e-08 0.39732139
2.7 1e-06 1.7053124e-27
2.7 1e-07 21.05898
2.7 1e-08 0.031627668
2.7 2.5118864e-06 0
2.7 2.5118864e-07 1.0479933
2.7 2.5118864e-08 0.96539172
2.7 3.1622777e-06 0
2.7 3.1622777e-07 0.089423412
2.7 3.1622777e-08 2.1312773
2.7 3.1622777e-09 0.00032693342
2.7 3.9810717e-07 0.0017505173
2.7 3.9810717e-08 4.1404023
2.7 3.9810717e-09 0.0008152708
2.7 5.0118723e-07 2.8830257e-06
2.7 5.0118723e-08 7.5997736
2.7 5.0118723e-09 0.0018729055
2.7 6.3095734e-07 1.3004085e-10
2.7 6.3095734e-08 13.223711
2.7 6.3095734e-09 0.0050224756
2.7 7.9432823e-07 3.4959289e-17
2.7 7.9432823e-08 18.607046
2.7 7.9432823e-09 0.011694862
2.8 1.2589254e-06 3.0598745e-42
2.8 1.2589254e-07 14.787246
2.8 1.2589254e-08 0.065235786
2.8 1.5848932e-06 0
2.8 1.5848932e-07 8.5363567
2.8 1.5848932e-08 0.16343504
2.8 1.9952623e-06 0
2.8 1.9952623e-07 3.5227271
2.8 1.9952623e-08 0.38111902
2.8 1e-06 2.9057794e-30
2.8 1e-07 16.385435
2.8 1e-08 0.028108968
2.8 2.5118864e-06 0
2.8 2.5118864e-07 0.86450805
2.8 2.5118864e-08 0.84391016
2.8 3.1622777e-06 0
2.8 3.1622777e-07 0.057907464
2.8 3.1622777e-08 1.7671935
2.8 3.1622777e-09 0.00028311013
2.8 3.9810717e-07 0.0028001479
2.8 3.9810717e-08 3.9355063
2.8 3.9810717e-09 0.0007139113
2.8 5.0118723e-07 1.7813202e-06
2.8 5.0118723e-08 6.7019468
2.8 5.0118723e-09 0.0018269583
2.8 6.3095734e-07 4.4759824e-11
2.8 6.3095734e-08 11.055202
2.8 6.3095734e-09 0.0044933339
2.8 7.9432823e-07 1.8973923e-17
2.8 7.9432823e-08 15.055353
2.8 7.9432823e-09 0.011365213
2.9 1.2589254e-06 0
2.9 1.2589254e-07 11.973492
2.9 1.2589254e-08 0.059686119
2.9 1.5848932e-06 0
2.9 1.5848932e-07 6.0977432
2.9 1.5848932e-08 0.15852502
2.9 1.9952623e-06 0
2.9 1.9952623e-07 1.9688849
2.9 1.9952623e-08 0.35749957
2.9 1e-06 7.4740175e-28
2.9 1e-07 13.987226
2.9 1e-08 0.025703872
2.9 2.5118864e-06 0
2.9 2.5118864e-07 0.41648149
2.9 2.5118864e-08 0.79050323
2.9 3.1622777e-06 0
2.9 3.1622777e-07 0.019607454
2.9 3.1622777e-08 1.7562104
2.9 3.1622777e-09 0.0002767565
2.9 3.9810717e-07 0.00032712783
2.9 3.9810717e-08 3.3377709
2.9 3.9810717e-09 0.00067072706
2.9 5.0118723e-07 9.8857896e-07
2.9 5.0118723e-08 6.009352
2.9 5.0118723e-09 0.001706077
2.9 6.3095734e-07 2.4310676e-11
2.9 6.3095734e-08 9.7651044
2.9 6.3095734e-09 0.0042586882
2.9 7.9432823e-07 4.7470557e-21
2.9 7.9432823e-08 13.10635
2.9 7.9432823e-09 0.010395817
3 1.2589254e-07 8.3407279
3 1.2589254e-08 0.057657322
3 1.5848932e-07 4.4112672
3 1.5848932e-08 0.13918999
3 1.9952623e-07 1.2562788
3 1.9952623e-08 0.32603241
3 1e-06 1.8284644e-30
3 1e-07 11.3728
3 1e-08 0.023665387
3 2.5118864e-07 0.2378742
3 2.5118864e-08 0.7400896
3 3.1622777e-07 0.0088871992
3 3.1622777e-08 1.5388723
3 3.1622777e-09 0.00025930446
3 3.9810717e-07 0.00012851956
3 3.9810717e-08 2.9659102
3 3.9810717e-09 0.00062469181
3 5.0118723e-07 1.0745828e-06
3 5.0118723e-08 5.4591417
3 5.0118723e-09 0.0015375443
3 6.3095734e-07 1.4333454e-12
3 6.3095734e-08 8.0671692
3 6.3095734e-09 0.0039554425
3 7.9432823e-07 1.8409155e-20
3 7.9432823e-08 10.875279
3 7.9432823e-09 0.0094487159
3.1 1.2589254e-07 7.540306
3.1 1.2589254e-08 0.062019644
3.1 1.5848932e-07 3.7365719
3.1 1.5848932e-08 0.14648314
3.1 1.9952623e-07 1.0841471
3.1 1.9952623e-08 0.33783724
3.1 1e-06 4.6132963e-30
3.1 1e-07 10.053269
3.1 1e-08 0.024939851
3.1 2.5118864e-07 0.14639989
3.1 2.5118864e-08 0.74228834
3.1 3.1622777e-07 0.0045587809
3.1 3.1622777e-08 1.5156358
3.1 3.1622777e-09 0.0002602195
3.1 3.9810717e-07 0.00016070917
3.1 3.9810717e-08 3.0799337
3.1 3.9810717e-09 0.00068159551
3.1 5.0118723e-07 8.7781003e-08
3.1 5.0118723e-08 5.3595919
3.1 5.0118723e-09 0.0016902002
3.1 6.3095734e-07 5.8138997e-13
3.1 6.3095734e-08 8.0523131
3.1 6.3095734e-09 0.0043332108
3.1 7.9432823e-07 1.0793458e-21
3.1 7.9432823e-08 9.6154974
3.1 7.9432823e-09 0.010117941
3.2 1.2589254e-07 6.2728926
3.2 1.2589254e-08 0.059267751
3.2 1.5848932e-07 2.9388484
3.2 1.5848932e-08 0.14121541
3.2 1.9952623e-07 0.59699967
3.2 1.9952623e-08 0.31853892
3.2 1e-06 1.1591117e-40
3.2 1e-07 8.4404484
3.2 1e-08 0.025115174
3.2 2.5118864e-07 0.065991214
3.2 2.5118864e-08 0.71253109
3.2 3.1622777e-07 0.0018846562
3.2 3.1622777e-08 1.4802421
3.2 3.1622777e-09 0.00026901256
3.2 3.9810717e-07 2.3381904e-05
3.2 3.9810717e-08 2.8329933
3.2 3.9810717e-09 0.00065000386
3.2 5.0118723e-07 7.4713428e-09
3.2 5.0118723e-08 4.9101508
3.2 5.0118723e-09 0.0016483391
3.2 6.3095734e-07 7.8532599e-15
3.2 6.3095734e-08 7.41086
3.2 6.3095734e-09 0.0042174758
3.2 7.9432823e-07 2.6747916e-24
3.2 7.9432823e-08 8.8639069
3.2 7.9432823e-09 0.010212368
3.3 1.2589254e-07 4.9454478
3.3 1.2589254e-08 0.053374843
3.3 1.5848932e-07 2.1437978
3.3 1.5848932e-08 0.13074159
3.3 1.9952623e-07 0.48706887
3.3 1.9952623e-08 0.320467
3.3 1e-06 6.1807568e-40
3.3 1e-07 7.1295359
3.3 1e-08 0.023342054
3.3 2.5118864e-07 0.050902753
3.3 2.5118864e-08 0.71460628
3.3 3.1622777e-07 0.002090531
3.3 3.1622777e-08 1.4458141
3.3 3.1622777e-09 0.00025533775
3.3 3.9810717e-07 2.8097663e-06
3.3 3.9810717e-08 2.7091249
3.3 3.9810717e-09 0.00063519218
3.3 5.0118723e-07 2.4011999e-09
3.3 5.0118723e-08 4.7136693
3.3 5.0118723e-09 0.0015154077
3.3 6.3095734e-07 7.3524642e-14
3.3 6.3095734e-08 6.5197134
3.3 6.3095734e-09 0.0041014988
3.3 7.9432823e-07 6.378382e-26
3.3 7.9432823e-08 8.1152033
3.3 7.9432823e-09 0.0096422793
3.4 1.2589254e-07 3.5004083
3.4 1.2589254e-08 0.052981067
3.4 1.5848932e-07 1.4427787
3.4 1.5848932e-08 0.13815783
3.4 1.9952623e-07 0.41991544
3.4 1.9952623e-08 0.30761239
3.4 1e-06 1.1542534e-42
3.4 1e-07 6.5354977
3.4 1e-08 0.022707705
3.4 2.5118864e-07 0.03861417
3.4 2.5118864e-08 0.65748827
3.4 3.1622777e-07 0.0015909766
3.4 3.1622777e-08 1.3451941
3.4 3.1622777e-09 0.00023470837
3.4 3.9810717e-07 1.2066164e-06
3.4 3.9810717e-08 2.5918946
3.4 3.9810717e-09 0.00062881896
3.4 5.0118723e-07 3.7413416e-11
3.4 5.0118723e-08 4.1568337
3.4 5.0118723e-09 0.001526923
3.4 6.3095734e-07 7.1553688e-15
3.4 6.3095734e-08 5.8778552
3.4 6.3095734e-09 0.0041204188
3.4 7.9432823e-07 1.7661303e-29
3.4 7.9432823e-08 6.8603819
3.4 7.9432823e-09 0.0096463228
3.5 1.2589254e-07 3.2009675
3.5 1.2589254e-08 0.053557278
3.5 1.5848932e-07 1.1465234
3.5 1.5848932e-08 0.12703746
3.5 1.9952623e-07 0.20761094
3.5 1.9952623e-08 0.29631835
3.5 1e-06 0
3.5 1e-07 5.099833
3.5 1e-08 0.022340111
3.5 2.5118864e-07 0.0197884
3.5 2.5118864e-08 0.63522049
3.5 3.1622777e-07 0.00046494729
3.5 3.1622777e-08 1.3205192
3.5 3.1622777e-09 0.00023108195
3.5 3.9810717e-07 6.5721883e-07
3.5 3.9810717e-08 2.4770103
3.5 3.9810717e-09 0.00057765088
3.5 5.0118723e-07 2.2232594e-11
3.5 5.0118723e-08 3.7536443
3.5 5.0118723e-09 0.0014701625
3.5 6.3095734e-07 1.0165954e-17
3.5 6.3095734e-08 5.6731156
3.5 6.3095734e-09 0.0036442463
3.5 7.9432823e-07 2.1985557e-28
3.5 7.9432823e-08 6.1493576
3.5 7.9432823e-09 0.0088671352
3.6 1.2589254e-07 2.1523042
3.6 1.2589254e-08 0.052974712
3.6 1.5848932e-07 0.62274152
3.6 1.5848932e-08 0.12796876
3.6 1.9952623e-07 0.13597381
3.6 1.9952623e-08 0.2896406
3.6 1e-06 0
3.6 1e-07 4.1826216
3.6 1e-08 0.022532643
3.6 2.5118864e-07 0.0043797392
3.6 2.5118864e-08 0.58995683
3.6 3.1622777e-07 0.00016095348
3.6 3.1622777e-08 1.2181326
3.6 3.1622777e-09 0.00025413458
3.6 3.9810717e-07 2.2633002e-07
3.6 3.9810717e-08 2.1747164
3.6 3.9810717e-09 0.00061551132
3.6 5.0118723e-07 2.6664086e-12
3.6 5.0118723e-08 3.5097494
3.6 5.0118723e-09 0.0015010917
3.6 6.3095734e-07 6.3444431e-20
3.6 6.3095734e-08 4.5759603
3.6 6.3095734e-09 0.0036984606
3.6 7.9432823e-07 2.210154e-30
3.6 7.9432823e-08 5.1568833
3.6 7.9432823e-09 0.0092674963
3.7 1.2589254e-07 1.5223001
3.7 1.2589254e-08 0.053070159
3.7 1.5848932e-07 0.40947694
3.7 1.5848932e-08 0.13097261
3.7 1.9952623e-07 0.05280747
3.7 1.9952623e-08 0.28018793
3.7 1e-06 0
3.7 1e-07 2.9310473
3.7 1e-08 0.023894195
3.7 2.5118864e-07 0.0031448213
3.7 2.5118864e-08 0.603965
3.7 3.1622777e-07 1.4833218e-05
3.7 3.1622777e-08 1.2188722
3.7 3.1622777e-09 0.00025978532
3.7 3.9810717e-07 7.4638094e-09
3.7 3.9810717e-08 2.1122229
3.7 3.9810717e-09 0.00060144502
3.7 5.0118723e-07 1.0091224e-14
3.7 5.0118723e-08 3.2639865
3.7 5.0118723e-09 0.0014745059
3.7 6.3095734e-07 5.8314727e-22
3.7 6.3095734e-08 4.1797276
3.7 6.3095734e-09 0.0038287031
3.7 7.9432823e-07 8.1049548e-34
3.7 7.9432823e-08 4.1153661
3.7 7.9432823e-09 0.0093437246
3.8 1.2589254e-07 1.0014236
3.8 1.2589254e-08 0.057213848
3.8 1.5848932e-07 0.20707046
3.8 1.5848932e-08 0.13409096
3.8 1.9952623e-07 0.029949431
3.8 1.9952623e-08 0.29622855
3.8 1e-06 0
3.8 1e-07 2.1308074
3.8 1e-08 0.024950855
3.8 2.5118864e-07 0.00058193485
3.8 2.5118864e-08 0.60934113
3.8 3.1622777e-07 3.9069051e-06
3.8 3.1622777e-08 1.1812718
3.8 3.1622777e-09 0.00027528844
3.8 3.9810717e-07 2.3212259e-09
3.8 3.9810717e-08 1.9327257
3.8 3.9810717e-09 0.00064748089
3.8 5.0118723e-07 3.6607331e-15
3.8 5.0118723e-08 3.0464804
3.8 5.0118723e-09 0.0016656916
3.8 6.3095734e-07 2.1946816e-25
3.8 6.3095734e-08 3.6252359
3.8 6.3095734e-09 0.0041613575
3.8 7.9432823e-07 3.737672e-37
3.8 7.9432823e-08 3.3830137
3.8 7.9432823e-09 0.010091821
3.9 1.2589254e-07 0.56960054
3.9 1.2589254e-08 0.060975881
3.9 1.5848932e-07 0.1029877
3.9 1.5848932e-08 0.13820499
3.9 1.9952623e-07 0.0074824109
3.9 1.9952623e-08 0.29835727
3.9 1e-06 0
3.9 1e-07 1.4764252
3.9 1e-08 0.026318006
3.9 2.5118864e-07 0.00023686642
3.9 2.5118864e-08 0.61043771
3.9 3.1622777e-07 3.4087753e-07
3.9 3.1622777e-08 1.1220126
3.9 3.1622777e-09 0.00027863033
3.9 3.9810717e-07 1.1574555e-11
3.9 3.9810717e-08 1.8051362
3.9 3.9810717e-09 0.0007022753
3.9 5.0118723e-07 6.3551313e-17
3.9 5.0118723e-08 2.6966509
3.9 5.0118723e-09 0.0017420622
3.9 6.3095734e-07 5.5419681e-29
3.9 6.3095734e-08 2.9011258
3.9 6.3095734e-09 0.0043980384
3.9 7.9432823e-07 4.8528306e-40
3.9 7.9432823e-08 2.6125348
3.9 7.9432823e-09 0.010435219
4 1.2589254e-07 0.31999024
4 1.2589254e-08 0.063333268
4 1.5848932e-07 0.050180615
4 1.5848932e-08 0.14021819
4 1.9952623e-07 0.0016943717
4 1.9952623e-08 0.30391089
4 1e-06 0
4 1e-07 0.98651758
4 1e-08 0.025732826
4 2.5118864e-07 2.4831952e-05
4 2.5118864e-08 0.6124636
4 3.1622777e-07 7.4833861e-08
4 3.1622777e-08 1.0780654
4 3.1622777e-09 0.00030322515
4 3.9810717e-07 3.7346168e-12
4 3.9810717e-08 1.6788875
4 3.9810717e-09 0.00073552125
4 5.0118723e-07 3.1212503e-19
4 5.0118723e-08 2.2774911
4 5.0118723e-09 0.0018968602
4 6.3095734e-07 7.1729532e-32
4 6.3095734e-08 2.3544613
4 6.3095734e-09 0.0044639774
4 7.9432823e-07 1.176833e-44
4 7.9432823e-08 1.9011202
4 7.9432823e-09 0.011307352
4.1 1.2589254e-07 0.13872004
4.1 1.2589254e-08 0.066869904
4.1 1.5848932e-07 0.016253302
4.1 1.5848932e-08 0.14919244
4.1 1.9952623e-07 0.00031080654
4.1 1.9952623e-08 0.32127724
4.1 1e-06 0
4.1 1e-07 0.50942247
4.1 1e-08 0.029158717
4.1 2.5118864e-07 4.362026e-06
4.1 2.5118864e-08 0.6079854
4.1 3.1622777e-07 4.0011757e-10
4.1 3.1622777e-08 1.0008618
4.1 3.1622777e-09 0.00033415596
4.1 3.9810717e-07 1.7413429e-15
4.1 3.9810717e-08 1.4588794
4.1 3.9810717e-09 0.00086269762
4.1 5.0118723e-07 1.1674424e-26
4.1 5.0118723e-08 1.8633136
4.1 5.0118723e-09 0.0021597834
4.1 6.3095734e-07 2.140097e-34
4.1 6.3095734e-08 1.8211853
4.1 6.3095734e-09 0.005184515
4.1 7.9432823e-07 0
4.1 7.9432823e-08 1.2579516
4.1 7.9432823e-09 0.012992353
4.2 1.2589254e-07 0.097759649
4.2 1.2589254e-08 0.065579001
4.2 1.5848932e-07 0.01145764
4.2 1.5848932e-08 0.14161274
4.2 1.9952623e-07 0.00034681613
4.2 1.9952623e-08 0.29074979
4.2 1e-06 0
4.2 1e-07 0.41523429
4.2 1e-08 0.027863673
4.2 2.5118864e-07 8.5174004e-07
4.2 2.5118864e-08 0.5590744
4.2 3.1622777e-07 8.5154218e-10
4.2 3.1622777e-08 0.9801821
4.2 3.1622777e-09 0.00032720453
4.2 3.9810717e-07 2.3649634e-15
4.2 3.9810717e-08 1.3936179
4.2 3.9810717e-09 0.00082811972
4.2 5.0118723e-07 4.4792115e-24
4.2 5.0118723e-08 1.6918532
4.2 5.0118723e-09 0.0020365609
4.2 6.3095734e-07 1.224114e-40
4.2 6.3095734e-08 1.5937349
4.2 6.3095734e-09 0.0050322687
4.2 7.9432823e-07 0
4.2 7.9432823e-08 1.0288959
4.2 7.9432823e-09 0.011683748
4.3 1.2589254e-07 0.12101854
4.3 1.2589254e-08 0.05643186
4.3 1.5848932e-07 0.015170368
4.3 1.5848932e-08 0.1213845
4.3 1.9952623e-07 0.00089208962
4.3 1.9952623e-08 0.25178399
4.3 1e-06 0
4.3 1e-07 0.5114784
4.3 1e-08 0.023287703
4.3 2.5118864e-07 3.1232716e-06
4.3 2.5118864e-08 0.50045875
4.3 3.1622777e-07 6.2722434e-10
4.3 3.1622777e-08 0.87853507
4.3 3.1622777e-09 0.00026249793
4.3 3.9810717e-07 2.9498199e-14
4.3 3.9810717e-08 1.2970841
4.3 3.9810717e-09 0.00067981145
4.3 5.0118723e-07 1.2264603e-22
4.3 5.0118723e-08 1.5846118
4.3 5.0118723e-09 0.0016175776
4.3 6.3095734e-07 1.1403883e-40
4.3 6.3095734e-08 1.4919583
4.3 6.3095734e-09 0.0042473028
4.3 7.9432823e-07 0
4.3 7.9432823e-08 1.0435515
4.3 7.9432823e-09 0.010482684
4.4 1.2589254e-07 0.047569948
4.4 1.2589254e-08 0.061000248
4.4 1.5848932e-07 0.003498533
4.4 1.5848932e-08 0.12954554
4.4 1.9952623e-07 5.8285753e-05
4.4 1.9952623e-08 0.25927702
4.4 1e-06 0
4.4 1e-07 0.23717025
4.4 1e-08 0.026549116
4.4 2.5118864e-07 5.415058e-07
4.4 2.5118864e-08 0.49826207
4.4 3.1622777e-07 5.7511738e-12
4.4 3.1622777e-08 0.81643002
4.4 3.1622777e-09 0.00030997528
4.4 3.9810717e-07 3.626841e-18
4.4 3.9810717e-08 1.1107135
4.4 3.9810717e-09 0.00078707631
4.4 5.0118723e-07 1.5017963e-29
4.4 5.0118723e-08 1.2930121
4.4 5.0118723e-09 0.0019623294
4.4 6.3095734e-07 2.0201549e-40
4.4 6.3095734e-08 1.1019898
4.4 6.3095734e-09 0.004472332
4.4 7.9432823e-07 0
4.4 7.9432823e-08 0.6175826
4.4 7.9432823e-09 0.011364435
4.5 1.2589254e-07 0.052819954
4.5 1.2589254e-08 0.053081345
4.5 1.5848932e-07 0.0026716612
4.5 1.5848932e-08 0.11753142
4.5 1.9952623e-07 5.1327629e-05
4.5 1.9952623e-08 0.23696346
4.5 1e-06 0
4.5 1e-07 0.2357818
4.5 1e-08 0.023088985
4.5 2.5118864e-07 7.1802921e-07
4.5 2.5118864e-08 0.46114294
4.5 3.1622777e-07 1.3295096e-11
4.5 3.1622777e-08 0.75161836
4.5 3.1622777e-09 0.00027781394
4.5 3.9810717e-07 3.8722681e-18
4.5 3.9810717e-08 1.0507763
4.5 3.9810717e-09 0.00066653477
4.5 5.0118723e-07 2.8489209e-27
4.5 5.0118723e-08 1.2388314
4.5 5.0118723e-09 0.0016592223
4.5 6.3095734e-07 0
4.5 6.3095734e-08 1.0392339
4.5 6.3095734e-09 0.0041141908
4.5 7.9432823e-07 0
4.5 7.9432823e-08 0.61934046
4.5 7.9432823e-09 0.0099008502
4.6 1.2589254e-07 0.042884894
4.6 1.2589254e-08 0.050235051
4.6 1.5848932e-07 0.0043410586
4.6 1.5848932e-08 0.10773169
4.6 1.9952623e-07 7.6243112e-05
4.6 1.9952623e-08 0.22750379
4.6 1e-06 0
4.6 1e-07 0.21060465
4.6 1e-08 0.021112367
4.6 2.5118864e-07 2.9694356e-07
4.6 2.5118864e-08 0.41144653
4.6 3.1622777e-07 8.0165545e-13
4.6 3.1622777e-08 0.70178708
4.6 3.1622777e-09 0.00025454957
4.6 3.9810717e-07 3.2104236e-18
4.6 3.9810717e-08 0.96634475
4.6 3.9810717e-09 0.00063065042
4.6 5.0118723e-07 6.2712703e-31
4.6 5.0118723e-08 1.1114635
4.6 5.0118723e-09 0.0015230812
4.6 6.3095734e-07 5.1811264e-42
4.6 6.3095734e-08 0.92630714
4.6 6.3095734e-09 0.0037931936
4.6 7.9432823e-07 0
4.6 7.9432823e-08 0.53411417
4.6 7.9432823e-09 0.0092143769
4.7 1.2589254e-07 0.026456436
4.7 1.2589254e-08 0.048653423
4.7 1.5848932e-07 0.0015507165
4.7 1.5848932e-08 0.1070927
4.7 1.9952623e-07 2.6431988e-05
4.7 1.9952623e-08 0.21607801
4.7 1e-06 0
4.7 1e-07 0.16538207
4.7 1e-08 0.021285281
4.7 2.5118864e-07 3.4832058e-08
4.7 2.5118864e-08 0.3985556
4.7 3.1622777e-07 1.2531909e-11
4.7 3.1622777e-08 0.65597923
4.7 3.1622777e-09 0.00024896407
4.7 3.9810717e-07 2.7673997e-21
4.7 3.9810717e-08 0.81777837
4.7 3.9810717e-09 0.0006012091
4.7 5.0118723e-07 7.619619e-30
4.7 5.0118723e-08 0.94048697
4.7 5.0118723e-09 0.0015525486
4.7 6.3095734e-07 0
4.7 6.3095734e-08 0.80732622
4.7 6.3095734e-09 0.0036069481
4.7 7.9432823e-07 0
4.7 7.9432823e-08 0.44169837
4.7 7.9432823e-09 0.0091407416
4.8 1.2589254e-07 0.01598893
4.8 1.2589254e-08 0.047381161
4.8 1.5848932e-07 0.0014024494
4.8 1.5848932e-08 0.10065714
4.8 1.9952623e-07 7.2415936e-06
4.8 1.9952623e-08 0.2113812
4.8 1e-06 0
4.8 1e-07 0.1070066
4.8 1e-08 0.022626497
4.8 2.5118864e-07 7.3199287e-09
4.8 2.5118864e-08 0.36308895
4.8 3.1622777e-07 5.3134486e-13
4.8 3.1622777e-08 0.57775681
4.8 3.1622777e-09 0.00024213416
4.8 3.9810717e-07 6.9808577e-22
4.8 3.9810717e-08 0.74371092
4.8 3.9810717e-09 0.00062789616
4.8 5.0118723e-07 1.7698883e-31
4.8 5.0118723e-08 0.84429512
4.8 5.0118723e-09 0.0015328096
4.8 6.3095734e-07 0
4.8 6.3095734e-08 0.61415591
4.8 6.3095734e-09 0.0036830304
4.8 7.9432823e-07 0
4.8 7.9432823e-08 0.31429747
4.8 7.9432823e-09 0.0091712022
4.9 1.2589254e-07 0.010248033
4.9 1.2589254e-08 0.046019899
4.9 1.5848932e-07 0.00041676907
4.9 1.5848932e-08 0.097328773
4.9 1.9952623e-07 4.4453924e-06
4.9 1.9952623e-08 0.18963224
4.9 1e-06 0
4.9 1e-07 0.079081419
4.9 1e-08 0.019107056
4.9 2.5118864e-07 8.1293979e-09
4.9 2.5118864e-08 0.34333887
4.9 3.1622777e-07 3.9080986e-14
4.9 3.1622777e-08 0.5351541
4.9 3.1622777e-09 0.00024002616
4.9 3.9810717e-07 1.5438635e-24
4.9 3.9810717e-08 0.69255065
4.9 3.9810717e-09 0.00061256626
4.9 5.0118723e-07 1.0898362e-33
4.9 5.0118723e-08 0.69300781
4.9 5.0118723e-09 0.0013932623
4.9 6.3095734e-07 0
4.9 6.3095734e-08 0.55628701
4.9 6.3095734e-09 0.0036732441
4.9 7.9432823e-07 0
4.9 7.9432823e-08 0.26485369
4.9 7.9432823e-09 0.0087490029
5 1.2589254e-07 0.0083835906
5 1.2589254e-08 0.040921458
5 1.5848932e-07 0.00048535704
5 1.5848932e-08 0.089519353
5 1.9952623e-07 2.0785061e-06
5 1.9952623e-08 0.17789006
5 1e-06 0
5 1e-07 0.063626929
5 1e-08 0.018805899
5 2.5118864e-07 3.8016696e-10
5 2.5118864e-08 0.32477746
5 3.1622777e-07 2.2604107e-14
5 3.1622777e-08 0.50241762
5 3.1622777e-09 0.00022106535
5 3.9810717e-07 1.853951e-22
5 3.9810717e-08 0.61554326
5 3.9810717e-09 0.00054836307
5 5.0118723e-07 3.9091764e-35
5 5.0118723e-08 0.60984089
5 5.0118723e-09 0.0013323344
5 6.3095734e-07 0
5 6.3095734e-08 0.46453921
5 6.3095734e-09 0.0033399304
5 7.9432823e-07 0
5 7.9432823e-08 0.21132102
5 7.9432823e-09 0.0079495806
5.5 1.2589254e-07 0.0020585421
5.5 1.2589254e-08 0.031691013
5.5 1.5848932e-07 4.8355991e-05
5.5 1.5848932e-08 0.063386667
5.5 1.9952623e-07 1.0678198e-07
5.5 1.9952623e-08 0.13158735
5.5 1e-06 0
5.5 1e-07 0.019686572
5.5 1e-08 0.013637159
5.5 2.5118864e-07 6.1857787e-11
5.5 2.5118864e-08 0.21432241
5.5 3.1622777e-07 7.3250353e-18
5.5 3.1622777e-08 0.3241153
5.5 3.1622777e-09 0.00017106063
5.5 3.9810717e-07 4.4219949e-25
5.5 3.9810717e-08 0.38170136
5.5 3.9810717e-09 0.00044768394
5.5 5.0118723e-07 2.1523747e-42
5.5 5.0118723e-08 0.33086247
5.5 5.0118723e-09 0.0010575931
5.5 6.3095734e-07 0
5.5 6.3095734e-08 0.22233361
5.5 6.3095734e-09 0.0025582297
5.5 7.9432823e-07 0
5.5 7.9432823e-08 0.086889181
5.5 7.9432823e-09 0.0059184894
6 1.2589254e-07 0.00022178439
6 1.2589254e-08 0.023895608
6 1.5848932e-07 2.5660239e-06
6 1.5848932e-08 0.048119108
6 1.9952623e-07 2.1089795e-08
6 1.9952623e-08 0.090719977
6 1e-06 0
6 1e-07 0.0053116353
6 1e-08 0.01056183
6 2.5118864e-07 1.3368125e-13
6 2.5118864e-08 0.14801458
6 3.1622777e-07 2.0157692e-21
6 3.1622777e-08 0.19617436
6 3.1622777e-09 0.00013371276
6 3.9810717e-07 1.241866e-32
6 3.9810717e-08 0.21811183
6 3.9810717e-09 0.00034128949
6 5.0118723e-07 0
6 5.0118723e-08 0.16755583
6 5.0118723e-09 0.00081600127
6 6.3095734e-07 0
6 6.3095734e-08 0.099287376
6 6.3095734e-09 0.0020631297
6 7.9432823e-07 0
6 7.9432823e-08 0.028269257
6 7.9432823e-09 0.0047593452
6.5 1.2589254e-07 1.7722847e-05
6.5 1.2589254e-08 0.017933723
6.5 1.5848932e-07 1.6534155e-07
6.5 1.5848932e-08 0.036099938
6.5 1.9952623e-07 1.951112e-11
6.5 1.9952623e-08 0.063352222
6.5 1e-06 0
6.5 1e-07 0.0012010919
6.5 1e-08 0.0087907944
6.5 2.5118864e-07 3.7752119e-15
6.5 2.5118864e-08 0.099172711
6.5 3.1622777e-07 2.0623674e-27
6.5 3.1622777e-08 0.12273093
6.5 3.1622777e-09 0.0001064805
6.5 3.9810717e-07 1.2091558e-41
6.5 3.9810717e-08 0.11725807
6.5 3.9810717e-09 0.0002628536
6.5 5.0118723e-07 0
6.5 5.0118723e-08 0.080052612
6.5 5.0118723e-09 0.0006595631
6.5 6.3095734e-07 0
6.5 6.3095734e-08 0.033460639
6.5 6.3095734e-09 0.0015669387
6.5 7.9432823e-07 0
6.5 7.9432823e-08 0.0085454576
6.5 7.9432823e-09 0.0036253702
7 1.2589254e-07 3.9497949e-06
7 1.2589254e-08 0.013486753
7 1.5848932e-07 6.2055596e-09
7 1.5848932e-08 0.02518506
7 1.9952623e-07 7.9918289e-13
7 1.9952623e-08 0.044748903
7 1e-06 0
7 1e-07 0.00022702927
7 1e-08 0.0060135182
7 2.5118864e-07 4.0885759e-20
7 2.5118864e-08 0.062697224
7 3.1622777e-07 6.6971131e-30
7 3.1622777e-08 0.074289956
7 3.1622777e-09 8.1528307e-05
7 3.9810717e-07 0
7 3.9810717e-08 0.065735299
7 3.9810717e-09 0.00019729256
7 5.0118723e-07 0
7 5.0118723e-08 0.040705408
7 5.0118723e-09 0.00047598337
7 6.3095734e-07 0
7 6.3095734e-08 0.013917999
7 6.3095734e-09 0.0011460651
7 7.9432823e-07 0
7 7.9432823e-08 0.0024875882
7 7.9432823e-09 0.0026959085
8 1.2589254e-07 1.3487324e-07
8 1.2589254e-08 0.0065798194
8 1.5848932e-07 7.9380656e-11
8 1.5848932e-08 0.012145166
8 1.9952623e-07 1.0223834e-16
8 1.9952623e-08 0.019404701
8 1e-06 0
8 1e-07 1.0141998e-05
8 1e-08 0.0032614169
8 2.5118864e-07 8.0596973e-25
8 2.5118864e-08 0.02647739
8 3.1622777e-07 8.7540599e-40
8 3.1622777e-08 0.026804319
8 3.1622777e-09 4.3988236e-05
8 3.9810717e-07 0
8 3.9810717e-08 0.019204385
8 3.9810717e-09 0.00011243308
8 5.0118723e-07 0
8 5.0118723e-08 0.0094341326
8 5.0118723e-09 0.00025989622
8 6.3095734e-07 0
8 6.3095734e-08 0.002310702
8 6.3095734e-09 0.00063319464
8 7.9432823e-07 0
8 7.9432823e-08 0.00031755381
8 7.9432823e-09 0.0014633433
9 1.2589254e-07 1.5393544e-09
9 1.2589254e-08 0.0031067086
9 1.5848932e-07 6.7284777e-14
9 1.5848932e-08 0.005505346
9 1.9952623e-07 2.4486181e-21
9 1.9952623e-08 0.0089092352
9 1e-06 0
9 1e-07 7.1125742e-07
9 1e-08 0.0015347436
9 2.5118864e-07 9.7759785e-32
9 2.5118864e-08 0.010247523
9 3.1622777e-07 9.5030752e-44
9 3.1622777e-08 0.0091726028
9 3.1622777e-09 2.217546e-05
9 3.9810717e-07 0
9 3.9810717e-08 0.0056032051
9 3.9810717e-09 5.5582573e-05
9 5.0118723e-07 0
9 5.0118723e-08 0.0019839621
9 5.0118723e-09 0.00013225448
9 6.3095734e-07 0
9 6.3095734e-08 0.00037498332
9 6.3095734e-09 0.00031843065
9 7.9432823e-07 0
9 7.9432823e-08 2.5774581e-05
9 7.9432823e-09 0.00072109089
