0.4 0.00012589254 0.014000412 0 0.0 0.0
0.4 0.00015848932 0.015400411 0 0.0 0.0
0.4 0.00019952623 0.015569857 0 0.0 0.0
0.4 0.0001 0.015447992 0 0.0 0.0
0.4 0.00025118864 0.017078189 0 0.0 0.0
0.4 0.00031622777 0.013003096 0 0.0 0.0
0.4 1.2589254e-05 0.017092257 0 0.0 0.0
0.4 1.2589254e-06 0.01650165 0 0.0 0.0
0.4 1.2589254e-07 0.019289965 0 0.0 0.0
0.4 1.2589254e-08 0.016914191 0 0.0 0.0
0.4 1.2589254e-09 0.01563786 0 0.0 0.0
0.4 1.5848932e-05 0.016261836 0 0.0 0.0
0.4 1.5848932e-06 0.015270326 0 0.0 0.0
0.4 1.5848932e-07 0.01959571 0 0.0 0.0
0.4 1.5848932e-08 0.014814815 0 0.0 0.0
0.4 1.5848932e-09 0.013176858 0 0.0 0.0
0.4 1.9952623e-05 0.01605599 0 0.0 0.0
0.4 1.9952623e-06 0.016484649 0 0.0 0.0
0.4 1.9952623e-08 0.017291066 0 0.0 0.0
0.4 1.9952623e-09 0.014391447 0 0.0 0.0
0.4 1e-05 0.017493311 0 0.0 0.0
0.4 1e-06 0.014421096 0 0.0 0.0
0.4 1e-07 0.018335393 0 0.0 0.0
0.4 1e-08 0.020605811 0 0.0 0.0
0.4 1e-09 0.014666391 0 0.0 0.0
0.4 2.5118864e-05 0.019116136 0 0.0 0.0
0.4 2.5118864e-06 0.013622291 0 0.0 0.0
0.4 2.5118864e-07 0.015060862 0 0.0 0.0
0.4 2.5118864e-08 0.014185855 0 0.0 0.0
0.4 2.5118864e-09 0.015850144 0 0.0 0.0
0.4 3.1622777e-05 0.014232673 0 0.0 0.0
0.4 3.1622777e-06 0.019636213 0 0.0 0.0
0.4 3.1622777e-07 0.016518687 0 0.0 0.0
0.4 3.1622777e-08 0.018441774 0 0.0 0.0
0.4 3.9810717e-05 0.013780337 0 0.0 0.0
0.4 3.9810717e-06 0.016423732 0 0.0 0.0
0.4 3.9810717e-07 0.015882838 0 0.0 0.0
0.4 3.9810717e-08 0.016278591 0 0.0 0.0
0.4 3.9810717e-09 0.013040778 0 0.0 0.0
0.4 5.0118723e-05 0.016683831 0 0.0 0.0
0.4 5.0118723e-07 0.016065911 0 0.0 0.0
0.4 5.0118723e-08 0.018077239 0 0.0 0.0
0.4 5.0118723e-09 0.014992812 0 0.0 0.0
0.4 6.3095734e-05 0.016003283 0 0.0 0.0
0.4 6.3095734e-06 0.015470297 0 0.0 0.0
0.4 6.3095734e-07 0.016701031 0 0.0 0.0
0.4 6.3095734e-08 0.017471737 0 0.0 0.0
0.4 6.3095734e-09 0.017102823 0 0.0 0.0
0.4 7.9432823e-05 0.01377184 0 0.0 0.0
0.4 7.9432823e-07 0.017713697 0 0.0 0.0
0.4 7.9432823e-08 0.016049383 0 0.0 0.0
0.4 7.9432823e-09 0.018797769 0 0.0 0.0
0.45 0.00012589254 0.029038855 0 0.0 0.0
0.45 0.00015848932 0.024851099 0 0.0 0.0
0.45 0.00019952623 0.029387587 0 0.0 0.0
0.45 0.0001 0.028131417 0 0.0 0.0
0.45 0.00025118864 0.025899281 0 0.0 0.0
0.45 0.00031622777 0.02505648 0 0.0 0.0
0.45 1.2589254e-05 0.025683172 0 0.0 0.0
0.45 1.2589254e-06 0.02806227 0 0.0 0.0
0.45 1.2589254e-07 0.027885995 0 0.0 0.0
0.45 1.2589254e-08 0.025997953 0 0.0 0.0
0.45 1.2589254e-09 0.027629963 0 0.0 0.0
0.45 1.5848932e-05 0.028988487 0 0.0 0.0
0.45 1.5848932e-06 0.025720165 0 0.0 0.0
0.45 1.5848932e-07 0.025137952 0 0.0 0.0
0.45 1.5848932e-08 0.028068019 0 0.0 0.0
0.45 1.5848932e-09 0.025830258 0 0.0 0.0
0.45 1.9952623e-05 0.02610483 0 0.0 0.0
0.45 1.9952623e-06 0.025046192 0 0.0 0.0
0.45 1.9952623e-07 0.029502151 0 0.0 0.0
0.45 1.9952623e-08 0.024757582 0 0.0 0.0
0.45 1.9952623e-09 0.029201552 0 0.0 0.0
0.45 1e-05 0.028863869 0 0.0 0.0
0.45 1e-06 0.025567601 0 0.0 0.0
0.45 1e-07 0.028160329 0 0.0 0.0
0.45 1e-08 0.027492819 0 0.0 0.0
0.45 1e-09 0.030321655 0 0.0 0.0
0.45 2.5118864e-05 0.025614754 0 0.0 0.0
0.45 2.5118864e-06 0.029339352 0 0.0 0.0
0.45 2.5118864e-07 0.028365879 0 0.0 0.0
0.45 2.5118864e-08 0.031050792 0 0.0 0.0
0.45 2.5118864e-09 0.029327317 0 0.0 0.0
0.45 3.1622777e-05 0.033258058 0 0.0 0.0
0.45 3.1622777e-06 0.023198522 0 0.0 0.0
0.45 3.1622777e-07 0.027869529 0 0.0 0.0
0.45 3.1622777e-08 0.029387587 0 0.0 0.0
0.45 3.1622777e-09 0.032026278 0 0.0 0.0
0.45 3.9810717e-05 0.029345372 0 0.0 0.0
0.45 3.9810717e-06 0.032390324 0 0.0 0.0
0.45 3.9810717e-07 0.026294166 0 0.0 0.0
0.45 3.9810717e-08 0.030959752 0 0.0 0.0
0.45 3.9810717e-09 0.026342869 0 0.0 0.0
0.45 5.0118723e-05 0.030915087 0 0.0 0.0
0.45 5.0118723e-06 0.028471938 0 0.0 0.0
0.45 5.0118723e-07 0.023623665 0 0.0 0.0
0.45 5.0118723e-08 0.028911216 0 0.0 0.0
0.45 6.3095734e-05 0.027920345 0 0.0 0.0
0.45 6.3095734e-06 0.030034972 0 0.0 0.0
0.45 6.3095734e-07 0.028929011 0 0.0 0.0
0.45 6.3095734e-08 0.027027027 0 0.0 0.0
0.45 6.3095734e-09 0.026294166 0 0.0 0.0
0.45 7.9432823e-05 0.024974411 0 0.0 0.0
0.45 7.9432823e-06 0.025399426 0 0.0 0.0
0.45 7.9432823e-07 0.02802209 0 0.0 0.0
0.45 7.9432823e-08 0.027481542 0 0.0 0.0
0.45 7.9432823e-09 0.028050778 0 0.0 0.0
0.5 0.00012589254 0.033360622 0 0.0 0.0
0.5 0.00015848932 0.037436419 0 0.0 0.0
0.5 0.00019952623 0.036344969 0 0.0 0.0
0.5 0.0001 0.038414385 0 0.0 0.0
0.5 0.00025118864 0.040653728 0 0.0 0.0
0.5 0.00031622777 0.03347622 0 0.0 0.0
0.5 1.2589254e-05 0.035670357 0 0.0 0.0
0.5 1.2589254e-06 0.037356322 0 0.0 0.0
0.5 1.2589254e-07 0.039877301 0 0.0 0.0
0.5 1.2589254e-08 0.036225952 0 0.0 0.0
0.5 1.2589254e-09 0.041249745 0 0.0 0.0
0.5 1.5848932e-05 0.045203518 0 0.0 0.0
0.5 1.5848932e-06 0.036181521 0 0.0 0.0
0.5 1.5848932e-07 0.034539138 0 0.0 0.0
0.5 1.5848932e-08 0.041760491 0 0.0 0.0
0.5 1.5848932e-09 0.038067949 0 0.0 0.0
0.5 1.9952623e-05 0.043274138 0 0.0 0.0
0.5 1.9952623e-06 0.037461617 0 0.0 0.0
0.5 1.9952623e-07 0.038870704 0 0.0 0.0
0.5 1.9952623e-08 0.041794714 0 0.0 0.0
0.5 1.9952623e-09 0.040978593 0 0.0 0.0
0.5 1e-05 0.041334152 0 0.0 0.0
0.5 1e-06 0.046707819 0 0.0 0.0
0.5 1e-07 0.041410414 0 0.0 0.0
0.5 1e-08 0.04043514 0 0.0 0.0
0.5 1e-09 0.042348609 0 0.0 0.0
0.5 2.5118864e-05 0.035794641 0 0.0 0.0
0.5 2.5118864e-06 0.036482886 0 0.0 0.0
0.5 2.5118864e-08 0.041137945 0 0.0 0.0
0.5 2.5118864e-09 0.038556194 0 0.0 0.0
0.5 3.1622777e-05 0.04370915 0 0.0 0.0
0.5 3.1622777e-06 0.037195994 0 0.0 0.0
0.5 3.1622777e-07 0.037697193 0 0.0 0.0
0.5 3.1622777e-08 0.038343871 0 0.0 0.0
0.5 3.1622777e-09 0.039279869 0 0.0 0.0
0.5 3.9810717e-05 0.037597058 0 0.0 0.0
0.5 3.9810717e-06 0.038995508 0 0.0 0.0
0.5 3.9810717e-07 0.037316476 0 0.0 0.0
0.5 3.9810717e-08 0.03817734 0 0.0 0.0
0.5 3.9810717e-09 0.037127703 0 0.0 0.0
0.5 5.0118723e-05 0.042049398 0 0.0 0.0
0.5 5.0118723e-07 0.041104294 0 0.0 0.0
0.5 5.0118723e-08 0.042518397 0 0.0 0.0
0.5 5.0118723e-09 0.043567192 0 0.0 0.0
0.5 6.3095734e-05 0.037158024 0 0.0 0.0
0.5 6.3095734e-07 0.039203612 0 0.0 0.0
0.5 6.3095734e-08 0.038171055 0 0.0 0.0
0.5 6.3095734e-09 0.036796097 0 0.0 0.0
0.5 7.9432823e-05 0.033843017 0 0.0 0.0
0.5 7.9432823e-06 0.041658158 0 0.0 0.0
0.5 7.9432823e-07 0.041956611 0 0.0 0.0
0.5 7.9432823e-08 0.041428571 0 0.0 0.0
0.5 7.9432823e-09 0.038650307 0 0.0 0.0
0.55 1.2589254e-05 0.057061341 0 0.0 0.0
0.55 1.2589254e-06 0.057735312 0 0.0 0.0
0.55 1.2589254e-07 0.057864711 0 0.0 0.0
0.55 1.5848932e-05 0.052545825 0 0.0 0.0
0.55 1.5848932e-06 0.059397884 0 0.0 0.0
0.55 1.5848932e-07 0.060057003 0 0.0 0.0
0.55 1.5848932e-08 0.062233069 0 0.0 0.0
0.55 1.9952623e-05 0.059111292 0 0.0 0.0
0.55 1.9952623e-06 0.05399348 0 0.0 0.0
0.55 1.9952623e-07 0.0511883 0 0.0 0.0
0.55 1.9952623e-08 0.052631579 0 0.0 0.0
0.55 1e-05 0.060105949 0 0.0 0.0
0.55 1e-06 0.064259486 0 0.0 0.0
0.55 1e-07 0.052106656 0 0.0 0.0
0.55 1e-08 0.063847092 0 0.0 0.0
0.55 2.5118864e-05 0.056008147 0 0.0 0.0
0.55 2.5118864e-06 0.060803918 0 0.0 0.0
0.55 2.5118864e-07 0.057598039 0 0.0 0.0
0.55 2.5118864e-08 0.053211009 0 0.0 0.0
0.55 3.1622777e-06 0.057938605 0 0.0 0.0
0.55 3.1622777e-07 0.056019556 0 0.0 0.0
0.55 3.1622777e-08 0.060495331 0 0.0 0.0
0.55 3.1622777e-09 0.049173638 0 0.0 0.0
0.55 3.9810717e-06 0.056649746 0 0.0 0.0
0.55 3.9810717e-07 0.050274781 0 0.0 0.0
0.55 3.9810717e-08 0.055939788 0 0.0 0.0
0.55 5.0118723e-06 0.059278876 0 0.0 0.0
0.55 5.0118723e-07 0.060402685 0 0.0 0.0
0.55 5.0118723e-08 0.057900102 0 0.0 0.0
0.55 5.0118723e-09 0.060630722 0 0.0 0.0
0.55 6.3095734e-06 0.0599022 0 0.0 0.0
0.55 6.3095734e-07 0.060920945 0 0.0 0.0
0.55 6.3095734e-08 0.051966578 0 0.0 0.0
0.55 6.3095734e-09 0.058571429 0 0.0 0.0
0.55 7.9432823e-06 0.053713123 0 0.0 0.0
0.55 7.9432823e-07 0.061660562 0 0.0 0.0
0.55 7.9432823e-08 0.060341325 0 0.0 0.0
0.55 7.9432823e-09 0.058571429 0 0.0 0.0
0.6 1.2589254e-05 0.082944636 0 0.0 0.0
0.6 1.2589254e-06 0.083654041 0 0.0 0.0
0.6 1.2589254e-07 0.073758865 0 0.0 0.0
0.6 1.2589254e-08 0.080308254 0 0.0 0.0
0.6 1.5848932e-05 0.076298701 0 0.0 0.0
0.6 1.5848932e-06 0.084418226 0 0.0 0.0
0.6 1.5848932e-07 0.079902657 0 0.0 0.0
0.6 1.5848932e-08 0.087894201 0 0.0 0.0
0.6 1.9952623e-05 0.08336714 0 0.0 0.0
0.6 1.9952623e-06 0.079943331 0 0.0 0.0
0.6 1.9952623e-07 0.081206966 0 0.0 0.0
0.6 1.9952623e-08 0.074043938 0 0.0 0.0
0.6 1e-05 0.081201786 0 0.0 0.0
0.6 1e-06 0.082470039 0 0.0 0.0
0.6 1e-08 0.079059396 0 0.0 0.0
0.6 2.5118864e-05 0.084008097 0 0.0 0.0
0.6 2.5118864e-07 0.090075402 0 0.0 0.0
0.6 2.5118864e-08 0.086161349 0 0.0 0.0
0.6 3.1622777e-05 0.084195577 0 0.0 0.0
0.6 3.1622777e-06 0.084332453 0 0.0 0.0
0.6 3.1622777e-07 0.085313833 0 0.0 0.0
0.6 3.1622777e-08 0.074908648 0 0.0 0.0
0.6 3.1622777e-09 0.079927155 0 0.0 0.0
0.6 3.9810717e-06 0.081305758 0 0.0 0.0
0.6 3.9810717e-07 0.089748784 0 0.0 0.0
0.6 3.9810717e-08 0.075736041 0 0.0 0.0
0.6 3.9810717e-09 0.072800809 0 0.0 0.0
0.6 5.0118723e-06 0.079748377 0 0.0 0.0
0.6 5.0118723e-07 0.077877186 0 0.0 0.0
0.6 5.0118723e-08 0.082520325 0 0.0 0.0
0.6 5.0118723e-09 0.083146981 0 0.0 0.0
0.6 6.3095734e-06 0.0733889 0 0.0 0.0
0.6 6.3095734e-07 0.086102107 0 0.0 0.0
0.6 6.3095734e-08 0.07712604 0 0.0 0.0
0.6 6.3095734e-09 0.078029996 0 0.0 0.0
0.6 7.9432823e-06 0.087388483 0 0.0 0.0
0.6 7.9432823e-07 0.082202875 0 0.0 0.0
0.6 7.9432823e-08 0.084649656 0 0.0 0.0
0.6 7.9432823e-09 0.081877286 0 0.0 0.0
0.65 1.1220184543e-06 0.11279257 0 0.0 0.0
0.65 1.122018454e-06 0.11329152 0 0.0 0.0
0.65 1.2589254e-05 0.11790834 0 0.0 0.0
0.65 1.2589254e-06 0.11494949 0 0.0 0.0
0.65 1.2589254e-07 0.10971914 0 0.0 0.0
0.65 1.2589254e-08 0.11928831 0 0.0 0.0
0.65 1.41253754462e-06 0.11967709 0 0.0 0.0
0.65 1.412537545e-06 0.1156724 0 0.0 0.0
0.65 1.5848932e-05 0.11764706 0 0.0 0.0
0.65 1.5848932e-06 0.11910067 0 0.0 0.0
0.65 1.5848932e-07 0.12103455 0 0.0 0.0
0.65 1.5848932e-08 0.12197581 0 0.0 0.0
0.65 1.77827941004e-06 0.11494253 0 0.0 0.0
0.65 1.77827941e-06 0.11351242 0 0.0 0.0
0.65 1.9952623e-05 0.12008866 0 0.0 0.0
0.65 1.9952623e-06 0.12381337 0 0.0 0.0
0.65 1.9952623e-07 0.11173975 0 0.0 0.0
0.65 1.9952623e-08 0.11802749 0 0.0 0.0
0.65 1e-05 0.11315417 0 0.0 0.0
0.65 1e-06 0.11587462 0 0.0 0.0
0.65 1e-08 0.11057206 0 0.0 0.0
0.65 2.23872113857e-06 0.12757368 0 0.0 0.0
0.65 2.238721139e-06 0.11519806 0 0.0 0.0
0.65 2.5118864e-05 0.11804009 0 0.0 0.0
0.65 2.5118864e-06 0.11338328 0 0.0 0.0
0.65 2.5118864e-07 0.11467797 0 0.0 0.0
0.65 2.5118864e-08 0.11965985 0 0.0 0.0
0.65 2.81838293126e-06 0.11115602 0 0.0 0.0
0.65 2.818382931e-06 0.11263625 0 0.0 0.0
0.65 3.1622777e-05 0.11939394 0 0.0 0.0
0.65 3.1622777e-06 0.12371549 0 0.0 0.0
0.65 3.1622777e-07 0.11564077 0 0.0 0.0
0.65 3.1622777e-08 0.119038 0 0.0 0.0
0.65 3.1622777e-09 0.11851403 0 0.0 0.0
0.65 3.54813389234e-06 0.12075929 0 0.0 0.0
0.65 3.548133892e-06 0.11559411 0 0.0 0.0
0.65 3.9810717e-06 0.12131015 0 0.0 0.0
0.65 3.9810717e-07 0.11788454 0 0.0 0.0
0.65 3.9810717e-08 0.11738604 0 0.0 0.0
0.65 3.9810717e-09 0.11674098 0 0.0 0.0
0.65 4.46683592151e-06 0.10242915 0 0.0 0.0
0.65 4.466835922e-06 0.11529126 0 0.0 0.0
0.65 5.0118723e-06 0.12371342 0 0.0 0.0
0.65 5.0118723e-07 0.12099716 0 0.0 0.0
0.65 5.0118723e-08 0.1138754 0 0.0 0.0
0.65 5.0118723e-09 0.11638715 0 0.0 0.0
0.65 5.6234132519e-06 0.11156023 0 0.0 0.0
0.65 6.3095734e-06 0.11769448 0 0.0 0.0
0.65 6.3095734e-07 0.12186742 0 0.0 0.0
0.65 6.3095734e-08 0.11945117 0 0.0 0.0
0.65 6.3095734e-09 0.1083098 0 0.0 0.0
0.65 7.07945784384e-06 0.1196443 0 0.0 0.0
0.65 7.9432823e-06 0.11185275 0 0.0 0.0
0.65 7.9432823e-07 0.10864297 0 0.0 0.0
0.65 7.9432823e-08 0.11507457 0 0.0 0.0
0.65 7.9432823e-09 0.12121212 0 0.0 0.0
0.65 8.91250938134e-06 0.11160534 0 0.0 0.0
0.7 1.2589254e-05 0.20088656 0 0.0 0.0
0.7 1.2589254e-06 0.19722278 0 0.0 0.0
0.7 1.2589254e-08 0.1959718 0 0.0 0.0
0.7 1.5848932e-05 0.19677419 0 0.0 0.0
0.7 1.5848932e-06 0.20591787 0 0.0 0.0
0.7 1.5848932e-07 0.20345798 0 0.0 0.0
0.7 1.5848932e-08 0.19128329 0 0.0 0.0
0.7 1.9952623e-05 0.20044275 0 0.0 0.0
0.7 1.9952623e-06 0.19883159 0 0.0 0.0
0.7 1.9952623e-07 0.20611916 0 0.0 0.0
0.7 1.9952623e-08 0.21092808 0 0.0 0.0
0.7 1e-05 0.20044275 0 0.0 0.0
0.7 1e-06 0.20140704 0 0.0 0.0
0.7 1e-07 0.19625604 0 0.0 0.0
0.7 1e-08 0.19642139 0 0.0 0.0
0.7 2.5118864e-05 0.19891392 0 0.0 0.0
0.7 2.5118864e-06 0.18973843 0 0.0 0.0
0.7 2.5118864e-07 0.19802579 0 0.0 0.0
0.7 2.5118864e-08 0.19195171 0 0.0 0.0
0.7 3.1622777e-05 0.19959718 0 0.0 0.0
0.7 3.1622777e-06 0.19205965 0 0.0 0.0
0.7 3.1622777e-07 0.199839 0 0.0 0.0
0.7 3.1622777e-08 0.19517588 0 0.0 0.0
0.7 3.1622777e-09 0.19564779 0 0.0 0.0
0.7 3.9810717e-06 0.19590115 0 0.0 0.0
0.7 3.9810717e-07 0.19714056 0 0.0 0.0
0.7 3.9810717e-08 0.2040652 0 0.0 0.0
0.7 3.9810717e-09 0.20076367 0 0.0 0.0
0.7 5.0118723e-06 0.19814554 0 0.0 0.0
0.7 5.0118723e-08 0.19384677 0 0.0 0.0
0.7 5.0118723e-09 0.20438544 0 0.0 0.0
0.7 6.3095734e-06 0.20177027 0 0.0 0.0
0.7 6.3095734e-07 0.19705823 0 0.0 0.0
0.7 6.3095734e-08 0.2019347 0 0.0 0.0
0.7 6.3095734e-09 0.19742403 0 0.0 0.0
0.7 7.9432823e-06 0.19907407 0 0.0 0.0
0.7 7.9432823e-07 0.18733616 0 0.0 0.0
0.7 7.9432823e-09 0.19263285 0 0.0 0.0
0.75 1.1220184543e-06 0.22579349 0 0.0 0.0
0.75 1.122018454e-06 0.23364111 0 0.0 0.0
0.75 1.2589254e-05 0.23191318 0 0.0 0.0
0.75 1.2589254e-06 0.22036963 0 0.0 0.0
0.75 1.2589254e-07 0.23124749 0 0.0 0.0
0.75 1.2589254e-08 0.22796781 0 0.0 0.0
0.75 1.41253754462e-06 0.21715548 0 0.0 0.0
0.75 1.412537545e-06 0.23109328 0 0.0 0.0
0.75 1.5848932e-05 0.23342708 0 0.0 0.0
0.75 1.5848932e-06 0.22872661 0 0.0 0.0
0.75 1.5848932e-07 0.23098535 0 0.0 0.0
0.75 1.5848932e-08 0.23171222 0 0.0 0.0
0.75 1.77827941004e-06 0.21498895 0 0.0 0.0
0.75 1.77827941e-06 0.22017245 0 0.0 0.0
0.75 1.9952623e-05 0.22526146 0 0.0 0.0
0.75 1.9952623e-06 0.22432161 0 0.0 0.0
0.75 1.9952623e-07 0.23029087 0 0.0 0.0
0.75 1.9952623e-08 0.23103171 0 0.0 0.0
0.75 1e-05 0.21606426 0 0.0 0.0
0.75 1e-06 0.24578652 0 0.0 0.0
0.75 1e-07 0.22141853 0 0.0 0.0
0.75 1e-08 0.2169546 0 0.0 0.0
0.75 2.23872113857e-06 0.21945838 0 0.0 0.0
0.75 2.238721139e-06 0.24328119 0 0.0 0.0
0.75 2.5118864e-05 0.22948847 0 0.0 0.0
0.75 2.5118864e-06 0.22429345 0 0.0 0.0
0.75 2.5118864e-07 0.22541148 0 0.0 0.0
0.75 2.5118864e-08 0.23434992 0 0.0 0.0
0.75 2.81838293126e-06 0.217941 0 0.0 0.0
0.75 3.1622777e-05 0.22302592 0 0.0 0.0
0.75 3.1622777e-06 0.23277767 0 0.0 0.0
0.75 3.1622777e-07 0.22784045 0 0.0 0.0
0.75 3.1622777e-08 0.21639542 0 0.0 0.0
0.75 3.1622777e-09 0.23472669 0 0.0 0.0
0.75 3.54813389234e-06 0.23800923 0 0.0 0.0
0.75 3.9810717e-06 0.22505521 0 0.0 0.0
0.75 3.9810717e-07 0.22440787 0 0.0 0.0
0.75 3.9810717e-08 0.2251004 0 0.0 0.0
0.75 3.9810717e-09 0.22095123 0 0.0 0.0
0.75 4.46683592151e-06 0.22732745 0 0.0 0.0
0.75 5.0118723e-06 0.23593248 0 0.0 0.0
0.75 5.0118723e-07 0.2294555 0 0.0 0.0
0.75 5.0118723e-08 0.22706284 0 0.0 0.0
0.75 5.0118723e-09 0.22583886 0 0.0 0.0
0.75 5.6234132519e-06 0.22427282 0 0.0 0.0
0.75 6.3095734e-07 0.22831325 0 0.0 0.0
0.75 6.3095734e-08 0.23555377 0 0.0 0.0
0.75 6.3095734e-09 0.20731217 0 0.0 0.0
0.75 7.07945784384e-06 0.2270444 0 0.0 0.0
0.75 7.9432823e-06 0.22583233 0 0.0 0.0
0.75 7.9432823e-07 0.22824995 0 0.0 0.0
0.75 7.9432823e-08 0.2269717 0 0.0 0.0
0.75 7.9432823e-09 0.22828485 0 0.0 0.0
0.75 8.91250938134e-06 0.23245086 0 0.0 0.0
0.7 2.5118864e-07 0.19955699 0 0.0 0.0
0.8 1.1220184543e-06 0.21523312 0 0.0 0.0
0.8 1.2589254e-05 0.21408507 0 0.0 0.0
0.8 1.2589254e-06 0.20394208 0 0.0 0.0
0.8 1.2589254e-07 0.2061835 0 0.0 0.0
0.8 1.2589254e-08 0.21252258 0 0.0 0.0
0.8 1.41253754462e-06 0.21004016 0 0.0 0.0
0.8 1.5848932e-05 0.21372667 0 0.0 0.0
0.8 1.5848932e-06 0.2163085 0 0.0 0.0
0.8 1.5848932e-07 0.21566265 0 0.0 0.0
0.8 1.5848932e-08 0.21514665 0 0.0 0.0
0.8 1.77827941004e-06 0.20814934 0 0.0 0.0
0.8 1.9952623e-05 0.21196307 0 0.0 0.0
0.8 1.9952623e-06 0.21134124 0 0.0 0.0
0.8 1.9952623e-07 0.202369 0 0.0 0.0
0.8 1.9952623e-08 0.20754717 0 0.0 0.0
0.8 1e-05 0.20510245 0 0.0 0.0
0.8 1e-06 0.20578778 0 0.0 0.0
0.8 1e-07 0.20453633 0 0.0 0.0
0.8 1e-08 0.20794862 0 0.0 0.0
0.8 2.23872113857e-06 0.22289157 0 0.0 0.0
0.8 2.5118864e-05 0.19971871 0 0.0 0.0
0.8 2.5118864e-06 0.21553281 0 0.0 0.0
0.8 2.5118864e-07 0.21623794 0 0.0 0.0
0.8 2.5118864e-08 0.19819458 0 0.0 0.0
0.8 2.81838293126e-06 0.20835006 0 0.0 0.0
0.8 3.1622777e-05 0.20350242 0 0.0 0.0
0.8 3.1622777e-06 0.21196307 0 0.0 0.0
0.8 3.1622777e-07 0.21269331 0 0.0 0.0
0.8 3.1622777e-08 0.21729535 0 0.0 0.0
0.8 3.1622777e-09 0.20405704 0 0.0 0.0
0.8 3.54813389234e-06 0.20662651 0 0.0 0.0
0.8 3.9810717e-06 0.20775568 0 0.0 0.0
0.8 3.9810717e-07 0.21183551 0 0.0 0.0
0.8 3.9810717e-08 0.21204819 0 0.0 0.0
0.8 3.9810717e-09 0.2108119 0 0.0 0.0
0.8 4.46683592151e-06 0.20937249 0 0.0 0.0
0.8 5.0118723e-06 0.20819113 0 0.0 0.0
0.8 5.0118723e-07 0.20697954 0 0.0 0.0
0.8 5.0118723e-08 0.21550512 0 0.0 0.0
0.8 5.0118723e-09 0.21305221 0 0.0 0.0
0.8 5.6234132519e-06 0.21226699 0 0.0 0.0
0.8 6.3095734e-07 0.21520257 0 0.0 0.0
0.8 6.3095734e-08 0.21019876 0 0.0 0.0
0.8 6.3095734e-09 0.21780189 0 0.0 0.0
0.8 7.07945784384e-06 0.20614211 0 0.0 0.0
0.8 7.9432823e-06 0.22008032 0 0.0 0.0
0.8 7.9432823e-07 0.20080402 0 0.0 0.0
0.8 7.9432823e-08 0.21626506 0 0.0 0.0
0.8 7.9432823e-09 0.20393812 0 0.0 0.0
0.8 8.91250938134e-06 0.2038191 0 0.0 0.0
0.81 1.1220184543e-06 0.20084439 0 0.0 0.0
0.81 1.122018454e-06 0.20418006 0 0.0 0.0
0.81 1.2589254e-05 0.18996991 0 0.0 0.0
0.81 1.2589254e-06 0.1997992 0 0.0 0.0
0.81 1.2589254e-07 0.19416499 0 0.0 0.0
0.81 1.2589254e-08 0.20080402 0 0.0 0.0
0.81 1.41253754462e-06 0.19867417 0 0.0 0.0
0.81 1.412537545e-06 0.19426624 0 0.0 0.0
0.81 1.5848932e-05 0.18850482 0 0.0 0.0
0.81 1.5848932e-06 0.20293055 0 0.0 0.0
0.81 1.5848932e-07 0.19352894 0 0.0 0.0
0.81 1.5848932e-08 0.20743719 0 0.0 0.0
0.81 1.77827941004e-06 0.1993988 0 0.0 0.0
0.81 1.77827941e-06 0.19453925 0 0.0 0.0
0.81 1.9952623e-05 0.19875402 0 0.0 0.0
0.81 1.9952623e-06 0.19903692 0 0.0 0.0
0.81 1.9952623e-07 0.20763052 0 0.0 0.0
0.81 1.9952623e-08 0.20224945 0 0.0 0.0
0.81 1e-05 0.19497487 0 0.0 0.0
0.81 1e-06 0.19381402 0 0.0 0.0
0.81 1e-07 0.20301508 0 0.0 0.0
0.81 1e-08 0.19039968 0 0.0 0.0
0.81 2.23872113857e-06 0.19549024 0 0.0 0.0
0.81 2.238721139e-06 0.19855451 0 0.0 0.0
0.81 2.5118864e-05 0.20417587 0 0.0 0.0
0.81 2.5118864e-06 0.19666867 0 0.0 0.0
0.81 2.5118864e-07 0.19975884 0 0.0 0.0
0.81 2.5118864e-08 0.18516285 0 0.0 0.0
0.81 2.81838293126e-06 0.20538045 0 0.0 0.0
0.81 3.1622777e-05 0.19831393 0 0.0 0.0
0.81 3.1622777e-06 0.20466425 0 0.0 0.0
0.81 3.1622777e-07 0.19831054 0 0.0 0.0
0.81 3.1622777e-08 0.19682667 0 0.0 0.0
0.81 3.1622777e-09 0.19815113 0 0.0 0.0
0.81 3.54813389234e-06 0.19919759 0 0.0 0.0
0.81 3.9810717e-06 0.19835043 0 0.0 0.0
0.81 3.9810717e-07 0.19501908 0 0.0 0.0
0.81 3.9810717e-08 0.18889559 0 0.0 0.0
0.81 3.9810717e-09 0.20152702 0 0.0 0.0
0.81 4.46683592151e-06 0.19907593 0 0.0 0.0
0.81 5.0118723e-06 0.19939759 0 0.0 0.0
0.81 5.0118723e-07 0.19726523 0 0.0 0.0
0.81 5.0118723e-08 0.21183551 0 0.0 0.0
0.81 5.0118723e-09 0.18847852 0 0.0 0.0
0.81 5.6234132519e-06 0.19376884 0 0.0 0.0
0.81 6.3095734e-06 0.20261569 0 0.0 0.0
0.81 6.3095734e-07 0.18826602 0 0.0 0.0
0.81 6.3095734e-08 0.2007629 0 0.0 0.0
0.81 6.3095734e-09 0.20245275 0 0.0 0.0
0.81 7.07945784384e-06 0.18890675 0 0.0 0.0
0.81 7.9432823e-06 0.1937236 0 0.0 0.0
0.81 7.9432823e-07 0.19979899 0 0.0 0.0
0.81 7.9432823e-08 0.19409876 0 0.0 0.0
0.81 7.9432823e-09 0.20120361 0 0.0 0.0
0.81 8.91250938134e-06 0.20116442 0 0.0 0.0
0.82 1.1220184543e-06 0.18674699 0 0.0 0.0
0.82 1.122018454e-06 0.17665996 0 0.0 0.0
0.82 1.2589254e-05 0.1846865 0 0.0 0.0
0.82 1.2589254e-06 0.18958585 0 0.0 0.0
0.82 1.2589254e-07 0.1760804 0 0.0 0.0
0.82 1.2589254e-08 0.18430034 0 0.0 0.0
0.82 1.41253754462e-06 0.19497992 0 0.0 0.0
0.82 1.412537545e-06 0.18483508 0 0.0 0.0
0.82 1.5848932e-05 0.19212219 0 0.0 0.0
0.82 1.5848932e-06 0.19060052 0 0.0 0.0
0.82 1.5848932e-07 0.19429375 0 0.0 0.0
0.82 1.5848932e-08 0.18832732 0 0.0 0.0
0.82 1.77827941004e-06 0.18763841 0 0.0 0.0
0.82 1.77827941e-06 0.18839124 0 0.0 0.0
0.82 1.9952623e-05 0.19277834 0 0.0 0.0
0.82 1.9952623e-06 0.18536389 0 0.0 0.0
0.82 1.9952623e-07 0.18936342 0 0.0 0.0
0.82 1.9952623e-08 0.18187311 0 0.0 0.0
0.82 1e-05 0.19156627 0 0.0 0.0
0.82 1e-06 0.18402569 0 0.0 0.0
0.82 1e-07 0.18099638 0 0.0 0.0
0.82 1e-08 0.18689711 0 0.0 0.0
0.82 2.23872113857e-06 0.1921608 0 0.0 0.0
0.82 2.238721139e-06 0.19313391 0 0.0 0.0
0.82 2.5118864e-05 0.18910772 0 0.0 0.0
0.82 2.5118864e-06 0.18854271 0 0.0 0.0
0.82 2.5118864e-07 0.18470825 0 0.0 0.0
0.82 2.5118864e-08 0.18264014 0 0.0 0.0
0.82 2.81838293126e-06 0.18381317 0 0.0 0.0
0.82 2.818382931e-06 0.19264765 0 0.0 0.0
0.82 3.1622777e-05 0.177144 0 0.0 0.0
0.82 3.1622777e-06 0.19303543 0 0.0 0.0
0.82 3.1622777e-07 0.19124146 0 0.0 0.0
0.82 3.1622777e-08 0.18860709 0 0.0 0.0
0.82 3.1622777e-09 0.18619583 0 0.0 0.0
0.82 3.54813389234e-06 0.18685955 0 0.0 0.0
0.82 3.9810717e-06 0.19347037 0 0.0 0.0
0.82 3.9810717e-07 0.19542077 0 0.0 0.0
0.82 3.9810717e-08 0.1842317 0 0.0 0.0
0.82 3.9810717e-09 0.18746233 0 0.0 0.0
0.82 4.46683592151e-06 0.18974874 0 0.0 0.0
0.82 5.0118723e-06 0.17531162 0 0.0 0.0
0.82 5.0118723e-07 0.19200643 0 0.0 0.0
0.82 5.0118723e-08 0.18305901 0 0.0 0.0
0.82 5.0118723e-09 0.18136172 0 0.0 0.0
0.82 5.6234132519e-06 0.1878142 0 0.0 0.0
0.82 6.3095734e-06 0.20225171 0 0.0 0.0
0.82 6.3095734e-07 0.18116088 0 0.0 0.0
0.82 6.3095734e-08 0.18492462 0 0.0 0.0
0.82 6.3095734e-09 0.1840836 0 0.0 0.0
0.82 7.07945784384e-06 0.18077619 0 0.0 0.0
0.82 7.9432823e-06 0.18928141 0 0.0 0.0
0.82 7.9432823e-07 0.17697871 0 0.0 0.0
0.82 7.9432823e-08 0.18377184 0 0.0 0.0
0.82 7.9432823e-09 0.19594051 0 0.0 0.0
0.82 8.91250938134e-06 0.1967411 0 0.0 0.0
0.83 1.1220184543e-06 0.17028548 0 0.0 0.0
0.83 1.122018454e-06 0.18187299 0 0.0 0.0
0.83 1.2589254e-06 0.17379948 0 0.0 0.0
0.83 1.2589254e-07 0.18403057 0 0.0 0.0
0.83 1.2589254e-08 0.1875 0 0.0 0.0
0.83 1.41253754462e-06 0.16834474 0 0.0 0.0
0.83 1.412537545e-06 0.17069243 0 0.0 0.0
0.83 1.5848932e-05 0.18172691 0 0.0 0.0
0.83 1.5848932e-06 0.17260826 0 0.0 0.0
0.83 1.5848932e-07 0.18072047 0 0.0 0.0
0.83 1.5848932e-08 0.16945059 0 0.0 0.0
0.83 1.77827941004e-06 0.17356368 0 0.0 0.0
0.83 1.77827941e-06 0.17621057 0 0.0 0.0
0.83 1.9952623e-05 0.18554217 0 0.0 0.0
0.83 1.9952623e-06 0.17393051 0 0.0 0.0
0.83 1.9952623e-07 0.17135961 0 0.0 0.0
0.83 1.9952623e-08 0.16884422 0 0.0 0.0
0.83 1e-05 0.18434293 0 0.0 0.0
0.83 1e-06 0.18355448 0 0.0 0.0
0.83 1e-07 0.1842317 0 0.0 0.0
0.83 1e-08 0.18860353 0 0.0 0.0
0.83 2.23872113857e-06 0.17203219 0 0.0 0.0
0.83 2.238721139e-06 0.17774654 0 0.0 0.0
0.83 2.5118864e-06 0.17691998 0 0.0 0.0
0.83 2.5118864e-07 0.18634166 0 0.0 0.0
0.83 2.5118864e-08 0.17410535 0 0.0 0.0
0.83 2.81838293126e-06 0.18276973 0 0.0 0.0
0.83 2.818382931e-06 0.1733628 0 0.0 0.0
0.83 3.1622777e-05 0.17122186 0 0.0 0.0
0.83 3.1622777e-06 0.16659952 0 0.0 0.0
0.83 3.1622777e-07 0.17431562 0 0.0 0.0
0.83 3.1622777e-08 0.1820004 0 0.0 0.0
0.83 3.1622777e-09 0.17552335 0 0.0 0.0
0.83 3.54813389234e-06 0.1798995 0 0.0 0.0
0.83 3.9810717e-06 0.16907631 0 0.0 0.0
0.83 3.9810717e-07 0.17889447 0 0.0 0.0
0.83 3.9810717e-08 0.1821292 0 0.0 0.0
0.83 3.9810717e-09 0.17155484 0 0.0 0.0
0.83 4.46683592151e-06 0.18578028 0 0.0 0.0
0.83 5.0118723e-06 0.18785197 0 0.0 0.0
0.83 5.0118723e-07 0.18518519 0 0.0 0.0
0.83 5.0118723e-08 0.17857862 0 0.0 0.0
0.83 5.0118723e-09 0.17811807 0 0.0 0.0
0.83 5.6234132519e-06 0.17977076 0 0.0 0.0
0.83 6.3095734e-06 0.17914654 0 0.0 0.0
0.83 6.3095734e-07 0.18432161 0 0.0 0.0
0.83 6.3095734e-08 0.17246231 0 0.0 0.0
0.83 6.3095734e-09 0.17628141 0 0.0 0.0
0.83 7.07945784384e-06 0.18295135 0 0.0 0.0
0.83 7.9432823e-06 0.17857862 0 0.0 0.0
0.83 7.9432823e-07 0.18022905 0 0.0 0.0
0.83 7.9432823e-08 0.1795902 0 0.0 0.0
0.83 7.9432823e-09 0.17095219 0 0.0 0.0
0.83 8.91250938134e-06 0.1716928 0 0.0 0.0
0.84 1.2589254e-05 0.16770311 0 0.0 0.0
0.84 1.2589254e-06 0.15373794 0 0.0 0.0
0.84 1.2589254e-07 0.17176802 0 0.0 0.0
0.84 1.2589254e-08 0.16753716 0 0.0 0.0
0.84 1.5848932e-05 0.16318328 0 0.0 0.0
0.84 1.5848932e-06 0.16643131 0 0.0 0.0
0.84 1.5848932e-07 0.16127736 0 0.0 0.0
0.84 1.5848932e-08 0.16361441 0 0.0 0.0
0.84 1.9952623e-05 0.15619968 0 0.0 0.0
0.84 1.9952623e-06 0.16619775 0 0.0 0.0
0.84 1.9952623e-07 0.15361385 0 0.0 0.0
0.84 1.9952623e-08 0.17531162 0 0.0 0.0
0.84 1e-05 0.15695338 0 0.0 0.0
0.84 1e-06 0.15587289 0 0.0 0.0
0.84 1e-07 0.17011864 0 0.0 0.0
0.84 1e-08 0.15922799 0 0.0 0.0
0.84 2.5118864e-05 0.16814159 0 0.0 0.0
0.84 2.5118864e-07 0.15871098 0 0.0 0.0
0.84 2.5118864e-08 0.16441668 0 0.0 0.0
0.84 3.1622777e-05 0.15689829 0 0.0 0.0
0.84 3.1622777e-06 0.17028548 0 0.0 0.0
0.84 3.1622777e-07 0.16995173 0 0.0 0.0
0.84 3.1622777e-08 0.16354858 0 0.0 0.0
0.84 3.9810717e-06 0.16469171 0 0.0 0.0
0.84 3.9810717e-07 0.15707965 0 0.0 0.0
0.84 3.9810717e-08 0.15999195 0 0.0 0.0
0.84 3.9810717e-09 0.16552832 0 0.0 0.0
0.84 5.0118723e-06 0.17075623 0 0.0 0.0
0.84 5.0118723e-07 0.16700201 0 0.0 0.0
0.84 5.0118723e-09 0.16203144 0 0.0 0.0
0.84 6.3095734e-06 0.15963008 0 0.0 0.0
0.84 6.3095734e-07 0.1650583 0 0.0 0.0
0.84 6.3095734e-08 0.16643188 0 0.0 0.0
0.84 6.3095734e-09 0.1644194 0 0.0 0.0
0.84 7.9432823e-06 0.16592831 0 0.0 0.0
0.84 7.9432823e-07 0.16727126 0 0.0 0.0
0.84 7.9432823e-08 0.16690127 0 0.0 0.0
0.84 7.9432823e-09 0.16385542 0 0.0 0.0
0.85 1.2589254e-05 0.14254077 0 0.0 0.0
0.85 1.2589254e-06 0.1498994 0 0.0 0.0
0.85 1.2589254e-07 0.1489533 0 0.0 0.0
0.85 1.2589254e-08 0.1469996 0 0.0 0.0
0.85 1.5848932e-05 0.15276382 0 0.0 0.0
0.85 1.5848932e-06 0.14467056 0 0.0 0.0
0.85 1.5848932e-07 0.14590891 0 0.0 0.0
0.85 1.5848932e-08 0.14202256 0 0.0 0.0
0.85 1.9952623e-05 0.14870038 0 0.0 0.0
0.85 1.9952623e-06 0.1513383 0 0.0 0.0
0.85 1.9952623e-07 0.14400644 0 0.0 0.0
0.85 1.9952623e-08 0.14572461 0 0.0 0.0
0.85 1e-05 0.15618702 0 0.0 0.0
0.85 1e-07 0.1489533 0 0.0 0.0
0.85 2.5118864e-05 0.14475539 0 0.0 0.0
0.85 2.5118864e-06 0.14469972 0 0.0 0.0
0.85 2.5118864e-07 0.14976819 0 0.0 0.0
0.85 2.5118864e-08 0.14256947 0 0.0 0.0
0.85 3.1622777e-05 0.15071529 0 0.0 0.0
0.85 3.1622777e-06 0.14941603 0 0.0 0.0
0.85 3.1622777e-07 0.1427996 0 0.0 0.0
0.85 3.1622777e-08 0.14268464 0 0.0 0.0
0.85 3.1622777e-09 0.14905585 0 0.0 0.0
0.85 3.9810717e-06 0.1581386 0 0.0 0.0
0.85 3.9810717e-07 0.14346162 0 0.0 0.0
0.85 3.9810717e-08 0.15648316 0 0.0 0.0
0.85 3.9810717e-09 0.15797947 0 0.0 0.0
0.85 5.0118723e-06 0.15079525 0 0.0 0.0
0.85 5.0118723e-07 0.15024135 0 0.0 0.0
0.85 5.0118723e-08 0.14900462 0 0.0 0.0
0.85 5.0118723e-09 0.14873035 0 0.0 0.0
0.85 6.3095734e-06 0.14762671 0 0.0 0.0
0.85 6.3095734e-07 0.14831958 0 0.0 0.0
0.85 6.3095734e-08 0.1460177 0 0.0 0.0
0.85 6.3095734e-09 0.13468895 0 0.0 0.0
0.85 7.9432823e-06 0.14288589 0 0.0 0.0
0.85 7.9432823e-07 0.15449778 0 0.0 0.0
0.85 7.9432823e-08 0.14854271 0 0.0 0.0
0.85 7.9432823e-09 0.14461476 0 0.0 0.0
0.86 1.1220184543e-06 0.15225261 0 0.0 0.0
0.86 1.122018454e-06 0.14570336 0 0.0 0.0
0.86 1.2589254e-05 0.15186304 0 0.0 0.0
0.86 1.2589254e-06 0.15268558 0 0.0 0.0
0.86 1.2589254e-07 0.15199035 0 0.0 0.0
0.86 1.2589254e-08 0.15869827 0 0.0 0.0
0.86 1.41253754462e-06 0.14305835 0 0.0 0.0
0.86 1.412537545e-06 0.14717133 0 0.0 0.0
0.86 1.5848932e-05 0.15338042 0 0.0 0.0
0.86 1.5848932e-06 0.14498291 0 0.0 0.0
0.86 1.5848932e-07 0.14325956 0 0.0 0.0
0.86 1.5848932e-08 0.14044266 0 0.0 0.0
0.86 1.77827941004e-06 0.14708845 0 0.0 0.0
0.86 1.77827941e-06 0.14504432 0 0.0 0.0
0.86 1.9952623e-05 0.1469996 0 0.0 0.0
0.86 1.9952623e-06 0.15266868 0 0.0 0.0
0.86 1.9952623e-07 0.14015304 0 0.0 0.0
0.86 1.9952623e-08 0.14817049 0 0.0 0.0
0.86 1e-05 0.14676867 0 0.0 0.0
0.86 1e-06 0.14878196 0 0.0 0.0
0.86 1e-07 0.15469724 0 0.0 0.0
0.86 1e-08 0.1422249 0 0.0 0.0
0.86 2.23872113857e-06 0.15090543 0 0.0 0.0
0.86 2.238721139e-06 0.14205231 0 0.0 0.0
0.86 2.5118864e-05 0.14239678 0 0.0 0.0
0.86 2.5118864e-06 0.14914573 0 0.0 0.0
0.86 2.5118864e-07 0.15171026 0 0.0 0.0
0.86 2.5118864e-08 0.15125881 0 0.0 0.0
0.86 2.81838293126e-06 0.15016103 0 0.0 0.0
0.86 2.818382931e-06 0.15517588 0 0.0 0.0
0.86 3.1622777e-05 0.14699377 0 0.0 0.0
0.86 3.1622777e-06 0.13886656 0 0.0 0.0
0.86 3.1622777e-08 0.14814815 0 0.0 0.0
0.86 3.1622777e-09 0.1423681 0 0.0 0.0
0.86 3.54813389234e-06 0.14930486 0 0.0 0.0
0.86 3.9810717e-06 0.1489533 0 0.0 0.0
0.86 3.9810717e-07 0.15324205 0 0.0 0.0
0.86 3.9810717e-08 0.15103434 0 0.0 0.0
0.86 3.9810717e-09 0.14498891 0 0.0 0.0
0.86 4.46683592151e-06 0.15128928 0 0.0 0.0
0.86 5.0118723e-06 0.15327291 0 0.0 0.0
0.86 5.0118723e-07 0.15213023 0 0.0 0.0
0.86 5.0118723e-08 0.14452261 0 0.0 0.0
0.86 5.0118723e-09 0.15502315 0 0.0 0.0
0.86 5.6234132519e-06 0.13293051 0 0.0 0.0
0.86 6.3095734e-06 0.14538508 0 0.0 0.0
0.86 6.3095734e-08 0.15290089 0 0.0 0.0
0.86 6.3095734e-09 0.14779811 0 0.0 0.0
0.86 7.9432823e-06 0.1483793 0 0.0 0.0
0.86 7.9432823e-07 0.15254918 0 0.0 0.0
0.86 7.9432823e-08 0.14294318 0 0.0 0.0
0.86 7.9432823e-09 0.14550584 0 0.0 0.0
0.86 8.91250938134e-06 0.1521914 0 0.0 0.0
0.87 1.1220184543e-06 0.13471607 0 0.0 0.0
0.87 1.2589254e-05 0.1281483 0 0.0 0.0
0.87 1.2589254e-06 0.13064516 0 0.0 0.0
0.87 1.2589254e-07 0.13485184 0 0.0 0.0
0.87 1.2589254e-08 0.12855128 0 0.0 0.0
0.87 1.41253754462e-06 0.12517638 0 0.0 0.0
0.87 1.412537545e-06 0.12401694 0 0.0 0.0
0.87 1.5848932e-05 0.1345535 0 0.0 0.0
0.87 1.5848932e-06 0.12792103 0 0.0 0.0
0.87 1.5848932e-07 0.12537795 0 0.0 0.0
0.87 1.5848932e-08 0.13303769 0 0.0 0.0
0.87 1.77827941004e-06 0.12650845 0 0.0 0.0
0.87 1.77827941e-06 0.12693312 0 0.0 0.0
0.87 1.9952623e-05 0.12769386 0 0.0 0.0
0.87 1.9952623e-06 0.12004826 0 0.0 0.0
0.87 1.9952623e-07 0.12680868 0 0.0 0.0
0.87 1.9952623e-08 0.12777106 0 0.0 0.0
0.87 1e-06 0.13204509 0 0.0 0.0
0.87 1e-07 0.12646228 0 0.0 0.0
0.87 1e-08 0.12749647 0 0.0 0.0
0.87 2.23872113857e-06 0.12590653 0 0.0 0.0
0.87 2.238721139e-06 0.13279678 0 0.0 0.0
0.87 2.5118864e-05 0.12226021 0 0.0 0.0
0.87 2.5118864e-06 0.13196126 0 0.0 0.0
0.87 2.5118864e-07 0.12595573 0 0.0 0.0
0.87 2.5118864e-08 0.12633273 0 0.0 0.0
0.87 2.81838293126e-06 0.1307584 0 0.0 0.0
0.87 2.818382931e-06 0.12555421 0 0.0 0.0
0.87 3.1622777e-05 0.12429606 0 0.0 0.0
0.87 3.1622777e-06 0.12911035 0 0.0 0.0
0.87 3.1622777e-07 0.1323145 0 0.0 0.0
0.87 3.1622777e-09 0.12721774 0 0.0 0.0
0.87 3.54813389234e-06 0.12646228 0 0.0 0.0
0.87 3.9810717e-06 0.12492444 0 0.0 0.0
0.87 3.9810717e-07 0.12625653 0 0.0 0.0
0.87 3.9810717e-08 0.13810484 0 0.0 0.0
0.87 3.9810717e-09 0.13044355 0 0.0 0.0
0.87 4.46683592151e-06 0.1259304 0 0.0 0.0
0.87 5.0118723e-06 0.12149909 0 0.0 0.0
0.87 5.0118723e-07 0.12701939 0 0.0 0.0
0.87 5.0118723e-08 0.1327291 0 0.0 0.0
0.87 5.0118723e-09 0.12966324 0 0.0 0.0
0.87 5.6234132519e-06 0.13597108 0 0.0 0.0
0.87 6.3095734e-06 0.12577983 0 0.0 0.0
0.87 6.3095734e-07 0.13102197 0 0.0 0.0
0.87 6.3095734e-08 0.13259557 0 0.0 0.0
0.87 6.3095734e-09 0.12565445 0 0.0 0.0
0.87 7.07945784384e-06 0.12887636 0 0.0 0.0
0.87 7.9432823e-06 0.13208685 0 0.0 0.0
0.87 7.9432823e-07 0.11976651 0 0.0 0.0
0.87 7.9432823e-08 0.12530169 0 0.0 0.0
0.87 7.9432823e-09 0.12522723 0 0.0 0.0
0.87 8.91250938134e-06 0.12426989 0 0.0 0.0
0.88 1.1220184543e-06 0.1201449 0 0.0 0.0
0.88 1.122018454e-06 0.12726176 0 0.0 0.0
0.88 1.2589254e-05 0.11350372 0 0.0 0.0
0.88 1.2589254e-06 0.1163072 0 0.0 0.0
0.88 1.2589254e-07 0.12202501 0 0.0 0.0
0.88 1.2589254e-08 0.11985472 0 0.0 0.0
0.88 1.41253754462e-06 0.1199355 0 0.0 0.0
0.88 1.412537545e-06 0.12555243 0 0.0 0.0
0.88 1.5848932e-05 0.11950826 0 0.0 0.0
0.88 1.5848932e-06 0.1189756 0 0.0 0.0
0.88 1.5848932e-07 0.11605884 0 0.0 0.0
0.88 1.5848932e-08 0.11471121 0 0.0 0.0
0.88 1.77827941004e-06 0.12112676 0 0.0 0.0
0.88 1.77827941e-06 0.11231884 0 0.0 0.0
0.88 1.9952623e-05 0.12844776 0 0.0 0.0
0.88 1.9952623e-06 0.10996979 0 0.0 0.0
0.88 1.9952623e-07 0.11697202 0 0.0 0.0
0.88 1.9952623e-08 0.11968567 0 0.0 0.0
0.88 1e-05 0.11429725 0 0.0 0.0
0.88 1e-06 0.12459742 0 0.0 0.0
0.88 1e-07 0.1249497 0 0.0 0.0
0.88 1e-08 0.11802618 0 0.0 0.0
0.88 2.23872113857e-06 0.12777106 0 0.0 0.0
0.88 2.238721139e-06 0.12078368 0 0.0 0.0
0.88 2.5118864e-05 0.12132205 0 0.0 0.0
0.88 2.5118864e-06 0.12903877 0 0.0 0.0
0.88 2.5118864e-07 0.12037781 0 0.0 0.0
0.88 2.5118864e-08 0.12104733 0 0.0 0.0
0.88 2.81838293126e-06 0.12608084 0 0.0 0.0
0.88 2.818382931e-06 0.11961337 0 0.0 0.0
0.88 3.1622777e-05 0.11867822 0 0.0 0.0
0.88 3.1622777e-06 0.12374245 0 0.0 0.0
0.88 3.1622777e-07 0.12127317 0 0.0 0.0
0.88 3.1622777e-08 0.12225579 0 0.0 0.0
0.88 3.1622777e-09 0.12349155 0 0.0 0.0
0.88 3.54813389234e-06 0.12935724 0 0.0 0.0
0.88 3.548133892e-06 0.11731506 0 0.0 0.0
0.88 3.9810717e-06 0.12107172 0 0.0 0.0
0.88 3.9810717e-07 0.11729141 0 0.0 0.0
0.88 3.9810717e-08 0.12711523 0 0.0 0.0
0.88 3.9810717e-09 0.12051592 0 0.0 0.0
0.88 4.46683592151e-06 0.10597497 0 0.0 0.0
0.88 5.0118723e-06 0.12708963 0 0.0 0.0
0.88 5.0118723e-07 0.12416985 0 0.0 0.0
0.88 5.0118723e-08 0.12487412 0 0.0 0.0
0.88 5.0118723e-09 0.11986301 0 0.0 0.0
0.88 5.6234132519e-06 0.12384213 0 0.0 0.0
0.88 6.3095734e-06 0.13197663 0 0.0 0.0
0.88 6.3095734e-07 0.12376338 0 0.0 0.0
0.88 6.3095734e-08 0.12985706 0 0.0 0.0
0.88 6.3095734e-09 0.11607322 0 0.0 0.0
0.88 7.07945784384e-06 0.1204431 0 0.0 0.0
0.88 7.9432823e-06 0.12329043 0 0.0 0.0
0.88 7.9432823e-07 0.11486622 0 0.0 0.0
0.88 7.9432823e-08 0.11807375 0 0.0 0.0
0.88 7.9432823e-09 0.12114493 0 0.0 0.0
0.89 1.1220184543e-06 0.11026003 0 0.0 0.0
0.89 1.122018454e-06 0.10526316 0 0.0 0.0
0.89 1.2589254e-05 0.11585734 0 0.0 0.0
0.89 1.2589254e-06 0.10882709 0 0.0 0.0
0.89 1.2589254e-07 0.10974627 0 0.0 0.0
0.89 1.2589254e-08 0.11540785 0 0.0 0.0
0.89 1.41253754462e-06 0.10870883 0 0.0 0.0
0.89 1.412537545e-06 0.10423387 0 0.0 0.0
0.89 1.5848932e-05 0.11102156 0 0.0 0.0
0.89 1.5848932e-06 0.11229624 0 0.0 0.0
0.89 1.5848932e-07 0.10312185 0 0.0 0.0
0.89 1.5848932e-08 0.106143 0 0.0 0.0
0.89 1.77827941004e-06 0.10139085 0 0.0 0.0
0.89 1.77827941e-06 0.11003628 0 0.0 0.0
0.89 1.9952623e-05 0.1025796 0 0.0 0.0
0.89 1.9952623e-06 0.10344828 0 0.0 0.0
0.89 1.9952623e-07 0.10934354 0 0.0 0.0
0.89 1.9952623e-08 0.10268307 0 0.0 0.0
0.89 1e-05 0.11176115 0 0.0 0.0
0.89 1e-06 0.1020202 0 0.0 0.0
0.89 1e-07 0.10134999 0 0.0 0.0
0.89 1e-08 0.10661839 0 0.0 0.0
0.89 2.23872113857e-06 0.110349 0 0.0 0.0
0.89 2.238721139e-06 0.10554885 0 0.0 0.0
0.89 2.5118864e-05 0.1104616 0 0.0 0.0
0.89 2.5118864e-06 0.11514418 0 0.0 0.0
0.89 2.5118864e-07 0.10628019 0 0.0 0.0
0.89 2.5118864e-08 0.11106632 0 0.0 0.0
0.89 2.81838293126e-06 0.10905059 0 0.0 0.0
0.89 2.818382931e-06 0.098628479 0 0.0 0.0
0.89 3.1622777e-05 0.11162603 0 0.0 0.0
0.89 3.1622777e-06 0.11111111 0 0.0 0.0
0.89 3.1622777e-07 0.10812992 0 0.0 0.0
0.89 3.1622777e-08 0.11326078 0 0.0 0.0
0.89 3.1622777e-09 0.10620717 0 0.0 0.0
0.89 3.54813389234e-06 0.1012505 0 0.0 0.0
0.89 3.548133892e-06 0.1031842 0 0.0 0.0
0.89 3.9810717e-06 0.097177419 0 0.0 0.0
0.89 3.9810717e-07 0.10620717 0 0.0 0.0
0.89 3.9810717e-08 0.1060789 0 0.0 0.0
0.89 3.9810717e-09 0.10508269 0 0.0 0.0
0.89 4.46683592151e-06 0.10394843 0 0.0 0.0
0.89 5.0118723e-06 0.10380972 0 0.0 0.0
0.89 5.0118723e-07 0.12099214 0 0.0 0.0
0.89 5.0118723e-09 0.10644314 0 0.0 0.0
0.89 5.6234132519e-06 0.11068625 0 0.0 0.0
0.89 6.3095734e-06 0.10248134 0 0.0 0.0
0.89 6.3095734e-07 0.10637868 0 0.0 0.0
0.89 6.3095734e-08 0.10945674 0 0.0 0.0
0.89 6.3095734e-09 0.1000604 0 0.0 0.0
0.89 7.07945784384e-06 0.10290557 0 0.0 0.0
0.89 7.9432823e-06 0.1069271 0 0.0 0.0
0.89 7.9432823e-07 0.10360814 0 0.0 0.0
0.89 7.9432823e-08 0.11668682 0 0.0 0.0
0.8 1.122018454e-06 0.21419976 0 0.0 0.0
0.8 1.412537545e-06 0.21008235 0 0.0 0.0
0.8 1.77827941e-06 0.2169546 0 0.0 0.0
0.8 2.238721139e-06 0.20358077 0 0.0 0.0
0.8 2.818382931e-06 0.20686885 0 0.0 0.0
0.9 1.1220184543e-06 0.10135272 0 0.0 0.0
0.9 1.2589254e-05 0.099153567 0 0.0 0.0
0.9 1.2589254e-06 0.096208148 0 0.0 0.0
0.9 1.2589254e-07 0.10727969 0 0.0 0.0
0.9 1.2589254e-08 0.092211461 0 0.0 0.0
0.9 1.41253754462e-06 0.094681708 0 0.0 0.0
0.9 1.5848932e-05 0.096981891 0 0.0 0.0
0.9 1.5848932e-06 0.095890411 0 0.0 0.0
0.9 1.5848932e-07 0.10044373 0 0.0 0.0
0.9 1.5848932e-08 0.10514632 0 0.0 0.0
0.9 1.9952623e-05 0.1016129 0 0.0 0.0
0.9 1.9952623e-06 0.092999798 0 0.0 0.0
0.9 1.9952623e-07 0.09752166 0 0.0 0.0
0.9 1.9952623e-08 0.098288016 0 0.0 0.0
0.9 1e-05 0.10222222 0 0.0 0.0
0.9 1e-06 0.094172212 0 0.0 0.0
0.9 1e-07 0.096246973 0 0.0 0.0
0.9 1e-08 0.10378117 0 0.0 0.0
0.9 2.23872113857e-06 0.099193548 0 0.0 0.0
0.9 2.5118864e-05 0.10753121 0 0.0 0.0
0.9 2.5118864e-06 0.1047311 0 0.0 0.0
0.9 2.5118864e-07 0.098327624 0 0.0 0.0
0.9 2.5118864e-08 0.093516461 0 0.0 0.0
0.9 2.81838293126e-06 0.094286291 0 0.0 0.0
0.9 3.1622777e-05 0.10078613 0 0.0 0.0
0.9 3.1622777e-06 0.098825435 0 0.0 0.0
0.9 3.1622777e-07 0.095688961 0 0.0 0.0
0.9 3.1622777e-08 0.096312714 0 0.0 0.0
0.9 3.1622777e-09 0.09548751 0 0.0 0.0
0.9 3.54813389234e-06 0.10358726 0 0.0 0.0
0.9 3.9810717e-06 0.099535635 0 0.0 0.0
0.9 3.9810717e-07 0.099375126 0 0.0 0.0
0.9 3.9810717e-09 0.10289972 0 0.0 0.0
0.9 4.46683592151e-06 0.10308033 0 0.0 0.0
0.9 5.0118723e-06 0.10646005 0 0.0 0.0
0.9 5.0118723e-07 0.093397746 0 0.0 0.0
0.9 5.0118723e-08 0.094461229 0 0.0 0.0
0.9 5.0118723e-09 0.10259505 0 0.0 0.0
0.9 5.6234132519e-06 0.091183575 0 0.0 0.0
0.9 6.3095734e-06 0.098750504 0 0.0 0.0
0.9 6.3095734e-07 0.097280967 0 0.0 0.0
0.9 6.3095734e-08 0.094442207 0 0.0 0.0
0.9 6.3095734e-09 0.097403904 0 0.0 0.0
0.9 7.07945784384e-06 0.11113352 0 0.0 0.0
0.9 7.9432823e-06 0.10225898 0 0.0 0.0
0.9 7.9432823e-07 0.097703465 0 0.0 0.0
0.9 7.9432823e-08 0.10032297 0 0.0 0.0
0.9 7.9432823e-09 0.10002021 0 0.0 0.0
0.9 8.91250938134e-06 0.098690836 0 0.0 0.0
0.95 1.1220184543e-06 0.0632451 0 0.0 0.0
0.95 1.122018454e-06 0.064958644 0 0.0 0.0
0.95 1.2589254e-05 0.064301552 0 0.0 0.0
0.95 1.2589254e-06 0.058444176 0 0.0 0.0
0.95 1.2589254e-07 0.065847765 0 0.0 0.0
0.95 1.2589254e-08 0.068388138 0 0.0 0.0
0.95 1.41253754462e-06 0.060044328 0 0.0 0.0
0.95 1.412537545e-06 0.065458207 0 0.0 0.0
0.95 1.5848932e-05 0.060948537 0 0.0 0.0
0.95 1.5848932e-06 0.060514066 0 0.0 0.0
0.95 1.5848932e-07 0.059903187 0 0.0 0.0
0.95 1.5848932e-08 0.065204266 0 0.0 0.0
0.95 1.77827941004e-06 0.064074149 0 0.0 0.0
0.95 1.77827941e-06 0.060936239 0 0.0 0.0
0.95 1.9952623e-05 0.065454545 0 0.0 0.0
0.95 1.9952623e-07 0.064366425 0 0.0 0.0
0.95 1.9952623e-08 0.066962485 0 0.0 0.0
0.95 1e-05 0.062096774 0 0.0 0.0
0.95 1e-06 0.067299919 0 0.0 0.0
0.95 1e-07 0.062297735 0 0.0 0.0
0.95 1e-08 0.064906269 0 0.0 0.0
0.95 2.23872113857e-06 0.059927361 0 0.0 0.0
0.95 2.238721139e-06 0.060177706 0 0.0 0.0
0.95 2.5118864e-05 0.055387103 0 0.0 0.0
0.95 2.5118864e-06 0.066195762 0 0.0 0.0
0.95 2.5118864e-07 0.058479532 0 0.0 0.0
0.95 2.5118864e-08 0.059227815 0 0.0 0.0
0.95 2.81838293126e-06 0.067485898 0 0.0 0.0
0.95 3.1622777e-05 0.058835382 0 0.0 0.0
0.95 3.1622777e-07 0.065821256 0 0.0 0.0
0.95 3.1622777e-08 0.066169054 0 0.0 0.0
0.95 3.1622777e-09 0.066881547 0 0.0 0.0
0.95 3.54813389234e-06 0.062109296 0 0.0 0.0
0.95 3.548133892e-06 0.058894716 0 0.0 0.0
0.95 3.9810717e-06 0.060294414 0 0.0 0.0
0.95 3.9810717e-07 0.060306575 0 0.0 0.0
0.95 3.9810717e-08 0.064529139 0 0.0 0.0
0.95 3.9810717e-09 0.063181268 0 0.0 0.0
0.95 4.46683592151e-06 0.066182405 0 0.0 0.0
0.95 5.0118723e-06 0.061401737 0 0.0 0.0
0.95 5.0118723e-07 0.062082912 0 0.0 0.0
0.95 5.0118723e-08 0.061845286 0 0.0 0.0
0.95 6.3095734e-06 0.063168517 0 0.0 0.0
0.95 6.3095734e-07 0.059251769 0 0.0 0.0
0.95 6.3095734e-08 0.06353703 0 0.0 0.0
0.95 6.3095734e-09 0.070794675 0 0.0 0.0
0.95 7.07945784384e-06 0.063937071 0 0.0 0.0
0.95 7.9432823e-06 0.060318741 0 0.0 0.0
0.95 7.9432823e-07 0.0659827 0 0.0 0.0
0.95 7.9432823e-08 0.065120968 0 0.0 0.0
0.95 7.9432823e-09 0.064665592 0 0.0 0.0
0.95 8.91250938134e-06 0.063559322 0 0.0 0.0
0.9 1.122018454e-06 0.10326745 0 0.0 0.0
0.9 1.412537545e-06 0.097826087 0 0.0 0.0
0.9 1.77827941e-06 0.095718901 0 0.0 0.0
0.9 2.238721139e-06 0.098023397 0 0.0 0.0
0.9 2.818382931e-06 0.097565882 0 0.0 0.0
