lowest error 0.002 0.00145946269983
0.002 0.00145946269983 3.21708930047e-05
0.002 0.0014594593393 0.000240386099868
0.002 0.00145946606037 0.000304695590421
0.002 0.00145945597878 0.000512975391912
0.002 0.00145946942092 0.000577187996075
0.002 0.00145945261826 0.000785596987162
0.002 0.00145947278148 0.000849648114056
0.002 0.00145944925775 0.00105825088937
0.002 0.00145947614204 0.00112207594804
0.002 0.00145944589725 0.00133093710233
0.002 0.00145947950262 0.00139447150178
0.002 0.00145944253675 0.00160365562979
lowest error 0.002 3.63173373345e-07
0.002 3.63173373345e-07 8.97151706303e-06
0.002 3.63174209584e-07 1.3181132315e-05
0.002 3.63172537109e-07 3.11239530579e-05
0.002 3.63175045824e-07 3.53339950592e-05
0.002 3.63171700874e-07 5.32761757102e-05
0.002 3.63175882067e-07 5.74870711714e-05
0.002 3.63170864641e-07 7.54281850028e-05
0.002 3.63176718311e-07 7.96403606533e-05
0.002 3.6317002841e-07 9.75799809377e-05
0.002 3.63177554557e-07 0.000101793863508
0.002 3.63169192181e-07 0.000119731563517
0.002 3.63178390805e-07 0.000123947579737
lowest error 0.005 0.000586959316038
0.005 0.000586959316038 3.68905245023e-05
0.005 0.000586957964516 0.000132696408768
0.005 0.000586960667564 0.000206464954264
0.005 0.000586956612997 0.000302295846398
0.005 0.000586962019092 0.000376026881369
0.005 0.000586955261481 0.000471907789454
0.005 0.000586963370624 0.000545576306885
0.005 0.000586953909968 0.000641532238785
0.005 0.000586964722158 0.000715113231658
0.005 0.000586952558458 0.000811169195233
0.005 0.000586966073696 0.000884637656605
0.005 0.000586951206952 0.000980818659879
lowest error 0.005 2.35034707968e-07
0.005 2.35034707968e-07 9.45844568268e-06
0.005 2.35035249156e-07 1.25742888297e-05
0.005 2.35034166782e-07 3.14909691355e-05
0.005 2.35035790346e-07 3.46072343853e-05
0.005 2.35033625596e-07 5.35232815295e-05
0.005 2.35036331536e-07 5.66403910249e-05
0.005 2.35033084412e-07 7.55553828675e-05
0.005 2.35036872728e-07 7.86737587313e-05
0.005 2.35032543229e-07 9.75872731512e-05
0.005 2.35037413921e-07 0.000100707337505
0.005 2.35032002047e-07 0.000119618952363
0.005 2.35037955115e-07 0.00012274112735
lowest error 0.01 0.000570734334732
0.01 0.000570734334732 2.54489184415e-05
0.01 0.000570735648898 5.46976863878e-05
0.01 0.00057073302057 0.000105598316149
0.01 0.000570736963067 0.000134841498393
0.01 0.00057073170641 0.000185750506803
0.01 0.000570738277239 0.000214982517748
0.01 0.000570730392253 0.000265905490574
0.01 0.000570739591414 0.000295120744507
0.01 0.000570729078099 0.000346063267519
0.01 0.000570740905592 0.00037525617874
0.01 0.000570727763948 0.000426223837732
0.01 0.000570742219773 0.000455388820613
lowest error 0.01 1.67435290508e-07
0.01 1.67435290508e-07 7.08568305319e-06
0.01 1.67435676043e-07 1.35578361609e-05
0.01 1.67434904975e-07 2.77290169839e-05
0.01 1.67436061578e-07 3.42015406605e-05
0.01 1.67434519442e-07 4.83721656321e-05
0.01 1.67436447114e-07 5.48454304288e-05
0.01 1.6743413391e-07 6.90151290001e-05
0.01 1.67436832652e-07 7.54895055035e-05
0.01 1.6743374838e-07 8.96579070897e-05
0.01 1.6743721819e-07 9.61337658691e-05
0.01 1.6743336285e-07 0.000110300499884
0.01 1.67437603728e-07 0.000116778211526
lowest error 0.05 6.79427310595e-05
0.05 6.79427310595e-05 1.17182286234e-05
0.05 6.79425746158e-05 0.000216828559983
0.05 6.79428875036e-05 0.000240242309097
0.05 6.79424181724e-05 0.000445398058984
0.05 6.79430439481e-05 0.000468743683487
0.05 6.79422617294e-05 0.000673990270628
0.05 6.79432003929e-05 0.000697222354457
0.05 6.79421052867e-05 0.000902605197182
0.05 6.79433568381e-05 0.000925678324062
0.05 6.79419488444e-05 0.0011312428409
0.05 6.79435132836e-05 0.00115411159455
0.05 6.79417924025e-05 0.00135990320383
lowest error 0.05 7.40477727324e-08
0.05 7.40477727324e-08 2.82825469533e-06
0.05 7.40479432339e-08 1.80011133528e-05
0.05 7.40476022313e-08 2.36574341099e-05
0.05 7.40481137358e-08 3.88306700194e-05
0.05 7.40474317306e-08 4.44864248914e-05
0.05 7.40482842381e-08 5.96604153418e-05
0.05 7.40472612303e-08 6.5315227042e-05
0.05 7.40484547407e-08 8.04903493044e-05
0.05 7.40470907303e-08 8.6143840563e-05
0.05 7.40486252438e-08 0.000101320471908
0.05 7.40469202308e-08 0.000106972265457
0.05 7.40487957472e-08 0.000122150783154
lowest error 0.1 3.27738906232e-05
0.1 3.27738906232e-05 6.00991524475e-05
0.1 3.2773966088e-05 0.00015533245787
0.1 3.27738151586e-05 0.000275550942727
0.1 3.27740415529e-05 0.000370743890114
0.1 3.27737396942e-05 0.00049102291467
0.1 3.2774117018e-05 0.000586135146177
0.1 3.277366423e-05 0.000706515070545
0.1 3.27741924833e-05 0.000801506227947
0.1 3.27735887659e-05 0.000922027412054
0.1 3.27742679488e-05 0.00101685713713
0.1 3.2773513302e-05 0.00113755994109
0.1 3.27743434144e-05 0.00123218787598
lowest error 0.1 5.22675327459e-08
0.1 5.22675327459e-08 7.29044031544e-06
0.1 5.22674123956e-08 1.41757461125e-05
0.1 5.22676530965e-08 2.87568270716e-05
0.1 5.22672920456e-08 3.56417321945e-05
0.1 5.22677734474e-08 5.02234141972e-05
0.1 5.22671716959e-08 5.71075179323e-05
0.1 5.22678937985e-08 7.16902016746e-05
0.1 5.22670513464e-08 7.85731033282e-05
0.1 5.22680141499e-08 9.31571895051e-05
0.1 5.22669309972e-08 0.000100038488383
0.1 5.22681345016e-08 0.000114624377691
0.1 5.22668106483e-08 0.0001215036731
lowest error 0.15 2.11081416536e-05
0.15 2.11081416536e-05 8.29491301344e-05
0.15 2.11080930503e-05 9.96150790922e-05
0.15 2.11081902569e-05 0.000265498848984
0.15 2.11080444472e-05 0.000282193780178
0.15 2.11082388604e-05 0.000448034078438
0.15 2.11079958442e-05 0.000464786974105
0.15 2.1108287464e-05 0.000630554819653
0.15 2.11079472413e-05 0.000647394662022
0.15 2.11083360676e-05 0.000813061073774
0.15 2.11078986385e-05 0.000830016845085
0.15 2.11083846714e-05 0.000995552841957
0.15 2.11078500358e-05 0.00101265352444
lowest error 0.15 4.19695197807e-08
0.15 4.19695197807e-08 4.52249778249e-06
0.15 4.19696164192e-08 1.74614528263e-05
0.15 4.19694231424e-08 2.65062382652e-05
0.15 4.19697130579e-08 3.94456135635e-05
0.15 4.19693265043e-08 4.84897686239e-05
0.15 4.19698096968e-08 6.14299844313e-05
0.15 4.19692298665e-08 7.04730888406e-05
0.15 4.1969906336e-08 8.34145654309e-05
0.15 4.19691332289e-08 9.24561989568e-05
0.15 4.19700029754e-08 0.000105399356546
0.15 4.19690365915e-08 0.000114439098954
0.15 4.1970099615e-08 0.000127384357816
lowest error 0.2 1.56912665538e-05
0.2 1.56912665538e-05 8.92831684585e-07
0.2 1.56913026843e-05 0.000146446927674
0.2 1.56912304234e-05 0.000148242030342
0.2 1.56913388149e-05 0.000293777248338
0.2 1.5691194293e-05 0.000295600668903
0.2 1.56913749456e-05 0.000441098130913
0.2 1.56911581627e-05 0.00044296874784
0.2 1.56914110764e-05 0.000588409575872
0.2 1.56911220325e-05 0.000590346268022
0.2 1.56914472072e-05 0.000735711584082
0.2 1.56910859024e-05 0.000737733229921
0.2 1.56914833381e-05 0.000883004156016
lowest error 0.2 3.56376452176e-08
0.2 3.56376452176e-08 7.29882906958e-06
0.2 3.56377272764e-08 1.40923513583e-05
0.2 3.5637563159e-08 2.86898105499e-05
0.2 3.56378093354e-08 3.54837307173e-05
0.2 3.56374811005e-08 5.00805930845e-05
0.2 3.56378913945e-08 5.68753090464e-05
0.2 3.56373990423e-08 7.14711766747e-05
0.2 3.56379734539e-08 7.82670863289e-05
0.2 3.56373169842e-08 9.28615613232e-05
0.2 3.56380555135e-08 9.96590625664e-05
0.2 3.56372349264e-08 0.000114251747012
0.2 3.56381375732e-08 0.000121051237761
lowest error 0.25 9.40976982156e-06
0.25 9.40976982156e-06 5.45948183182e-05
0.25 9.40979148838e-06 9.29767565867e-05
0.25 9.40974815479e-06 0.000202175862028
0.25 9.40981315525e-06 0.000240538863296
0.25 9.40972648806e-06 0.000349766375151
0.25 9.40983482217e-06 0.000388091502415
0.25 9.40970482139e-06 0.00049736635816
0.25 9.40985648914e-06 0.000535634674421
0.25 9.40968315477e-06 0.000644975811929
0.25 9.40987815616e-06 0.000683168380184
0.25 9.4096614882e-06 0.000792594736933
0.25 9.40989982323e-06 0.00083069262018
lowest error 0.25 2.72710588144e-08
0.25 2.72710588144e-08 6.66425473783e-06
0.25 2.72711216084e-08 1.33496847639e-05
0.25 2.72709960206e-08 2.66780200846e-05
0.25 2.72711844026e-08 3.33637984213e-05
0.25 2.72709332268e-08 4.66916112782e-05
0.25 2.72712471969e-08 5.33780862191e-05
0.25 2.72708704333e-08 6.6705028321e-05
0.25 2.72713099913e-08 7.33925481931e-05
0.25 2.72708076398e-08 8.67182711954e-05
0.25 2.72713727859e-08 9.34071843282e-05
0.25 2.72707448466e-08 0.000106731339939
0.25 2.72714355806e-08 0.000113421994625
lowest error 0.3 7.378379687e-06
0.3 7.378379687e-06 1.36486093982e-05
0.3 7.37836269768e-06 0.000140774020272
0.3 7.37839667637e-06 0.000168060871725
0.3 7.37834570839e-06 0.000295207017981
0.3 7.37841366578e-06 0.000322462767268
0.3 7.37832871914e-06 0.000449650384426
0.3 7.37843065522e-06 0.000476854296996
0.3 7.37831172993e-06 0.000604104120301
0.3 7.37844764471e-06 0.00063123546147
0.3 7.37829474076e-06 0.000758568226167
0.3 7.37846463423e-06 0.000785606261385
0.3 7.37827775163e-06 0.000913042702995
lowest error 0.3 2.37172318996e-08
0.3 2.37172318996e-08 7.7088514141e-06
0.3 2.37172865106e-08 1.26376708529e-05
0.3 2.37171772887e-08 2.80551936904e-05
0.3 2.37173411217e-08 3.29843731119e-05
0.3 2.37171226779e-08 4.84013559774e-05
0.3 2.3717395733e-08 5.3331255347e-05
0.3 2.37170680673e-08 6.87473382768e-05
0.3 2.37174503443e-08 7.36783175959e-05
0.3 2.37170134568e-08 8.90931405721e-05
0.3 2.37175049559e-08 9.40255598416e-05
0.3 2.37169588464e-08 0.000109438762902
0.3 2.37175595675e-08 0.000114372982086
lowest error 0.35 6.0717935992e-06
0.35 6.0717935992e-06 8.61117316209e-06
0.35 6.07177961839e-06 0.000140607221112
0.35 6.07180758004e-06 0.000157819887102
0.35 6.07176563762e-06 0.000289835296347
0.35 6.07182156091e-06 0.000307018921203
0.35 6.07175165688e-06 0.000439073053173
0.35 6.07183554181e-06 0.000456208276359
0.35 6.07173767617e-06 0.000588320492217
0.35 6.07184952274e-06 0.000605387953064
0.35 6.07172369549e-06 0.000737577614107
0.35 6.07186350371e-06 0.000754557951948
0.35 6.07170971485e-06 0.00088684441934
lowest error 0.35 2.10818636431e-08
0.35 2.10818636431e-08 3.40073211236e-06
0.35 2.10819121859e-08 1.75558040185e-05
0.35 2.10818151003e-08 2.43570772795e-05
0.35 2.10819607289e-08 3.85125310958e-05
0.35 2.10817665577e-08 4.53132315226e-05
0.35 2.10820092719e-08 5.94694491212e-05
0.35 2.10817180152e-08 6.62691948241e-05
0.35 2.10820578151e-08 8.04265580974e-05
0.35 2.10816694728e-08 8.72249671859e-05
0.35 2.10821063584e-08 0.000101383858024
0.35 2.10816209305e-08 0.00010818054861
0.35 2.10821549018e-08 0.000122341348905
lowest error 0.4 5.17531751869e-06
0.4 5.17531751869e-06 6.30767968985e-05
0.4 5.17530560209e-06 0.000120096088789
0.4 5.17532943531e-06 0.000246235095553
0.4 5.17529368552e-06 0.000303283563003
0.4 5.17534135196e-06 0.000429378808173
0.4 5.17528176898e-06 0.000486485626733
0.4 5.17535326864e-06 0.000612507935915
0.4 5.17526985247e-06 0.000669702281149
0.4 5.17536518534e-06 0.000795622479947
0.4 5.17525793598e-06 0.000852933527408
0.4 5.17537710207e-06 0.00097872244143
0.4 5.17524601953e-06 0.00103617936668
lowest error 0.4 1.84455241204e-08
0.4 1.84455241204e-08 9.99286640768e-06
0.4 1.84455665928e-08 1.11368902238e-05
0.4 1.84454816481e-08 3.11224289247e-05
0.4 1.84456090654e-08 3.22668409725e-05
0.4 1.84454391758e-08 5.2251797328e-05
0.4 1.8445651538e-08 5.33969858401e-05
0.4 1.84453967037e-08 7.33809716014e-05
0.4 1.84456940107e-08 7.4527324827e-05
0.4 1.84453542316e-08 9.45099517842e-05
0.4 1.84457364836e-08 9.56578579179e-05
0.4 1.84453117597e-08 0.000115638737859
0.4 1.84457789565e-08 0.000116788585151
lowest error 0.45 4.41503346719e-06
0.45 4.41503346719e-06 4.29559125599e-05
0.45 4.41502330121e-06 0.000115884352975
0.45 4.41504363319e-06 0.000201785208982
0.45 4.41501313526e-06 0.000274735588382
0.45 4.41505379922e-06 0.000360603537049
0.45 4.41500296933e-06 0.000433597794415
0.45 4.41506396527e-06 0.000519410897378
0.45 4.41499280342e-06 0.000592470971833
0.45 4.41507413134e-06 0.00067820729101
0.45 4.41498263753e-06 0.000751355121253
0.45 4.41508429744e-06 0.000836992718557
0.45 4.41497247167e-06 0.000910250243717
lowest error 0.45 1.61150998215e-08
0.45 1.61150998215e-08 1.70831590873e-06
0.45 1.61151369279e-08 1.81064574694e-05
0.45 1.61150627152e-08 2.15229185638e-05
0.45 1.61151740345e-08 3.79214015545e-05
0.45 1.61150256089e-08 4.13373505328e-05
0.45 1.61152111411e-08 5.77365163474e-05
0.45 1.61149885027e-08 6.11516118001e-05
0.45 1.61152482477e-08 7.75518018505e-05
0.45 1.61149513966e-08 8.09657023657e-05
0.45 1.61152853545e-08 9.73672580642e-05
0.45 1.61149142906e-08 0.000100779622232
0.45 1.61153224614e-08 0.000117182884991
High eps empty 0.4 1.99704568485e-08
High eps empty 0.4 1.9530663613e-08
lowest error 0.4 1.97683763244e-08
0.4 1.97683763244e-08 4.17178520351e-06
0.4 1.97684218428e-08 1.03399438465e-05
0.4 1.9768330806e-08 1.86834226974e-05
0.4 1.97684673613e-08 2.48517644623e-05
0.4 1.97682852878e-08 3.31949686174e-05
0.4 1.97685128799e-08 3.93636766352e-05
0.4 1.97682397697e-08 4.77064229876e-05
0.4 1.97685583987e-08 5.38756803703e-05
0.4 1.97681942517e-08 6.22177857985e-05
0.4 1.97686039175e-08 6.83877756638e-05
0.4 1.97681487338e-08 7.67290570609e-05
0.4 1.97686494365e-08 8.28999625253e-05
lowest error 0.5 3.82476714424e-06
0.5 3.82476714424e-06 2.48103158009e-05
0.5 3.8247583374e-06 0.000115219452805
0.5 3.82477595111e-06 0.00016483155947
0.5 3.82474953058e-06 0.000255257746865
0.5 3.82478475799e-06 0.000304844278721
0.5 3.82474072378e-06 0.000395304566901
0.5 3.82479356489e-06 0.00044484847395
0.5 3.824731917e-06 0.000535359913305
0.5 3.82480237181e-06 0.000584844145923
0.5 3.82472311024e-06 0.000675423786847
0.5 3.82481117876e-06 0.000724831295035
0.5 3.8247143035e-06 0.00081549618792
lowest error 0.5 1.43097155205e-08
0.5 1.43097155205e-08 5.29314241682e-06
0.5 1.43097484699e-08 1.42821161955e-05
0.5 1.43096825712e-08 2.48682344086e-05
0.5 1.43097814193e-08 3.38575414132e-05
0.5 1.4309649622e-08 4.4443159815e-05
0.5 1.43098143689e-08 5.34331332367e-05
0.5 1.43096166728e-08 6.40179186209e-05
0.5 1.43098473185e-08 7.30088916687e-05
0.5 1.43095837238e-08 8.35925108276e-05
0.5 1.43098802681e-08 9.25848167102e-05
0.5 1.43095507748e-08 0.000103166936436
0.5 1.43099132179e-08 0.000112160908345
lowest error 0.55 3.31734774995e-06
0.55 3.31734774995e-06 7.24159254584e-05
0.55 3.31735538844e-06 0.000134578722526
0.55 3.31734011149e-06 0.000279429203569
0.55 3.31736302694e-06 0.000341554742064
0.55 3.31733247304e-06 0.000486461113485
0.55 3.31737066546e-06 0.000548512134824
0.55 3.31732483461e-06 0.000693511656882
0.55 3.317378304e-06 0.000755450902306
0.55 3.31731719619e-06 0.000900580835251
0.55 3.31738594255e-06 0.000962371046547
0.55 3.3173095578e-06 0.00110766865064
0.55 3.31739358112e-06 0.00116927256905
lowest error 0.55 1.20124335979e-08
0.55 1.20124335979e-08 3.96351528709e-06
0.55 1.20124612576e-08 1.79546626575e-05
0.55 1.20124059383e-08 2.5881484361e-05
0.55 1.20124889174e-08 3.98730494751e-05
0.55 1.20123782788e-08 4.7799244566e-05
0.55 1.20125165772e-08 6.17916451673e-05
0.55 1.20123506193e-08 6.97167959047e-05
0.55 1.20125442371e-08 8.37104497169e-05
0.55 1.20123229598e-08 9.16341383586e-05
0.55 1.2012571897e-08 0.000105629463165
0.55 1.20122953005e-08 0.00011355127197
0.55 1.2012599557e-08 0.000127548685493
lowest error 0.6 2.82106439703e-06
0.6 2.82106439703e-06 1.36000184208e-05
0.6 2.8210579013e-06 0.000151842499275
0.6 2.82107089278e-06 0.000179030636367
0.6 2.82105140558e-06 0.000317296917573
0.6 2.82107738854e-06 0.000344449355275
0.6 2.82104490988e-06 0.000482763237331
0.6 2.82108388432e-06 0.000509856176294
0.6 2.82103841419e-06 0.000648241459405
0.6 2.82109038011e-06 0.000675251100133
0.6 2.82103191851e-06 0.000813731584503
0.6 2.82109687592e-06 0.000840634127647
0.6 2.82102542285e-06 0.000979233613777
lowest error 0.6 1.01158178351e-08
0.6 1.01158178351e-08 2.85465598315e-06
0.6 1.01157945426e-08 1.93582050714e-05
0.6 1.01158411277e-08 2.50677315656e-05
0.6 1.01157712501e-08 4.15708515993e-05
0.6 1.01158644203e-08 4.72810216792e-05
0.6 1.01157479578e-08 6.37832836032e-05
0.6 1.01158877129e-08 6.94945263047e-05
0.6 1.01157246654e-08 8.59955010646e-05
0.6 1.01159110057e-08 9.17082454852e-05
0.6 1.01157013731e-08 0.000108207504026
0.6 1.01159342984e-08 0.000113922179202
0.6 1.01156780809e-08 0.00013041929247
lowest error 0.65 2.25632679037e-06
0.65 2.25632679037e-06 7.10681587734e-05
0.65 2.25632159499e-06 0.000154249080318
0.65 2.25633198576e-06 0.000296363326363
0.65 2.25631639963e-06 0.000379588393074
0.65 2.25633718117e-06 0.000521636424616
0.65 2.25631120427e-06 0.000604949781656
0.65 2.25634237658e-06 0.000746887455689
0.65 2.25630600893e-06 0.000830333248027
0.65 2.25634757201e-06 0.000972116421546
0.65 2.2563008136e-06 0.00105573879475
0.65 2.25635276744e-06 0.00119732332475
0.65 2.25629561828e-06 0.00128116642379
lowest error 0.65 7.75029083479e-09
0.65 7.75029083479e-09 7.16936149159e-06
0.65 7.75027298911e-09 1.38733618287e-05
0.65 7.75030868052e-09 2.82122773703e-05
0.65 7.75025514347e-09 3.49158926296e-05
0.65 7.75032652628e-09 4.92553857354e-05
0.65 7.75023729787e-09 5.59582309503e-05
0.65 7.75034437209e-09 7.02986866621e-05
0.65 7.75021945231e-09 7.70003767174e-05
0.65 7.75036221794e-09 9.13421800779e-05
0.65 7.75020160679e-09 9.80423300079e-05
0.65 7.75038006383e-09 0.000112385866022
0.65 7.75018376131e-09 0.000119084090748
lowest error 0.7 1.68389109405e-06
0.7 1.68389109405e-06 7.60222965024e-07
0.7 1.68389497135e-06 0.00016620234185
0.7 1.68388721675e-06 0.000167734909021
0.7 1.68389884867e-06 0.000333152786602
0.7 1.68388333946e-06 0.00033472171705
0.7 1.683902726e-06 0.00050009111202
0.7 1.68387946218e-06 0.000501720647931
0.7 1.68390660333e-06 0.000667017318985
0.7 1.68387558491e-06 0.000668731702544
0.7 1.68391048067e-06 0.000833931408377
0.7 1.68387170765e-06 0.00083575488177
0.7 1.68391435802e-06 0.00100083338108
lowest error 0.7 5.54908017891e-09
0.7 5.54908017891e-09 1.19347610332e-05
0.7 5.54909295615e-09 1.27085165054e-05
0.7 5.54906740169e-09 3.65777744897e-05
0.7 5.54910573343e-09 3.73520580403e-05
0.7 5.54905462451e-09 6.12205239543e-05
0.7 5.54911851073e-09 6.19958636636e-05
0.7 5.54904184735e-09 8.5863009343e-05
0.7 5.54913128806e-09 8.66399332895e-05
0.7 5.54902907023e-09 0.000110505230702
0.7 5.54914406542e-09 0.000111284266965
0.7 5.54901629313e-09 0.000135147188078
0.7 5.54915684281e-09 0.000135928864736
lowest error 0.75 1.33033188424e-06
0.75 1.33033188424e-06 4.81667837495e-05
0.75 1.33033494745e-06 0.000149476412453
0.75 1.33032882104e-06 0.000245826964896
0.75 1.33033801066e-06 0.000347102624995
0.75 1.33032575785e-06 0.000443504132446
0.75 1.33034107388e-06 0.000544711855686
0.75 1.33032269467e-06 0.000641198287859
0.75 1.33034413711e-06 0.000742304105812
0.75 1.33031963149e-06 0.000838909432597
0.75 1.33034720034e-06 0.000939879376831
0.75 1.33031656832e-06 0.00103663756812
0.75 1.33035026358e-06 0.0011374376702
lowest error 0.75 2.84117510086e-09
0.75 2.84117510086e-09 1.04409662018e-05
0.75 2.84118164291e-09 1.08091441819e-05
0.75 2.84116855882e-09 3.16908802156e-05
0.75 2.84118818498e-09 3.20594508625e-05
0.75 2.84116201679e-09 5.29405979361e-05
0.75 2.84119472707e-09 5.33099538798e-05
0.75 2.84115547478e-09 7.41901192898e-05
0.75 2.84120126917e-09 7.45606532675e-05
0.75 2.84114893279e-09 9.54394443493e-05
0.75 2.84120781128e-09 9.58115489627e-05
0.75 2.84114239081e-09 0.000116688573051
0.75 2.84121435341e-09 0.000117062641037
lowest error 0.8 1.34338037641e-06
0.8 1.34338037641e-06 7.45412879888e-05
0.8 1.34337728317e-06 9.17904051105e-05
0.8 1.34338346966e-06 0.000240860952624
0.8 1.34337418993e-06 0.000258134127396
0.8 1.34338656292e-06 0.00040716858996
0.8 1.3433710967e-06 0.000424489879739
0.8 1.34338965618e-06 0.000573464200719
0.8 1.34336800348e-06 0.000590857663007
0.8 1.34339274946e-06 0.000739747785772
0.8 1.34336491026e-06 0.000757237478072
0.8 1.34339584274e-06 0.000906019345987
0.8 1.34336181705e-06 0.000923629325805
lowest error 0.8 3.34185806003e-09
0.8 3.34185806003e-09 2.015234986e-06
0.8 3.34186575496e-09 1.92193180477e-05
0.8 3.34185036513e-09 2.3249591937e-05
0.8 3.3418734499e-09 4.045406709e-05
0.8 3.34184267025e-09 4.44837528457e-05
0.8 3.34188114485e-09 6.16890122176e-05
0.8 3.34183497538e-09 6.57177177512e-05
0.8 3.34188883983e-09 8.29241533582e-05
0.8 3.34182728053e-09 8.69514865798e-05
0.8 3.34189653482e-09 0.000104159490588
0.8 3.34181958569e-09 0.000108185059408
0.8 3.34190422983e-09 0.000125395023834
lowest error 0.81 1.37203123999e-06
0.81 1.37203123999e-06 5.06858377065e-05
0.81 1.37202808077e-06 0.000116431287577
0.81 1.37203439921e-06 0.000217790820938
0.81 1.37202492156e-06 0.000283560555647
0.81 1.37203755844e-06 0.000384883663
0.81 1.37202176236e-06 0.000450701967682
0.81 1.37204071768e-06 0.000551964364774
0.81 1.37201860317e-06 0.000617855524415
0.81 1.37204387692e-06 0.000719032927142
0.81 1.37201544398e-06 0.000785021226731
0.81 1.37204703617e-06 0.000886089350838
0.81 1.37201228481e-06 0.00095219907551
lowest error 0.81 3.77125587723e-09
0.81 3.77125587723e-09 5.15003781842e-06
0.81 3.77126456088e-09 1.52849739785e-05
0.81 3.7712471936e-09 2.55848680197e-05
0.81 3.77127324454e-09 3.57201673005e-05
0.81 3.77123850999e-09 4.60195166636e-05
0.81 3.77128192823e-09 5.6155542222e-05
0.81 3.77122982641e-09 6.64539837869e-05
0.81 3.77129061194e-09 7.65910986713e-05
0.81 3.77122114284e-09 8.68882693195e-05
0.81 3.77129929567e-09 9.70268367229e-05
0.81 3.77121245929e-09 0.000107322373335
0.81 3.77130797941e-09 0.000117462756306
lowest error 0.82 1.41774132968e-06
0.82 1.41774132968e-06 7.1479427004e-05
0.82 1.41773806521e-06 7.78105768644e-05
0.82 1.41774459415e-06 0.00022075974098
0.82 1.41773480075e-06 0.000227110271119
0.82 1.41774785863e-06 0.000370030365693
0.82 1.4177315363e-06 0.000376419656658
0.82 1.41775112312e-06 0.000519291301771
0.82 1.41772827186e-06 0.000525738733975
0.82 1.41775438762e-06 0.000668542549846
0.82 1.41772500742e-06 0.0006750675037
0.82 1.41775765212e-06 0.00081778411041
0.82 1.41772174299e-06 0.000824405966463
lowest error 0.82 4.21021234177e-09
0.82 4.21021234177e-09 5.13801277968e-06
0.82 4.21020264741e-09 1.59749768249e-05
0.82 4.21022203615e-09 2.6251196156e-05
0.82 4.21019295307e-09 3.70877725846e-05
0.82 4.21023173056e-09 4.73645733812e-05
0.82 4.21018325875e-09 5.82003745384e-05
0.82 4.21024142498e-09 6.8478144382e-05
0.82 4.21017356446e-09 7.93127827259e-05
0.82 4.21025111943e-09 8.95919091968e-05
0.82 4.21016387018e-09 0.000100424997074
0.82 4.21026081391e-09 0.000110705867866
0.82 4.21015417594e-09 0.000121537017658
lowest error 0.83 1.49244041109e-06
0.83 1.49244041109e-06 6.98437441748e-06
0.83 1.49243697462e-06 0.000159418385606
0.83 1.49244384756e-06 0.000173375096198
0.83 1.49243353816e-06 0.000325833184744
0.83 1.49244728404e-06 0.000339753780458
0.83 1.49243010171e-06 0.000492260023867
0.83 1.49245072053e-06 0.000506120428365
0.83 1.49242666526e-06 0.000658698903847
0.83 1.49245415703e-06 0.000672475040639
0.83 1.49242322883e-06 0.000825149825404
0.83 1.49245759354e-06 0.000838817618155
0.83 1.4924197924e-06 0.00099161278971
lowest error 0.83 4.55434577466e-09
0.83 4.55434577466e-09 6.64293562247e-06
0.83 4.5543352879e-09 1.50118750253e-05
0.83 4.55435626144e-09 2.82979501161e-05
0.83 4.55432480117e-09 3.66664817522e-05
0.83 4.55436674824e-09 4.99531685345e-05
0.83 4.55431431446e-09 5.83208845986e-05
0.83 4.55437723507e-09 7.16085908024e-05
0.83 4.55430382778e-09 7.99750836054e-05
0.83 4.55438772192e-09 9.32642169604e-05
0.83 4.55429334112e-09 0.000101629078696
0.83 4.5543982088e-09 0.000114920047049
0.83 4.55428285448e-09 0.000123282869951
lowest error 0.84 1.52418611156e-06
0.84 1.52418611156e-06 1.58285913909e-05
0.84 1.52418962113e-06 0.000138142688451
0.84 1.52418260199e-06 0.00016981017931
0.84 1.52419313071e-06 0.000292103660904
0.84 1.52417909243e-06 0.00032380207586
0.84 1.5241966403e-06 0.000446054326659
0.84 1.52417558289e-06 0.000477804282005
0.84 1.52420014989e-06 0.000599994686407
0.84 1.52417207335e-06 0.000631816798298
0.84 1.5242036595e-06 0.0007539247407
0.84 1.52416856382e-06 0.000785839625429
0.84 1.52420716911e-06 0.000907844490502
lowest error 0.84 4.87203051779e-09
0.84 4.87203051779e-09 7.38341099638e-06
0.84 4.87201929954e-09 1.40274396099e-05
0.84 4.87204173607e-09 2.87944609574e-05
0.84 4.87200808132e-09 3.54380909022e-05
0.84 4.87205295438e-09 5.02057101981e-05
0.84 4.87199686312e-09 5.68485429198e-05
0.84 4.8720641727e-09 7.16171587971e-05
0.84 4.87198564494e-09 7.82587955892e-05
0.84 4.87207539106e-09 9.30288066803e-05
0.84 4.87197442679e-09 9.96688489874e-05
0.84 4.87208660944e-09 0.000114440653924
0.84 4.87196320867e-09 0.000121078703041
lowest error 0.85 1.61755851433e-06
0.85 1.61755851433e-06 4.74753045352e-05
0.85 1.61755478977e-06 0.000152826242658
0.85 1.6175622389e-06 0.000247759409279
0.85 1.61755106522e-06 0.000353145234175
0.85 1.61756596348e-06 0.000448026072912
0.85 1.61754734067e-06 0.000553481671362
0.85 1.61756968807e-06 0.000648275296959
0.85 1.61754361613e-06 0.000753835555731
0.85 1.61757341266e-06 0.000848507082931
0.85 1.61753989161e-06 0.000954206888806
0.85 1.61757713727e-06 0.00104872143235
0.85 1.61753616709e-06 0.00115459567211
lowest error 0.85 5.23776488822e-09
0.85 5.23776488822e-09 7.57801835061e-07
0.85 5.23777694864e-09 1.99868280846e-05
0.85 5.23775282784e-09 2.15022446888e-05
0.85 5.23778900908e-09 4.07316451452e-05
0.85 5.23774076748e-09 4.22465004046e-05
0.85 5.23780106955e-09 6.14766492748e-05
0.85 5.23772870715e-09 6.29905690213e-05
0.85 5.23781313004e-09 8.2221840549e-05
0.85 5.23771664685e-09 8.37344505773e-05
0.85 5.23782519057e-09 0.000102967218896
0.85 5.23770458657e-09 0.000104478145001
0.85 5.23783725112e-09 0.000123712784353
lowest error 0.86 1.57959227081e-06
0.86 1.57959227081e-06 5.6575005988e-05
0.86 1.57958863367e-06 9.31739887551e-05
0.86 1.57959590796e-06 0.00020631425123
0.86 1.57958499654e-06 0.000242932733634
0.86 1.57959954512e-06 0.000356043747472
0.86 1.57958135941e-06 0.000392701229284
0.86 1.57960318229e-06 0.000505763495616
0.86 1.5795777223e-06 0.00054247947634
0.86 1.57960681946e-06 0.000655473496161
0.86 1.57957408519e-06 0.000692267475304
0.86 1.57961045664e-06 0.000805173749745
0.86 1.57957044809e-06 0.000842065227076
lowest error 0.86 5.41207741288e-09
0.86 5.41207741288e-09 9.40164918628e-06
0.86 5.41208987466e-09 1.08069492679e-05
0.86 5.41206495113e-09 2.96100700816e-05
0.86 5.41210233648e-09 3.10157253187e-05
0.86 5.4120524894e-09 4.98183134554e-05
0.86 5.41211479832e-09 5.12246788951e-05
0.86 5.4120400277e-09 7.00263792375e-05
0.86 5.41212726019e-09 7.14338100716e-05
0.86 5.41202756604e-09 9.02342675015e-05
0.86 5.41213972208e-09 9.16431187772e-05
0.86 5.4120151044e-09 0.000110441978177
0.86 5.41215218401e-09 0.000111852605086
lowest error 0.87 1.6631215845e-06
0.87 1.6631215845e-06 2.47862049156e-05
0.87 1.66311775503e-06 0.000154180483873
0.87 1.66312541398e-06 0.000203738968953
0.87 1.66311392556e-06 0.000333161098498
0.87 1.66312924348e-06 0.000382677809323
0.87 1.6631100961e-06 0.000512155640041
0.87 1.66313307298e-06 0.000561602726948
0.87 1.66310626666e-06 0.000691164109587
0.87 1.66313690249e-06 0.000740513723231
0.87 1.66310243722e-06 0.000870186508059
0.87 1.66314073201e-06 0.000919410799094
0.87 1.66309860779e-06 0.00104922283686
lowest error 0.87 5.82168898243e-09
0.87 5.82168898243e-09 1.13987685202e-06
0.87 5.82170238738e-09 1.96215605501e-05
0.87 5.82167557752e-09 2.19011268121e-05
0.87 5.82171579236e-09 4.03831853237e-05
0.87 5.82166217263e-09 4.26621894043e-05
0.87 5.82172919738e-09 6.1144997543e-05
0.87 5.82164876777e-09 6.34230645575e-05
0.87 5.82174260242e-09 8.19069971367e-05
0.87 5.82163536294e-09 8.41837523091e-05
0.87 5.82175600749e-09 0.000102669184143
0.87 5.82162195815e-09 0.000104944252699
0.87 5.8217694126e-09 0.0001234315586
lowest error 0.88 1.67728939086e-06
0.88 1.67728939086e-06 2.18856125485e-05
0.88 1.67729325296e-06 0.000165634566129
0.88 1.67728552876e-06 0.000209421080943
0.88 1.67729711508e-06 0.000353139456335
0.88 1.67728166667e-06 0.000396971840302
0.88 1.6773009772e-06 0.000540629059318
0.88 1.67727780459e-06 0.000584537891705
0.88 1.67730483933e-06 0.000728103376157
0.88 1.67727394252e-06 0.000772119236734
0.88 1.67730870148e-06 0.000915562408428
0.88 1.67727008046e-06 0.000959715876465
0.88 1.67731256363e-06 0.00110300615722
lowest error 0.88 6.03898568299e-09
0.88 6.03898568299e-09 7.27769117992e-06
0.88 6.03897177773e-09 1.525843631e-05
0.88 6.03899958829e-09 2.9814039447e-05
0.88 6.0389578725e-09 3.77943429442e-05
0.88 6.03901349361e-09 5.23506085344e-05
0.88 6.0389439673e-09 6.03300288051e-05
0.88 6.03902739897e-09 7.48873984833e-05
0.88 6.03893006214e-09 8.28654938156e-05
0.88 6.03904130436e-09 9.7424409216e-05
0.88 6.038916157e-09 0.000105400738057
0.88 6.03905520979e-09 0.000119961640815
0.88 6.0389022519e-09 0.000127935761451
lowest error 0.89 1.76069446919e-06
0.89 1.76069446919e-06 7.00211757305e-05
0.89 1.76069852334e-06 7.15758188155e-05
0.89 1.76069041504e-06 0.000211626887812
0.89 1.7607025775e-06 0.000213164096362
0.89 1.76068636091e-06 0.00035324131784
0.89 1.76070663168e-06 0.000354743657445
0.89 1.76068230678e-06 0.000494864466604
0.89 1.76071068586e-06 0.000496314502603
0.89 1.76067825267e-06 0.000636496334514
0.89 1.76071474005e-06 0.000637876632245
0.89 1.76067419856e-06 0.000778136922107
0.89 1.76071879425e-06 0.00077943004716
lowest error 0.89 6.39321044029e-09
0.89 6.39321044029e-09 6.4039615566e-07
0.89 6.3931957194e-09 2.12115365956e-05
0.89 6.39322516122e-09 2.24925365599e-05
0.89 6.39318099854e-09 4.30632617747e-05
0.89 6.39323988218e-09 4.43448845409e-05
0.89 6.39316627771e-09 6.49147793053e-05
0.89 6.39325460318e-09 6.61974401397e-05
0.89 6.39315155692e-09 8.67660892667e-05
0.89 6.39326932421e-09 8.80502033964e-05
0.89 6.39313683616e-09 0.000108617191584
0.89 6.39328404527e-09 0.000109903174236
0.89 6.39312211544e-09 0.000130468086297
lowest error 0.9 1.77841863324e-06
0.9 1.77841863324e-06 4.84555860347e-05
0.9 1.7784227282e-06 0.000160095937006
0.9 1.77841453828e-06 0.0002570260209
0.9 1.77842682318e-06 0.000368628550312
0.9 1.77841044334e-06 0.000465615369115
0.9 1.77843091816e-06 0.000577142255407
0.9 1.7784063484e-06 0.000674223632398
0.9 1.77843501315e-06 0.00078563705401
0.9 1.77840225347e-06 0.000882850812464
0.9 1.77843910816e-06 0.000994112947835
0.9 1.77839815855e-06 0.00109149691103
0.9 1.77844320317e-06 0.00120256993859
lowest error 0.9 6.50343793577e-09
0.9 6.50343793577e-09 9.89450284905e-06
0.9 6.50345291051e-09 1.01332003468e-05
0.9 6.50342296107e-09 2.99220316866e-05
0.9 6.50346788528e-09 3.01610779752e-05
0.9 6.50340798641e-09 4.99493860953e-05
0.9 6.50348286009e-09 5.01891299645e-05
0.9 6.50339301177e-09 6.99765661132e-05
0.9 6.50349783493e-09 7.02173563885e-05
0.9 6.50337803717e-09 9.00035717759e-05
0.9 6.5035128098e-09 9.02457571779e-05
0.9 6.50336306261e-09 0.000110030403015
0.9 6.50352778471e-09 0.000110274332369
lowest error 0.95 1.79480801386e-06
0.95 1.79480801386e-06 5.21189422864e-06
0.95 1.79481214656e-06 0.000195522485448
0.95 1.79480388116e-06 0.000205963794651
0.95 1.79481627927e-06 0.000396239345727
0.95 1.79479974848e-06 0.000406733217348
0.95 1.794820412e-06 0.000596938688497
0.95 1.79479561581e-06 0.00060752016385
0.95 1.79482454473e-06 0.000797620515109
0.95 1.79479148314e-06 0.000808324635688
0.95 1.79482867747e-06 0.000998284827087
0.95 1.79478735049e-06 0.00100914663439
0.95 1.79483281022e-06 0.00119893162597
lowest error 0.95 7.35449742087e-09
0.95 7.35449742087e-09 7.70800782579e-06
0.95 7.35448048653e-09 1.42734558617e-05
0.95 7.35451435524e-09 2.96896816341e-05
0.95 7.35446355223e-09 3.62547095083e-05
0.95 7.35453128966e-09 5.16715654864e-05
0.95 7.35444661797e-09 5.82357530385e-05
0.95 7.35454822411e-09 7.36536594244e-05
0.95 7.35442968375e-09 8.02165865323e-05
0.95 7.3545651586e-09 9.56359634898e-05
0.95 7.35441274957e-09 0.000102197209913
0.95 7.35458209313e-09 0.000117618477605
0.95 7.35439581543e-09 0.000124177623222
lowest error 1.0 1.60703745899e-06
1.0 1.60703745899e-06 4.08680065038e-05
1.0 1.60703375865e-06 0.000140783471613
1.0 1.60704115933e-06 0.000222505139025
1.0 1.60703005832e-06 0.000322449296783
1.0 1.60704485968e-06 0.000404127926925
1.0 1.607026358e-06 0.000504129469972
1.0 1.60704856005e-06 0.000585736371331
1.0 1.60702265769e-06 0.00068582399232
1.0 1.60705226042e-06 0.000767330473382
1.0 1.60701895739e-06 0.000867532864954
1.0 1.60705596079e-06 0.000948910234206
1.0 1.6070152571e-06 0.00104925608901
lowest error 1.0 7.75973696413e-09
1.0 7.75973696413e-09 2.8792526372e-06
1.0 7.75971909669e-09 1.76011587461e-05
1.0 7.7597548316e-09 2.3359846427e-05
1.0 7.7597012293e-09 3.80813877978e-05
1.0 7.75977269912e-09 4.38406225514e-05
1.0 7.75968336195e-09 5.85614344466e-05
1.0 7.75979056668e-09 6.4321581049e-05
1.0 7.75966549464e-09 7.90412987306e-05
1.0 7.75980843428e-09 8.48027219575e-05
1.0 7.75964762737e-09 9.95209806876e-05
1.0 7.75982630192e-09 0.000105284045206
1.0 7.75962976014e-09 0.000120000480246
lowest error 1.1 1.59401718798e-06
1.1 1.59401718798e-06 9.43483827438e-05
1.1 1.59402085835e-06 0.000102167678546
1.1 1.59401351763e-06 0.00029088123528
1.1 1.59402452872e-06 0.000298666949844
1.1 1.59400984728e-06 0.000487430880853
1.1 1.5940281991e-06 0.000495149432582
1.1 1.59400617694e-06 0.000683997320723
1.1 1.59403186949e-06 0.000691615128202
1.1 1.59400250661e-06 0.00088058055632
1.1 1.59403553989e-06 0.000888064038136
1.1 1.59399883629e-06 0.00107718058908
1.1 1.5940392103e-06 0.00108449616382
lowest error 1.1 8.26279541779e-09
1.1 8.26279541779e-09 1.00139403902e-05
1.1 8.2628144436e-09 1.12376122834e-05
1.1 8.26277639202e-09 3.12652967427e-05
1.1 8.26283346945e-09 3.24893613182e-05
1.1 8.26275736629e-09 5.25164567002e-05
1.1 8.26285249535e-09 5.37413067545e-05
1.1 8.26273834061e-09 7.37674203393e-05
1.1 8.26287152129e-09 7.49934485165e-05
1.1 8.26271931498e-09 9.50181875869e-05
1.1 8.26289054728e-09 9.62457866835e-05
1.1 8.26270028939e-09 0.000116268758483
1.1 8.26290957331e-09 0.000117498321181
lowest error 1.2 1.39822479728e-06
1.2 1.39822479728e-06 7.45343915103e-05
1.2 1.39822157775e-06 8.78294104902e-05
1.2 1.39822801681e-06 0.000236886732205
1.2 1.39821835823e-06 0.0002502046746
1.2 1.39823123636e-06 0.000399227612264
1.2 1.39821513872e-06 0.000412591401635
1.2 1.39823445591e-06 0.000561557032779
1.2 1.39821191921e-06 0.000574989592399
1.2 1.39823767546e-06 0.000723874994421
1.2 1.39820869971e-06 0.000737399247704
1.2 1.39824089503e-06 0.000886181497993
1.2 1.39820548022e-06 0.000899820368212
lowest error 1.2 8.06118707705e-09
1.2 8.06118707705e-09 6.03515042918e-06
1.2 8.0611685155e-09 1.55293691058e-05
1.2 8.06120563864e-09 2.7599872114e-05
1.2 8.061149954e-09 3.70936864171e-05
1.2 8.06122420027e-09 4.91647960268e-05
1.2 8.06113139253e-09 5.86578015445e-05
1.2 8.06124276195e-09 7.07299220921e-05
1.2 8.06111283111e-09 8.02217145282e-05
1.2 8.06126132367e-09 9.22952503513e-05
1.2 8.06109426974e-09 0.000101785425294
1.2 8.06127988543e-09 0.000113860780844
1.2 8.0610757084e-09 0.000123348933919
lowest error 1.3 1.20741342394e-06
1.3 1.20741342394e-06 2.30865119422e-05
1.3 1.20741064377e-06 0.000103580930774
1.3 1.20741620411e-06 0.000149746979042
1.3 1.20740786361e-06 0.000230255349492
1.3 1.2074189843e-06 0.000276400470909
1.3 1.20740508345e-06 0.000356936744594
1.3 1.20742176448e-06 0.000403046987815
1.3 1.2074023033e-06 0.000483625116466
1.3 1.20742454468e-06 0.000529686530369
1.3 1.20739952316e-06 0.000610320465378
1.3 1.20742732488e-06 0.000656319098844
1.3 1.20739674302e-06 0.000737022791942
lowest error 1.3 8.7590700582e-09
1.3 8.7590700582e-09 3.3578601939e-06
1.3 8.75904988972e-09 2.0439639302e-05
1.3 8.75909022672e-09 2.7155605876e-05
1.3 8.75902972128e-09 4.42368925291e-05
1.3 8.7591103953e-09 5.09535978312e-05
1.3 8.75900955289e-09 6.80338995327e-05
1.3 8.75913056392e-09 7.47518359785e-05
1.3 8.75898938455e-09 9.18306603572e-05
1.3 8.75915073258e-09 9.85503204043e-05
1.3 8.75896921626e-09 0.000115627174921
1.3 8.7591709013e-09 0.000122349051027
1.3 8.75894904801e-09 0.000139423443312
lowest error 1.4 1.00490961133e-06
1.4 1.00490961133e-06 4.57533712863e-05
1.4 1.00490729744e-06 0.000105059958739
1.4 1.00491192522e-06 0.000196556812782
1.4 1.00490498356e-06 0.000255883177809
1.4 1.00491423912e-06 0.000347350366392
1.4 1.00490266969e-06 0.000406716286842
1.4 1.00491655303e-06 0.00049813403277
1.4 1.00490035581e-06 0.000557559286352
1.4 1.00491886693e-06 0.000648907812561
1.4 1.00489804195e-06 0.000708412176986
1.4 1.00492118085e-06 0.000799671706279
1.4 1.00489572809e-06 0.000859274959395
lowest error 1.4 1.0933771663e-08
1.4 1.0933771663e-08 9.56568871979e-06
1.4 1.0933796839e-08 1.06173502128e-05
1.4 1.09337464871e-08 2.97485505598e-05
1.4 1.0933822015e-08 3.08005662739e-05
1.4 1.09337213113e-08 4.99312352908e-05
1.4 1.09338471911e-08 5.09839594489e-05
1.4 1.09336961355e-08 7.01137429151e-05
1.4 1.09338723673e-08 7.11675297382e-05
1.4 1.09336709597e-08 9.02960734339e-05
1.4 1.09338975435e-08 9.13512771441e-05
1.4 1.09336457841e-08 0.000110478226849
1.4 1.09339227197e-08 0.000111535201668
lowest error 1.5 8.09118255633e-07
1.5 8.09118255633e-07 3.6617047189e-05
1.5 8.09116392572e-07 8.95624865374e-05
1.5 8.09120118699e-07 0.000162789658894
1.5 8.09114529514e-07 0.00021574894267
1.5 8.09121981769e-07 0.000288955348839
1.5 8.09112666462e-07 0.000341942321583
1.5 8.09123844843e-07 0.000415114117636
1.5 8.09110803413e-07 0.000468142623661
1.5 8.09125707922e-07 0.000541265965545
1.5 8.09108940369e-07 0.000594349849281
1.5 8.09127571005e-07 0.000667410892952
1.5 8.09107077329e-07 0.000720563998712
lowest error 1.5 1.39329153967e-08
1.5 1.39329153967e-08 3.2580303313e-06
1.5 1.39329474784e-08 1.9018771805e-05
1.5 1.3932883315e-08 2.5534616706e-05
1.5 1.39329795603e-08 4.12957897047e-05
1.5 1.39328512334e-08 4.78109873008e-05
1.5 1.39330116422e-08 6.35730233705e-05
1.5 1.39328191518e-08 7.00871421579e-05
1.5 1.39330437242e-08 8.58504728036e-05
1.5 1.39327870704e-08 9.23630812601e-05
1.5 1.39330758062e-08 0.000108128137988
1.5 1.3932754989e-08 0.000114638804609
1.5 1.39331078883e-08 0.000130406018963
lowest error 1.6 6.97970391707e-07
1.6 6.97970391707e-07 2.29760412025e-05
1.6 6.97971998845e-07 7.12829361849e-05
1.6 6.97968784573e-07 0.000117238881645
1.6 6.97973605987e-07 0.000165538050673
1.6 6.97967177442e-07 0.00021150558522
1.6 6.97975213132e-07 0.000259789302421
1.6 6.97965570315e-07 0.000305776152251
1.6 6.97976820282e-07 0.000354036691588
1.6 6.97963963192e-07 0.000400050582814
1.6 6.97978427434e-07 0.000448280218332
1.6 6.97962356072e-07 0.000494328877067
1.6 6.97980034591e-07 0.000542519882726
lowest error 1.6 1.74309878432e-08
1.6 1.74309878432e-08 5.31452698871e-06
1.6 1.74309477069e-08 1.55934998287e-05
1.6 1.74310279795e-08 2.62227438705e-05
1.6 1.74309075707e-08 3.65013365831e-05
1.6 1.7431068116e-08 4.71311507999e-05
1.6 1.74308674346e-08 5.74089832761e-05
1.6 1.74311082526e-08 6.80397478163e-05
1.6 1.74308272986e-08 7.83164399101e-05
1.6 1.74311483892e-08 8.8948534902e-05
1.6 1.74307871626e-08 9.92237064859e-05
1.6 1.7431188526e-08 0.000109857512059
1.6 1.74307470268e-08 0.000120130782988
lowest error 1.7 5.93786063174e-07
1.7 5.93786063174e-07 8.1122637301e-06
1.7 5.93787430418e-07 6.67997924255e-05
1.7 5.93784695932e-07 8.30267598766e-05
1.7 5.93788797666e-07 0.00014170940867
1.7 5.93783328694e-07 0.000157943696027
1.7 5.93790164917e-07 0.000216616585083
1.7 5.93781961459e-07 0.000232863072394
1.7 5.93791532171e-07 0.000291521321742
1.7 5.93780594227e-07 0.00030778488899
1.7 5.93792899428e-07 0.000366423618662
1.7 5.93779226998e-07 0.000382709145895
1.7 5.93794266688e-07 0.000441323476055
lowest error 1.7 2.12791364774e-08
1.7 2.12791364774e-08 7.47152168312e-06
1.7 2.12791854745e-08 1.17956122048e-05
1.7 2.12790874805e-08 2.67384941703e-05
1.7 2.12792344717e-08 3.10629074942e-05
1.7 2.12790384836e-08 4.60053052591e-05
1.7 2.1279283469e-08 5.03303641688e-05
1.7 2.12789894869e-08 6.52719549499e-05
1.7 2.12793324664e-08 6.95979822654e-05
1.7 2.12789404902e-08 8.45384432275e-05
1.7 2.12793814639e-08 8.88657617675e-05
1.7 2.12788914937e-08 0.000103804770128
1.7 2.12794304616e-08 0.000108133702677
lowest error 1.8 5.50216994154e-07
1.8 5.50216994154e-07 4.46980766444e-06
1.8 5.50218261077e-07 5.63636112663e-05
1.8 5.50215727234e-07 6.53048356374e-05
1.8 5.50219528003e-07 0.000117195421144
1.8 5.50214460317e-07 0.000126141472693
1.8 5.50220794931e-07 0.000178025622119
1.8 5.50213193403e-07 0.000186979718876
1.8 5.50222061863e-07 0.00023885421418
1.8 5.50211926491e-07 0.000247819574228
1.8 5.50223328798e-07 0.00029968119737
1.8 5.50210659583e-07 0.000308661038738
1.8 5.50224595735e-07 0.000360506571731
lowest error 1.8 2.5595699335e-08
1.8 2.5595699335e-08 6.51963588227e-06
1.8 2.55956403988e-08 1.47862355497e-05
1.8 2.55957582713e-08 2.78257046809e-05
1.8 2.55955814627e-08 3.60919095983e-05
1.8 2.55958172078e-08 4.91319708478e-05
1.8 2.55955225268e-08 5.73973863025e-05
1.8 2.55958761444e-08 7.04384343848e-05
1.8 2.5595463591e-08 7.87026656464e-05
1.8 2.55959350812e-08 9.17450952942e-05
1.8 2.55954046553e-08 0.00010000774763
1.8 2.55959940181e-08 0.000113051953577
1.8 2.55953457198e-08 0.000121312632257
lowest error 1.9 5.2606813923e-07
1.9 5.2606813923e-07 2.97011057966e-05
1.9 5.26069350548e-07 5.22437032546e-05
1.9 5.26066927915e-07 0.000111648834458
1.9 5.26070561869e-07 0.000134185592799
1.9 5.26065716603e-07 0.000193599482761
1.9 5.26071773193e-07 0.000216124562941
1.9 5.26064505293e-07 0.000275553050956
1.9 5.26072984519e-07 0.000298060613784
1.9 5.26063293986e-07 0.000357509539073
1.9 5.26074195848e-07 0.000379993745432
1.9 5.26062082682e-07 0.000439468947216
1.9 5.2607540718e-07 0.000461923957918
lowest error 1.9 3.04268504563e-08
1.9 3.04268504563e-08 7.31849122637e-06
1.9 3.04269205167e-08 1.30619376408e-05
1.9 3.04267803959e-08 2.76987395025e-05
1.9 3.04269905774e-08 3.34425471005e-05
1.9 3.04267103358e-08 4.80788071893e-05
1.9 3.04270606382e-08 5.38233371365e-05
1.9 3.04266402757e-08 6.84586942881e-05
1.9 3.04271306992e-08 7.42043077864e-05
1.9 3.04265702159e-08 8.8838400782e-05
1.9 3.04272007603e-08 9.45854590344e-05
1.9 3.04265001562e-08 0.00010921792671
1.9 3.04272708216e-08 0.000114966790881
lowest error 2.0 4.50379899843e-07
2.0 4.50379899843e-07 2.5420988381e-05
2.0 4.50378862806e-07 3.3796965091e-05
2.0 4.50380936882e-07 8.46374172458e-05
2.0 4.50377825771e-07 9.30164433122e-05
2.0 4.50381973924e-07 0.000143852321492
2.0 4.50376788739e-07 0.000152237446271
2.0 4.50383010968e-07 0.000203065701159
2.0 4.5037575171e-07 0.000211459974005
2.0 4.50384048014e-07 0.000262277556284
2.0 4.50374714682e-07 0.000270684026556
2.0 4.50385085063e-07 0.000321487886908
2.0 4.50373677657e-07 0.000329909603961
lowest error 2.0 3.48796404947e-08
2.0 3.48796404947e-08 4.68514074559e-06
2.0 3.48797208081e-08 1.41460634162e-05
2.0 3.48795601815e-08 2.35161907276e-05
2.0 3.48798011218e-08 3.29774217582e-05
2.0 3.48794798684e-08 4.23470865152e-05
2.0 3.48798814356e-08 5.18089342814e-05
2.0 3.48793995555e-08 6.11778281434e-05
2.0 3.48799617496e-08 7.06406009883e-05
2.0 3.48793192428e-08 8.00084155963e-05
2.0 3.48800420637e-08 8.94724218625e-05
2.0 3.48792389303e-08 9.88388488743e-05
2.0 3.48801223781e-08 0.000108304396939
lowest error 2.1 4.00000929022e-07
2.1 4.00000929022e-07 2.15634173673e-05
2.1 4.0000185006e-07 4.45413422172e-05
2.1 4.00000007987e-07 8.76700769199e-05
2.1 4.00002771099e-07 0.000110644201891
2.1 3.99999086954e-07 0.000153778636491
2.1 4.0000369214e-07 0.000176745161704
2.1 3.99998165923e-07 0.000219889096083
2.1 4.00004613184e-07 0.000242844221658
2.1 3.99997244895e-07 0.000286001455863
2.1 4.0000553423e-07 0.00030894138192
2.1 3.99996323868e-07 0.000352115715827
2.1 4.00006455278e-07 0.00037503664249
lowest error 2.1 3.98149339866e-08
2.1 3.98149339866e-08 1.52234462814e-07
2.1 3.9815025664e-08 1.91603380162e-05
2.1 3.98148423094e-08 1.94646447795e-05
2.1 3.98151173416e-08 3.84730726593e-05
2.1 3.98147506325e-08 3.87768929366e-05
2.1 3.98152090194e-08 5.77859694659e-05
2.1 3.98146589557e-08 5.80889789168e-05
2.1 3.98153006974e-08 7.70990284389e-05
2.1 3.98145672792e-08 7.74009027569e-05
2.1 3.98153923756e-08 9.64122495621e-05
2.1 3.98144756029e-08 9.67126644396e-05
2.1 3.9815484054e-08 0.000115725632871
lowest error 2.2 3.55790215102e-07
2.2 3.55790215102e-07 6.89884262917e-06
2.2 3.55789395866e-07 3.59644711101e-05
2.2 3.55791034341e-07 4.97613575692e-05
2.2 3.55788576632e-07 7.88285836224e-05
2.2 3.55791853581e-07 9.26230737268e-05
2.2 3.55787757399e-07 0.000121693495001
2.2 3.55792672823e-07 0.000135483991117
2.2 3.55786938168e-07 0.000164559205222
2.2 3.55793492066e-07 0.000178344109753
2.2 3.5578611894e-07 0.000207425714301
2.2 3.55794311312e-07 0.000221203429652
2.2 3.55785299713e-07 0.000250293022252
lowest error 2.2 4.51375518174e-08
2.2 4.51375518174e-08 6.41602350004e-06
2.2 4.51374478844e-08 1.08167610016e-05
2.2 4.51376557505e-08 2.36489371348e-05
2.2 4.51373439517e-08 2.8049416402e-05
2.2 4.5137759684e-08 4.08819798876e-05
2.2 4.51372400193e-08 4.52819426866e-05
2.2 4.51378636176e-08 5.81151517602e-05
2.2 4.51371360871e-08 6.25143398572e-05
2.2 4.51379675515e-08 7.53484527527e-05
2.2 4.51370321551e-08 7.97466079137e-05
2.2 4.51380714856e-08 9.25818828672e-05
2.2 4.51369282233e-08 9.69787468579e-05
lowest error 2.3 3.23346377618e-07
2.3 3.23346377618e-07 2.01816434777e-05
2.3 3.23345633086e-07 2.76406458477e-05
2.3 3.23347122151e-07 6.80029385229e-05
2.3 3.23344888556e-07 7.54639295595e-05
2.3 3.23347866687e-07 0.000115823239265
2.3 3.23344144028e-07 0.000123288207637
2.3 3.23348611223e-07 0.000163642545725
2.3 3.23343399502e-07 0.000171113480099
2.3 3.23349355762e-07 0.000211460857924
2.3 3.23342654977e-07 0.000218939746968
2.3 3.23350100302e-07 0.000259278175881
2.3 3.23341910454e-07 0.000266767008263
lowest error 2.3 5.16245168317e-08
2.3 5.16245168317e-08 7.37926584238e-06
2.3 5.1624397962e-08 1.09085517832e-05
2.3 5.16246357017e-08 2.56672288628e-05
2.3 5.16242790926e-08 2.91962239984e-05
2.3 5.16247545719e-08 4.39553373117e-05
2.3 5.16241602234e-08 4.74837508051e-05
2.3 5.16248734425e-08 6.22435911741e-05
2.3 5.16240413545e-08 6.57711322036e-05
2.3 5.16249923133e-08 8.05319904518e-05
2.3 5.16239224859e-08 8.40583681958e-05
2.3 5.16251111843e-08 9.88205351451e-05
2.3 5.16238036176e-08 0.000102345458766
lowest error 2.4 2.73084468105e-07
2.4 2.73084468105e-07 6.82177860867e-07
2.4 2.73085096906e-07 2.90155778648e-05
2.4 2.73083839305e-07 3.03803170509e-05
2.4 2.73085725708e-07 5.87129501315e-05
2.4 2.73083210507e-07 6.00788396836e-05
2.4 2.73086354512e-07 8.84099389431e-05
2.4 2.73082581711e-07 8.97777458171e-05
2.4 2.73086983317e-07 0.000118106544306
2.4 2.73081952916e-07 0.000119477035429
2.4 2.73087612124e-07 0.000147802766224
2.4 2.73081324122e-07 0.000149176708526
2.4 2.73088240932e-07 0.000177498604676
lowest error 2.4 6.04183693795e-08
2.4 6.04183693795e-08 7.23032574967e-06
2.4 6.04182302613e-08 7.53391319108e-06
2.4 6.04185084981e-08 2.19946594662e-05
2.4 6.04180911433e-08 2.22980573579e-05
2.4 6.0418647617e-08 3.6759087946e-05
2.4 6.04179520257e-08 3.70621067498e-05
2.4 6.04187867363e-08 5.15236112149e-05
2.4 6.04178129083e-08 5.18260613682e-05
2.4 6.04189258558e-08 6.62882292617e-05
2.4 6.04176737913e-08 6.65899212007e-05
2.4 6.04190649757e-08 8.10529420856e-05
2.4 6.04175346747e-08 8.13536862738e-05
lowest error 2.5 2.33723294835e-07
2.5 2.33723294835e-07 5.99046986638e-06
2.5 2.33723833003e-07 1.47892182492e-05
2.5 2.33722756667e-07 2.67703457197e-05
2.5 2.33724371173e-07 3.55687186278e-05
2.5 2.33722218502e-07 4.75504093131e-05
2.5 2.33724909343e-07 5.63480312712e-05
2.5 2.33721680337e-07 6.83306606306e-05
2.5 2.33725447516e-07 7.71271561821e-05
2.5 2.33721142173e-07 8.9111099709e-05
2.5 2.33725985689e-07 9.79060933419e-05
2.5 2.33720604011e-07 0.000109891726533
2.5 2.33726523864e-07 0.000118684842791
lowest error 2.5 6.83458265375e-08
2.5 6.83458265375e-08 3.11152410148e-06
2.5 6.83456691656e-08 1.05282142098e-05
2.5 6.83459839098e-08 1.67513433134e-05
2.5 6.83455117941e-08 2.41678716448e-05
2.5 6.83461412824e-08 3.03912434139e-05
2.5 6.83453544229e-08 3.7807448193e-05
2.5 6.83462986554e-08 4.40312244039e-05
2.5 6.83451970521e-08 5.14469438544e-05
2.5 6.83464560287e-08 5.76712862839e-05
2.5 6.83450396816e-08 6.50863586285e-05
2.5 6.83466134024e-08 7.13114290538e-05
2.5 6.83448823115e-08 7.87256925174e-05
lowest error 2.6 2.00347533428e-07
2.6 2.00347533428e-07 4.99566142009e-06
2.6 2.00347072111e-07 1.42193528534e-05
2.6 2.00347994746e-07 2.4210515182e-05
2.6 2.00346610796e-07 3.34345276727e-05
2.6 2.00348456065e-07 4.34252084176e-05
2.6 2.00346149481e-07 5.26498630231e-05
2.6 2.00348917385e-07 6.26397411274e-05
2.6 2.00345688168e-07 7.18653589056e-05
2.6 2.00349378706e-07 8.18541133141e-05
2.6 2.00345226855e-07 9.10810153214e-05
2.6 2.00349840028e-07 0.000101068324977
2.6 2.00344765544e-07 0.000110296832271
lowest error 2.6 8.29791534766e-08
2.6 8.29791534766e-08 1.02269234548e-06
2.6 8.29789624103e-08 9.61081330653e-06
2.6 8.29793445434e-08 1.16562471595e-05
2.6 8.29787713444e-08 2.02442697876e-05
2.6 8.29795356106e-08 2.22898511351e-05
2.6 8.29785802789e-08 3.0877677117e-05
2.6 8.29797266783e-08 3.29235042735e-05
2.6 8.29783892139e-08 4.15110352856e-05
2.6 8.29799177464e-08 4.35572065736e-05
2.6 8.29781981493e-08 5.21443442931e-05
2.6 8.29801088149e-08 5.41909580365e-05
2.6 8.29780070852e-08 6.27776041404e-05
lowest error 2.7 1.67005971443e-07
2.7 1.67005971443e-07 2.98157484258e-06
2.7 1.67005586898e-07 4.22677442691e-06
2.7 1.67006355989e-07 1.01899015208e-05
2.7 1.67005202354e-07 1.14351462819e-05
2.7 1.67006740536e-07 1.73982056078e-05
2.7 1.67004817811e-07 1.86435407343e-05
2.7 1.67007125083e-07 2.4606487103e-05
2.7 1.67004433268e-07 2.58519577785e-05
2.7 1.67007509632e-07 3.18147460074e-05
2.7 1.67004048727e-07 3.30603974144e-05
2.7 1.67007894181e-07 3.90229823206e-05
2.7 1.67003664186e-07 4.02688596419e-05
lowest error 2.7 1.04382573509e-07
2.7 1.04382573509e-07 1.49529389315e-06
2.7 1.04382333159e-07 2.83540206825e-06
2.7 1.04382813859e-07 5.82599801291e-06
2.7 1.0438209281e-07 7.16608987883e-06
2.7 1.04383054209e-07 1.0156710287e-05
2.7 1.04381852462e-07 1.14967695359e-05
2.7 1.0438329456e-07 1.44874307155e-05
2.7 1.04381612114e-07 1.58274410382e-05
2.7 1.04383534912e-07 1.88181592984e-05
2.7 1.04381371767e-07 2.01581043866e-05
2.7 1.04383775264e-07 2.31488960352e-05
2.7 1.0438113142e-07 2.44887595802e-05
