0.002 0.00012589254 0.36225099 0.071874747 1.0297049
0.002 0.00015848932 0.34824311 0.037179292 0.80878904
0.002 0.00019952623 0.35806702 0.019940912 0.69020343
0.002 0.0001 0.35856555 0.12538516 1.276173
0.002 0.00025118864 0.34202606 0.0090497822 0.39641053
0.002 0.00031622777 0.33906614 0.0038986013 0.41572992
0.002 0.001 0.36446938 5.1465111e-08 0.28420373
0.002 0.0031622777 0.37039789 1.2028313e-48 0
0.002 0.01 0.34541856 0 0
0.002 0.031622777 0.34928482 0 0
0.002 0.1 0.34513305 0 0
0.002 1.2589254e-05 0.35972098 0.3524762 2.295127
0.002 1.2589254e-06 0.37407298 0.0064172769 2.3773598
0.002 1.2589254e-07 0.34539131 6.4441163e-05 2.274164
0.002 1.2589254e-08 0.35775979 6.3886421e-07 2.3332806
0.002 1.2589254e-09 0.33936837 6.4246097e-09 2.2751714
0.002 1.5848932e-05 0.34485846 0.42336367 2.1756519
0.002 1.5848932e-06 0.34379325 0.010160387 2.286628
0.002 1.5848932e-07 0.35635735 0.0001013964 2.2352149
0.002 1.5848932e-08 0.35138426 1.0162614e-06 2.22962
0.002 1.5848932e-09 0.34130807 1.0261792e-08 2.2839669
0.002 1.9952623e-05 0.34835309 0.47892623 2.1885285
0.002 1.9952623e-06 0.34972721 0.015845663 2.3089052
0.002 1.9952623e-07 0.3594193 0.00015989399 2.3227123
0.002 1.9952623e-08 0.34692055 1.6313971e-06 2.3185913
0.002 1.9952623e-09 0.35347072 1.6197373e-08 2.2995328
0.002 1e-05 0.35735415 0.26984036 2.3423282
0.002 1e-06 0.34372407 0.0039791222 2.2618368
0.002 1e-07 0.34382476 3.9986691e-05 2.3186443
0.002 1e-08 0.34551925 4.1303197e-07 2.324404
0.002 1e-09 0.34963162 4.0352719e-09 2.3193871
0.002 2.5118864e-05 0.36317804 0.49852164 2.2429564
0.002 2.5118864e-06 0.34724944 0.025115385 2.3693796
0.002 2.5118864e-07 0.35321865 0.00025492073 2.3134574
0.002 2.5118864e-08 0.34929922 2.4953661e-06 2.3418842
0.002 2.5118864e-09 0.3555652 2.5251902e-08 2.2889085
0.002 3.1622777e-05 0.34510636 0.48921255 2.0815518
0.002 3.1622777e-06 0.34189598 0.03801446 2.3406653
0.002 3.1622777e-07 0.35013908 0.00040736038 2.2608205
0.002 3.1622777e-08 0.34541372 4.0271189e-06 2.3668209
0.002 3.1622777e-09 0.34499926 3.94542e-08 2.3291352
0.002 3.9810717e-05 0.34560417 0.43956462 1.9936678
0.002 3.9810717e-06 0.3435181 0.059584114 2.2632203
0.002 3.9810717e-07 0.35850765 0.00063222956 2.3122863
0.002 3.9810717e-08 0.36468607 6.4555919e-06 2.2908201
0.002 3.9810717e-09 0.35389082 6.5303566e-08 2.322808
0.002 5.0118723e-05 0.35271804 0.36172974 1.8586336
0.002 5.0118723e-06 0.34059409 0.091591013 2.3266139
0.002 5.0118723e-07 0.35716627 0.001035537 2.2590628
0.002 5.0118723e-08 0.35416996 1.0159812e-05 2.307651
0.002 5.0118723e-09 0.35928442 1.0123512e-07 2.3093773
0.002 6.3095734e-05 0.34846565 0.27636272 1.7317048
0.002 6.3095734e-06 0.35299999 0.13484348 2.2793032
0.002 6.3095734e-07 0.35600477 0.0016084602 2.3195877
0.002 6.3095734e-08 0.36347432 1.6184578e-05 2.3301869
0.002 6.3095734e-09 0.34207391 1.6474781e-07 2.3463613
0.002 7.9432823e-05 0.3504705 0.19124517 1.4821775
0.002 7.9432823e-06 0.3423925 0.19380096 2.2972697
0.002 7.9432823e-07 0.35372012 0.0025657201 2.34861
0.002 7.9432823e-08 0.35608141 2.5188531e-05 2.3343653
0.002 7.9432823e-09 0.34706989 2.5675422e-07 2.2451531
0.005 0.00012589254 0.50859053 0.0048401816 0.88268259
0.005 0.00015848932 0.47967358 0.0011851404 0.65529593
0.005 0.00019952623 0.51192738 0.00042728936 0.27267023
0.005 0.0001 0.51456758 0.0096078016 0.78909111
0.005 0.00025118864 0.49574578 6.9148616e-05 0.16068927
0.005 0.00031622777 0.5081894 6.6504609e-06 0.36905625
0.005 0.001 0.50662081 6.0468453e-32 3.0022963e-16
0.005 0.0031622777 0.48625481 0 0
0.005 0.01 0.51884242 0 0
0.005 0.031622777 0.51404606 0 0
0.005 0.1 0.50449172 0 0
0.005 1.2589254e-05 0.5201543 0.49196821 2.2036701
0.005 1.2589254e-06 0.50365805 0.037349031 2.3924994
0.005 1.2589254e-07 0.50086895 0.00039245322 2.3875433
0.005 1.2589254e-08 0.50168411 3.8735615e-06 2.3985118
0.005 1.2589254e-09 0.51220873 3.9849522e-08 2.4141601
0.005 1.5848932e-05 0.50604713 0.44709793 2.1836502
0.005 1.5848932e-06 0.5233766 0.057521526 2.4198673
0.005 1.5848932e-07 0.50121569 0.00062439546 2.4183879
0.005 1.5848932e-08 0.50369316 6.2044868e-06 2.4135523
0.005 1.5848932e-09 0.49452148 6.2636326e-08 2.4585906
0.005 1.9952623e-05 0.50230771 0.37033101 2.0249383
0.005 1.9952623e-06 0.50197328 0.089012692 2.4781215
0.005 1.9952623e-07 0.5012876 0.00097764823 2.3662338
0.005 1.9952623e-08 0.50245556 9.9094798e-06 2.4872558
0.005 1.9952623e-09 0.49910681 9.6930377e-08 2.3953058
0.005 1e-05 0.4969139 0.49677502 2.2570304
0.005 1e-06 0.49906162 0.023121765 2.4644205
0.005 1e-07 0.50285622 0.00024924805 2.4117681
0.005 1e-08 0.48857989 2.4744537e-06 2.4060296
0.005 1e-09 0.51856699 2.4661758e-08 2.4315205
0.005 2.5118864e-05 0.50785486 0.2893016 1.8853656
0.005 2.5118864e-06 0.49841001 0.1311525 2.4217071
0.005 2.5118864e-07 0.4964505 0.0015498249 2.4336735
0.005 2.5118864e-08 0.48048632 1.5617724e-05 2.4106379
0.005 2.5118864e-09 0.51312454 1.576659e-07 2.4712618
0.005 3.1622777e-05 0.48901374 0.20122112 1.7767876
0.005 3.1622777e-06 0.50134286 0.18426805 2.3524075
0.005 3.1622777e-07 0.49194768 0.0024505243 2.3982723
0.005 3.1622777e-08 0.50462402 2.4536514e-05 2.4135226
0.005 3.1622777e-09 0.50471106 2.4546493e-07 2.4768143
0.005 3.9810717e-05 0.51386157 0.12581292 1.5401703
0.005 3.9810717e-06 0.49897515 0.26218217 2.3658333
0.005 3.9810717e-07 0.50605568 0.0038898389 2.4783278
0.005 3.9810717e-08 0.51078556 3.9084616e-05 2.5101119
0.005 3.9810717e-09 0.51410424 3.888107e-07 2.3710655
0.005 5.0118723e-05 0.52174055 0.073808971 1.3256933
0.005 5.0118723e-06 0.50109567 0.33724167 2.3642604
0.005 5.0118723e-07 0.49973831 0.0061923921 2.4325698
0.005 5.0118723e-08 0.50824709 6.2059203e-05 2.3608622
0.005 5.0118723e-09 0.52102359 6.1179497e-07 2.4300734
0.005 6.3095734e-05 0.50170221 0.039573019 1.1396957
0.005 6.3095734e-06 0.51322887 0.41119334 2.3445565
0.005 6.3095734e-07 0.50196088 0.0096462936 2.4257562
0.005 6.3095734e-08 0.50097267 9.8536829e-05 2.4319323
0.005 6.3095734e-09 0.51875857 9.8798672e-07 2.4246179
0.005 7.9432823e-05 0.49543138 0.021551936 0.9691927
0.005 7.9432823e-06 0.50328781 0.46941169 2.3156526
0.005 7.9432823e-07 0.50626269 0.015294445 2.4307488
0.005 7.9432823e-08 0.48075034 0.00015785819 2.4498854
0.005 7.9432823e-09 0.5168043 1.5507274e-06 2.4206208
0.01 0.00012589254 0.53695054 8.1180778e-05 0.39628626
0.01 0.00015848932 0.53220709 1.3239772e-05 1.1833186
0.01 0.00019952623 0.53213904 4.1516374e-07 1.0478401
0.01 0.0001 0.54077564 0.0004937296 0.8991533
0.01 0.00025118864 0.54131191 1.3220896e-09 0.36001677
0.01 0.00031622777 0.53707858 2.7724123e-16 0.42799951
0.01 0.001 0.5437306 0 0
0.01 0.0031622777 0.54671973 0 0
0.01 0.01 0.55141993 0 0
0.01 0.031622777 0.54576446 0 0
0.01 0.1 0.54841187 0 0
0.01 1.2589254e-05 0.54414507 0.28839509 1.919747
0.01 1.2589254e-06 0.54545746 0.13141906 2.3618094
0.01 1.2589254e-07 0.53098802 0.0015602398 2.4310009
0.01 1.2589254e-08 0.5325075 1.5841903e-05 2.4022257
0.01 1.2589254e-09 0.53922363 1.5390938e-07 2.3767966
0.01 1.5848932e-05 0.54473217 0.19943019 1.6921203
0.01 1.5848932e-06 0.53508175 0.1894209 2.4466101
0.01 1.5848932e-07 0.54124566 0.0024777927 2.3895233
0.01 1.5848932e-08 0.52714286 2.5249201e-05 2.4122568
0.01 1.5848932e-09 0.5298006 2.4671155e-07 2.4719695
0.01 1.9952623e-05 0.5321156 0.12655275 1.5825986
0.01 1.9952623e-06 0.53893945 0.25634768 2.4341469
0.01 1.9952623e-07 0.54184595 0.0040310609 2.4225363
0.01 1.9952623e-08 0.54682229 3.8907687e-05 2.4705146
0.01 1.9952623e-09 0.52788614 3.8758458e-07 2.3930503
0.01 1e-05 0.51119996 0.37467037 1.9533732
0.01 1e-06 0.53861434 0.086606956 2.4456719
0.01 1e-07 0.5532139 0.00098132584 2.4318784
0.01 1e-08 0.53509273 9.8559815e-06 2.5033489
0.01 1e-09 0.54457309 1.0112096e-07 2.4438095
0.01 2.5118864e-05 0.52968581 0.077394351 1.3279655
0.01 2.5118864e-06 0.53681264 0.33911577 2.3461149
0.01 2.5118864e-07 0.5317186 0.0060445703 2.4068502
0.01 2.5118864e-08 0.53849251 6.290136e-05 2.3985324
0.01 2.5118864e-09 0.55661334 6.2611139e-07 2.3251978
0.01 3.1622777e-05 0.53544984 0.04156398 1.1536144
0.01 3.1622777e-06 0.54868602 0.41078261 2.295105
0.01 3.1622777e-07 0.53765025 0.0097638779 2.4374231
0.01 3.1622777e-08 0.50577503 9.8416617e-05 2.4775663
0.01 3.1622777e-09 0.54853567 9.8759738e-07 2.4297545
0.01 3.9810717e-05 0.53206735 0.021113742 0.99357651
0.01 3.9810717e-06 0.53109333 0.46329611 2.3471806
0.01 3.9810717e-07 0.53565722 0.01571035 2.4377918
0.01 3.9810717e-08 0.53512843 0.00015608813 2.451903
0.01 3.9810717e-09 0.53914638 1.5551497e-06 2.3923527
0.01 5.0118723e-05 0.52928977 0.010309643 0.83393466
0.01 5.0118723e-06 0.53048697 0.49245133 2.2950085
0.01 5.0118723e-07 0.53008712 0.023731064 2.4215283
0.01 5.0118723e-08 0.52346437 0.00025133766 2.4350652
0.01 5.0118723e-09 0.52829828 2.4490159e-06 2.4159679
0.01 6.3095734e-05 0.54988096 0.0041611509 0.81443604
0.01 6.3095734e-06 0.56014821 0.48167066 2.2804482
0.01 6.3095734e-07 0.52758092 0.037332719 2.4840571
0.01 6.3095734e-08 0.53880859 0.00039282461 2.4321873
0.01 6.3095734e-09 0.53184985 3.9812351e-06 2.463464
0.01 7.9432823e-05 0.55445226 0.0018314245 0.62833804
0.01 7.9432823e-06 0.52657254 0.44262233 2.1418483
0.01 7.9432823e-07 0.54435871 0.057079896 2.4427059
0.01 7.9432823e-08 0.53150616 0.00062226157 2.421934
0.01 7.9432823e-09 0.53352482 6.108255e-06 2.4785699
0.05 0.00012589254 0.52947868 2.6782734e-40 0
0.05 0.00015848932 0.49962907 0 0
0.05 0.00019952623 0.51510263 0 0
0.05 0.0001 0.52095295 0 1.9988759
0.05 0.00025118864 0.51698233 0 0
0.05 0.00031622777 0.513961 0 0
0.05 0.001 0.52058937 0 0
0.05 0.0031622777 0.50724124 0 0
0.05 0.01 0.50497142 0 0
0.05 0.031622777 0.49805474 0 0
0.05 0.1 0.52339448 0 0
0.05 1.2589254e-05 0.50147606 0.0044615281 0.71806719
0.05 1.2589254e-06 0.50828346 0.48380237 2.1425026
0.05 1.2589254e-07 0.51060046 0.036553201 2.3858434
0.05 1.2589254e-08 0.5145325 0.00037051949 2.4523849
0.05 1.2589254e-09 0.48461592 3.8579959e-06 2.406985
0.05 1.5848932e-05 0.50446634 0.0017177513 0.80342911
0.05 1.5848932e-06 0.51458932 0.44851401 2.0871378
0.05 1.5848932e-07 0.52261429 0.056458566 2.3595305
0.05 1.5848932e-08 0.50999679 0.00060126254 2.4018734
0.05 1.5848932e-09 0.50564563 6.0713587e-06 2.3761284
0.05 1.9952623e-05 0.51253028 0.00027255337 0.39363377
0.05 1.9952623e-06 0.52399542 0.38221806 2.0520328
0.05 1.9952623e-07 0.5118919 0.085580659 2.3428104
0.05 1.9952623e-08 0.5059609 0.00097135275 2.4614233
0.05 1.9952623e-09 0.51040161 9.8178504e-06 2.3244475
0.05 1e-05 0.50688256 0.012168349 0.72340906
0.05 1e-06 0.50008906 0.49223006 2.279819
0.05 1e-07 0.51482734 0.023542101 2.4206561
0.05 1e-08 0.49857253 0.00023760777 2.3915265
0.05 1e-09 0.51940759 2.4293731e-06 2.3769882
0.05 2.5118864e-05 0.49792759 6.4648126e-05 0.36258541
0.05 2.5118864e-06 0.51031786 0.29246852 1.8372817
0.05 2.5118864e-07 0.51638583 0.12759511 2.4166474
0.05 2.5118864e-08 0.52217274 0.0015264303 2.3994946
0.05 2.5118864e-09 0.50401592 1.4995529e-05 2.427218
0.05 3.1622777e-05 0.51403352 1.942399e-06 1.9264641
0.05 3.1622777e-06 0.49731615 0.20381729 1.7540526
0.05 3.1622777e-07 0.50993338 0.18578528 2.3735438
0.05 3.1622777e-08 0.50124138 0.0023495831 2.4228235
0.05 3.1622777e-09 0.50947315 2.4597047e-05 2.4377684
0.05 3.9810717e-05 0.50278407 1.1289073e-08 0.65403403
0.05 3.9810717e-06 0.50932002 0.13221282 1.5412364
0.05 3.9810717e-07 0.49274026 0.25372582 2.35234
0.05 3.9810717e-08 0.49328393 0.003746651 2.3753055
0.05 3.9810717e-09 0.51590678 3.756259e-05 2.4272884
0.05 5.0118723e-05 0.49353344 5.8812631e-11 1.3240714
0.05 5.0118723e-06 0.50136669 0.075026531 1.3411425
0.05 5.0118723e-07 0.50833812 0.33308535 2.3504139
0.05 5.0118723e-08 0.51432903 0.005956973 2.4269266
0.05 5.0118723e-09 0.50198161 5.9572386e-05 2.4387449
0.05 6.3095734e-05 0.50186922 1.4899632e-14 0.89062411
0.05 6.3095734e-06 0.51301659 0.042178655 1.1072478
0.05 6.3095734e-07 0.50921423 0.40770179 2.2791668
0.05 6.3095734e-08 0.50129099 0.0094762996 2.3513538
0.05 6.3095734e-09 0.51405716 9.5911429e-05 2.4365209
0.05 7.9432823e-05 0.50976624 4.8503808e-21 1.5957027
0.05 7.9432823e-06 0.51670055 0.022504308 0.92044131
0.05 7.9432823e-07 0.49881351 0.46319506 2.3565646
0.05 7.9432823e-08 0.50052102 0.014646387 2.4180519
0.05 7.9432823e-09 0.51991404 0.00015298584 2.3817857
0.1 0.00012589254 0.43849947 0 0
0.1 0.00015848932 0.42980817 0 0
0.1 0.00019952623 0.43519832 0 0
0.1 0.0001 0.44459459 0 0
0.1 0.00025118864 0.43580936 0 0
0.1 0.00031622777 0.43652156 0 0
0.1 0.001 0.42054024 0 0
0.1 0.0031622777 0.42958629 0 0
0.1 0.01 0.43199409 0 0
0.1 0.031622777 0.44390536 0 0
0.1 0.1 0.42876233 0 0
0.1 1.2589254e-05 0.43777689 4.0605316e-05 0.76552145
0.1 1.2589254e-06 0.4326691 0.30153728 1.8022105
0.1 1.2589254e-07 0.43229684 0.12054713 2.3306134
0.1 1.2589254e-08 0.43789392 0.0014558463 2.2351758
0.1 1.2589254e-09 0.4443716 1.4198606e-05 2.2700737
0.1 1.5848932e-05 0.42975284 1.4463315e-06 0.055297872
0.1 1.5848932e-06 0.42673206 0.20871172 1.6329731
0.1 1.5848932e-07 0.4365862 0.17496681 2.2240168
0.1 1.5848932e-08 0.4342165 0.0022693942 2.2670806
0.1 1.5848932e-09 0.43705975 2.3151171e-05 2.3342447
0.1 1.9952623e-05 0.41597907 9.4135453e-08 1.0592544
0.1 1.9952623e-06 0.43742209 0.13280476 1.5606587
0.1 1.9952623e-07 0.43021295 0.24553107 2.2629396
0.1 1.9952623e-08 0.42307835 0.0035567316 2.2396881
0.1 1.9952623e-09 0.43251224 3.6411063e-05 2.3352467
0.1 1e-05 0.44125461 0.00046084017 0.85870527
0.1 1e-06 0.4206757 0.38646225 1.9926438
0.1 1e-07 0.43426733 0.081799125 2.2653282
0.1 1e-08 0.43620413 0.00093017844 2.2796566
0.1 1e-09 0.43624538 9.1168837e-06 2.257173
0.1 2.5118864e-05 0.43310525 1.2963854e-09 1.4392014
0.1 2.5118864e-06 0.43316676 0.077096975 1.2958526
0.1 2.5118864e-07 0.42979585 0.31859089 2.2556665
0.1 2.5118864e-08 0.4216358 0.0057564393 2.2717098
0.1 2.5118864e-09 0.44303779 5.8106468e-05 2.3032228
0.1 3.1622777e-05 0.42922534 4.2731748e-14 1.0001177
0.1 3.1622777e-06 0.42256329 0.045296043 1.1523077
0.1 3.1622777e-07 0.43331916 0.40360358 2.1986017
0.1 3.1622777e-08 0.42473119 0.0090009326 2.251799
0.1 3.1622777e-09 0.43027051 9.1649335e-05 2.2609778
0.1 3.9810717e-05 0.41564099 4.1372768e-15 0.00076699503
0.1 3.9810717e-06 0.41857168 0.023136305 1.0071835
0.1 3.9810717e-07 0.43987575 0.45916219 2.2836521
0.1 3.9810717e-08 0.44487136 0.014275617 2.3653629
0.1 3.9810717e-09 0.41571814 0.00014620896 2.3062782
0.1 5.0118723e-05 0.44072981 3.4396922e-24 1.5671147e-09
0.1 5.0118723e-06 0.42994012 0.011071162 0.83262271
0.1 5.0118723e-07 0.40043756 0.49542734 2.1623443
0.1 5.0118723e-08 0.43504672 0.022759807 2.2915928
0.1 5.0118723e-09 0.439376 0.00023226022 2.3074657
0.1 6.3095734e-05 0.42541771 3.0661482e-45 0
0.1 6.3095734e-06 0.43119286 0.0040857 0.7738921
0.1 6.3095734e-07 0.4286586 0.49852243 2.0469333
0.1 6.3095734e-08 0.43271594 0.034250646 2.2856365
0.1 6.3095734e-09 0.41776999 0.00036508475 2.2613091
0.1 7.9432823e-05 0.43719859 0 0
0.1 7.9432823e-06 0.43152345 0.0016875521 0.60925019
0.1 7.9432823e-07 0.42788546 0.4696596 2.0189502
0.1 7.9432823e-08 0.42088032 0.054072464 2.3071599
0.1 7.9432823e-09 0.43756643 0.00057738315 2.257032
0.15 0.00012589254 0.25650926 0 0
0.15 0.00015848932 0.24701439 0 0
0.15 0.00019952623 0.25524312 0 0
0.15 0.0001 0.24866533 0 0
0.15 0.00025118864 0.24070112 0 0
0.15 0.00031622777 0.25141272 0 0
0.15 0.001 0.25361465 0 0
0.15 0.0031622777 0.25865134 0 0
0.15 0.01 0.24296572 0 0
0.15 0.031622777 0.24555079 0 0
0.15 0.1 0.24951377 0 0
0.15 1.2589254e-05 0.25450994 9.3479012e-08 0.34539233
0.15 1.2589254e-06 0.24918703 0.12900685 1.0305704
0.15 1.2589254e-07 0.25889924 0.15649233 1.543717
0.15 1.2589254e-08 0.25511018 0.0022013583 1.5623157
0.15 1.2589254e-09 0.26279664 2.1774238e-05 1.5234946
0.15 1.5848932e-05 0.25294934 2.4144892e-10 1.9655386
0.15 1.5848932e-06 0.24421984 0.081723998 0.92341768
0.15 1.5848932e-07 0.25602093 0.21227345 1.5346878
0.15 1.5848932e-08 0.25760602 0.0035139041 1.5705338
0.15 1.5848932e-09 0.25313191 3.5120567e-05 1.5774824
0.15 1.9952623e-05 0.26077926 1.4481246e-14 0.0007758486
0.15 1.9952623e-06 0.24201719 0.041241786 0.82563599
0.15 1.9952623e-07 0.25928973 0.27003126 1.5080909
0.15 1.9952623e-08 0.25365965 0.0053440825 1.55378
0.15 1.9952623e-09 0.24551771 5.5087018e-05 1.6058534
0.15 1e-05 0.25413129 4.730399e-06 0.40571857
0.15 1e-06 0.26111797 0.19422085 1.1908651
0.15 1e-07 0.24771016 0.10905125 1.5399163
0.15 1e-08 0.24440525 0.0013892109 1.5643848
0.15 1e-09 0.23907755 1.381214e-05 1.5736353
0.15 2.5118864e-05 0.2515769 7.7418454e-20 0.3993491
0.15 2.5118864e-06 0.2546852 0.024818824 0.69203167
0.15 2.5118864e-07 0.24638258 0.32567802 1.4788429
0.15 2.5118864e-08 0.24361568 0.0087904675 1.5364247
0.15 2.5118864e-09 0.25878754 8.9468925e-05 1.617997
0.15 3.1622777e-05 0.25987253 4.2583724e-27 0.54205951
0.15 3.1622777e-06 0.24057166 0.011689822 0.62798814
0.15 3.1622777e-07 0.25129234 0.36720262 1.5093743
0.15 3.1622777e-08 0.26170236 0.013252935 1.5097069
0.15 3.1622777e-09 0.25047103 0.00013914462 1.5468566
0.15 3.9810717e-05 0.24361521 4.6998408e-39 0
0.15 3.9810717e-06 0.2680979 0.0050250236 0.57300056
0.15 3.9810717e-07 0.26046105 0.38157204 1.4511851
0.15 3.9810717e-08 0.25642117 0.020840365 1.5870447
0.15 3.9810717e-09 0.25980331 0.00022000303 1.5389531
0.15 5.0118723e-05 0.251821 0 0
0.15 5.0118723e-06 0.24238443 0.001882857 0.58628307
0.15 5.0118723e-07 0.2533861 0.37460152 1.4052911
0.15 5.0118723e-08 0.25773004 0.033003621 1.5656394
0.15 5.0118723e-09 0.25324566 0.00034835657 1.5017216
0.15 6.3095734e-05 0.27087148 0 0
0.15 6.3095734e-06 0.24581932 0.00047374355 0.5646982
0.15 6.3095734e-07 0.25313905 0.32789579 1.3771161
0.15 6.3095734e-08 0.24589148 0.050134036 1.5198484
0.15 6.3095734e-09 0.25691459 0.00055265131 1.5468918
0.15 7.9432823e-05 0.25570842 0 0
0.15 7.9432823e-06 0.25908614 8.0050238e-05 0.79696832
0.15 7.9432823e-07 0.25548339 0.26563072 1.2553483
0.15 7.9432823e-08 0.25491807 0.074742806 1.5009793
0.15 7.9432823e-09 0.24861707 0.00089570804 1.5257285
0.2 0.00012589254 0.22 0 0
0.2 0.00015848932 0.2066 0 0
0.2 0.00019952623 0.2206 0 0
0.2 0.0001 0.2242 0 0
0.2 0.00025118864 0.2122 0 0
0.2 0.00031622777 0.207 0 0
0.2 0.001 0.2244 0 0
0.2 0.0031622777 0.2208 0 0
0.2 0.01 0.2164 0 0
0.2 0.031622777 0.2144 0 0
0.2 0.1 0.209 0 0
0.2 1.2589254e-05 0.2124 3.5189495e-10 0.40823205
0.2 1.2589254e-06 0.2224 0.068005175 0.92024901
0.2 1.2589254e-07 0.2214 0.21786705 1.5254376
0.2 1.2589254e-08 0.2138 0.003820868 1.5182132
0.2 1.2589254e-09 0.2214 3.9638845e-05 1.5562266
0.2 1.5848932e-05 0.2172 4.0330548e-14 0.008161493
0.2 1.5848932e-06 0.2098 0.038629138 0.81214857
0.2 1.5848932e-07 0.2166 0.27846585 1.4677985
0.2 1.5848932e-08 0.2154 0.0059890114 1.4977765
0.2 1.5848932e-09 0.2172 6.0045252e-05 1.5221041
0.2 1.9952623e-05 0.2006 5.2818132e-20 1.9962843
0.2 1.9952623e-06 0.227 0.019996898 0.68694736
0.2 1.9952623e-07 0.2254 0.33281625 1.458593
0.2 1.9952623e-08 0.2188 0.0096422189 1.4762824
0.2 1.9952623e-09 0.2128 9.4816683e-05 1.5030376
0.2 1e-05 0.2106 8.0269015e-07 0.29222034
0.2 1e-06 0.2302 0.11533674 0.97293768
0.2 1e-07 0.2094 0.1655911 1.4588685
0.2 1e-08 0.2112 0.0025003738 1.5252354
0.2 1e-09 0.2172 2.4921569e-05 1.4787523
0.2 2.5118864e-05 0.2092 5.1747352e-34 2.3009698e-09
0.2 2.5118864e-06 0.2138 0.0092427582 0.56540531
0.2 2.5118864e-07 0.2238 0.37223914 1.5033793
0.2 2.5118864e-08 0.2152 0.014459897 1.5046139
0.2 2.5118864e-09 0.22 0.00015453362 1.5363336
0.2 3.1622777e-05 0.2192 0 0
0.2 3.1622777e-06 0.2168 0.0040707534 0.5050088
0.2 3.1622777e-07 0.2232 0.38580592 1.4062977
0.2 3.1622777e-08 0.2174 0.02341805 1.5432714
0.2 3.1622777e-09 0.2128 0.00024357821 1.5279472
0.2 3.9810717e-05 0.212 0 0
0.2 3.9810717e-06 0.2206 0.0015198814 0.48930707
0.2 3.9810717e-07 0.2116 0.36432554 1.386291
0.2 3.9810717e-08 0.215 0.035054633 1.4986712
0.2 3.9810717e-09 0.2162 0.00038648047 1.5139555
0.2 5.0118723e-05 0.2238 0 0
0.2 5.0118723e-06 0.2046 0.00031148057 0.46783126
0.2 5.0118723e-07 0.2192 0.31556752 1.3201748
0.2 5.0118723e-08 0.2286 0.053950463 1.5280089
0.2 5.0118723e-09 0.2218 0.00061284247 1.5056116
0.2 6.3095734e-05 0.215 0 0
0.2 6.3095734e-06 0.2174 8.9416166e-05 0.73373726
0.2 6.3095734e-07 0.2094 0.25161299 1.2057157
0.2 6.3095734e-08 0.2236 0.08041332 1.5325009
0.2 6.3095734e-09 0.2176 0.00098124056 1.5396438
0.2 7.9432823e-05 0.2206 0 0
0.2 7.9432823e-06 0.2174 7.4650242e-06 0.15958133
0.2 7.9432823e-07 0.2096 0.18334805 1.153207
0.2 7.9432823e-08 0.2144 0.11724066 1.5066162
0.2 7.9432823e-09 0.2082 0.0015162287 1.5413948
0.25 0.00012589254 0.12958916 0 0
0.25 0.00015848932 0.1355246 0 0
0.25 0.00019952623 0.13271437 0 0
0.25 0.0001 0.13905178 0 0
0.25 0.00025118864 0.14132071 0 0
0.25 0.00031622777 0.13605347 0 0
0.25 0.25 0.14689665 0 0
0.25 1.1220185e-05 0.13720614 4.4563823e-17 8.0066089e-06
0.25 1.1220185e-05 0.13720614 4.4563823e-17 8.0066089e-06
0.25 1.2589254e-05 0.14977203 5.18917e-20 1.0014468e-07
0.25 1.2589254e-06 0.14734658 0.019501787 0.47412054
0.25 1.2589254e-07 0.1380975 0.33376015 1.3187492
0.25 1.2589254e-08 0.13798468 0.0094339733 1.4075457
0.25 1.2589254e-09 0.13447024 9.6619032e-05 1.4059697
0.25 1.4125375e-05 0.14113922 2.8174733e-28 1.7601214
0.25 1.4125375e-05 0.14113922 2.8174733e-28 1.7601214
0.25 1.5848932e-05 0.14290294 1.3947e-39 6.9459449e-08
0.25 1.5848932e-06 0.13436923 0.0085236259 0.41294223
0.25 1.5848932e-07 0.13012725 0.36932123 1.2977896
0.25 1.5848932e-08 0.14057726 0.014888896 1.4566974
0.25 1.5848932e-09 0.13730222 0.00015284952 1.4137803
0.25 1.7782794e-05 0.14142804 1.1293907e-40 0.00010615038
0.25 1.7782794e-05 0.14142804 1.1293907e-40 0.00010615038
0.25 1.9952623e-05 0.12651025 4.9155679e-40 0
0.25 1.9952623e-06 0.1295043 0.0039595976 0.43226881
0.25 1.9952623e-07 0.14205124 0.37600852 1.1756179
0.25 1.9952623e-08 0.12512533 0.023082992 1.3774152
0.25 1.9952623e-09 0.13335729 0.00023669946 1.3601607
0.25 1e-05 0.13795299 4.8581274e-14 0.32904408
0.25 1e-06 0.12755134 0.035272664 0.53351362
0.25 1e-07 0.13749799 0.2799668 1.3478615
0.25 1e-08 0.13277954 0.0059531429 1.3423443
0.25 1e-09 0.12786609 5.893405e-05 1.4383718
0.25 2.2387211e-05 0.13715394 0 0
0.25 2.5118864e-05 0.1343748 0 0
0.25 2.5118864e-06 0.14155607 0.0016221844 0.44657595
0.25 2.5118864e-07 0.13247405 0.35276171 1.1700621
0.25 2.5118864e-08 0.13874577 0.036155224 1.3565101
0.25 2.5118864e-09 0.13169844 0.00038669614 1.4060302
0.25 2.8183829e-05 0.13189764 0 0
0.25 3.1622777e-05 0.14655812 0 0
0.25 3.1622777e-06 0.14560185 0.00028561282 0.2457715
0.25 3.1622777e-07 0.13232607 0.30292826 1.082595
0.25 3.1622777e-08 0.14097908 0.054717976 1.3649326
0.25 3.1622777e-09 0.13692346 0.00061510876 1.4492104
0.25 3.5481339e-05 0.14096544 0 0
0.25 3.9810717e-05 0.13919541 0 0
0.25 3.9810717e-06 0.13558549 8.0067747e-05 0.54951827
0.25 3.9810717e-07 0.13694225 0.24158271 0.98612646
0.25 3.9810717e-08 0.1308139 0.079637664 1.4676803
0.25 3.9810717e-09 0.14132298 0.00095122885 1.4125619
0.25 4.4668359e-05 0.13391336 0 0
0.25 5.0118723e-05 0.14129144 0 0
0.25 5.0118723e-06 0.1325826 4.5425873e-06 0.36496137
0.25 5.0118723e-07 0.14100883 0.1696822 0.87131173
0.25 5.0118723e-08 0.14242849 0.1151817 1.3871716
0.25 5.0118723e-09 0.14520493 0.0015036061 1.3847607
0.25 5.6234133e-05 0.13994112 0 0
0.25 6.3095734e-05 0.13683752 0 0
0.25 6.3095734e-06 0.13134366 5.6191796e-07 0.021806586
0.25 6.3095734e-07 0.14099 0.10916781 0.77347608
0.25 6.3095734e-08 0.14482231 0.16488882 1.4116687
0.25 6.3095734e-09 0.13496513 0.0024440777 1.3531698
0.25 7.0794578e-05 0.14113096 0 0
0.25 7.9432823e-05 0.13753534 0 0
0.25 7.9432823e-06 0.13953452 2.2602885e-11 0.23525251
0.25 7.9432823e-07 0.1397024 0.06266754 0.6180282
0.25 7.9432823e-08 0.14054456 0.22349873 1.4597555
0.25 7.9432823e-09 0.13694754 0.0038380253 1.3549735
0.3 0.00012589254 0.12294704 0 0
0.3 0.00015848932 0.11738552 0 0
0.3 0.00019952623 0.12571728 0 0
0.3 0.0001 0.13479278 0 0
0.3 0.00025118864 0.12013079 0 0
0.3 0.00031622777 0.13077179 0 0
0.3 1.2589254e-05 0.12890441 8.4727928e-30 1
0.3 1.2589254e-06 0.11892986 0.0090559953 0.39881262
0.3 1.2589254e-07 0.12095503 0.36813208 1.3055197
0.3 1.2589254e-08 0.12632491 0.013787887 1.3210579
0.3 1.2589254e-09 0.12234563 0.00014262633 1.3107074
0.3 1.5848932e-05 0.12151891 4.3592722e-48 0
0.3 1.5848932e-06 0.12894483 0.0036170232 0.47058246
0.3 1.5848932e-07 0.12133123 0.38143942 1.2566293
0.3 1.5848932e-08 0.12872044 0.021296971 1.3696094
0.3 1.5848932e-09 0.1241456 0.00022373217 1.4060413
0.3 1.9952623e-05 0.11138009 0 0
0.3 1.9952623e-06 0.12713744 0.0012675604 0.46162913
0.3 1.9952623e-07 0.13071936 0.35801904 1.1574182
0.3 1.9952623e-08 0.12893196 0.032878638 1.3369532
0.3 1.9952623e-09 0.13561853 0.00035317859 1.3718116
0.3 1e-05 0.12294907 2.5553531e-26 1.0001265
0.3 1e-06 0.1248928 0.020394318 0.49661789
0.3 1e-07 0.11839849 0.32770491 1.2790437
0.3 1e-08 0.12748274 0.0086775772 1.4636973
0.3 1e-09 0.13631719 8.6981456e-05 1.4418603
0.3 2.5118864e-05 0.12211176 0 0
0.3 2.5118864e-06 0.12798884 0.00038589813 0.36487518
0.3 2.5118864e-07 0.1263419 0.31438881 1.1430648
0.3 2.5118864e-08 0.12218043 0.049059827 1.455006
0.3 2.5118864e-09 0.13269928 0.00054915793 1.3935267
0.3 3.1622777e-05 0.12427614 0 0
0.3 3.1622777e-06 0.12954108 6.2031875e-05 0.26250204
0.3 3.1622777e-07 0.13136145 0.24276681 1.075003
0.3 3.1622777e-08 0.13197324 0.075378892 1.3547217
0.3 3.1622777e-09 0.12236957 0.00086398292 1.3734996
0.3 3.9810717e-05 0.12297606 0 0
0.3 3.9810717e-06 0.13412985 2.3173307e-06 0.59648467
0.3 3.9810717e-07 0.120153 0.17368484 0.92718601
0.3 3.9810717e-08 0.12655186 0.10832796 1.4160494
0.3 3.9810717e-09 0.12168195 0.001434632 1.4292862
0.3 5.0118723e-05 0.11992926 0 0
0.3 5.0118723e-06 0.12750405 7.4408405e-08 0.1478966
0.3 5.0118723e-07 0.12209699 0.11104696 0.79875403
0.3 5.0118723e-08 0.12875008 0.15321885 1.3891244
0.3 5.0118723e-09 0.13153539 0.0022842789 1.3808745
0.3 6.3095734e-05 0.12661056 0 0
0.3 6.3095734e-06 0.12034955 2.7202323e-10 0.50270433
0.3 6.3095734e-07 0.12016041 0.065604248 0.65896074
0.3 6.3095734e-08 0.1221387 0.20691773 1.3468738
0.3 6.3095734e-09 0.12494374 0.0034583626 1.4530168
0.3 7.9432823e-05 0.13178395 0 0
0.3 7.9432823e-06 0.12433968 6.6417353e-16 1.4709227
0.3 7.9432823e-07 0.12897601 0.037453978 0.56872044
0.3 7.9432823e-08 0.12411656 0.26635522 1.3795555
0.3 7.9432823e-09 0.12068299 0.0055059716 1.4060946
0.35 0.00012589254 0.11285027 0 0
0.35 0.00015848932 0.11705035 0 0
0.35 0.00019952623 0.10263573 0 0
0.35 0.0001 0.11282256 0 0
0.35 0.00025118864 0.11543177 0 0
0.35 0.00031622777 0.11764875 0 0
0.35 1.2589254e-05 0.11180848 1.2009058e-45 0
0.35 1.2589254e-06 0.11621596 0.0056596259 0.49110573
0.35 1.2589254e-07 0.12443465 0.37525115 1.2882598
0.35 1.2589254e-08 0.11365311 0.017445109 1.4135225
0.35 1.2589254e-09 0.11963941 0.0001808467 1.3436668
0.35 1.5848932e-05 0.11163797 0 0
0.35 1.5848932e-06 0.11201393 0.0021519157 0.45574169
0.35 1.5848932e-07 0.11904942 0.37062012 1.2411181
0.35 1.5848932e-08 0.11744062 0.026753174 1.3412589
0.35 1.5848932e-09 0.11384754 0.00029141391 1.3172001
0.35 1.9952623e-05 0.11741601 0 0
0.35 1.9952623e-06 0.11863281 0.00052593432 0.32555016
0.35 1.9952623e-07 0.12404942 0.33695422 1.1427209
0.35 1.9952623e-08 0.11865252 0.04137106 1.4038662
0.35 1.9952623e-09 0.11083074 0.00046212254 1.4031105
0.35 1e-05 0.12041532 1.0242245e-28 8.6915132e-08
0.35 1e-06 0.12163281 0.013437852 0.46120249
0.35 1e-07 0.12165051 0.35298936 1.2924103
0.35 1e-08 0.1220096 0.011101558 1.4128915
0.35 1e-09 0.1158399 0.00011395225 1.3879423
0.35 2.5118864e-05 0.1130068 0 0
0.35 2.5118864e-06 0.11582702 8.6166353e-05 0.51960996
0.35 2.5118864e-07 0.1158465 0.27033852 1.0851984
0.35 2.5118864e-08 0.1122471 0.062996974 1.3240918
0.35 2.5118864e-09 0.11623581 0.0007078525 1.3697453
0.35 3.1622777e-05 0.11322264 0 0
0.35 3.1622777e-06 0.11844146 8.1396889e-06 0.48413519
0.35 3.1622777e-07 0.11563113 0.20120922 0.96048429
0.35 3.1622777e-08 0.1152 0.093554964 1.3486981
0.35 3.1622777e-09 0.10661376 0.0011255812 1.3588801
0.35 3.9810717e-05 0.11424868 0 0
0.35 3.9810717e-06 0.11322986 3.7530246e-07 0.2460006
0.35 3.9810717e-07 0.10782425 0.13252764 0.8399055
0.35 3.9810717e-08 0.1242503 0.13237486 1.3645305
0.35 3.9810717e-09 0.12081409 0.0018380826 1.4021127
0.35 5.0118723e-05 0.12143305 0 0
0.35 5.0118723e-06 0.12442813 1.058222e-09 0.095336704
0.35 5.0118723e-07 0.11824226 0.078472806 0.67611062
0.35 5.0118723e-08 0.121251 0.1830518 1.3441526
0.35 5.0118723e-09 0.11864262 0.0029476538 1.3760026
0.35 6.3095734e-05 0.12063955 0 0
0.35 6.3095734e-06 0.12542473 1.0744408e-16 2.9134854e-05
0.35 6.3095734e-07 0.11882376 0.045734879 0.63219968
0.35 6.3095734e-08 0.11641628 0.24384344 1.3531878
0.35 6.3095734e-09 0.11342997 0.0044770434 1.3295575
0.35 7.9432823e-05 0.11322265 0 0
0.35 7.9432823e-06 0.1118397 1.9292153e-20 0.0018092199
0.35 7.9432823e-07 0.11882601 0.024627236 0.51893113
0.35 7.9432823e-08 0.11823125 0.29913488 1.2837063
0.35 7.9432823e-09 0.11682481 0.00711171 1.3563017
0.3 1.5848932e-05 0.12151891 4.3592722e-48 0
0.4 0.00012589254 0.0996 0 0
0.4 0.00015848932 0.0962 0 0
0.4 0.00019952623 0.103 0 0
0.4 0.0001 0.10320724 0 0
0.4 0.00025118864 0.1008 0 0
0.4 0.00031622777 0.0986 0 0
0.4 1.2589254e-05 0.0986 0 0
0.4 1.2589254e-06 0.10141336 0.0022895807 0.48308813
0.4 1.2589254e-07 0.106 0.37655621 1.219113
0.4 1.2589254e-08 0.1088 0.023244888 1.306611
0.4 1.2589254e-09 0.098806961 0.00024776908 1.3547425
0.4 1.5848932e-05 0.1062 0 0
0.4 1.5848932e-06 0.0968 0.00083785179 0.52790669
0.4 1.5848932e-07 0.1044 0.34458271 1.1840299
0.4 1.5848932e-08 0.10240596 0.035467201 1.3426615
0.4 1.5848932e-09 0.0944 0.00039653372 1.3549184
0.4 1.9952623e-05 0.097012162 0 0
0.4 1.9952623e-06 0.10060692 0.00021324044 0.35568731
0.4 1.9952623e-07 0.10060732 0.29087227 1.0649204
0.4 1.9952623e-08 0.1006 0.054922674 1.3545759
0.4 1.9952623e-09 0.1028 0.00061572667 1.3010554
0.4 1e-05 0.0936 5.5620814e-44 0
0.4 1e-06 0.0986 0.0071753396 0.44723483
0.4 1e-07 0.0932 0.36775899 1.2529858
0.4 1e-08 0.0976 0.014832157 1.2931973
0.4 1e-09 0.1028 0.00015584425 1.3353644
0.4 2.5118864e-05 0.109 0 0
0.4 2.5118864e-06 0.1062 8.761625e-06 0.21310168
0.4 2.5118864e-07 0.0966 0.22051475 0.95581596
0.4 2.5118864e-08 0.109 0.080365881 1.2851851
0.4 2.5118864e-09 0.107 0.00097210954 1.3300021
0.4 3.1622777e-05 0.10300696 0 0
0.4 3.1622777e-06 0.097 7.7428219e-07 0.10017129
0.4 3.1622777e-07 0.1012 0.15284935 0.83023706
0.4 3.1622777e-08 0.099007562 0.11655632 1.3707931
0.4 3.1622777e-09 0.0998 0.0015522254 1.3196429
0.4 3.9810717e-05 0.1076 0 0
0.4 3.9810717e-06 0.102 5.4147442e-10 0.96441788
0.4 3.9810717e-07 0.1098 0.096204752 0.76489091
0.4 3.9810717e-08 0.10100572 0.1644993 1.3427253
0.4 3.9810717e-09 0.0974 0.0024606567 1.2769352
0.4 5.0118723e-05 0.1006 0 0
0.4 5.0118723e-06 0.098 3.9809032e-12 0.00053526484
0.4 5.0118723e-07 0.1058 0.054989239 0.65782065
0.4 5.0118723e-08 0.0964 0.22084115 1.3419073
0.4 5.0118723e-09 0.10180624 0.003889834 1.3338248
0.4 6.3095734e-05 0.10660788 0 0
0.4 6.3095734e-06 0.11180716 3.5142161e-17 0.0066831622
0.4 6.3095734e-07 0.104 0.031433286 0.55971175
0.4 6.3095734e-08 0.10000612 0.27907692 1.3451457
0.4 6.3095734e-09 0.1002 0.006022983 1.2993649
0.4 7.9432823e-05 0.0998 0 0
0.4 7.9432823e-06 0.1044074 7.9822494e-24 4.5076011e-06
0.4 7.9432823e-07 0.10220568 0.016884527 0.4712248
0.4 7.9432823e-08 0.1026 0.33085691 1.2713421
0.4 7.9432823e-09 0.0986 0.009447367 1.3419644
0.45 0.00012589254 0.0888 0 0
0.45 0.00015848932 0.0814 0 0
0.45 0.00019952623 0.0862 0 0
0.45 0.0001 0.0946 0 0
0.45 0.00025118864 0.095 0 0
0.45 0.00031622777 0.0874 0 0
0.45 1.2589254e-05 0.09 0 0
0.45 1.2589254e-06 0.097 0.0013583324 0.45644644
0.45 1.2589254e-07 0.0798 0.36319033 1.0945465
0.45 1.2589254e-08 0.0856 0.029219652 1.2153367
0.45 1.2589254e-09 0.082 0.00031052634 1.2178749
0.45 1.5848932e-05 0.0856 0 0
0.45 1.5848932e-06 0.0818 0.00033214998 0.4880751
0.45 1.5848932e-07 0.0864 0.3204771 1.0375139
0.45 1.5848932e-08 0.0884 0.044341737 1.2205932
0.45 1.5848932e-09 0.092 0.00049695508 1.2516299
0.45 1.9952623e-05 0.0802 0 0
0.45 1.9952623e-06 0.0914 5.4824446e-05 0.2463199
0.45 1.9952623e-07 0.0828 0.25677911 0.96215551
0.45 1.9952623e-08 0.0904 0.067750604 1.2446955
0.45 1.9952623e-09 0.0896 0.00076937463 1.1993276
0.45 1e-05 0.0902 0 0
0.45 1e-06 0.0902 0.004356317 0.41909579
0.45 1e-07 0.087 0.37888122 1.1655787
0.45 1e-08 0.0876 0.018801479 1.220398
0.45 1e-09 0.087 0.00019550487 1.250163
0.45 2.5118864e-05 0.0936 0 0
0.45 2.5118864e-06 0.0854 3.9963527e-06 0.39727565
0.45 2.5118864e-07 0.0936 0.18097649 0.88537817
0.45 2.5118864e-08 0.0846 0.098688693 1.2607141
0.45 2.5118864e-09 0.084 0.0012493713 1.2487724
0.45 3.1622777e-05 0.087 0 0
0.45 3.1622777e-06 0.0896 5.9002522e-08 0.98012448
0.45 3.1622777e-07 0.094 0.12304829 0.80141959
0.45 3.1622777e-08 0.091 0.13954648 1.3113879
0.45 3.1622777e-09 0.0882 0.0020518288 1.2103686
0.45 3.9810717e-05 0.0922 0 0
0.45 3.9810717e-06 0.0822 5.1178389e-10 0.00035851281
0.45 3.9810717e-07 0.0816 0.072733558 0.66025781
0.45 3.9810717e-08 0.0816 0.19005438 1.2339803
0.45 3.9810717e-09 0.086206561 0.0031944304 1.2196108
0.45 5.0118723e-05 0.094 0 0
0.45 5.0118723e-06 0.0852 3.0025051e-17 1.3869175
0.45 5.0118723e-07 0.0918 0.038232048 0.61404654
0.45 5.0118723e-08 0.0802 0.24920937 1.2201889
0.45 5.0118723e-09 0.0876 0.0048975103 1.3072035
0.45 6.3095734e-05 0.0942 0 0
0.45 6.3095734e-06 0.0926 2.6872645e-19 8.1185545e-14
0.45 6.3095734e-07 0.0898 0.022947159 0.48715549
0.45 6.3095734e-08 0.0888 0.30693607 1.2125294
0.45 6.3095734e-09 0.089 0.0079009212 1.2396718
0.45 7.9432823e-05 0.082405521 0 0
0.45 7.9432823e-06 0.0902 1.7710563e-29 4.6780485e-11
0.45 7.9432823e-07 0.0818 0.01153105 0.35751479
0.45 7.9432823e-08 0.0912 0.35527151 1.1520158
0.45 7.9432823e-09 0.0908 0.012132809 1.2312933
0.5 0.00012589254 0.0796 0 0
0.5 0.00015848932 0.0844 0 0
0.5 0.00019952623 0.0796 0 0
0.5 0.0001 0.0816 0 0
0.5 0.00025118864 0.0722 0 0
0.5 0.00031622777 0.074 0 0
0.5 1.2589254e-05 0.0762 0 0
0.5 1.2589254e-06 0.0774 0.00058276515 0.54439463
0.5 1.2589254e-07 0.0768 0.34876534 1.0553617
0.5 1.2589254e-08 0.0762 0.035391679 1.162966
0.5 1.2589254e-09 0.0822 0.00038356569 1.1060002
0.5 1.5848932e-05 0.0784 0 0
0.5 1.5848932e-06 0.084 0.00020502039 0.58515286
0.5 1.5848932e-07 0.0754 0.29111624 0.98870145
0.5 1.5848932e-08 0.0766 0.054000908 1.2032782
0.5 1.5848932e-09 0.0738 0.00060505696 1.2149113
0.5 1.9952623e-05 0.0814 0 0
0.5 1.9952623e-06 0.0738 8.6598235e-06 0.94607216
0.5 1.9952623e-07 0.0828 0.22377779 0.90600715
0.5 1.9952623e-08 0.0848 0.081629827 1.1619226
0.5 1.9952623e-09 0.0692 0.00098336054 1.2149086
0.5 1e-05 0.0814 0 0
0.5 1e-06 0.071 0.0031017117 0.42451138
0.5 1e-07 0.0712 0.37115403 1.0579927
0.5 1e-08 0.0788 0.023002042 1.2288683
0.5 1e-09 0.0796 0.00025224894 1.1368745
0.5 2.5118864e-05 0.0758 0 0
0.5 2.5118864e-06 0.0714 8.837418e-07 0.79438329
0.5 2.5118864e-07 0.0802 0.15987569 0.77864224
0.5 2.5118864e-08 0.079 0.11752564 1.1939542
0.5 2.5118864e-09 0.0834 0.0015477637 1.2312772
0.5 3.1622777e-05 0.0754 0 0
0.5 3.1622777e-06 0.0724 3.3064111e-09 0.92598212
0.5 3.1622777e-07 0.075 0.096454797 0.68635839
0.5 3.1622777e-08 0.0772 0.16447508 1.1631365
0.5 3.1622777e-09 0.0744 0.0025099575 1.1387226
0.5 3.9810717e-05 0.0788 0 0
0.5 3.9810717e-06 0.0778 1.5399079e-14 0.02207113
0.5 3.9810717e-07 0.0782 0.054139133 0.63103031
0.5 3.9810717e-08 0.072 0.21914489 1.1605333
0.5 3.9810717e-09 0.0734 0.0037454185 1.1884986
0.5 5.0118723e-05 0.0844 0 0
0.5 5.0118723e-06 0.0732 7.9182818e-21 0.872781
0.5 5.0118723e-07 0.0744 0.03197417 0.55725378
0.5 5.0118723e-08 0.0838 0.27970387 1.1352075
0.5 5.0118723e-09 0.0792 0.0061868127 1.174834
0.5 6.3095734e-05 0.071 0 0
0.5 6.3095734e-06 0.0824 9.7814289e-28 1.2856847
0.5 6.3095734e-07 0.0792 0.016320793 0.50652286
0.5 6.3095734e-08 0.0724 0.3298084 1.1339166
0.5 6.3095734e-09 0.0802 0.0096883087 1.1682766
0.5 7.9432823e-05 0.0754 0 0
0.5 7.9432823e-06 0.0808 3.2569242e-40 0
0.5 7.9432823e-07 0.072 0.0069022651 0.38176448
0.5 7.9432823e-08 0.0722 0.3666287 1.0681838
0.5 7.9432823e-09 0.0784 0.015079217 1.213006
0.55 1.2589254e-05 0.0462 0 0
0.55 1.2589254e-06 0.0456 0.00013363808 0.29416483
0.55 1.2589254e-07 0.0458 0.22103129 0.6426034
0.55 1.2589254e-08 0.0458 0.028938018 0.75937936
0.55 1.5848932e-05 0.0448 0 0
0.55 1.5848932e-06 0.0434 1.0906322e-05 0.04692367
0.55 1.5848932e-07 0.0396 0.17295823 0.61296493
0.55 1.5848932e-08 0.0404 0.044069246 0.74317434
0.55 1.9952623e-05 0.0384 0 0
0.55 1.9952623e-06 0.0474 6.339471e-07 0.23187754
0.55 1.9952623e-07 0.0386 0.12019228 0.55339672
0.55 1.9952623e-08 0.0418 0.065789689 0.77387534
0.55 1e-05 0.039 0 0
0.55 1e-06 0.0444 0.0010533712 0.18147861
0.55 1e-07 0.0452 0.24451812 0.66716278
0.55 1e-08 0.0438 0.019166769 0.7784757
0.55 2.5118864e-05 0.0434 0 0
0.55 2.5118864e-06 0.044 4.0966109e-09 0.0016959162
0.55 2.5118864e-07 0.047 0.081471581 0.54523064
0.55 2.5118864e-08 0.0432 0.091431102 0.76245257
0.55 3.1622777e-05 0.045 0 0
0.55 3.1622777e-06 0.0428 3.7240271e-11 3.4765193e-05
0.55 3.1622777e-07 0.0472 0.050549335 0.47163714
0.55 3.1622777e-08 0.0394 0.12521645 0.80246541
0.55 3.1622777e-09 0.0408 0.0020636453 0.73630175
0.55 3.9810717e-06 0.0454 1.1355189e-17 1.9618677e-09
0.55 3.9810717e-07 0.0446 0.026903303 0.35386633
0.55 3.9810717e-08 0.0448 0.16870864 0.73358012
0.55 3.9810717e-09 0.0484 0.003201015 0.81039138
0.55 5.0118723e-06 0.0444 2.1327615e-28 1.2795342e-07
0.55 5.0118723e-07 0.0412 0.014310926 0.33840918
0.55 5.0118723e-08 0.0472 0.207142 0.78171833
0.55 5.0118723e-09 0.0404 0.0050376512 0.77924371
0.55 6.3095734e-06 0.0418 9.1775502e-37 0
0.55 6.3095734e-07 0.045 0.0084150758 0.29730607
0.55 6.3095734e-08 0.0418 0.23419171 0.72179212
0.55 6.3095734e-09 0.044 0.0080314178 0.76409079
0.55 7.9432823e-06 0.0464 0 0
0.55 7.9432823e-07 0.0392 0.0030255117 0.2797783
0.55 7.9432823e-08 0.0462 0.24753416 0.70630177
0.55 7.9432823e-09 0.0384 0.012142224 0.76457529
0.6 1.2589254e-05 0.0394 0 0
0.6 1.2589254e-06 0.0326 2.9548238e-05 0.19384097
0.6 1.2589254e-07 0.0398 0.19465883 0.60182527
0.6 1.2589254e-08 0.0338 0.03701674 0.6912328
0.6 1.5848932e-05 0.036 0 0
0.6 1.5848932e-06 0.0378 2.6745666e-06 0.074257469
0.6 1.5848932e-07 0.0414 0.14463962 0.55851972
0.6 1.5848932e-08 0.036 0.05709822 0.71063627
0.6 1.9952623e-05 0.0378 0 0
0.6 1.9952623e-06 0.035 2.8028286e-08 0.17330608
0.6 1.9952623e-07 0.0396 0.096456919 0.50101023
0.6 1.9952623e-08 0.0418 0.08129066 0.7277692
0.6 1e-05 0.033 0 0
0.6 1e-06 0.0362 0.00033492726 0.14941857
0.6 1e-07 0.0402 0.23246535 0.64647558
0.6 1e-08 0.0374 0.025037583 0.71136186
0.6 2.5118864e-05 0.0424 0 0
0.6 2.5118864e-06 0.039 1.3601915e-09 0.40586585
0.6 2.5118864e-07 0.035 0.062528187 0.46388708
0.6 2.5118864e-08 0.0386 0.11320189 0.69781039
0.6 3.1622777e-05 0.0352 0 0
0.6 3.1622777e-06 0.041 1.9275939e-16 0.00023733538
0.6 3.1622777e-07 0.042 0.034788617 0.38462413
0.6 3.1622777e-08 0.0306 0.15242632 0.72206576
0.6 3.1622777e-09 0.0326 0.0025973 0.73262475
0.6 3.9810717e-06 0.0372 3.3232473e-22 2.9447667e-07
0.6 3.9810717e-07 0.0368 0.016854471 0.4014246
0.6 3.9810717e-08 0.0358 0.18932756 0.72280522
0.6 3.9810717e-09 0.0398 0.00402966 0.74220076
0.6 5.0118723e-06 0.0344 7.2134693e-34 0
0.6 5.0118723e-07 0.0406 0.010234279 0.3241737
0.6 5.0118723e-08 0.0378 0.22971268 0.68916864
0.6 5.0118723e-09 0.0378 0.0063888096 0.72893202
0.6 6.3095734e-06 0.036 2.0510976e-47 0
0.6 6.3095734e-07 0.037 0.0040534145 0.26931997
0.6 6.3095734e-08 0.036 0.25250129 0.68948943
0.6 6.3095734e-09 0.034 0.010402209 0.78404088
0.6 7.9432823e-06 0.039 0 0
0.6 7.9432823e-07 0.0372 0.0013976198 0.28713699
0.6 7.9432823e-08 0.0368 0.25077747 0.67196131
0.6 7.9432823e-09 0.0362 0.016448058 0.72708306
0.65 1.1220185e-06 0.0124 7.471737e-06 0.37243113
0.65 1.1220185e-06 0.0124 7.471737e-06 0.37243113
0.65 1.2589254e-05 0.0152 0 0
0.65 1.2589254e-06 0.0152 1.5759353e-06 0.51542187
0.65 1.2589254e-07 0.0138 0.077664709 0.26319116
0.65 1.2589254e-08 0.0142 0.025036619 0.35153891
0.65 1.4125375e-06 0.0148 7.4282767e-08 0.0031553724
0.65 1.4125375e-06 0.0148 7.4282767e-08 0.0031553724
0.65 1.5848932e-05 0.0128 0 0
0.65 1.5848932e-06 0.017 4.4420097e-08 0.28174211
0.65 1.5848932e-07 0.0154 0.053646373 0.25047138
0.65 1.5848932e-08 0.0154 0.037611152 0.32871987
0.65 1.7782794e-06 0.0136 5.2606123e-11 0.96373028
0.65 1.7782794e-06 0.0136 5.2606123e-11 0.96373028
0.65 1.9952623e-05 0.0124 0 0
0.65 1.9952623e-06 0.011 1.1314199e-12 0.50061425
0.65 1.9952623e-07 0.0126 0.033010476 0.21589043
0.65 1.9952623e-08 0.0112 0.054277595 0.34169636
0.65 1e-05 0.0144 0 0
0.65 1e-06 0.011 2.75935e-05 0.39502312
0.65 1e-07 0.0114 0.10197266 0.29434973
0.65 1e-08 0.0124 0.016616413 0.34997346
0.65 2.2387211e-06 0.0132 1.0802506e-15 0.002879433
0.65 2.2387211e-06 0.0132 1.0802506e-15 0.002879433
0.65 2.5118864e-05 0.0128 0 0
0.65 2.5118864e-06 0.0112 3.9463011e-13 0.99999551
0.65 2.5118864e-07 0.014 0.018276271 0.18890602
0.65 2.5118864e-08 0.0128 0.073289719 0.33728651
0.65 2.8183829e-06 0.0148 3.2976868e-19 9.3142013e-08
0.65 2.8183829e-06 0.0148 3.2976868e-19 9.3142013e-08
0.65 3.1622777e-05 0.0162 0 0
0.65 3.1622777e-06 0.0146 3.2339435e-23 0.77548271
0.65 3.1622777e-07 0.0124 0.010615621 0.18173857
0.65 3.1622777e-08 0.0122 0.091651889 0.36252216
0.65 3.1622777e-09 0.0106 0.0018126826 0.34333942
0.65 3.5481339e-06 0.014 3.7145902e-29 0
0.65 3.5481339e-06 0.014 3.7145902e-29 0
0.65 3.9810717e-06 0.015 2.0679998e-31 0
0.65 3.9810717e-07 0.0134 0.0056947329 0.15752375
0.65 3.9810717e-08 0.0124 0.11261625 0.3314418
0.65 3.9810717e-09 0.0176 0.0029122826 0.3515769
0.65 4.4668359e-06 0.0124 1.3041327e-44 0
0.65 4.4668359e-06 0.0124 1.3041327e-44 0
0.65 5.0118723e-06 0.0122 0 0
0.65 5.0118723e-07 0.0132 0.0019100346 0.140255
0.65 5.0118723e-08 0.014 0.12412668 0.35232181
0.65 5.0118723e-09 0.0128 0.0044248039 0.34212391
0.65 5.6234133e-06 0.014 0 0
0.65 6.3095734e-06 0.0114 0 0
0.65 6.3095734e-07 0.0182 0.00090811781 0.18947435
0.65 6.3095734e-08 0.0156 0.1286995 0.32768694
0.65 6.3095734e-09 0.0148 0.0071153007 0.31750553
0.65 7.0794578e-06 0.0134 0 0
0.65 7.9432823e-06 0.0114 0 0
0.65 7.9432823e-07 0.0138 9.7080547e-05 0.08962671
0.65 7.9432823e-08 0.015 0.123117 0.28714124
0.65 7.9432823e-09 0.0126 0.011487246 0.34019847
0.65 8.9125094e-06 0.014 0 0
0.7 1.2589254e-05 0.0082 0 0
0.7 1.2589254e-06 0.0096 4.8252292e-08 0.0023281419
0.7 1.2589254e-07 0.0084 0.055820093 0.24016468
0.7 1.2589254e-08 0.0098 0.039890859 0.29069335
0.7 1.5848932e-05 0.0098 0 0
0.7 1.5848932e-06 0.0102 2.9011229e-13 0.00011463712
0.7 1.5848932e-07 0.0096 0.035422882 0.23028227
0.7 1.5848932e-08 0.0094 0.054932283 0.31595073
0.7 1.9952623e-05 0.0108 0 0
0.7 1.9952623e-06 0.0112 6.1801763e-15 3.1250972e-05
0.7 1.9952623e-07 0.0078 0.019678608 0.213858
0.7 1.9952623e-08 0.0106 0.072940848 0.35609395
0.7 1e-05 0.0076 0 0
0.7 1e-06 0.01 7.5255438e-07 0.1664463
0.7 1e-07 0.0098 0.079472949 0.27631401
0.7 1e-08 0.0084 0.027422715 0.31693533
0.7 2.5118864e-05 0.0116 0 0
0.7 2.5118864e-06 0.009 1.841556e-27 0.99874152
0.7 2.5118864e-07 0.0096 0.011083354 0.16625846
0.7 2.5118864e-08 0.0122 0.096126003 0.31896063
0.7 3.1622777e-05 0.0094 0 0
0.7 3.1622777e-06 0.0084 2.6523771e-44 6.96312e-10
0.7 3.1622777e-07 0.0094 0.0058887877 0.1605711
0.7 3.1622777e-08 0.0106 0.11833065 0.34965969
0.7 3.1622777e-09 0.0132 0.0032817034 0.37508909
0.7 3.9810717e-06 0.009 0 0
0.7 3.9810717e-07 0.011 0.0019877812 0.18102717
0.7 3.9810717e-08 0.01 0.12602688 0.29103043
0.7 3.9810717e-09 0.0126 0.004731816 0.32518432
0.7 5.0118723e-06 0.0122 0 0
0.7 5.0118723e-07 0.0114 0.00068272601 0.097898116
0.7 5.0118723e-08 0.0114 0.13072691 0.30841843
0.7 5.0118723e-09 0.011 0.0076729801 0.33202493
0.7 6.3095734e-06 0.01 0 0
0.7 6.3095734e-07 0.009 0.00014679727 0.10583562
0.7 6.3095734e-08 0.0108 0.12044556 0.2919906
0.7 6.3095734e-09 0.0104 0.011876604 0.34458997
0.7 7.9432823e-06 0.012 0 0
0.7 7.9432823e-07 0.0116 9.3331295e-06 0.2424169
0.7 7.9432823e-08 0.0092 0.10417958 0.29112154
0.7 7.9432823e-09 0.0118 0.017868882 0.31965578
0.75 1.1220185e-06 0.007 3.9116425e-12 0.26810169
0.75 1.1220185e-06 0.007 3.9116425e-12 0.26810169
0.75 1.2589254e-05 0.0074 0 0
0.75 1.2589254e-06 0.0072 3.7808188e-12 0.000921406
0.75 1.2589254e-07 0.007 0.035109177 0.18794438
0.75 1.2589254e-08 0.009 0.059196052 0.39324363
0.75 1.4125375e-06 0.0096 1.2612478e-17 1.3795617e-06
0.75 1.4125375e-06 0.0096 1.2612478e-17 1.3795617e-06
0.75 1.5848932e-05 0.0068 0 0
0.75 1.5848932e-06 0.008 9.6872085e-21 4.6461496e-08
0.75 1.5848932e-07 0.0076 0.019385892 0.18383517
0.75 1.5848932e-08 0.0068 0.076959682 0.34904735
0.75 1.7782794e-06 0.0092 1.6777938e-24 1.0981504e-09
0.75 1.7782794e-06 0.0092 1.6777938e-24 1.0981504e-09
0.75 1.9952623e-05 0.0074 0 0
0.75 1.9952623e-06 0.008 1.3102991e-27 0.98878851
0.75 1.9952623e-07 0.0064 0.011717842 0.16683952
0.75 1.9952623e-08 0.0082 0.10024869 0.29800728
0.75 1e-05 0.007 0 0
0.75 1e-06 0.0062 3.1844243e-08 0.00035860025
0.75 1e-07 0.007 0.053228204 0.24799444
0.75 1e-08 0.0082 0.041851954 0.34520637
0.75 2.2387211e-06 0.0082 2.6643886e-43 0
0.75 2.2387211e-06 0.0082 2.6643886e-43 0
0.75 2.5118864e-05 0.005 0 0
0.75 2.5118864e-06 0.0066 8.0968927e-47 0.89135021
0.75 2.5118864e-07 0.0098 0.0043794285 0.16358871
0.75 2.5118864e-08 0.0062 0.11970084 0.32674906
0.75 2.8183829e-06 0.008 1.8064319e-45 0
0.75 3.1622777e-05 0.007 0 0
0.75 3.1622777e-06 0.0046 0 0
0.75 3.1622777e-07 0.0046 0.001942876 0.102218
0.75 3.1622777e-08 0.0056 0.13135057 0.31581666
0.75 3.1622777e-09 0.0062 0.0052848522 0.35026593
0.75 3.5481339e-06 0.0068 0 0
0.75 3.9810717e-06 0.0064 0 0
0.75 3.9810717e-07 0.0086 0.00047958765 0.10294019
0.75 3.9810717e-08 0.0082 0.13291221 0.33925018
0.75 3.9810717e-09 0.0052 0.0080650752 0.32338361
0.75 4.4668359e-06 0.0068 0 0
0.75 5.0118723e-06 0.0094 0 0
0.75 5.0118723e-07 0.0078 0.00010702791 0.12026648
0.75 5.0118723e-08 0.007 0.12222186 0.27614317
0.75 5.0118723e-09 0.006 0.012845625 0.34653782
0.75 5.6234133e-06 0.0066 0 0
0.75 6.3095734e-06 0.0078 0 0
0.75 6.3095734e-07 0.007 1.0370576e-05 0.40731241
0.75 6.3095734e-08 0.0084 0.098166073 0.30504508
0.75 6.3095734e-09 0.008 0.019080958 0.36361931
0.75 7.0794578e-06 0.0076 0 0
0.75 7.9432823e-06 0.006 0 0
0.75 7.9432823e-07 0.0078 9.420504e-08 0.41494756
0.75 7.9432823e-08 0.0056 0.078114748 0.28991465
0.75 7.9432823e-09 0.0056 0.028471316 0.30991811
0.75 8.9125094e-06 0.0056 0 0
0.7 2.5118864e-07 0.0096 0.011083354 0.16625846
0.8 1.1220185e-06 0.0056 1.6972842e-10 0.0066105896
0.8 1.2589254e-05 0.0072 0 0
0.8 1.2589254e-06 0.0076 9.8945224e-11 6.566585e-08
0.8 1.2589254e-07 0.006 0.038214735 0.21791256
0.8 1.2589254e-08 0.0076 0.056409739 0.32038294
0.8 1.4125375e-06 0.0076 7.0745475e-14 0.021918815
0.8 1.5848932e-05 0.0072 0 0
0.8 1.5848932e-06 0.0074 1.2026926e-21 0.26883265
0.8 1.5848932e-07 0.005 0.020998806 0.18279257
0.8 1.5848932e-08 0.0072 0.075152303 0.30413011
0.8 1.7782794e-06 0.0074 1.188315e-23 0.038738861
0.8 1.9952623e-05 0.005 0 0
0.8 1.9952623e-06 0.0052 6.7909221e-26 0.022944575
0.8 1.9952623e-07 0.0068 0.011412168 0.18340731
0.8 1.9952623e-08 0.008 0.095308042 0.33374807
0.8 1e-05 0.0076 0 0
0.8 1e-06 0.0082 8.9615186e-09 0.05315292
0.8 1e-07 0.0048 0.05563633 0.22340293
0.8 1e-08 0.008 0.038115996 0.34195407
0.8 2.2387211e-06 0.008 3.6264249e-40 0.21900738
0.8 2.5118864e-05 0.0074 0 0
0.8 2.5118864e-06 0.0072 1.5658984e-40 0
0.8 2.5118864e-07 0.0062 0.005197494 0.11461674
0.8 2.5118864e-08 0.0068 0.11253261 0.30764154
0.8 2.8183829e-06 0.0068 0 0
0.8 3.1622777e-05 0.0074 0 0
0.8 3.1622777e-06 0.0088 0 0
0.8 3.1622777e-07 0.0106 0.0023138267 0.13980913
0.8 3.1622777e-08 0.0066 0.13131297 0.31811686
0.8 3.1622777e-09 0.0076 0.0047253885 0.34405983
0.8 3.5481339e-06 0.0084 0 0
0.8 3.9810717e-06 0.0074 0 0
0.8 3.9810717e-07 0.006 0.00078906447 0.16823544
0.8 3.9810717e-08 0.009 0.13085478 0.28291906
0.8 3.9810717e-09 0.0098 0.0073601895 0.33014889
0.8 4.4668359e-06 0.0082 0 0
0.8 5.0118723e-06 0.0084 0 0
0.8 5.0118723e-07 0.0082 4.6519578e-05 0.10980854
0.8 5.0118723e-08 0.0068 0.12459643 0.27511543
0.8 5.0118723e-09 0.0084 0.011376214 0.3356439
0.8 5.6234133e-06 0.0066 0 0
0.8 6.3095734e-06 0.008 0 0
0.8 6.3095734e-07 0.0078 2.0615666e-05 0.083322449
0.8 6.3095734e-08 0.0044 0.10367552 0.26927843
0.8 6.3095734e-09 0.007 0.017959055 0.31741929
0.8 7.0794578e-06 0.0062 0 0
0.8 7.9432823e-06 0.0086 0 0
0.8 7.9432823e-07 0.0068 3.8365133e-07 0.059119158
0.8 7.9432823e-08 0.008 0.084304093 0.26566009
0.8 7.9432823e-09 0.0078 0.026204889 0.31969072
0.8 8.9125094e-06 0.0064 0 0
0.81 1.1220185e-06 0.0068 2.1245557e-10 0.0035101299
0.81 1.1220185e-06 0.0068 2.1245557e-10 0.0035101299
0.81 1.2589254e-05 0.0082 0 0
0.81 1.2589254e-06 0.0072 1.9743354e-12 0.039469474
0.81 1.2589254e-07 0.0064 0.040133816 0.19289726
0.81 1.2589254e-08 0.0076 0.050470139 0.31686265
0.81 1.4125375e-06 0.0084 3.6265028e-14 0.00026289501
0.81 1.4125375e-06 0.0084 3.6265028e-14 0.00026289501
0.81 1.5848932e-05 0.0074 0 0
0.81 1.5848932e-06 0.0072 3.1775391e-17 8.3278279e-05
0.81 1.5848932e-07 0.0078 0.022255922 0.17251106
0.81 1.5848932e-08 0.0082 0.071014329 0.32443525
0.81 1.7782794e-06 0.0082 6.8262595e-24 0.90272899
0.81 1.7782794e-06 0.0082 6.8262595e-24 0.90272899
0.81 1.9952623e-05 0.0086 0 0
0.81 1.9952623e-06 0.0066 5.4351036e-23 6.28947e-07
0.81 1.9952623e-07 0.0066 0.013721697 0.1498942
0.81 1.9952623e-08 0.0068 0.086950534 0.32337963
0.81 1e-05 0.0062 0 0
0.81 1e-06 0.006 2.1452786e-08 0.036268192
0.81 1e-07 0.0078 0.062042286 0.22092916
0.81 1e-08 0.008 0.035228312 0.30567289
0.81 2.2387211e-06 0.009 1.5913201e-38 0
0.81 2.2387211e-06 0.009 1.5913201e-38 0
0.81 2.5118864e-05 0.0062 0 0
0.81 2.5118864e-06 0.0078 6.6841972e-40 0.10291101
0.81 2.5118864e-07 0.0072 0.0071171547 0.1443817
0.81 2.5118864e-08 0.01 0.11087694 0.31099363
0.81 2.8183829e-06 0.0072 1.4396902e-47 0
0.81 3.1622777e-05 0.0078 0 0
0.81 3.1622777e-06 0.009 0 0
0.81 3.1622777e-07 0.0054 0.0030591865 0.13529847
0.81 3.1622777e-08 0.0078 0.12536164 0.30603931
0.81 3.1622777e-09 0.007 0.0042423451 0.31780161
0.81 3.5481339e-06 0.0086 0 0
0.81 3.9810717e-06 0.008 0 0
0.81 3.9810717e-07 0.0082 0.00076664327 0.13776552
0.81 3.9810717e-08 0.008 0.13316519 0.29844045
0.81 3.9810717e-09 0.0094 0.006581907 0.2701202
0.81 4.4668359e-06 0.006 0 0
0.81 5.0118723e-06 0.006 0 0
0.81 5.0118723e-07 0.0078 0.00026159181 0.10645105
0.81 5.0118723e-08 0.0068 0.12764969 0.28155952
0.81 5.0118723e-09 0.0052 0.01033907 0.32570857
0.81 5.6234133e-06 0.0062 0 0
0.81 6.3095734e-06 0.005 0 0
0.81 6.3095734e-07 0.0092 2.8487421e-05 0.49395756
0.81 6.3095734e-08 0.0052 0.10978149 0.25657657
0.81 6.3095734e-09 0.0078 0.015793747 0.29898538
0.81 7.0794578e-06 0.0084 0 0
0.81 7.9432823e-06 0.0066 0 0
0.81 7.9432823e-07 0.008 5.8381114e-07 0.008105904
0.81 7.9432823e-08 0.0096 0.088401918 0.27098483
0.81 7.9432823e-09 0.008 0.023224654 0.32447114
0.81 8.9125094e-06 0.0084 0 0
0.82 1.1220185e-06 0.0102 4.9023226e-09 0.020868214
0.82 1.1220185e-06 0.0102 4.9023226e-09 0.020868214
0.82 1.2589254e-05 0.009 0 0
0.82 1.2589254e-06 0.0082 5.181319e-11 0.038494498
0.82 1.2589254e-07 0.0078 0.041619275 0.20707673
0.82 1.2589254e-08 0.0084 0.047522182 0.31793423
0.82 1.4125375e-06 0.0064 1.9831409e-11 0.00021475574
0.82 1.4125375e-06 0.0064 1.9831409e-11 0.00021475574
0.82 1.5848932e-05 0.0106 0 0
0.82 1.5848932e-06 0.0064 2.2939907e-14 0.00011382315
0.82 1.5848932e-07 0.008 0.025956413 0.19186585
0.82 1.5848932e-08 0.0056 0.063637659 0.2885881
0.82 1.7782794e-06 0.0082 1.9952716e-20 0.9999901
0.82 1.7782794e-06 0.0082 1.9952716e-20 0.9999901
0.82 1.9952623e-05 0.008 0 0
0.82 1.9952623e-06 0.007 1.1608924e-22 0.12615492
0.82 1.9952623e-07 0.0082 0.01443061 0.17115015
0.82 1.9952623e-08 0.0088 0.084659643 0.30936022
0.82 1e-05 0.0088 0 0
0.82 1e-06 0.0076 4.0337168e-08 0.0011791821
0.82 1e-07 0.009 0.061727807 0.24605751
0.82 1e-08 0.0094 0.033069058 0.28932808
0.82 2.2387211e-06 0.0088 6.6109822e-24 0.0004881496
0.82 2.2387211e-06 0.0088 6.6109822e-24 0.0004881496
0.82 2.5118864e-05 0.0074 0 0
0.82 2.5118864e-06 0.008 1.043052e-29 0.77682459
0.82 2.5118864e-07 0.0062 0.0065990636 0.17339142
0.82 2.5118864e-08 0.0082 0.1057541 0.29092926
0.82 2.8183829e-06 0.0074 1.960788e-39 0
0.82 2.8183829e-06 0.0074 1.960788e-39 0
0.82 3.1622777e-05 0.0084 0 0
0.82 3.1622777e-06 0.0086 7.6326525e-47 0
0.82 3.1622777e-07 0.008 0.0029369181 0.14526191
0.82 3.1622777e-08 0.0068 0.12425365 0.30682876
0.82 3.1622777e-09 0.0094 0.0038864564 0.33685165
0.82 3.5481339e-06 0.0076 0 0
0.82 3.9810717e-06 0.008 0 0
0.82 3.9810717e-07 0.0086 0.00094410027 0.13889028
0.82 3.9810717e-08 0.0076 0.13098638 0.29255602
0.82 3.9810717e-09 0.0078 0.0059980205 0.34011861
0.82 4.4668359e-06 0.0084 0 0
0.82 5.0118723e-06 0.0088 0 0
0.82 5.0118723e-07 0.0082 0.00031192305 0.17048024
0.82 5.0118723e-08 0.0092 0.12928801 0.26672611
0.82 5.0118723e-09 0.0072 0.0093382986 0.31381293
0.82 5.6234133e-06 0.009 0 0
0.82 6.3095734e-06 0.0094 0 0
0.82 6.3095734e-07 0.0068 3.5492568e-05 0.091312833
0.82 6.3095734e-08 0.0084 0.10965822 0.24358856
0.82 6.3095734e-09 0.0104 0.014406058 0.33911088
0.82 7.0794578e-06 0.0068 0 0
0.82 7.9432823e-06 0.0078 0 0
0.82 7.9432823e-07 0.0092 3.9134526e-06 0.52527388
0.82 7.9432823e-08 0.0084 0.090108204 0.24978311
0.82 7.9432823e-09 0.0076 0.021745844 0.30833074
0.82 8.9125094e-06 0.0096 0 0
0.83 1.1220185e-06 0.0072 4.8951317e-08 0.66527501
0.83 1.1220185e-06 0.0072 4.8951317e-08 0.66527501
0.83 1.2589254e-05 0.0096 0 0
0.83 1.2589254e-06 0.01 8.6748511e-12 0.00068302508
0.83 1.2589254e-07 0.0086 0.045512112 0.22319275
0.83 1.2589254e-08 0.0082 0.043721737 0.29750449
0.83 1.4125375e-06 0.0088 3.3342161e-11 0.0017872964
0.83 1.4125375e-06 0.0088 3.3342161e-11 0.0017872964
0.83 1.5848932e-05 0.0084 0 0
0.83 1.5848932e-06 0.0086 7.3296735e-13 0.97904396
0.83 1.5848932e-07 0.0082 0.027915612 0.19037756
0.83 1.5848932e-08 0.0088 0.061571418 0.31150456
0.83 1.7782794e-06 0.0088 2.8542241e-16 8.6752449e-07
0.83 1.7782794e-06 0.0088 2.8542241e-16 8.6752449e-07
0.83 1.9952623e-05 0.0062 0 0
0.83 1.9952623e-06 0.0092 6.9381385e-19 2.0038846e-05
0.83 1.9952623e-07 0.01 0.01620436 0.18302827
0.83 1.9952623e-08 0.0082 0.081199428 0.32471594
0.83 1e-05 0.0094 0 0
0.83 1e-06 0.0084 2.9600532e-09 0.019268128
0.83 1e-07 0.0094 0.069496112 0.24951578
0.83 1e-08 0.0068 0.030754496 0.33300317
0.83 2.2387211e-06 0.0096 2.5017295e-24 1.4160161e-13
0.83 2.2387211e-06 0.0096 2.5017295e-24 1.4160161e-13
0.83 2.5118864e-05 0.0092 0 0
0.83 2.5118864e-06 0.0068 3.408834e-31 0.84371902
0.83 2.5118864e-07 0.0068 0.0085090424 0.20048911
0.83 2.5118864e-08 0.0092 0.10388456 0.28918533
0.83 2.8183829e-06 0.0102 2.3913104e-36 0
0.83 2.8183829e-06 0.0102 2.3913104e-36 0
0.83 3.1622777e-05 0.0078 0 0
0.83 3.1622777e-06 0.0096 2.4407835e-44 0
0.83 3.1622777e-07 0.0076 0.0036795992 0.1387407
0.83 3.1622777e-08 0.0086 0.119792 0.27755693
0.83 3.1622777e-09 0.0074 0.0036142406 0.32724868
0.83 3.5481339e-06 0.0064 0 0
0.83 3.9810717e-06 0.0074 0 0
0.83 3.9810717e-07 0.0112 0.0011533808 0.15585217
0.83 3.9810717e-08 0.0074 0.13048876 0.27865856
0.83 3.9810717e-09 0.0078 0.0056453817 0.32309127
0.83 4.4668359e-06 0.0058 0 0
0.83 5.0118723e-06 0.0092 0 0
0.83 5.0118723e-07 0.0072 0.00026805994 0.14085429
0.83 5.0118723e-08 0.011 0.12793987 0.290451
0.83 5.0118723e-09 0.009 0.0086057781 0.31568301
0.83 5.6234133e-06 0.007 0 0
0.83 6.3095734e-06 0.0076 0 0
0.83 6.3095734e-07 0.0068 6.9567756e-05 0.18618927
0.83 6.3095734e-08 0.0076 0.1146052 0.27304251
0.83 6.3095734e-09 0.0088 0.013964842 0.32523801
0.83 7.0794578e-06 0.0076 0 0
0.83 7.9432823e-06 0.0082 0 0
0.83 7.9432823e-07 0.0058 6.0535158e-06 0.029270262
0.83 7.9432823e-08 0.0086 0.096396186 0.2545863
0.83 7.9432823e-09 0.0078 0.021062636 0.30504438
0.83 8.9125094e-06 0.01 0 0
0.84 1.2589254e-05 0.0066 0 0
0.84 1.2589254e-06 0.0084 1.0999514e-09 0.00098494065
0.84 1.2589254e-07 0.0066 0.047083961 0.21225303
0.84 1.2589254e-08 0.008 0.041017355 0.32690021
0.84 1.5848932e-05 0.0084 0 0
0.84 1.5848932e-06 0.0088 1.1858798e-12 2.2117965e-07
0.84 1.5848932e-07 0.007 0.031616403 0.18443962
0.84 1.5848932e-08 0.0076 0.057631366 0.32465336
0.84 1.9952623e-05 0.0086 0 0
0.84 1.9952623e-06 0.01 5.3659419e-22 1.9960758e-08
0.84 1.9952623e-07 0.0068 0.016991624 0.16926605
0.84 1.9952623e-08 0.0086 0.078343537 0.28966858
0.84 1e-05 0.0058 0 0
0.84 1e-06 0.0088 2.8936167e-07 0.024420757
0.84 1e-07 0.0092 0.07320591 0.22310499
0.84 1e-08 0.0102 0.028773939 0.2873595
0.84 2.5118864e-05 0.006 0 0
0.84 2.5118864e-06 0.007 5.5525876e-28 1.1945749e-12
0.84 2.5118864e-07 0.0076 0.0099165769 0.14286828
0.84 2.5118864e-08 0.0098 0.096472697 0.30892438
0.84 3.1622777e-05 0.0084 0 0
0.84 3.1622777e-06 0.0114 1.1147736e-44 0
0.84 3.1622777e-07 0.012 0.0039138989 0.10374699
0.84 3.1622777e-08 0.008 0.12061018 0.25869076
0.84 3.1622777e-09 0.0098 0.0031855551 0.28666075
0.84 3.9810717e-06 0.007 0 0
0.84 3.9810717e-07 0.0076 0.0012942768 0.14583973
0.84 3.9810717e-08 0.0104 0.13055293 0.30129498
0.84 3.9810717e-09 0.008 0.0051976308 0.28796545
0.84 5.0118723e-06 0.0092 0 0
0.84 5.0118723e-07 0.0082 0.00051713271 0.18835453
0.84 5.0118723e-08 0.0066 0.12914069 0.28958757
0.84 5.0118723e-09 0.0104 0.007968912 0.30784172
0.84 6.3095734e-06 0.01 0 0
0.84 6.3095734e-07 0.007 8.6594972e-05 0.16107125
0.84 6.3095734e-08 0.0094 0.11820506 0.2463605
0.84 6.3095734e-09 0.0072 0.012397185 0.27365237
0.84 7.9432823e-06 0.0072 0 0
0.84 7.9432823e-07 0.0094 5.2548862e-06 0.55889321
0.84 7.9432823e-08 0.0078 0.097763123 0.26446907
0.84 7.9432823e-09 0.0102 0.018562045 0.31536895
0.85 1.2589254e-05 0.0086 0 0
0.85 1.2589254e-06 0.0082 1.0508334e-08 0.9590283
0.85 1.2589254e-07 0.0074 0.053481977 0.20231675
0.85 1.2589254e-08 0.009 0.038278252 0.28879994
0.85 1.5848932e-05 0.0096 0 0
0.85 1.5848932e-06 0.0082 3.6940522e-13 0.019017998
0.85 1.5848932e-07 0.0108 0.034966756 0.20217545
0.85 1.5848932e-08 0.0094 0.053258502 0.31113125
0.85 1.9952623e-05 0.0106 0 0
0.85 1.9952623e-06 0.0088 2.2177671e-16 0.00026019093
0.85 1.9952623e-07 0.0092 0.018516706 0.17415835
0.85 1.9952623e-08 0.0102 0.071872851 0.29757033
0.85 1e-05 0.0086 0 0
0.85 1e-06 0.0092 1.1047012e-07 0.065618797
0.85 1e-07 0.0092 0.080126802 0.24254979
0.85 1e-08 0.0086 0.025889106 0.29226589
0.85 2.5118864e-05 0.0096 0 0
0.85 2.5118864e-06 0.009 3.8357318e-28 0.0033557251
0.85 2.5118864e-07 0.0088 0.01065985 0.16417425
0.85 2.5118864e-08 0.0086 0.091427357 0.29919597
0.85 3.1622777e-05 0.0106 0 0
0.85 3.1622777e-06 0.0114 1.906004e-43 0
0.85 3.1622777e-07 0.0092 0.0049326992 0.12392623
0.85 3.1622777e-08 0.0094 0.11265911 0.26985898
0.85 3.1622777e-09 0.0074 0.0031026936 0.31063956
0.85 3.9810717e-06 0.0088 0 0
0.85 3.9810717e-07 0.0112 0.0022289114 0.1209154
0.85 3.9810717e-08 0.0088 0.12468885 0.2982823
0.85 3.9810717e-09 0.0074 0.0044774407 0.30189545
0.85 5.0118723e-06 0.007 0 0
0.85 5.0118723e-07 0.01 0.00067405028 0.068303041
0.85 5.0118723e-08 0.008 0.12810686 0.27765059
0.85 5.0118723e-09 0.0088 0.0074301108 0.30408136
0.85 6.3095734e-06 0.0102 0 0
0.85 6.3095734e-07 0.0088 0.00012162217 0.25444526
0.85 6.3095734e-08 0.0078 0.1205944 0.2501739
0.85 6.3095734e-09 0.0092 0.010967603 0.29853265
0.85 7.9432823e-06 0.0096 0 0
0.85 7.9432823e-07 0.0094 1.9072765e-05 0.34215841
0.85 7.9432823e-08 0.0098 0.10114804 0.233904
0.85 7.9432823e-09 0.0086 0.016750891 0.30434386
0.86 1.1220185e-06 0.0082 3.2407467e-08 0.23168067
0.86 1.1220185e-06 0.0082 3.2407467e-08 0.23168067
0.86 1.2589254e-05 0.0078 0 0
0.86 1.2589254e-06 0.0106 7.4403078e-11 0.0030413357
0.86 1.2589254e-07 0.011 0.054012722 0.20907281
0.86 1.2589254e-08 0.0094 0.038452494 0.31084868
0.86 1.4125375e-06 0.0098 2.351129e-11 0.00090866192
0.86 1.4125375e-06 0.0098 2.351129e-11 0.00090866192
0.86 1.5848932e-05 0.0082 0 0
0.86 1.5848932e-06 0.0092 5.58213e-13 0.95985803
0.86 1.5848932e-07 0.009 0.033525858 0.19068241
0.86 1.5848932e-08 0.0068 0.054162696 0.27439559
0.86 1.7782794e-06 0.009 2.691461e-14 0.99602528
0.86 1.7782794e-06 0.009 2.691461e-14 0.99602528
0.86 1.9952623e-05 0.0088 0 0
0.86 1.9952623e-06 0.0072 5.1065977e-23 1.2263635e-06
0.86 1.9952623e-07 0.0076 0.017804624 0.1769962
0.86 1.9952623e-08 0.011 0.074366111 0.30163875
0.86 1e-05 0.0092 0 0
0.86 1e-06 0.008 8.6278457e-07 0.36699156
0.86 1e-07 0.0082 0.078434913 0.20955948
0.86 1e-08 0.0104 0.026081705 0.298225
0.86 2.2387211e-06 0.0082 1.3633596e-19 3.8815657e-07
0.86 2.2387211e-06 0.0082 1.3633596e-19 3.8815657e-07
0.86 2.5118864e-05 0.0092 0 0
0.86 2.5118864e-06 0.0074 3.6245548e-34 2.9824366e-08
0.86 2.5118864e-07 0.008 0.010294693 0.15376435
0.86 2.5118864e-08 0.0078 0.094012467 0.30775517
0.86 2.8183829e-06 0.009 1.9348977e-35 0.99048379
0.86 2.8183829e-06 0.009 1.9348977e-35 0.99048379
0.86 3.1622777e-05 0.0098 0 0
0.86 3.1622777e-06 0.008 7.0091746e-39 0
0.86 3.1622777e-07 0.0084 0.0052239422 0.1567433
0.86 3.1622777e-08 0.0098 0.1125923 0.27723972
0.86 3.1622777e-09 0.0102 0.002943395 0.32545213
0.86 3.5481339e-06 0.0082 0 0
0.86 3.9810717e-06 0.0066 0 0
0.86 3.9810717e-07 0.0102 0.0022453542 0.15883818
0.86 3.9810717e-08 0.0082 0.12444815 0.26845719
0.86 3.9810717e-09 0.0096 0.004593396 0.27857176
0.86 4.4668359e-06 0.0088 0 0
0.86 5.0118723e-06 0.0092 0 0
0.86 5.0118723e-07 0.0134 0.00062785781 0.13324471
0.86 5.0118723e-08 0.0088 0.12747718 0.2598339
0.86 5.0118723e-09 0.0098 0.0069841033 0.32347486
0.86 5.6234133e-06 0.0078 0 0
0.86 6.3095734e-06 0.0098 0 0
0.86 6.3095734e-07 0.01 0.00011519822 0.056030392
0.86 6.3095734e-08 0.009 0.12045825 0.25249982
0.86 6.3095734e-09 0.0086 0.011259108 0.28714246
0.86 7.0794578e-06 0.009 0 0
0.86 7.9432823e-06 0.0076 0 0
0.86 7.9432823e-07 0.0094 8.8180096e-06 0.027718625
0.86 7.9432823e-08 0.0096 0.10182957 0.23977203
0.86 7.9432823e-09 0.0078 0.017459386 0.30347094
0.86 8.9125094e-06 0.0082 0 0
0.87 1.1220185e-06 0.0082 2.0606511e-07 0.47792693
0.87 1.1220185e-06 0.0082 2.0606511e-07 0.47792693
0.87 1.2589254e-05 0.0086 0 0
0.87 1.2589254e-06 0.0074 2.7193743e-08 0.20807218
0.87 1.2589254e-07 0.0104 0.060953484 0.20962129
0.87 1.2589254e-08 0.0072 0.034672901 0.30834278
0.87 1.4125375e-06 0.0108 2.6685166e-09 0.00051156568
0.87 1.4125375e-06 0.0108 2.6685166e-09 0.00051156568
0.87 1.5848932e-05 0.01 0 0
0.87 1.5848932e-06 0.0076 5.1090535e-11 0.45016417
0.87 1.5848932e-07 0.011 0.035430988 0.19966198
0.87 1.5848932e-08 0.011 0.049467865 0.27871965
0.87 1.7782794e-06 0.0092 4.8184288e-14 8.2735597e-06
0.87 1.7782794e-06 0.0092 4.8184288e-14 8.2735597e-06
0.87 1.9952623e-05 0.0084 0 0
0.87 1.9952623e-06 0.0106 8.3463456e-17 4.5310327e-08
0.87 1.9952623e-07 0.0108 0.022044746 0.17294705
0.87 1.9952623e-08 0.0088 0.068793645 0.30990813
0.87 1e-05 0.0078 0 0
0.87 1e-06 0.0072 2.5667455e-06 0.0095015128
0.87 1e-07 0.0104 0.083138544 0.24087198
0.87 1e-08 0.0098 0.023536136 0.30454338
0.87 2.2387211e-06 0.01 5.674608e-20 0.00015143685
0.87 2.2387211e-06 0.01 5.674608e-20 0.00015143685
0.87 2.5118864e-05 0.0094 0 0
0.87 2.5118864e-06 0.0094 9.1258727e-26 0.004574741
0.87 2.5118864e-07 0.009 0.012185332 0.16732628
0.87 2.5118864e-08 0.0086 0.0897069 0.28142977
0.87 2.8183829e-06 0.009 3.8866445e-36 2.9020919e-13
0.87 2.8183829e-06 0.009 3.8866445e-36 2.9020919e-13
0.87 3.1622777e-05 0.0074 0 0
0.87 3.1622777e-06 0.007 2.1435487e-34 0
0.87 3.1622777e-07 0.0108 0.0059290314 0.1733513
0.87 3.1622777e-08 0.0094 0.1103221 0.26329408
0.87 3.1622777e-09 0.0084 0.0025593868 0.31876791
0.87 3.5481339e-06 0.0116 0 0
0.87 3.9810717e-06 0.0108 0 0
0.87 3.9810717e-07 0.011 0.0025114308 0.11208531
0.87 3.9810717e-08 0.0086 0.12233215 0.28740705
0.87 3.9810717e-09 0.0104 0.0041463261 0.31155912
0.87 4.4668359e-06 0.0074 0 0
0.87 5.0118723e-06 0.0086 0 0
0.87 5.0118723e-07 0.0082 0.00073182148 0.096584519
0.87 5.0118723e-08 0.0102 0.12878651 0.2535465
0.87 5.0118723e-09 0.0094 0.0065674292 0.30412261
0.87 5.6234133e-06 0.0096 0 0
0.87 6.3095734e-06 0.012 0 0
0.87 6.3095734e-07 0.0092 0.00015996516 0.1082241
0.87 6.3095734e-08 0.0108 0.11989783 0.24825182
0.87 6.3095734e-09 0.0086 0.009443869 0.29816007
0.87 7.0794578e-06 0.0106 0 0
0.87 7.9432823e-06 0.009 0 0
0.87 7.9432823e-07 0.0078 7.9006444e-06 0.21001749
0.87 7.9432823e-08 0.0086 0.10908588 0.23999285
0.87 7.9432823e-09 0.0088 0.015212414 0.29142156
0.87 8.9125094e-06 0.0106 0 0
0.88 1.1220185e-06 0.0104 2.5181304e-07 0.014473463
0.88 1.1220185e-06 0.0104 2.5181304e-07 0.014473463
0.88 1.2589254e-05 0.0076 0 0
0.88 1.2589254e-06 0.0088 2.4002915e-08 0.00026888265
0.88 1.2589254e-07 0.0122 0.061611606 0.20642355
0.88 1.2589254e-08 0.0096 0.034170564 0.29088151
0.88 1.4125375e-06 0.0104 1.8783889e-11 0.17795477
0.88 1.4125375e-06 0.0104 1.8783889e-11 0.17795477
0.88 1.5848932e-05 0.0118 0 0
0.88 1.5848932e-06 0.0098 5.4143124e-13 0.0025941373
0.88 1.5848932e-07 0.0094 0.036471771 0.18331896
0.88 1.5848932e-08 0.009 0.046653881 0.3115649
0.88 1.7782794e-06 0.0096 7.9281723e-13 0.02821521
0.88 1.7782794e-06 0.0096 7.9281723e-13 0.02821521
0.88 1.9952623e-05 0.0104 0 0
0.88 1.9952623e-06 0.0074 2.0396697e-17 3.5940531e-07
0.88 1.9952623e-07 0.0082 0.022334737 0.16561986
0.88 1.9952623e-08 0.0072 0.06479158 0.26645568
0.88 1e-05 0.01 0 0
0.88 1e-06 0.0122 1.7846051e-06 0.042830563
0.88 1e-07 0.0118 0.086294704 0.23800683
0.88 1e-08 0.0102 0.022650954 0.27542011
0.88 2.2387211e-06 0.007 4.9312033e-17 0.00018344887
0.88 2.2387211e-06 0.007 4.9312033e-17 0.00018344887
0.88 2.5118864e-05 0.011 0 0
0.88 2.5118864e-06 0.0096 6.2916277e-22 5.0047931e-06
0.88 2.5118864e-07 0.0108 0.012576731 0.17626416
0.88 2.5118864e-08 0.0088 0.087419062 0.2774858
0.88 2.8183829e-06 0.0106 1.4683839e-30 0.98882116
0.88 2.8183829e-06 0.0106 1.4683839e-30 0.98882116
0.88 3.1622777e-05 0.009 0 0
0.88 3.1622777e-06 0.0102 1.4152062e-33 0
0.88 3.1622777e-07 0.007 0.0060753271 0.15949634
0.88 3.1622777e-08 0.0074 0.10625798 0.28982345
0.88 3.1622777e-09 0.0098 0.0026146879 0.27976283
0.88 3.5481339e-06 0.0128 2.754644e-39 0
0.88 3.5481339e-06 0.0128 2.754644e-39 0
0.88 3.9810717e-06 0.0092 0 0
0.88 3.9810717e-07 0.0108 0.0030785017 0.11548418
0.88 3.9810717e-08 0.0112 0.12203522 0.28806921
0.88 3.9810717e-09 0.0096 0.0040306271 0.29684939
0.88 4.4668359e-06 0.0114 0 0
0.88 5.0118723e-06 0.0108 0 0
0.88 5.0118723e-07 0.0072 0.00097043537 0.069902675
0.88 5.0118723e-08 0.0102 0.12790826 0.24511502
0.88 5.0118723e-09 0.011 0.0061825077 0.31223173
0.88 5.6234133e-06 0.01 0 0
0.88 6.3095734e-06 0.0104 0 0
0.88 6.3095734e-07 0.0104 0.00021712263 0.18893715
0.88 6.3095734e-08 0.0112 0.12266339 0.25604225
0.88 6.3095734e-09 0.0092 0.009768765 0.2927285
0.88 7.0794578e-06 0.0092 0 0
0.88 7.9432823e-06 0.0098 0 0
0.88 7.9432823e-07 0.0074 2.1215319e-05 0.16984406
0.88 7.9432823e-08 0.0106 0.11140562 0.25698711
0.88 7.9432823e-09 0.0098 0.014112508 0.27470991
0.88 8.9125094e-06 0.0096 0 0
0.89 1.1220185e-06 0.0104 2.2632079e-07 0.0069919901
0.89 1.1220185e-06 0.0104 2.2632079e-07 0.0069919901
0.89 1.2589254e-05 0.0128 0 0
0.89 1.2589254e-06 0.009 6.4449213e-08 0.0020938889
0.89 1.2589254e-07 0.0092 0.063884306 0.20600966
0.89 1.2589254e-08 0.009 0.030980972 0.29524884
0.89 1.4125375e-06 0.0094 6.6210098e-10 0.00012681357
0.89 1.4125375e-06 0.0094 6.6210098e-10 0.00012681357
0.89 1.5848932e-05 0.0104 0 0
0.89 1.5848932e-06 0.0094 1.6902576e-09 0.13813755
0.89 1.5848932e-07 0.0082 0.039203726 0.1995727
0.89 1.5848932e-08 0.0104 0.044947415 0.29932551
0.89 1.7782794e-06 0.0102 4.0042149e-12 1.3593362e-05
0.89 1.7782794e-06 0.0102 4.0042149e-12 1.3593362e-05
0.89 1.9952623e-05 0.0114 0 0
0.89 1.9952623e-06 0.0098 5.9486646e-13 0.029317384
0.89 1.9952623e-07 0.0098 0.022764839 0.16476139
0.89 1.9952623e-08 0.0092 0.064385456 0.29552777
0.89 1e-05 0.0076 0 0
0.89 1e-06 0.0078 1.7237695e-06 0.085443867
0.89 1e-07 0.0088 0.088167214 0.23725948
0.89 1e-08 0.0114 0.020904324 0.29779707
0.89 2.2387211e-06 0.008 2.145013e-21 4.0376242e-05
0.89 2.2387211e-06 0.008 2.145013e-21 4.0376242e-05
0.89 2.5118864e-05 0.0088 0 0
0.89 2.5118864e-06 0.0098 5.3467617e-24 0.86891522
0.89 2.5118864e-07 0.0112 0.014696337 0.14790747
0.89 2.5118864e-08 0.008 0.082250242 0.31875018
0.89 2.8183829e-06 0.0104 1.6219054e-29 0.99998283
0.89 2.8183829e-06 0.0104 1.6219054e-29 0.99998283
0.89 3.1622777e-05 0.0112 0 0
0.89 3.1622777e-06 0.0118 4.3431116e-40 0.24449763
0.89 3.1622777e-07 0.0112 0.0067687525 0.1587928
0.89 3.1622777e-08 0.0118 0.10435169 0.27374937
0.89 3.1622777e-09 0.0104 0.002285405 0.30622593
0.89 3.5481339e-06 0.0094 3.3085879e-39 0.97829605
0.89 3.5481339e-06 0.0094 3.3085879e-39 0.97829605
0.89 3.9810717e-06 0.0124 0 0
0.89 3.9810717e-07 0.0108 0.0030085117 0.18346961
0.89 3.9810717e-08 0.0112 0.12059636 0.27176422
0.89 3.9810717e-09 0.0092 0.0035288247 0.29290878
0.89 4.4668359e-06 0.011 0 0
0.89 5.0118723e-06 0.01 0 0
0.89 5.0118723e-07 0.0104 0.00097632584 0.13891294
0.89 5.0118723e-08 0.009 0.12657226 0.27472512
0.89 5.0118723e-09 0.0066 0.0059446586 0.27901274
0.89 5.6234133e-06 0.0088 0 0
0.89 6.3095734e-06 0.011 0 0
0.89 6.3095734e-07 0.0122 0.00025346961 0.16600055
0.89 6.3095734e-08 0.0094 0.12496143 0.2543133
0.89 6.3095734e-09 0.0088 0.0087041959 0.27871356
0.89 7.0794578e-06 0.0092 0 0
0.89 7.9432823e-06 0.0078 0 0
0.89 7.9432823e-07 0.012 5.0457708e-05 0.15192963
0.89 7.9432823e-08 0.0096 0.11016255 0.24325837
0.89 7.9432823e-09 0.0098 0.013546138 0.27838853
0.89 8.9125094e-06 0.0098 0 0
0.8 1.1220185e-06 0.0056 1.6972842e-10 0.0066105896
0.8 1.4125375e-06 0.0076 7.0745475e-14 0.021918815
0.8 1.7782794e-06 0.0074 1.188315e-23 0.038738861
0.8 2.2387211e-06 0.008 3.6264249e-40 0.21900738
0.8 2.8183829e-06 0.0068 0 0
0.9 1.1220185e-06 0.0078 2.8554357e-08 0.056127538
0.9 1.2589254e-05 0.0074 0 0
0.9 1.2589254e-06 0.0108 1.4081759e-07 0.01227013
0.9 1.2589254e-07 0.0104 0.064144573 0.21458579
0.9 1.2589254e-08 0.0104 0.031053272 0.29592603
0.9 1.4125375e-06 0.0112 1.0613145e-09 0.0019875106
0.9 1.5848932e-05 0.01 0 0
0.9 1.5848932e-06 0.0096 7.6741283e-11 0.23919155
0.9 1.5848932e-07 0.0082 0.042892402 0.21276256
0.9 1.5848932e-08 0.0106 0.045003453 0.28256366
0.9 1.7782794e-06 0.0102 1.1165888e-12 1.4890266e-05
0.9 1.9952623e-05 0.0122 0 0
0.9 1.9952623e-06 0.0114 5.0085504e-17 2.3516033e-09
0.9 1.9952623e-07 0.0118 0.023669499 0.18271961
0.9 1.9952623e-08 0.01 0.063152694 0.26480214
0.9 1e-05 0.0102 0 0
0.9 1e-06 0.007 3.9818634e-06 0.33031527
0.9 1e-07 0.0106 0.088879647 0.20429142
0.9 1e-08 0.0106 0.020816102 0.28998052
0.9 2.2387211e-06 0.0068 1.0384978e-19 0.027368399
0.9 2.5118864e-05 0.0082 0 0
0.9 2.5118864e-06 0.0104 8.6551227e-21 0.0031630035
0.9 2.5118864e-07 0.0124 0.013965223 0.19135211
0.9 2.5118864e-08 0.0106 0.080954137 0.2810119
0.9 2.8183829e-06 0.012 1.282069e-25 5.4691226e-07
0.9 3.1622777e-05 0.01 0 0
0.9 3.1622777e-06 0.0092 2.490249e-29 1.0687038e-06
0.9 3.1622777e-07 0.0126 0.0062683062 0.15630992
0.9 3.1622777e-08 0.0096 0.10545381 0.26371604
0.9 3.1622777e-09 0.0096 0.0022694582 0.26099866
0.9 3.5481339e-06 0.009 7.1986599e-38 0.9999998
0.9 3.9810717e-06 0.0108 0 0
0.9 3.9810717e-07 0.0118 0.0028813664 0.13003105
0.9 3.9810717e-08 0.0086 0.11939124 0.26009427
0.9 3.9810717e-09 0.0096 0.0034893704 0.26643734
0.9 4.4668359e-06 0.0098 0 0
0.9 5.0118723e-06 0.0098 0 0
0.9 5.0118723e-07 0.0106 0.00080583937 0.11955846
0.9 5.0118723e-08 0.009 0.12711869 0.27552964
0.9 5.0118723e-09 0.0098 0.0055587334 0.2582803
0.9 5.6234133e-06 0.01 0 0
0.9 6.3095734e-06 0.0074 0 0
0.9 6.3095734e-07 0.0084 0.00022041122 0.10275889
0.9 6.3095734e-08 0.0108 0.12628745 0.27644081
0.9 6.3095734e-09 0.0082 0.0089647743 0.29030749
0.9 7.0794578e-06 0.0094 0 0
0.9 7.9432823e-06 0.0098 0 0
0.9 7.9432823e-07 0.012 5.0010807e-05 0.24920792
0.9 7.9432823e-08 0.009 0.1089862 0.2420878
0.9 7.9432823e-09 0.0106 0.01353035 0.28431025
0.9 8.9125094e-06 0.0086 0 0
0.95 1.1220185e-06 0.009 2.9692726e-07 0.13557111
0.95 1.1220185e-06 0.009 2.9692726e-07 0.13557111
0.95 1.2589254e-05 0.0114 0 0
0.95 1.2589254e-06 0.0114 3.1310299e-07 0.19139476
0.95 1.2589254e-07 0.0082 0.068622987 0.19554019
0.95 1.2589254e-08 0.0108 0.027168464 0.27131298
0.95 1.4125375e-06 0.011 1.2364289e-08 0.89934885
0.95 1.4125375e-06 0.011 1.2364289e-08 0.89934885
0.95 1.5848932e-05 0.0098 0 0
0.95 1.5848932e-06 0.0098 4.6923306e-11 0.077379674
0.95 1.5848932e-07 0.0112 0.047828729 0.19909769
0.95 1.5848932e-08 0.009 0.039307607 0.27750182
0.95 1.7782794e-06 0.0092 7.5951002e-12 1.3040702e-05
0.95 1.7782794e-06 0.0092 7.5951002e-12 1.3040702e-05
0.95 1.9952623e-05 0.0094 0 0
0.95 1.9952623e-06 0.01 5.8395804e-15 0.0018000572
0.95 1.9952623e-07 0.0112 0.028429865 0.16137748
0.95 1.9952623e-08 0.0092 0.056134558 0.27442594
0.95 1e-05 0.013 0 0
0.95 1e-06 0.0094 5.7336839e-06 0.063522813
0.95 1e-07 0.0122 0.092701367 0.20922127
0.95 1e-08 0.0068 0.018139032 0.27541035
0.95 2.2387211e-06 0.01 1.3299131e-20 4.1085574e-08
0.95 2.2387211e-06 0.01 1.3299131e-20 4.1085574e-08
0.95 2.5118864e-05 0.0102 0 0
0.95 2.5118864e-06 0.0118 2.5261634e-25 8.4124203e-09
0.95 2.5118864e-07 0.0118 0.014294182 0.16150896
0.95 2.5118864e-08 0.0112 0.074031985 0.25867033
0.95 2.8183829e-06 0.0088 1.2898692e-27 1.1509592e-06
0.95 2.8183829e-06 0.0088 1.2898692e-27 1.1509592e-06
0.95 3.1622777e-05 0.012 0 0
0.95 3.1622777e-06 0.0084 1.3147665e-25 4.347597e-15
0.95 3.1622777e-07 0.0096 0.00729273 0.15677134
0.95 3.1622777e-08 0.0084 0.09759672 0.26061403
0.95 3.1622777e-09 0.0122 0.0020157793 0.2573651
0.95 3.5481339e-06 0.0102 2.6325695e-34 0
0.95 3.5481339e-06 0.0102 2.6325695e-34 0
0.95 3.9810717e-06 0.009 1.2118192e-45 0.99989371
0.95 3.9810717e-07 0.0104 0.0039660753 0.12377576
0.95 3.9810717e-08 0.0114 0.11599732 0.25315848
0.95 3.9810717e-09 0.0108 0.0031709661 0.24601397
0.95 4.4668359e-06 0.0108 0 0
0.95 5.0118723e-06 0.0098 0 0
0.95 5.0118723e-07 0.009 0.0012230868 0.2022666
0.95 5.0118723e-08 0.011 0.12714656 0.23172977
0.95 5.0118723e-09 0.0098 0.004980441 0.25732814
0.95 5.6234133e-06 0.0112 0 0
0.95 6.3095734e-06 0.0088 0 0
0.95 6.3095734e-07 0.0112 0.0003372739 0.15002683
0.95 6.3095734e-08 0.0146 0.12643282 0.26871157
0.95 6.3095734e-09 0.0136 0.00752981 0.24364758
0.95 7.0794578e-06 0.0108 0 0
0.95 7.9432823e-06 0.0098 0 0
0.95 7.9432823e-07 0.0114 7.8351538e-05 0.1403227
0.95 7.9432823e-08 0.0094 0.11566438 0.23196039
0.95 7.9432823e-09 0.0082 0.012457146 0.27590474
0.95 8.9125094e-06 0.0112 0 0
0.9 1.1220185e-06 0.0078 2.8554357e-08 0.056127538
0.9 1.4125375e-06 0.0112 1.0613145e-09 0.0019875106
0.9 1.7782794e-06 0.0102 1.1165888e-12 1.4890266e-05
0.9 2.2387211e-06 0.0068 1.0384978e-19 0.027368399
0.9 2.8183829e-06 0.012 1.282069e-25 5.4691226e-07
0.9 3.5481339e-06 0.009 7.1986599e-38 0.9999998
