0.002 0.00012589254 1 0.040418012 0.80121908
0.002 0.00015848932 1 0.030075087 0.84759041
0.002 0.00019952623 1 0.019127308 0.8556659
0.002 0.0001 1 0.049499502 0.72970567
0.002 0.00025118864 1 0.009824495 0.91235703
0.002 0.00031622777 1 0.0038008896 0.93283492
0.002 0.001 1 6.0016749e-09 0.79423277
0.002 0.0031622777 1 0 0.0
0.002 0.01 1 0 0.0
0.002 0.031622777 1 0 0.0
0.002 0.1 1 0 0.0
0.002 1.2589254e-05 1 0.0041676371 0.57840391
0.002 1.2589254e-06 1 4.7136553e-05 0.5191843
0.002 1.2589254e-07 1 4.2861881e-07 0.58635186
0.002 1.2589254e-08 1 4.6276612e-09 0.58228639
0.002 1.2589254e-09 1 4.5868428e-11 0.57227332
0.002 1.5848932e-05 1 0.0065516673 0.60583591
0.002 1.5848932e-06 1 6.844027e-05 0.57123152
0.002 1.5848932e-07 1 7.2576744e-07 0.57450829
0.002 1.5848932e-08 1 6.3505316e-09 0.62540296
0.002 1.5848932e-09 1 7.1876837e-11 0.59985046
0.002 1.9952623e-05 1 0.009947575 0.60006697
0.002 1.9952623e-06 1 0.00011974471 0.58677836
0.002 1.9952623e-07 1 1.0692666e-06 0.58178989
0.002 1.9952623e-08 1 1.0528113e-08 0.55652353
0.002 1.9952623e-09 1 1.1152251e-10 0.60291339
0.002 1e-05 1 0.0026166802 0.5642788
0.002 1e-06 1 2.7254837e-05 0.57516528
0.002 1e-07 1 2.7856511e-07 0.55431678
0.002 1e-08 1 2.8579294e-09 0.57683921
0.002 1e-09 1 2.8249608e-11 0.57139867
0.002 2.5118864e-05 1 0.015100209 0.57127186
0.002 2.5118864e-06 1 0.00018766118 0.55269751
0.002 2.5118864e-07 1 1.7910665e-06 0.58405183
0.002 2.5118864e-08 1 1.8550389e-08 0.5698506
0.002 2.5118864e-09 1 1.8649531e-10 0.55931294
0.002 3.1622777e-05 1 0.021064637 0.5876444
0.002 3.1622777e-06 1 0.00027958547 0.56477943
0.002 3.1622777e-07 1 2.8045347e-06 0.59403197
0.002 3.1622777e-08 1 2.7485716e-08 0.54699176
0.002 3.1622777e-09 1 2.8309323e-10 0.59291958
0.002 3.9810717e-05 1 0.029331614 0.62019702
0.002 3.9810717e-06 1 0.00042872757 0.59259557
0.002 3.9810717e-07 1 4.7384981e-06 0.53826359
0.002 3.9810717e-08 1 4.3786592e-08 0.57857543
0.002 3.9810717e-09 1 4.3232793e-10 0.55701157
0.002 5.0118723e-05 1 0.039503544 0.6522546
0.002 5.0118723e-06 1 0.0007284791 0.56005716
0.002 5.0118723e-07 1 7.3575438e-06 0.5607352
0.002 5.0118723e-08 1 7.2134324e-08 0.56942005
0.002 5.0118723e-09 1 6.8979069e-10 0.56522283
0.002 6.3095734e-05 1 0.047344868 0.66348207
0.002 6.3095734e-06 1 0.0011443259 0.54801217
0.002 6.3095734e-07 1 1.1027383e-05 0.58625456
0.002 6.3095734e-08 1 1.0584922e-07 0.57031406
0.002 6.3095734e-09 1 1.0988537e-09 0.56245645
0.002 7.9432823e-05 1 0.05042009 0.70793927
0.002 7.9432823e-06 1 0.0017494183 0.60087904
0.002 7.9432823e-07 1 1.8342546e-05 0.53018185
0.002 7.9432823e-08 1 1.7464346e-07 0.56611543
0.002 7.9432823e-09 1 1.7701136e-09 0.60276333
0.005 0.00012589254 1 0.0030097329 0.84039547
0.005 0.00015848932 1 0.001227194 0.87187829
0.005 0.00019952623 1 0.00026258794 0.89992137
0.005 0.0001 1 0.010029404 0.84316931
0.005 0.00025118864 1 2.8333994e-05 0.89313688
0.005 0.00031622777 1 2.8262317e-06 0.68051947
0.005 0.001 1 1.8266359e-44 1
0.005 0.0031622777 1 0 0.0
0.005 0.01 1 0 0.0
0.005 0.031622777 1 0 0.0
0.005 0.1 1 0 0.0
0.005 1.2589254e-05 1 0.022950625 0.55715155
0.005 1.2589254e-06 1 0.00030053936 0.52853155
0.005 1.2589254e-07 1 3.0155439e-06 0.54753398
0.005 1.2589254e-08 1 2.8772424e-08 0.55165219
0.005 1.2589254e-09 1 2.9487759e-10 0.50745692
0.005 1.5848932e-05 1 0.029728145 0.54963748
0.005 1.5848932e-06 1 0.00044751601 0.50413896
0.005 1.5848932e-07 1 5.0456291e-06 0.49826213
0.005 1.5848932e-08 1 4.389034e-08 0.55977043
0.005 1.5848932e-09 1 4.7647959e-10 0.47860367
0.005 1.9952623e-05 1 0.039111253 0.60502375
0.005 1.9952623e-06 1 0.00072680835 0.51280911
0.005 1.9952623e-07 1 7.4368327e-06 0.5428127
0.005 1.9952623e-08 1 7.4540042e-08 0.52805108
0.005 1.9952623e-09 1 7.078942e-10 0.51565281
0.005 1e-05 1 0.015284809 0.56876766
0.005 1e-06 1 0.00017950977 0.52534568
0.005 1e-07 1 1.7223871e-06 0.5484338
0.005 1e-08 1 1.8045418e-08 0.51858451
0.005 1e-09 1 1.7123267e-10 0.54640281
0.005 2.5118864e-05 1 0.045677984 0.62221297
0.005 2.5118864e-06 1 0.0011678627 0.51338924
0.005 2.5118864e-07 1 1.2042762e-05 0.50156203
0.005 2.5118864e-08 1 1.1745309e-07 0.54276741
0.005 2.5118864e-09 1 1.1439648e-09 0.52630775
0.005 3.1622777e-05 1 0.053357632 0.64944578
0.005 3.1622777e-06 1 0.0018425687 0.55525523
0.005 3.1622777e-07 1 1.8442108e-05 0.54367255
0.005 3.1622777e-08 1 1.86181e-07 0.52490879
0.005 3.1622777e-09 1 1.786026e-09 0.50870346
0.005 3.9810717e-05 1 0.049959651 0.66689373
0.005 3.9810717e-06 1 0.0026969989 0.5660321
0.005 3.9810717e-07 1 2.852285e-05 0.49500969
0.005 3.9810717e-08 1 2.7857877e-07 0.51699081
0.005 3.9810717e-09 1 2.8921651e-09 0.54292228
0.005 5.0118723e-05 1 0.040463489 0.71168715
0.005 5.0118723e-06 1 0.0043139791 0.52565232
0.005 5.0118723e-07 1 4.5251551e-05 0.5433756
0.005 5.0118723e-08 1 4.3993748e-07 0.56567342
0.005 5.0118723e-09 1 4.549036e-09 0.51848211
0.005 6.3095734e-05 1 0.032596992 0.71929362
0.005 6.3095734e-06 1 0.0066958697 0.55517833
0.005 6.3095734e-07 1 7.8231772e-05 0.50689742
0.005 6.3095734e-08 1 7.1617151e-07 0.51787101
0.005 6.3095734e-09 1 7.5563258e-09 0.50494403
0.005 7.9432823e-05 1 0.018153603 0.73733174
0.005 7.9432823e-06 1 0.010027252 0.55291332
0.005 7.9432823e-07 1 0.00011215444 0.54579165
0.005 7.9432823e-08 1 1.1523865e-06 0.53367558
0.005 7.9432823e-09 1 1.2164396e-08 0.51097873
0.01 0.00012589254 1 2.7281891e-05 0.79266184
0.01 0.00015848932 1 7.1042349e-07 0.65292479
0.01 0.00019952623 1 2.5303179e-08 0.99797103
0.01 0.0001 1 0.00021932368 0.74656608
0.01 0.00025118864 1 4.1772172e-10 0.98669568
0.01 0.00031622777 1 7.7666862e-18 0.79898591
0.01 0.001 1 0 0.0
0.01 0.0031622777 1 0 0.0
0.01 0.01 1 0 0.0
0.01 0.031622777 1 0 0.0
0.01 0.1 1 0 0.0
0.01 1.2589254e-05 1 0.050280057 0.61018911
0.01 1.2589254e-06 1 0.0010993555 0.533363
0.01 1.2589254e-07 1 1.1667375e-05 0.50524268
0.01 1.2589254e-08 1 1.1143364e-07 0.55008059
0.01 1.2589254e-09 1 1.1024362e-09 0.58662385
0.01 1.5848932e-05 1 0.053196972 0.65922886
0.01 1.5848932e-06 1 0.0018001721 0.51361368
0.01 1.5848932e-07 1 1.8589063e-05 0.52500502
0.01 1.5848932e-08 1 1.8267219e-07 0.53312217
0.01 1.5848932e-09 1 1.777982e-09 0.53155228
0.01 1.9952623e-05 1 0.049024 0.67917113
0.01 1.9952623e-06 1 0.0027264578 0.51826797
0.01 1.9952623e-07 1 2.8930841e-05 0.53890772
0.01 1.9952623e-08 1 2.7721287e-07 0.50492232
0.01 1.9952623e-09 1 2.8835959e-09 0.56393947
0.01 1e-05 1 0.038440847 0.60178077
0.01 1e-06 1 0.00071973359 0.49387679
0.01 1e-07 1 6.9524416e-06 0.54426588
0.01 1e-08 1 7.4010734e-08 0.51789442
0.01 1e-09 1 7.2527048e-10 0.52466426
0.01 2.5118864e-05 1 0.042750837 0.71634191
0.01 2.5118864e-06 1 0.004218622 0.54111715
0.01 2.5118864e-07 1 4.7948155e-05 0.55177213
0.01 2.5118864e-08 1 4.5592543e-07 0.53268562
0.01 2.5118864e-09 1 4.4363077e-09 0.58451148
0.01 3.1622777e-05 1 0.030542731 0.74010001
0.01 3.1622777e-06 1 0.0069230325 0.55944134
0.01 3.1622777e-07 1 7.1082072e-05 0.52127804
0.01 3.1622777e-08 1 7.0462477e-07 0.5171158
0.01 3.1622777e-09 1 7.3365824e-09 0.51930364
0.01 3.9810717e-05 1 0.017314713 0.81477515
0.01 3.9810717e-06 1 0.0099594477 0.56576748
0.01 3.9810717e-07 1 0.00012076657 0.51865799
0.01 3.9810717e-08 1 1.1616168e-06 0.55192037
0.01 3.9810717e-09 1 1.1474055e-08 0.55702631
0.01 5.0118723e-05 1 0.0093389299 0.823276
0.01 5.0118723e-06 1 0.015499237 0.54020451
0.01 5.0118723e-07 1 0.0001828328 0.55564187
0.01 5.0118723e-08 1 1.9834476e-06 0.50887353
0.01 5.0118723e-09 1 1.7871563e-08 0.54278428
0.01 6.3095734e-05 1 0.0039553831 0.81520082
0.01 6.3095734e-06 1 0.022324932 0.5689111
0.01 6.3095734e-07 1 0.00029112484 0.48566147
0.01 6.3095734e-08 1 2.9010848e-06 0.50550323
0.01 6.3095734e-09 1 2.8750031e-08 0.50492789
0.01 7.9432823e-05 1 0.0010374129 0.87437588
0.01 7.9432823e-06 1 0.029383919 0.55091793
0.01 7.9432823e-07 1 0.00044759205 0.54494942
0.01 7.9432823e-08 1 4.2723331e-06 0.54824231
0.01 7.9432823e-09 1 4.9423295e-08 0.49309281
0.05 0.00012589254 1 0 0.0
0.05 0.00015848932 1 0 0.0
0.05 0.00019952623 1 0 0.0
0.05 0.0001 1 5.5480462e-29 0.99980885
0.05 0.00025118864 1 0 0.0
0.05 0.00031622777 1 0 0.0
0.05 0.001 1 0 0.0
0.05 0.0031622777 1 0 0.0
0.05 0.01 1 0 0.0
0.05 0.031622777 1 0 0.0
0.05 0.1 1 0 0.0
0.05 1.2589254e-05 1 0.0035206928 0.83712527
0.05 1.2589254e-06 1 0.021312516 0.59110555
0.05 1.2589254e-07 1 0.00028353039 0.53457501
0.05 1.2589254e-08 1 2.8300128e-06 0.48827534
0.05 1.2589254e-09 1 2.7520016e-08 0.55316963
0.05 1.5848932e-05 1 0.0012086747 0.8794244
0.05 1.5848932e-06 1 0.029929334 0.58450556
0.05 1.5848932e-07 1 0.00045440015 0.53204656
0.05 1.5848932e-08 1 4.4848785e-06 0.50949296
0.05 1.5848932e-09 1 4.5361047e-08 0.53770194
0.05 1.9952623e-05 1 0.00023482023 0.95671964
0.05 1.9952623e-06 1 0.040076004 0.57066642
0.05 1.9952623e-07 1 0.00066598331 0.5386124
0.05 1.9952623e-08 1 7.5566845e-06 0.51364293
0.05 1.9952623e-09 1 6.9697951e-08 0.55373891
0.05 1e-05 1 0.0088909392 0.81507039
0.05 1e-06 1 0.016505866 0.56350932
0.05 1e-07 1 0.00017615008 0.51223121
0.05 1e-08 1 1.7739322e-06 0.54368391
0.05 1e-09 1 1.8395396e-08 0.52781839
0.05 2.5118864e-05 1 4.043275e-05 0.85444289
0.05 2.5118864e-06 1 0.043549564 0.64043808
0.05 2.5118864e-07 1 0.0012066596 0.51367158
0.05 2.5118864e-08 1 1.1688473e-05 0.51836395
0.05 2.5118864e-09 1 1.1431456e-07 0.51576547
0.05 3.1622777e-05 1 8.9240248e-07 0.37650867
0.05 3.1622777e-06 1 0.051831452 0.64451567
0.05 3.1622777e-07 1 0.0017559905 0.51906636
0.05 3.1622777e-08 1 1.8119191e-05 0.52884012
0.05 3.1622777e-09 1 1.8084778e-07 0.50108936
0.05 3.9810717e-05 1 5.574442e-07 0.97240967
0.05 3.9810717e-06 1 0.04985982 0.67054998
0.05 3.9810717e-07 1 0.0027654104 0.5437908
0.05 3.9810717e-08 1 2.9030203e-05 0.559823
0.05 3.9810717e-09 1 2.8714563e-07 0.54143674
0.05 5.0118723e-05 1 1.2813437e-10 0.69093593
0.05 5.0118723e-06 1 0.040470511 0.72354307
0.05 5.0118723e-07 1 0.0042377061 0.55122235
0.05 5.0118723e-08 1 4.2876557e-05 0.54135331
0.05 5.0118723e-09 1 4.8786794e-07 0.50076329
0.05 6.3095734e-05 1 5.9505148e-18 0.99998785
0.05 6.3095734e-06 1 0.030335977 0.73889485
0.05 6.3095734e-07 1 0.0064759545 0.56221963
0.05 6.3095734e-08 1 6.7607744e-05 0.53969331
0.05 6.3095734e-09 1 6.744663e-07 0.51388677
0.05 7.9432823e-05 1 5.4833942e-22 0.065653651
0.05 7.9432823e-06 1 0.01884942 0.82232855
0.05 7.9432823e-07 1 0.010444166 0.54078618
0.05 7.9432823e-08 1 0.00011410183 0.51900615
0.05 7.9432823e-09 1 1.2154208e-06 0.52955479
0.1 0.00012589254 1 0 0.0
0.1 0.00015848932 1 0 0.0
0.1 0.00019952623 1 0 0.0
0.1 0.0001 1 0 0.0
0.1 0.00025118864 1 0 0.0
0.1 0.00031622777 1 0 0.0
0.1 0.001 1 0 0.0
0.1 0.0031622777 1 0 0.0
0.1 0.01 1 0 0.0
0.1 0.031622777 1 0 0.0
0.1 0.1 1 0 0.0
0.1 1.2589254e-05 1 2.4035987e-05 0.70329266
0.1 1.2589254e-06 1 0.047279946 0.61649669
0.1 1.2589254e-07 1 0.0011613442 0.51190469
0.1 1.2589254e-08 1 1.0618241e-05 0.56111774
0.1 1.2589254e-09 1 1.1492241e-07 0.56401809
0.1 1.5848932e-05 1 1.0482023e-07 0.98690533
0.1 1.5848932e-06 1 0.051451256 0.64306881
0.1 1.5848932e-07 1 0.001759758 0.56722491
0.1 1.5848932e-08 1 1.7769595e-05 0.56200095
0.1 1.5848932e-09 1 1.8431778e-07 0.52806992
0.1 1.9952623e-05 1 1.0025801e-08 0.99999408
0.1 1.9952623e-06 1 0.047902805 0.67702446
0.1 1.9952623e-07 1 0.0026555995 0.5482888
0.1 1.9952623e-08 1 2.7307461e-05 0.53549807
0.1 1.9952623e-09 1 2.8167612e-07 0.52945607
0.1 1e-05 1 0.00021973406 0.63290785
0.1 1e-06 1 0.039402492 0.58586052
0.1 1e-07 1 0.00071888474 0.5730288
0.1 1e-08 1 6.9066858e-06 0.54834432
0.1 1e-09 1 7.1679814e-08 0.55851554
0.1 2.5118864e-05 1 1.9767389e-13 0.69189575
0.1 2.5118864e-06 1 0.044297049 0.71032289
0.1 2.5118864e-07 1 0.0047213065 0.50758817
0.1 2.5118864e-08 1 4.7375305e-05 0.54347826
0.1 2.5118864e-09 1 4.6877292e-07 0.55438787
0.1 3.1622777e-05 1 1.8286498e-12 1
0.1 3.1622777e-06 1 0.029136282 0.7491607
0.1 3.1622777e-07 1 0.0064281815 0.56977965
0.1 3.1622777e-08 1 6.7918357e-05 0.58633793
0.1 3.1622777e-09 1 7.3185443e-07 0.54900801
0.1 3.9810717e-05 1 7.7929561e-24 1
0.1 3.9810717e-06 1 0.019133215 0.75333603
0.1 3.9810717e-07 1 0.010630193 0.51054419
0.1 3.9810717e-08 1 0.00010616593 0.52453438
0.1 3.9810717e-09 1 1.1051452e-06 0.53136515
0.1 5.0118723e-05 1 1.9632224e-40 1
0.1 5.0118723e-06 1 0.009437379 0.79724164
0.1 5.0118723e-07 1 0.014790228 0.56674006
0.1 5.0118723e-08 1 0.00017576261 0.53878492
0.1 5.0118723e-09 1 1.8533215e-06 0.52699524
0.1 6.3095734e-05 1 0 0.0
0.1 6.3095734e-06 1 0.0036209121 0.84447928
0.1 6.3095734e-07 1 0.021363843 0.59439368
0.1 6.3095734e-08 1 0.00026831602 0.56526292
0.1 6.3095734e-09 1 2.9013496e-06 0.55157083
0.1 7.9432823e-05 1 0 0.0
0.1 7.9432823e-06 1 0.00087458073 0.8518807
0.1 7.9432823e-07 1 0.029912386 0.58338419
0.1 7.9432823e-08 1 0.00046323277 0.53048612
0.1 7.9432823e-09 1 4.6135601e-06 0.53860246
0.15 0.00012589254 1 0 0.0
0.15 0.00015848932 1 0 0.0
0.15 0.00019952623 1 0 0.0
0.15 0.0001 1 0 0.0
0.15 0.00025118864 1 0 0.0
0.15 0.00031622777 1 0 0.0
0.15 0.001 1 0 0.0
0.15 0.0031622777 1 0 0.0
0.15 0.01 1 0 0.0
0.15 0.031622777 1 0 0.0
0.15 0.1 1 0 0.0
0.15 1.2589254e-05 1 2.4338104e-07 0.98911402
0.15 1.2589254e-06 1 0.055277419 0.67816103
0.15 1.2589254e-07 1 0.0024881502 0.55676845
0.15 1.2589254e-08 1 2.6484507e-05 0.53044042
0.15 1.2589254e-09 1 2.6018229e-07 0.53432752
0.15 1.5848932e-05 1 2.4046363e-11 0.92391102
0.15 1.5848932e-06 1 0.043632494 0.71284816
0.15 1.5848932e-07 1 0.0041797027 0.5202587
0.15 1.5848932e-08 1 4.0036262e-05 0.54126812
0.15 1.5848932e-09 1 3.9493504e-07 0.53361933
0.15 1.9952623e-05 1 4.616527e-18 0.99922423
0.15 1.9952623e-06 1 0.03246029 0.73988862
0.15 1.9952623e-07 1 0.005905476 0.5817587
0.15 1.9952623e-08 1 6.2172724e-05 0.55542124
0.15 1.9952623e-09 1 6.3545486e-07 0.5328713
0.15 1e-05 1 2.5303841e-06 0.82307332
0.15 1e-06 1 0.05095912 0.61370164
0.15 1e-07 1 0.0016104126 0.54068033
0.15 1e-08 1 1.573489e-05 0.54423973
0.15 1e-09 1 1.6071136e-07 0.49387533
0.15 2.5118864e-05 1 2.0192395e-28 0.60065112
0.15 2.5118864e-06 1 0.019658719 0.77972065
0.15 2.5118864e-07 1 0.0089698243 0.57733736
0.15 2.5118864e-08 1 0.00010199979 0.55553698
0.15 2.5118864e-09 1 1.0631079e-06 0.51367243
0.15 3.1622777e-05 1 4.3479297e-26 1
0.15 3.1622777e-06 1 0.010569017 0.79178694
0.15 3.1622777e-07 1 0.014113647 0.53856585
0.15 3.1622777e-08 1 0.00015142602 0.56054852
0.15 3.1622777e-09 1 1.6724396e-06 0.54736133
0.15 3.9810717e-05 1 5.9917563e-43 1
0.15 3.9810717e-06 1 0.0049526589 0.86590094
0.15 3.9810717e-07 1 0.019831581 0.56660465
0.15 3.9810717e-08 1 0.00025931878 0.56704448
0.15 3.9810717e-09 1 2.6196932e-06 0.57127577
0.15 5.0118723e-05 1 0 0.0
0.15 5.0118723e-06 1 0.0015853276 0.75414474
0.15 5.0118723e-07 1 0.028340604 0.5786705
0.15 5.0118723e-08 1 0.00039466435 0.53540581
0.15 5.0118723e-09 1 3.9237694e-06 0.57390768
0.15 6.3095734e-05 1 0 0.0
0.15 6.3095734e-06 1 0.00024678309 0.90388505
0.15 6.3095734e-07 1 0.036851134 0.59142757
0.15 6.3095734e-08 1 0.00067735562 0.55625564
0.15 6.3095734e-09 1 6.6497504e-06 0.53703598
0.15 7.9432823e-05 1 0 0.0
0.15 7.9432823e-06 1 4.8047198e-05 0.88159654
0.15 7.9432823e-07 1 0.044720342 0.62614041
0.15 7.9432823e-08 1 0.0010447291 0.55282528
0.15 7.9432823e-09 1 1.0248147e-05 0.54092662
0.2 0.00012589254 1 0 0.0
0.2 0.00015848932 1 0 0.0
0.2 0.00019952623 1 0 0.0
0.2 0.0001 1 0 0.0
0.2 0.00025118864 1 0 0.0
0.2 0.00031622777 1 0 0.0
0.2 0.001 1 0 0.0
0.2 0.0031622777 1 0 0.0
0.2 0.01 1 0 0.0
0.2 0.031622777 1 0 0.0
0.2 0.1 1 0 0.0
0.2 1.2589254e-05 1 1.7742318e-12 0.99984069
0.2 1.2589254e-06 1 0.043164037 0.71449557
0.2 1.2589254e-07 1 0.004397074 0.53109018
0.2 1.2589254e-08 1 4.3934692e-05 0.55519809
0.2 1.2589254e-09 1 4.5318316e-07 0.5253459
0.2 1.5848932e-05 1 2.5698897e-16 0.99186049
0.2 1.5848932e-06 1 0.031035754 0.74460685
0.2 1.5848932e-07 1 0.0067473525 0.54268633
0.2 1.5848932e-08 1 7.3881766e-05 0.56112982
0.2 1.5848932e-09 1 7.4586467e-07 0.56317981
0.2 1.9952623e-05 1 1.4489877e-29 0.99800721
0.2 1.9952623e-06 1 0.017883221 0.75743976
0.2 1.9952623e-07 1 0.0098378552 0.57569105
0.2 1.9952623e-08 1 0.00011787321 0.58226174
0.2 1.9952623e-09 1 1.2569421e-06 0.52959397
0.2 1e-05 1 7.0051137e-09 0.94841338
0.2 1e-06 1 0.053873501 0.69681865
0.2 1e-07 1 0.0030176527 0.54418827
0.2 1e-08 1 2.8520051e-05 0.53663956
0.2 1e-09 1 2.820685e-07 0.54049238
0.2 2.5118864e-05 1 8.7063293e-35 1
0.2 2.5118864e-06 1 0.0085875182 0.85579288
0.2 2.5118864e-07 1 0.016187769 0.54267074
0.2 2.5118864e-08 1 0.00018329483 0.55589038
0.2 2.5118864e-09 1 1.8969434e-06 0.54405672
0.2 3.1622777e-05 1 0 0.0
0.2 3.1622777e-06 1 0.0039092758 0.82477054
0.2 3.1622777e-07 1 0.021179835 0.58762111
0.2 3.1622777e-08 1 0.00028567663 0.54387425
0.2 3.1622777e-09 1 2.8392011e-06 0.55166345
0.2 3.9810717e-05 1 0 0.0
0.2 3.9810717e-06 1 0.0011450364 0.8022786
0.2 3.9810717e-07 1 0.031897391 0.57061132
0.2 3.9810717e-08 1 0.00045282129 0.55603382
0.2 3.9810717e-09 1 4.5446556e-06 0.55446107
0.2 5.0118723e-05 1 0 0.0
0.2 5.0118723e-06 1 0.00018259694 0.93119885
0.2 5.0118723e-07 1 0.040276968 0.62692984
0.2 5.0118723e-08 1 0.00070296516 0.55349864
0.2 5.0118723e-09 1 7.489676e-06 0.54438369
0.2 6.3095734e-05 1 0 0.0
0.2 6.3095734e-06 1 2.7752124e-05 0.86182696
0.2 6.3095734e-07 1 0.048089858 0.63039512
0.2 6.3095734e-08 1 0.0011628379 0.53326211
0.2 6.3095734e-09 1 1.1907643e-05 0.5379961
0.2 7.9432823e-05 1 0 0.0
0.2 7.9432823e-06 1 7.2095931e-07 0.96864453
0.2 7.9432823e-07 1 0.051232443 0.63602706
0.2 7.9432823e-08 1 0.0018561937 0.55281842
0.2 7.9432823e-09 1 1.951468e-05 0.53014943
0.25 0.00012589254 0.55679934 0 0.0
0.25 0.00015848932 0.57160778 0 0.0
0.25 0.00019952623 0.56118407 0 0.0
0.25 0.0001 0.56221198 0 0.0
0.25 0.00025118864 0.5702962 0 0.0
0.25 0.00031622777 0.57393118 0 0.0
0.25 0.25 0.57145842 0 0.0
0.25 1.1220184543e-05 0.55904523 5.1343924e-25 0.9999933
0.25 1.122018454e-05 0.58305579 2.1257308e-23 1
0.25 1.2589254e-05 0.58284641 1.1687926e-27 1
0.25 1.2589254e-06 0.57100964 0.01758108 0.80119663
0.25 1.2589254e-07 0.57222914 0.010995841 0.54358044
0.25 1.2589254e-08 0.57634543 0.00012674389 0.55455646
0.25 1.2589254e-09 0.57196339 1.2702919e-06 0.54054025
0.25 1.41253754462e-05 0.56984757 4.9491274e-32 0.23987856
0.25 1.412537545e-05 0.5820802 1.113527e-43 1
0.25 1.5848932e-05 0.57184506 3.7163536e-31 1
0.25 1.5848932e-06 0.57703488 0.0077008474 0.78564947
0.25 1.5848932e-07 0.56734183 0.017287883 0.55715212
0.25 1.5848932e-08 0.578125 0.00020548553 0.56093335
0.25 1.5848932e-09 0.57946261 1.9080564e-06 0.55664736
0.25 1.77827941004e-05 0.57080292 8.5286189e-45 1
0.25 1.77827941e-05 0.57636288 0 0.0
0.25 1.9952623e-05 0.57427386 0 0.0
0.25 1.9952623e-06 0.5677473 0.0031432449 0.80311893
0.25 1.9952623e-07 0.57023061 0.023724704 0.60042477
0.25 1.9952623e-08 0.58025715 0.00032935228 0.55181709
0.25 1.9952623e-09 0.58077965 3.1269483e-06 0.57558044
0.25 1e-05 0.56880351 6.0859237e-20 0.19842532
0.25 1e-06 0.58071192 0.029977495 0.79841948
0.25 1e-07 0.572235 0.0074596916 0.561955
0.25 1e-08 0.57801787 8.2564106e-05 0.55644725
0.25 1e-09 0.57187631 7.9259607e-07 0.58500486
0.25 2.23872113857e-05 0.57113014 0 0.0
0.25 2.5118864e-05 0.5673257 0 0.0
0.25 2.5118864e-06 0.57470785 0.00095160335 0.89021614
0.25 2.5118864e-07 0.5753396 0.032861594 0.58593841
0.25 2.5118864e-08 0.57166701 0.00048567577 0.54457629
0.25 2.5118864e-09 0.57136904 5.2452159e-06 0.52750685
0.25 2.81838293126e-05 0.56616729 0 0.0
0.25 3.1622777e-05 0.57800458 0 0.0
0.25 3.1622777e-06 0.56995582 0.00015854947 0.87184699
0.25 3.1622777e-07 0.56531672 0.04374163 0.62299969
0.25 3.1622777e-08 0.56913452 0.00073403259 0.57396651
0.25 3.1622777e-09 0.58876358 7.8559281e-06 0.50503578
0.25 3.54813389234e-05 0.57560672 0 0.0
0.25 3.9810717e-05 0.56800167 0 0.0
0.25 3.9810717e-06 0.5736853 1.0671948e-05 0.72042598
0.25 3.9810717e-07 0.5743793 0.050590358 0.62250373
0.25 3.9810717e-08 0.57065444 0.0012838959 0.48236765
0.25 3.9810717e-09 0.56832881 1.2350375e-05 0.56358564
0.25 4.46683592151e-05 0.56550719 0 0.0
0.25 5.0118723e-05 0.584119 0 0.0
0.25 5.0118723e-06 0.57953837 1.5762022e-07 0.80665727
0.25 5.0118723e-07 0.56487276 0.051479419 0.64521584
0.25 5.0118723e-08 0.57472228 0.0020243839 0.54927487
0.25 5.0118723e-09 0.58331591 2.0256994e-05 0.56934048
0.25 5.6234132519e-05 0.57959782 0 0.0
0.25 6.3095734e-05 0.56870071 0 0.0
0.25 6.3095734e-06 0.57297522 1.7675963e-08 0.93949608
0.25 6.3095734e-07 0.57729167 0.048233316 0.65449593
0.25 6.3095734e-08 0.57271584 0.0032686586 0.54139144
0.25 6.3095734e-09 0.57178579 3.1829457e-05 0.56656624
0.25 7.07945784384e-05 0.56877866 0 0.0
0.25 7.9432823e-05 0.5660338 0 0.0
0.25 7.9432823e-06 0.57981613 1.9628965e-14 0.95024916
0.25 7.9432823e-07 0.58265413 0.041680303 0.75539488
0.25 7.9432823e-08 0.57348944 0.0046865989 0.5647426
0.25 7.9432823e-09 0.56645833 5.0595434e-05 0.54712664
0.3 0.00012589254 0.51943755 0 0.0
0.3 0.00015848932 0.52625026 0 0.0
0.3 0.00019952623 0.52666528 0 0.0
0.3 0.0001 0.52 0 0.0
0.3 0.00025118864 0.53054463 0 0.0
0.3 0.00031622777 0.52869023 0 0.0
0.3 1.2589254e-05 0.52692868 5.8548008e-43 1
0.3 1.2589254e-06 0.52597806 0.0083021152 0.84462137
0.3 1.2589254e-07 0.51833437 0.016078269 0.62311929
0.3 1.2589254e-08 0.52666667 0.00020070379 0.63238515
0.3 1.2589254e-09 0.5217752 2.1161842e-06 0.5472369
0.3 1.5848932e-05 0.52487562 0 0.0
0.3 1.5848932e-06 0.51874871 0.0032045437 0.79091584
0.3 1.5848932e-07 0.52620632 0.023470546 0.5895209
0.3 1.5848932e-08 0.52230096 0.00031840052 0.56877278
0.3 1.5848932e-09 0.52422541 3.0751834e-06 0.57824198
0.3 1.9952623e-05 0.51931419 0 0.0
0.3 1.9952623e-06 0.51257535 0.00071148055 0.9203784
0.3 1.9952623e-07 0.51567366 0.032464035 0.61105726
0.3 1.9952623e-08 0.52582257 0.00051100035 0.5266977
0.3 1.9952623e-09 0.52357113 4.714323e-06 0.59667533
0.3 1e-05 0.51873439 9.2242528e-27 0.99999986
0.3 1e-06 0.51797963 0.018085259 0.80618862
0.3 1e-07 0.51702658 0.010310768 0.59491347
0.3 1e-08 0.52102415 0.00013868313 0.49545451
0.3 1e-09 0.52708638 1.2057791e-06 0.55584862
0.3 2.5118864e-05 0.51153127 0 0.0
0.3 2.5118864e-06 0.52701579 0.00011430585 0.91597639
0.3 2.5118864e-07 0.52832538 0.042638841 0.60522753
0.3 2.5118864e-08 0.52645833 0.00077201406 0.56082918
0.3 2.5118864e-09 0.52719317 8.4334071e-06 0.56701907
0.3 3.1622777e-05 0.52356238 0 0.0
0.3 3.1622777e-06 0.52619543 3.8141385e-05 0.88325619
0.3 3.1622777e-07 0.52568101 0.049716349 0.61620605
0.3 3.1622777e-08 0.51873439 0.0012714233 0.56509548
0.3 3.1622777e-09 0.53902034 1.3457025e-05 0.53905727
0.3 3.9810717e-05 0.52321725 0 0.0
0.3 3.9810717e-06 0.51848007 8.37325e-07 0.99979931
0.3 3.9810717e-07 0.5179052 0.055566649 0.65553085
0.3 3.9810717e-08 0.53302867 0.0019177096 0.57296188
0.3 3.9810717e-09 0.52452908 1.9628651e-05 0.56355575
0.3 5.0118723e-05 0.52307056 0 0.0
0.3 5.0118723e-06 0.52788181 2.1921759e-08 0.99918047
0.3 5.0118723e-07 0.53354037 0.052533415 0.68729277
0.3 5.0118723e-08 0.52336449 0.0028874823 0.56751088
0.3 5.0118723e-09 0.51947783 3.2537176e-05 0.54467162
0.3 6.3095734e-05 0.52402842 0 0.0
0.3 6.3095734e-06 0.52294912 1.0879191e-12 0.99999479
0.3 6.3095734e-07 0.52206495 0.043444652 0.72258587
0.3 6.3095734e-08 0.51231119 0.0046313083 0.61926663
0.3 6.3095734e-09 0.53383147 5.3013323e-05 0.54245439
0.3 7.9432823e-05 0.52259536 0 0.0
0.3 7.9432823e-06 0.51944559 5.4440659e-14 0.99999593
0.3 7.9432823e-07 0.52570239 0.031871623 0.7827591
0.3 7.9432823e-08 0.53046371 0.0070814552 0.58631429
0.3 7.9432823e-09 0.53377538 8.4774539e-05 0.56600538
0.35 0.00012589254 0.51879389 0 0.0
0.35 0.00015848932 0.49761855 0 0.0
0.35 0.00019952623 0.52137279 0 0.0
0.35 0.0001 0.5075679 0 0.0
0.35 0.00025118864 0.51809721 0 0.0
0.35 0.00031622777 0.507546 0 0.0
0.35 1.2589254e-05 0.49234272 0 0.0
0.35 1.2589254e-06 0.5174912 0.0054717476 0.74411516
0.35 1.2589254e-07 0.51257535 0.022697503 0.56611404
0.35 1.2589254e-08 0.53247828 0.00031749113 0.58863502
0.35 1.2589254e-09 0.5196932 2.8501983e-06 0.62306827
0.35 1.5848932e-05 0.51717715 0 0.0
0.35 1.5848932e-06 0.5206697 0.0019184608 0.88734635
0.35 1.5848932e-07 0.51075714 0.031250621 0.58453859
0.35 1.5848932e-08 0.51917098 0.00045538672 0.57129857
0.35 1.5848932e-09 0.51544682 4.4489016e-06 0.57981222
0.35 1.9952623e-05 0.50839378 0 0.0
0.35 1.9952623e-06 0.51754204 0.00018288549 0.95719365
0.35 1.9952623e-07 0.50321643 0.041119235 0.64172414
0.35 1.9952623e-08 0.51127664 0.00068526638 0.59452488
0.35 1.9952623e-09 0.50206356 6.6084177e-06 0.58230785
0.35 1e-05 0.50415455 2.1079174e-40 1
0.35 1e-06 0.50675255 0.00975744 0.79245721
0.35 1e-07 0.50787728 0.014492823 0.61844373
0.35 1e-08 0.51253366 0.00017252456 0.56839609
0.35 1e-09 0.51541486 1.7713614e-06 0.56409509
0.35 2.5118864e-05 0.51087182 0 0.0
0.35 2.5118864e-06 0.51375957 3.4512919e-05 0.83656145
0.35 2.5118864e-07 0.52498445 0.047430309 0.64882059
0.35 2.5118864e-08 0.5125929 0.0011186804 0.55549047
0.35 2.5118864e-09 0.5214876 1.153668e-05 0.60347524
0.35 3.1622777e-05 0.51532091 0 0.0
0.35 3.1622777e-06 0.50995851 8.3477153e-07 0.87026229
0.35 3.1622777e-07 0.51987578 0.054158806 0.64192532
0.35 3.1622777e-08 0.51179148 0.0017939118 0.64916988
0.35 3.1622777e-09 0.51488218 1.7537541e-05 0.60421686
0.35 3.9810717e-05 0.50715026 0 0.0
0.35 3.9810717e-06 0.50228311 6.3065794e-09 0.086876237
0.35 3.9810717e-07 0.51184834 0.052717016 0.68348952
0.35 3.9810717e-08 0.524375 0.0028140449 0.5840136
0.35 3.9810717e-09 0.51078391 2.8704011e-05 0.5949939
0.35 5.0118723e-05 0.5143213 0 0.0
0.35 5.0118723e-06 0.52735907 8.6971187e-11 0.86581961
0.35 5.0118723e-07 0.51055027 0.049322244 0.75096547
0.35 5.0118723e-08 0.51760563 0.0042970939 0.60255566
0.35 5.0118723e-09 0.51573499 4.5878165e-05 0.60223308
0.35 6.3095734e-05 0.51234696 0 0.0
0.35 6.3095734e-06 0.50362094 5.3367537e-20 0.3913688
0.35 6.3095734e-07 0.50671626 0.034648379 0.76483196
0.35 6.3095734e-08 0.4988601 0.0065567723 0.58675996
0.35 6.3095734e-09 0.51305429 7.0209197e-05 0.61875855
0.35 7.9432823e-05 0.51020829 0 0.0
0.35 7.9432823e-06 0.51321222 1.0993697e-22 1
0.35 7.9432823e-07 0.51500724 0.022246542 0.7490682
0.35 7.9432823e-08 0.51099585 0.0098234682 0.59465692
0.35 7.9432823e-09 0.51605552 0.00012021374 0.61197068
0.3 1.5848932e-05 0.53634862 0 0.0
0.4 0.00012589254 0.48885679 0 0.0
0.4 0.00015848932 0.48266612 0 0.0
0.4 0.00019952623 0.50268373 0 0.0
0.4 0.0001 0.48774459 0 0.0
0.4 0.00025118864 0.49002263 0 0.0
0.4 0.00031622777 0.49569142 0 0.0
0.4 1.2589254e-05 0.49136158 0 0.0
0.4 1.2589254e-06 0.48792071 0.0017339951 0.7919934
0.4 1.2589254e-07 0.4833196 0.028968882 0.63332234
0.4 1.2589254e-08 0.49721247 0.00041505852 0.60425989
0.4 1.2589254e-09 0.48877908 3.8948089e-06 0.59712322
0.4 1.5848932e-05 0.48583247 0 0.0
0.4 1.5848932e-06 0.49384742 0.00028395891 0.83089051
0.4 1.5848932e-07 0.48669829 0.037756792 0.6091262
0.4 1.5848932e-08 0.48247423 0.00064507584 0.59215449
0.4 1.5848932e-09 0.49969168 6.1643732e-06 0.58722066
0.4 1.9952623e-05 0.49227282 0 0.0
0.4 1.9952623e-06 0.50288779 0.00015494468 0.99032923
0.4 1.9952623e-07 0.47933374 0.052920425 0.68419635
0.4 1.9952623e-08 0.49083419 0.00098151813 0.55360529
0.4 1.9952623e-09 0.49062436 9.762445e-06 0.61126702
0.4 1e-05 0.49106593 0 0.0
0.4 1e-06 0.49505562 0.0048495133 0.85579081
0.4 1e-07 0.49855611 0.020503542 0.62880129
0.4 1e-08 0.48795057 0.00026753682 0.56181222
0.4 1e-09 0.48312063 2.6204681e-06 0.56819599
0.4 2.5118864e-05 0.49493068 0 0.0
0.4 2.5118864e-06 0.48239654 2.5980918e-06 0.99187238
0.4 2.5118864e-07 0.49535795 0.054793582 0.68414268
0.4 2.5118864e-08 0.50456811 0.0014465898 0.59623104
0.4 2.5118864e-09 0.48154259 1.5848547e-05 0.62764414
0.4 3.1622777e-05 0.49275962 0 0.0
0.4 3.1622777e-06 0.49423394 1.2698926e-07 0.40131619
0.4 3.1622777e-07 0.48402391 0.055215504 0.76135293
0.4 3.1622777e-08 0.48872489 0.0025423893 0.58102464
0.4 3.1622777e-09 0.49092409 2.4271124e-05 0.60909304
0.4 3.9810717e-05 0.48702512 0 0.0
0.4 3.9810717e-06 0.48966515 3.2595977e-10 1
0.4 3.9810717e-07 0.4846981 0.047207718 0.72687043
0.4 3.9810717e-08 0.4779654 0.0040536992 0.59952957
0.4 3.9810717e-09 0.48620832 4.0155833e-05 0.65448694
0.4 5.0118723e-05 0.49067551 0 0.0
0.4 5.0118723e-06 0.49369965 1.2488797e-14 0.99999986
0.4 5.0118723e-07 0.47835991 0.041174886 0.74714794
0.4 5.0118723e-08 0.48694758 0.0057127654 0.60225809
0.4 5.0118723e-09 0.49371004 6.5648806e-05 0.57206456
0.4 6.3095734e-05 0.48548487 0 0.0
0.4 6.3095734e-06 0.49522822 3.098914e-24 0.53342328
0.4 6.3095734e-07 0.48430401 0.023276568 0.82482419
0.4 6.3095734e-08 0.49752373 0.0091463266 0.60241952
0.4 6.3095734e-09 0.49669967 0.00010253247 0.57657524
0.4 7.9432823e-05 0.49095395 0 0.0
0.4 7.9432823e-06 0.4932754 3.1102665e-33 8.2409262e-11
0.4 7.9432823e-07 0.48507309 0.012317928 0.77652203
0.4 7.9432823e-08 0.48486097 0.013435207 0.59003453
0.4 7.9432823e-09 0.48876057 0.00017494267 0.56231134
0.45 0.00012589254 0.48186315 0 0.0
0.45 0.00015848932 0.47583948 0 0.0
0.45 0.00019952623 0.47895709 0 0.0
0.45 0.0001 0.47788521 0 0.0
0.45 0.00025118864 0.47879786 0 0.0
0.45 0.00031622777 0.47753846 0 0.0
0.45 1.2589254e-05 0.46754585 0 0.0
0.45 1.2589254e-06 0.47342398 0.00069948566 0.71917153
0.45 1.2589254e-07 0.46693961 0.033791991 0.68541115
0.45 1.2589254e-08 0.47595561 0.0005669153 0.61060726
0.45 1.2589254e-09 0.47809994 5.9288184e-06 0.62209326
0.45 1.5848932e-05 0.47952498 0 0.0
0.45 1.5848932e-06 0.46207605 0.00021279825 0.86027032
0.45 1.5848932e-07 0.46488706 0.047776328 0.65493996
0.45 1.5848932e-08 0.47600492 0.00083367406 0.61446531
0.45 1.5848932e-09 0.47365184 9.2359767e-06 0.62978185
0.45 1.9952623e-05 0.47026364 0 0.0
0.45 1.9952623e-06 0.47762726 6.284947e-06 0.96139757
0.45 1.9952623e-07 0.46360468 0.056317884 0.71068434
0.45 1.9952623e-08 0.46367565 0.0013796464 0.62053884
0.45 1.9952623e-09 0.4707705 1.4729845e-05 0.64992583
0.45 1e-05 0.46676241 0 0.0
0.45 1e-06 0.47464586 0.0028800678 0.81739392
0.45 1e-07 0.46378601 0.026022697 0.59967201
0.45 1e-08 0.48553253 0.00032478906 0.59772283
0.45 1e-09 0.4752883 3.4162621e-06 0.5921597
0.45 2.5118864e-05 0.47474747 0 0.0
0.45 2.5118864e-06 0.47938462 7.2363878e-08 0.98153797
0.45 2.5118864e-07 0.46885314 0.05809908 0.69304543
0.45 2.5118864e-08 0.4631038 0.0019819285 0.6007461
0.45 2.5118864e-09 0.47744053 2.0304771e-05 0.60423761
0.45 3.1622777e-05 0.46568023 0 0.0
0.45 3.1622777e-06 0.4729702 1.7906155e-08 0.81136184
0.45 3.1622777e-07 0.46723001 0.051476874 0.72031958
0.45 3.1622777e-08 0.47723058 0.0032934998 0.57811784
0.45 3.1622777e-09 0.46618705 3.5644463e-05 0.64051015
0.45 3.9810717e-05 0.46994648 0 0.0
0.45 3.9810717e-06 0.48253185 8.3272012e-13 0.99999782
0.45 3.9810717e-07 0.47903822 0.04331173 0.75269204
0.45 3.9810717e-08 0.47243288 0.0051854756 0.65787621
0.45 3.9810717e-09 0.47609276 5.7134092e-05 0.64226793
0.45 5.0118723e-05 0.47286982 0 0.0
0.45 5.0118723e-06 0.47206875 9.8985174e-20 0.99565187
0.45 5.0118723e-07 0.45842789 0.029733924 0.74285358
0.45 5.0118723e-08 0.47368421 0.0081977663 0.59210268
0.45 5.0118723e-09 0.47468744 8.1604912e-05 0.56833402
0.45 6.3095734e-05 0.47586634 0 0.0
0.45 6.3095734e-06 0.46856907 4.9298259e-31 1
0.45 6.3095734e-07 0.47112025 0.017011014 0.81129937
0.45 6.3095734e-08 0.46815941 0.01190017 0.64053156
0.45 6.3095734e-09 0.47430099 0.0001329909 0.64487969
0.45 7.9432823e-05 0.47958137 0 0.0
0.45 7.9432823e-06 0.48375154 1.4596859e-46 0
0.45 7.9432823e-07 0.47359804 0.0089242285 0.87303773
0.45 7.9432823e-08 0.47225647 0.017980345 0.63376077
0.45 7.9432823e-09 0.47317575 0.00020754652 0.63129056
0.5 0.00012589254 0.46075225 0 0.0
0.5 0.00015848932 0.46836483 0 0.0
0.5 0.00019952623 0.45801683 0 0.0
0.5 0.0001 0.45702564 0 0.0
0.5 0.00025118864 0.45900634 0 0.0
0.5 0.00031622777 0.47141979 0 0.0
0.5 1.2589254e-05 0.46248462 0 0.0
0.5 1.2589254e-06 0.47020274 0.00019239041 0.70928306
0.5 1.2589254e-07 0.44761124 0.042444497 0.69494969
0.5 1.2589254e-08 0.45710759 0.0007207613 0.67137699
0.5 1.2589254e-09 0.4663668 7.2492061e-06 0.68250155
0.5 1.5848932e-05 0.47239893 0 0.0
0.5 1.5848932e-06 0.45142034 1.6732332e-05 0.99972232
0.5 1.5848932e-07 0.45979128 0.054790271 0.69045285
0.5 1.5848932e-08 0.46814632 0.0011149203 0.59374363
0.5 1.5848932e-09 0.4578141 1.1518448e-05 0.64017497
0.5 1.9952623e-05 0.45167248 0 0.0
0.5 1.9952623e-06 0.4616329 1.4266246e-06 0.25958432
0.5 1.9952623e-07 0.46589975 0.058836189 0.67178045
0.5 1.9952623e-08 0.45553502 0.0019497773 0.60834379
0.5 1.9952623e-09 0.45939345 1.8635195e-05 0.64571874
0.5 1e-05 0.47172131 0 0.0
0.5 1e-06 0.44878348 0.0013397122 0.84936599
0.5 1e-07 0.44474007 0.030375916 0.69005789
0.5 1e-08 0.45693191 0.00048588586 0.61337141
0.5 1e-09 0.47062449 4.1515217e-06 0.68498782
0.5 2.5118864e-05 0.45113706 0 0.0
0.5 2.5118864e-06 0.46224867 1.1591489e-10 0.99497392
0.5 2.5118864e-07 0.453125 0.056510927 0.72643472
0.5 2.5118864e-08 0.45516109 0.0027260923 0.6318996
0.5 2.5118864e-09 0.45899959 2.7063113e-05 0.62450617
0.5 3.1622777e-05 0.46334491 0 0.0
0.5 3.1622777e-06 0.45532436 7.7922937e-11 0.9991897
0.5 3.1622777e-07 0.44389844 0.054202592 0.75147797
0.5 3.1622777e-08 0.4634246 0.0043906822 0.63776258
0.5 3.1622777e-09 0.45571956 4.3636261e-05 0.66131381
0.5 3.9810717e-05 0.45773196 0 0.0
0.5 3.9810717e-06 0.46133333 9.4096367e-16 0.99997757
0.5 3.9810717e-07 0.45508492 0.035619403 0.78565802
0.5 3.9810717e-08 0.45590342 0.0067386762 0.61144187
0.5 3.9810717e-09 0.44223679 7.0752537e-05 0.63135884
0.5 5.0118723e-05 0.47026137 0 0.0
0.5 5.0118723e-06 0.45471311 7.6724919e-29 3.451812e-06
0.5 5.0118723e-07 0.45837595 0.023731259 0.80326541
0.5 5.0118723e-08 0.4530002 0.010065219 0.65844632
0.5 5.0118723e-09 0.4662287 0.00011916306 0.65077233
0.5 6.3095734e-05 0.4620887 0 0.0
0.5 6.3095734e-06 0.44828999 2.053351e-38 1
0.5 6.3095734e-07 0.46133333 0.013232832 0.84224175
0.5 6.3095734e-08 0.45783872 0.015521979 0.61364896
0.5 6.3095734e-09 0.45221493 0.00018112005 0.64639097
0.5 7.9432823e-05 0.46730887 0 0.0
0.5 7.9432823e-06 0.45151391 0 0.0
0.5 7.9432823e-07 0.45257563 0.0044861221 0.88644953
0.5 7.9432823e-08 0.46416871 0.022680627 0.66826578
0.5 7.9432823e-09 0.46874359 0.00033423973 0.64288546
0.55 1.2589254e-05 0.43336745 0 0.0
0.55 1.2589254e-06 0.43931345 8.8467145e-05 0.89308083
0.55 1.2589254e-07 0.42792977 0.051163393 0.67388861
0.55 1.2589254e-08 0.44233129 0.00088824127 0.69223176
0.55 1.5848932e-05 0.43634875 0 0.0
0.55 1.5848932e-06 0.43537832 4.5073956e-06 0.97184203
0.55 1.5848932e-07 0.43788187 0.058459034 0.71875099
0.55 1.5848932e-08 0.44229201 0.0014529365 0.68391224
0.55 1.9952623e-05 0.44639935 0 0.0
0.55 1.9952623e-06 0.43964812 1.3917735e-07 0.88178713
0.55 1.9952623e-07 0.43481798 0.06081136 0.75134183
0.55 1.9952623e-08 0.43005922 0.0023967789 0.66690622
0.55 1e-05 0.4263835 0 0.0
0.55 1e-06 0.43278085 0.00060401073 0.90470209
0.55 1e-07 0.43324474 0.039056104 0.69631091
0.55 1e-08 0.43471142 0.00056137952 0.66642714
0.55 2.5118864e-05 0.43282973 0 0.0
0.55 2.5118864e-06 0.43637847 8.1268786e-11 0.96491724
0.55 2.5118864e-07 0.42725599 0.051821691 0.74503339
0.55 2.5118864e-08 0.42565359 0.0037965526 0.64063136
0.55 3.1622777e-05 0.4453524 0 0.0
0.55 3.1622777e-06 0.4382137 3.0268364e-18 0.9999979
0.55 3.1622777e-07 0.450491 0.045663217 0.75763024
0.55 3.1622777e-08 0.43730887 0.005826871 0.63262306
0.55 3.1622777e-09 0.44099633 6.1153753e-05 0.65142553
0.55 3.9810717e-06 0.43848516 3.8766383e-16 1
0.55 3.9810717e-07 0.44198895 0.028718637 0.80787808
0.55 3.9810717e-08 0.43418628 0.009046685 0.65215007
0.55 3.9810717e-09 0.43698854 9.1851245e-05 0.64829486
0.55 5.0118723e-06 0.43008777 4.0109518e-36 0.01700927
0.55 5.0118723e-07 0.42676459 0.015840232 0.81699023
0.55 5.0118723e-08 0.43292434 0.01310438 0.65779702
0.55 5.0118723e-09 0.43218438 0.00014502074 0.67604575
0.55 6.3095734e-06 0.43607026 1.5095955e-47 1
0.55 6.3095734e-07 0.42924239 0.0062787577 0.82529446
0.55 6.3095734e-08 0.43558907 0.021100507 0.67790308
0.55 6.3095734e-09 0.43772969 0.00024474513 0.64157612
0.55 7.9432823e-06 0.45010225 0 0.0
0.55 7.9432823e-07 0.44174658 0.0023556964 0.8814395
0.55 7.9432823e-08 0.44267321 0.02828338 0.67520298
0.55 7.9432823e-09 0.42531543 0.00041365176 0.62799338
0.6 1.2589254e-05 0.40847941 0 0.0
0.6 1.2589254e-06 0.39727698 1.1809486e-05 0.99396261
0.6 1.2589254e-07 0.39452726 0.054264595 0.72211899
0.6 1.2589254e-08 0.41272431 0.0013543255 0.68756159
0.6 1.5848932e-05 0.39963243 0 0.0
0.6 1.5848932e-06 0.40423798 1.1275194e-07 0.97306833
0.6 1.5848932e-07 0.41284404 0.060856951 0.72668124
0.6 1.5848932e-08 0.39930626 0.0021729899 0.64080035
0.6 1.9952623e-05 0.3908961 0 0.0
0.6 1.9952623e-06 0.39303178 1.2574553e-09 0.84612214
0.6 1.9952623e-07 0.40191485 0.055799561 0.77650636
0.6 1.9952623e-08 0.39910131 0.0032026964 0.67165807
0.6 1e-05 0.39768575 0 0.0
0.6 1e-06 0.41578519 0.00022245661 0.97539788
0.6 1e-07 0.38510204 0.050365947 0.71091891
0.6 1e-08 0.39869813 0.00087304299 0.69429455
0.6 2.5118864e-05 0.40032646 0 0.0
0.6 2.5118864e-06 0.40256828 9.4800101e-12 0.99803357
0.6 2.5118864e-07 0.41107041 0.04536871 0.77140998
0.6 2.5118864e-08 0.39697774 0.0053077283 0.65578053
0.6 3.1622777e-05 0.41090317 0 0.0
0.6 3.1622777e-06 0.39338235 9.8073897e-21 0.99997764
0.6 3.1622777e-07 0.40204082 0.034067803 0.82363259
0.6 3.1622777e-08 0.40788137 0.0083620667 0.68344444
0.6 3.1622777e-09 0.3976394 8.6097229e-05 0.71411393
0.6 3.9810717e-06 0.39263179 7.8230636e-29 1
0.6 3.9810717e-07 0.3995118 0.021546058 0.74098117
0.6 3.9810717e-08 0.40447154 0.012315315 0.6215668
0.6 3.9810717e-09 0.39023398 0.00013670863 0.65295212
0.6 5.0118723e-06 0.38993711 0 0.0
0.6 5.0118723e-07 0.39665033 0.0091472039 0.86247153
0.6 5.0118723e-08 0.40683483 0.018409716 0.69290687
0.6 5.0118723e-09 0.3997555 0.00021533453 0.65705618
0.6 6.3095734e-06 0.41065257 0 0.0
0.6 6.3095734e-07 0.39914425 0.0034856034 0.91348763
0.6 6.3095734e-08 0.40987604 0.025113197 0.68701899
0.6 6.3095734e-09 0.39910405 0.00032470431 0.6549514
0.6 7.9432823e-06 0.39743329 0 0.0
0.6 7.9432823e-07 0.40548223 0.0015170281 0.83045283
0.6 7.9432823e-08 0.39282804 0.035117245 0.69781466
0.6 7.9432823e-09 0.38417734 0.00049139012 0.69103881
0.65 1.1220184543e-06 0.32806804 1.5339192e-06 0.9237614
0.65 1.122018454e-06 0.33556231 5.1594646e-06 0.47081832
0.65 1.2589254e-05 0.34199838 0 0.0
0.65 1.2589254e-06 0.33042242 3.7659215e-07 0.65758563
0.65 1.2589254e-07 0.3388765 0.060716493 0.74782275
0.65 1.2589254e-08 0.33982552 0.0019606724 0.70111137
0.65 1.41253754462e-06 0.3363784 4.7711532e-09 0.99113919
0.65 1.412537545e-06 0.34050761 5.5708616e-08 0.99999922
0.65 1.5848932e-05 0.33002431 0 0.0
0.65 1.5848932e-06 0.33082401 1.9488777e-09 0.82105542
0.65 1.5848932e-07 0.34308349 0.062854512 0.75194335
0.65 1.5848932e-08 0.34044282 0.0033574018 0.76292732
0.65 1.77827941004e-06 0.34083536 2.9984494e-11 0.09157153
0.65 1.77827941e-06 0.32661783 1.5645088e-11 0.77310529
0.65 1.9952623e-05 0.34224382 0 0.0
0.65 1.9952623e-06 0.34398382 4.1102776e-13 0.99999733
0.65 1.9952623e-07 0.34312335 0.055558522 0.79262536
0.65 1.9952623e-08 0.33778317 0.004793959 0.70006867
0.65 1e-05 0.34293831 0 0.0
0.65 1e-06 0.34681496 3.1032782e-05 0.52659114
0.65 1e-07 0.34756221 0.05540598 0.73030732
0.65 1e-08 0.34426893 0.0012724965 0.69931769
0.65 2.23872113857e-06 0.35731658 6.0010776e-16 3.2914839e-05
0.65 2.238721139e-06 0.33711968 3.6642455e-17 1
0.65 2.5118864e-05 0.3332658 0 0.0
0.65 2.5118864e-06 0.34081715 3.4196031e-14 7.1663498e-08
0.65 2.5118864e-07 0.33225152 0.038942186 0.82781612
0.65 2.5118864e-08 0.33225284 0.0069656412 0.70702362
0.65 2.81838293126e-06 0.35058871 1.1159401e-28 0.99983483
0.65 2.818382931e-06 0.35134588 1.9397553e-20 1
0.65 3.1622777e-05 0.33563732 0 0.0
0.65 3.1622777e-06 0.33935458 1.3328197e-24 8.4698832e-07
0.65 3.1622777e-07 0.34892669 0.02273114 0.79581506
0.65 3.1622777e-08 0.33205102 0.011135591 0.64998835
0.65 3.1622777e-09 0.32504548 0.00011720864 0.73212156
0.65 3.54813389234e-06 0.33204868 6.0466736e-34 1
0.65 3.548133892e-06 0.34779963 8.0093959e-32 1
0.65 3.9810717e-06 0.33928934 0 0.0
0.65 3.9810717e-07 0.34421245 0.0099169312 0.80503883
0.65 3.9810717e-08 0.33333333 0.017668 0.70656616
0.65 3.9810717e-09 0.32899023 0.00018900851 0.71400963
0.65 4.46683592151e-06 0.33009316 3.7826462e-47 1
0.65 4.466835922e-06 0.33495737 8.492718e-49 1
0.65 5.0118723e-06 0.33670784 0 0.0
0.65 5.0118723e-07 0.34394001 0.0031689406 0.83041235
0.65 5.0118723e-08 0.32941176 0.02521351 0.67678066
0.65 5.0118723e-09 0.33772285 0.00033124347 0.68793426
0.65 5.6234132519e-06 0.331643 0 0.0
0.65 6.3095734e-06 0.33967226 0 0.0
0.65 6.3095734e-07 0.33143206 0.0014398368 0.75392679
0.65 6.3095734e-08 0.34315319 0.036859286 0.75577118
0.65 6.3095734e-09 0.34064149 0.00048072363 0.74109042
0.65 7.07945784384e-06 0.33813095 0 0.0
0.65 7.9432823e-06 0.33886304 0 0.0
0.65 7.9432823e-07 0.3386737 0.00014394226 0.92053604
0.65 7.9432823e-08 0.33502538 0.044288261 0.75743304
0.65 7.9432823e-09 0.35345351 0.00073454432 0.68996583
0.65 8.91250938134e-06 0.32231237 0 0.0
0.7 1.2589254e-05 0.25670498 0 0.0
0.7 1.2589254e-06 0.25464459 1.7994744e-09 0.99636563
0.7 1.2589254e-07 0.24162969 0.058399689 0.82445323
0.7 1.2589254e-08 0.26580489 0.0030316116 0.76917695
0.7 1.5848932e-05 0.25974551 0 0.0
0.7 1.5848932e-06 0.26045666 1.1463866e-17 0.99999897
0.7 1.5848932e-07 0.25868336 0.046153539 0.79109624
0.7 1.5848932e-08 0.26771654 0.0058606464 0.74542435
0.7 1.9952623e-05 0.25697533 0 0.0
0.7 1.9952623e-06 0.25505663 1.1220759e-22 0.99999373
0.7 1.9952623e-07 0.26244709 0.034604867 0.77082392
0.7 1.9952623e-08 0.26662624 0.0086706307 0.6799553
0.7 1e-05 0.26783555 0 0.0
0.7 1e-06 0.26464646 4.3799971e-08 0.43148582
0.7 1e-07 0.25732175 0.059958469 0.73897317
0.7 1e-08 0.27027027 0.002217466 0.74382946
0.7 2.5118864e-05 0.2553622 0 0.0
0.7 2.5118864e-06 0.25993946 2.5822967e-32 1
0.7 2.5118864e-07 0.25747173 0.020463188 0.87844858
0.7 2.5118864e-08 0.25754201 0.01232939 0.73757312
0.7 3.1622777e-05 0.2616596 0 0.0
0.7 3.1622777e-06 0.25292457 1.2068599e-46 0
0.7 3.1622777e-07 0.25681405 0.0084576982 0.87296386
0.7 3.1622777e-08 0.25267839 0.017993447 0.71064612
0.7 3.1622777e-09 0.26124848 0.00019909258 0.77255945
0.7 3.9810717e-06 0.24682139 0 0.0
0.7 3.9810717e-07 0.26289181 0.0034485163 0.74986709
0.7 3.9810717e-08 0.24565657 0.026374609 0.7172723
0.7 3.9810717e-09 0.25481061 0.00035066469 0.72057247
0.7 5.0118723e-06 0.25248026 0 0.0
0.7 5.0118723e-07 0.26178434 0.0010378322 0.92041341
0.7 5.0118723e-08 0.2638074 0.038135294 0.69415718
0.7 5.0118723e-09 0.26188069 0.00059024285 0.6804213
0.7 6.3095734e-06 0.26262626 0 0.0
0.7 6.3095734e-07 0.25872856 7.0630306e-05 0.96630367
0.7 6.3095734e-08 0.25717752 0.052423005 0.76237398
0.7 6.3095734e-09 0.2613177 0.00084401767 0.72104224
0.7 7.9432823e-06 0.26093117 0 0.0
0.7 7.9432823e-07 0.25839741 8.5638424e-06 0.9155185
0.7 7.9432823e-08 0.26503835 0.061027574 0.79585979
0.7 7.9432823e-09 0.25399717 0.0013212369 0.70330943
0.75 1.1220184543e-06 0.19194361 8.9450158e-13 0.99883027
0.75 1.122018454e-06 0.18284333 2.0449587e-13 1
0.75 1.2589254e-05 0.18859561 0 0.0
0.75 1.2589254e-06 0.17566479 6.3805921e-16 0.99999999
0.75 1.2589254e-07 0.18267875 0.048663164 0.79188855
0.75 1.2589254e-08 0.19434914 0.0053249373 0.67483247
0.75 1.41253754462e-06 0.19002423 3.1029732e-18 0.99999758
0.75 1.412537545e-06 0.18137848 3.7025321e-23 1
0.75 1.5848932e-05 0.1830447 0 0.0
0.75 1.5848932e-06 0.18830645 4.2742981e-20 1
0.75 1.5848932e-07 0.18621524 0.034119029 0.80177677
0.75 1.5848932e-08 0.1804269 0.0081579362 0.75991791
0.75 1.77827941004e-06 0.19459023 3.9574843e-32 1
0.75 1.77827941e-06 0.18889559 4.6435937e-32 1
0.75 1.9952623e-05 0.18920008 0 0.0
0.75 1.9952623e-06 0.1858871 3.1259661e-35 1
0.75 1.9952623e-07 0.17995169 0.017037743 0.84492741
0.75 1.9952623e-08 0.19318411 0.013482429 0.7851636
0.75 1e-05 0.18429003 0 0.0
0.75 1e-06 0.18313544 1.730643e-13 1
0.75 1e-07 0.18751259 0.057467409 0.8142972
0.75 1e-08 0.19338576 0.0037794582 0.7398862
0.75 2.23872113857e-06 0.18894938 4.4865479e-48 1
0.75 2.238721139e-06 0.18181818 1.698672e-41 0.0004788106
0.75 2.5118864e-05 0.19095477 0 0.0
0.75 2.5118864e-06 0.18703443 1.2745933e-45 0
0.75 2.5118864e-07 0.18279136 0.0069081449 0.85534867
0.75 2.5118864e-08 0.1867579 0.019193631 0.75879514
0.75 2.81838293126e-06 0.1875 0 0.0
0.75 3.1622777e-05 0.18469285 0 0.0
0.75 3.1622777e-06 0.19670484 0 0.0
0.75 3.1622777e-07 0.17862166 0.0031656504 0.94237185
0.75 3.1622777e-08 0.19710378 0.029166214 0.74570003
0.75 3.1622777e-09 0.19118535 0.00035992337 0.67795646
0.75 3.54813389234e-06 0.19673782 0 0.0
0.75 3.9810717e-06 0.18297101 0 0.0
0.75 3.9810717e-07 0.18115796 0.00074973393 0.96989528
0.75 3.9810717e-08 0.18269812 0.043202014 0.69897568
0.75 3.9810717e-09 0.18476076 0.00052725527 0.72551274
0.75 4.46683592151e-06 0.19170358 0 0.0
0.75 5.0118723e-06 0.18271754 0 0.0
0.75 5.0118723e-07 0.18322919 0.00010944119 0.96927379
0.75 5.0118723e-08 0.18388721 0.048800108 0.738558
0.75 5.0118723e-09 0.19336016 0.00087906005 0.77220027
0.75 5.6234132519e-06 0.18924904 0 0.0
0.75 6.3095734e-06 0.1933078 0 0.0
0.75 6.3095734e-07 0.19536757 4.3166083e-06 0.99970622
0.75 6.3095734e-08 0.18555869 0.058786452 0.79524332
0.75 6.3095734e-09 0.18487903 0.0014965656 0.6673688
0.75 7.07945784384e-06 0.18480451 0 0.0
0.75 7.9432823e-06 0.1917505 0 0.0
0.75 7.9432823e-07 0.18484177 6.7492173e-08 0.056517132
0.75 7.9432823e-08 0.18865648 0.069516429 0.6932207
0.75 7.9432823e-09 0.18563958 0.0023821818 0.81247801
0.75 8.91250938134e-06 0.18724859 0 0.0
0.7 2.5118864e-07 0.26099234 0.020602356 0.85910987
0.8 1.1220184543e-06 0.20836685 3.5497415e-14 0.46401396
0.8 1.2589254e-05 0.22058824 0 0.0
0.8 1.2589254e-06 0.2057638 1.8633703e-17 0.99946362
0.8 1.2589254e-07 0.21287726 0.048501976 0.85181711
0.8 1.2589254e-08 0.20415155 0.0049931454 0.77227743
0.8 1.41253754462e-06 0.20495768 1.7592994e-18 0.99999996
0.8 1.5848932e-05 0.22461724 0 0.0
0.8 1.5848932e-06 0.21821479 5.0639218e-20 0.88351751
0.8 1.5848932e-07 0.21226131 0.033677349 0.86729656
0.8 1.5848932e-08 0.20809831 0.0080901477 0.76206009
0.8 1.77827941004e-06 0.21176708 1.074612e-23 2.0779108e-05
0.8 1.9952623e-05 0.20361809 0 0.0
0.8 1.9952623e-06 0.20386007 4.2692076e-32 0.45339929
0.8 1.9952623e-07 0.21405558 0.019110496 0.82879928
0.8 1.9952623e-08 0.20846774 0.013379903 0.74253988
0.8 1e-05 0.20737606 0 0.0
0.8 1e-06 0.21294616 3.180401e-10 0.77303234
0.8 1e-07 0.20719453 0.058026293 0.8144928
0.8 1e-08 0.21290323 0.0035501812 0.71006671
0.8 2.23872113857e-06 0.21149194 1.5629354e-46 0.97435897
0.8 2.5118864e-05 0.21257304 0 0.0
0.8 2.5118864e-06 0.22461724 2.3132736e-42 1
0.8 2.5118864e-07 0.20688267 0.0086429214 0.89987009
0.8 2.5118864e-08 0.20600081 0.019995157 0.76358429
0.8 2.81838293126e-06 0.21264599 0 0.0
0.8 3.1622777e-05 0.21680435 0 0.0
0.8 3.1622777e-06 0.21569814 0 0.0
0.8 3.1622777e-07 0.22235698 0.0053121679 0.81673003
0.8 3.1622777e-08 0.20837528 0.025474371 0.73846388
0.8 3.1622777e-09 0.21503426 0.00032116598 0.70275871
0.8 3.54813389234e-06 0.21218233 0 0.0
0.8 3.9810717e-06 0.20934918 0 0.0
0.8 3.9810717e-07 0.21247485 0.00081168123 0.93054443
0.8 3.9810717e-08 0.21836529 0.038547342 0.75321106
0.8 3.9810717e-09 0.20723086 0.0006782383 0.73642674
0.8 4.46683592151e-06 0.20871143 0 0.0
0.8 5.0118723e-06 0.22408229 0 0.0
0.8 5.0118723e-07 0.21314781 0.00028977045 0.98846442
0.8 5.0118723e-08 0.20881998 0.050317023 0.77672268
0.8 5.0118723e-09 0.20693828 0.00089960607 0.74238999
0.8 5.6234132519e-06 0.21501913 0 0.0
0.8 6.3095734e-06 0.20846774 0 0.0
0.8 6.3095734e-07 0.21225559 1.0141456e-05 0.88707729
0.8 6.3095734e-08 0.20851748 0.058661249 0.77023201
0.8 6.3095734e-09 0.21530715 0.0015359649 0.72264814
0.8 7.07945784384e-06 0.21614007 0 0.0
0.8 7.9432823e-06 0.20718176 0 0.0
0.8 7.9432823e-07 0.21224325 1.8913618e-08 0.9999961
0.8 7.9432823e-08 0.20947581 0.0696326 0.77352634
0.8 7.9432823e-09 0.21084459 0.0022168844 0.77380328
0.8 8.91250938134e-06 0.21598229 0 0.0
0.81 1.1220184543e-06 0.24103907 3.2246375e-12 0.99993111
0.81 1.122018454e-06 0.23486683 5.9309055e-12 0.99997308
0.81 1.2589254e-05 0.22585199 0 0.0
0.81 1.2589254e-06 0.24012893 2.0693599e-12 0.99997038
0.81 1.2589254e-07 0.24255233 0.059145372 0.84304959
0.81 1.2589254e-08 0.22531237 0.0048116785 0.76048108
0.81 1.41253754462e-06 0.23517547 5.1175084e-15 1
0.81 1.412537545e-06 0.23972603 1.1408504e-19 0.99999998
0.81 1.5848932e-05 0.23090872 0 0.0
0.81 1.5848932e-06 0.23166801 3.0410481e-16 1
0.81 1.5848932e-07 0.23886313 0.037967188 0.8146641
0.81 1.5848932e-08 0.21597096 0.0071317066 0.74801788
0.81 1.77827941004e-06 0.23069167 6.5719002e-23 1
0.81 1.77827941e-06 0.2305522 5.8054368e-24 1
0.81 1.9952623e-05 0.21948759 0 0.0
0.81 1.9952623e-06 0.24058788 7.3165257e-30 0.99673439
0.81 1.9952623e-07 0.23132676 0.024087661 0.87649475
0.81 1.9952623e-08 0.2414418 0.011672116 0.7494561
0.81 1e-05 0.23626484 0 0.0
0.81 1e-06 0.23762575 1.1450349e-10 0.31859746
0.81 1e-07 0.23463011 0.062069269 0.84961522
0.81 1e-08 0.24455645 0.0028452375 0.75637936
0.81 2.23872113857e-06 0.23410696 7.6484724e-34 1
0.81 2.238721139e-06 0.2337427 2.3998693e-36 1
0.81 2.5118864e-05 0.23244114 0 0.0
0.81 2.5118864e-06 0.23221125 2.5020233e-44 4.8616851e-05
0.81 2.5118864e-07 0.23529412 0.011094095 0.83631661
0.81 2.5118864e-08 0.23656566 0.017425192 0.78007615
0.81 2.81838293126e-06 0.23831587 0 0.0
0.81 3.1622777e-05 0.24370087 0 0.0
0.81 3.1622777e-06 0.23309788 0 0.0
0.81 3.1622777e-07 0.231852 0.0048019415 0.881795
0.81 3.1622777e-08 0.2303971 0.024519457 0.72727817
0.81 3.1622777e-09 0.22638469 0.00032428082 0.71191056
0.81 3.54813389234e-06 0.23865241 0 0.0
0.81 3.9810717e-06 0.23366935 0 0.0
0.81 3.9810717e-07 0.23049002 0.0014708282 0.89184997
0.81 3.9810717e-08 0.23689516 0.035125431 0.70151399
0.81 3.9810717e-09 0.23198062 0.00045651634 0.78740472
0.81 4.46683592151e-06 0.23098592 0 0.0
0.81 5.0118723e-06 0.24265594 0 0.0
0.81 5.0118723e-07 0.22959081 0.00025873819 0.9791322
0.81 5.0118723e-08 0.23036649 0.045672443 0.79615643
0.81 5.0118723e-09 0.23039807 0.00066115221 0.76983507
0.81 5.6234132519e-06 0.22378748 0 0.0
0.81 6.3095734e-06 0.22572864 0 0.0
0.81 6.3095734e-07 0.22769479 4.7292764e-06 0.54838625
0.81 6.3095734e-08 0.23381584 0.052133183 0.81419362
0.81 6.3095734e-09 0.22797823 0.0012152554 0.70790102
0.81 7.07945784384e-06 0.24223477 0 0.0
0.81 7.9432823e-06 0.22830683 0 0.0
0.81 7.9432823e-07 0.23145161 2.5228398e-08 0.28902428
0.81 7.9432823e-08 0.24515347 0.064032844 0.78965066
0.81 7.9432823e-09 0.23608871 0.0019307213 0.76336228
0.81 8.91250938134e-06 0.23033481 0 0.0
0.82 1.1220184543e-06 0.24166498 5.4895053e-10 0.99774804
0.82 1.122018454e-06 0.25788197 5.0971034e-11 0.99990734
0.82 1.2589254e-05 0.26236125 0 0.0
0.82 1.2589254e-06 0.26114136 4.2381415e-15 0.99999988
0.82 1.2589254e-07 0.24632131 0.059462773 0.83501224
0.82 1.2589254e-08 0.25816862 0.0043258693 0.77089179
0.82 1.41253754462e-06 0.24617552 1.6848297e-15 0.99999999
0.82 1.412537545e-06 0.25893759 5.1145778e-19 0.99702277
0.82 1.5848932e-05 0.24903982 0 0.0
0.82 1.5848932e-06 0.24959742 4.7934315e-16 0.99999995
0.82 1.5848932e-07 0.25302419 0.037979741 0.84052553
0.82 1.5848932e-08 0.25784393 0.0068120238 0.74581697
0.82 1.77827941004e-06 0.25428514 3.4886437e-21 0.99999995
0.82 1.77827941e-06 0.24576613 6.5138166e-28 0.018855202
0.82 1.9952623e-05 0.24616935 0 0.0
0.82 1.9952623e-06 0.24934542 2.3430588e-34 1
0.82 1.9952623e-07 0.25993144 0.027082509 0.82433248
0.82 1.9952623e-08 0.25181598 0.010300118 0.78732843
0.82 1e-05 0.25786925 0 0.0
0.82 1e-06 0.26118501 5.9338953e-10 1
0.82 1e-07 0.24641776 0.065131202 0.77145612
0.82 1e-08 0.2620634 0.0028409958 0.70678678
0.82 2.23872113857e-06 0.25403551 4.4147471e-32 0.99997118
0.82 2.238721139e-06 0.25155967 5.3171758e-28 1
0.82 2.5118864e-05 0.26798307 0 0.0
0.82 2.5118864e-06 0.25887097 0 0.0
0.82 2.5118864e-07 0.2537734 0.012588585 0.7990673
0.82 2.5118864e-08 0.25589837 0.014982309 0.79430145
0.82 2.81838293126e-06 0.25468467 0 0.0
0.82 2.818382931e-06 0.240089 0 0.0
0.82 3.1622777e-05 0.25695845 0 0.0
0.82 3.1622777e-06 0.24994957 0 0.0
0.82 3.1622777e-07 0.25423387 0.0047321119 0.84419673
0.82 3.1622777e-08 0.2591623 0.023070056 0.74817311
0.82 3.1622777e-09 0.24651726 0.00031394532 0.75662146
0.82 3.54813389234e-06 0.24284563 0 0.0
0.82 3.9810717e-06 0.24112903 0 0.0
0.82 3.9810717e-07 0.25741376 0.0017192771 0.80623698
0.82 3.9810717e-08 0.24727932 0.034407807 0.7944056
0.82 3.9810717e-09 0.25821407 0.00039312412 0.76100461
0.82 4.46683592151e-06 0.26321097 0 0.0
0.82 5.0118723e-06 0.25282486 0 0.0
0.82 5.0118723e-07 0.25771325 0.00026762385 0.85528734
0.82 5.0118723e-08 0.26524021 0.041682055 0.80453219
0.82 5.0118723e-09 0.24697824 0.00074159003 0.73927596
0.82 5.6234132519e-06 0.25529768 0 0.0
0.82 6.3095734e-06 0.25923683 0 0.0
0.82 6.3095734e-07 0.26439791 1.9910215e-05 0.87877472
0.82 6.3095734e-08 0.25917709 0.059018305 0.79164817
0.82 6.3095734e-09 0.25586095 0.0010763115 0.72118045
0.82 7.07945784384e-06 0.25755135 0 0.0
0.82 7.9432823e-06 0.2521669 0 0.0
0.82 7.9432823e-07 0.24909164 3.1404976e-07 0.76395983
0.82 7.9432823e-08 0.25030254 0.05982449 0.80624733
0.82 7.9432823e-09 0.25634825 0.0016841226 0.77891821
0.82 8.91250938134e-06 0.25484653 0 0.0
0.83 1.1220184543e-06 0.27457695 1.1315875e-10 0.99991014
0.83 1.122018454e-06 0.2603181 2.7654747e-10 0.99999998
0.83 1.2589254e-05 0.28069467 0 0.0
0.83 1.2589254e-06 0.26646465 3.1622279e-11 0.9998896
0.83 1.2589254e-07 0.26064152 0.057483235 0.80335691
0.83 1.2589254e-08 0.26335955 0.003886715 0.76683539
0.83 1.41253754462e-06 0.27179177 2.1348294e-15 1
0.83 1.412537545e-06 0.26845502 3.5245072e-13 1
0.83 1.5848932e-05 0.25695845 0 0.0
0.83 1.5848932e-06 0.27758725 6.1992507e-16 0.0020256677
0.83 1.5848932e-07 0.27303892 0.046456701 0.84019933
0.83 1.5848932e-08 0.26351897 0.0067144283 0.75193457
0.83 1.77827941004e-06 0.26513317 3.1385716e-24 0.99999973
0.83 1.77827941e-06 0.27300242 1.2116381e-18 1
0.83 1.9952623e-05 0.25417589 0 0.0
0.83 1.9952623e-06 0.25958821 1.2724716e-28 1
0.83 1.9952623e-07 0.26868687 0.031102837 0.80823172
0.83 1.9952623e-08 0.26134301 0.0095886393 0.75417542
0.83 1e-05 0.27660004 0 0.0
0.83 1e-06 0.25272287 7.6258419e-08 0.99655243
0.83 1e-07 0.2614577 0.059375392 0.83119672
0.83 1e-08 0.26459928 0.0025000452 0.73665518
0.83 2.23872113857e-06 0.27160743 3.1656304e-30 1
0.83 2.238721139e-06 0.27336967 7.5622608e-35 0.99999987
0.83 2.5118864e-05 0.26665321 0 0.0
0.83 2.5118864e-06 0.26923077 2.5202111e-30 1.3951374e-09
0.83 2.5118864e-07 0.27084172 0.01738945 0.84221161
0.83 2.5118864e-08 0.27250706 0.013812595 0.77468535
0.83 2.81838293126e-06 0.26712467 3.1799511e-48 1
0.83 2.818382931e-06 0.27367997 1.547826e-47 1
0.83 3.1622777e-05 0.26244709 0 0.0
0.83 3.1622777e-06 0.26191438 0 0.0
0.83 3.1622777e-07 0.27488916 0.0064804009 0.83176046
0.83 3.1622777e-08 0.27799072 0.021377978 0.76598837
0.83 3.1622777e-09 0.26798307 0.00027196329 0.77058268
0.83 3.54813389234e-06 0.26328502 0 0.0
0.83 3.9810717e-06 0.26455773 0 0.0
0.83 3.9810717e-07 0.27508091 0.0024540657 0.88998745
0.83 3.9810717e-08 0.27261737 0.0289856 0.77933332
0.83 3.9810717e-09 0.27413828 0.0004048799 0.70380266
0.83 4.46683592151e-06 0.26413197 0 0.0
0.83 5.0118723e-06 0.27190149 0 0.0
0.83 5.0118723e-07 0.27256245 0.00069628984 0.9192552
0.83 5.0118723e-08 0.2744186 0.039531265 0.76768211
0.83 5.0118723e-09 0.27245207 0.00062526425 0.79460561
0.83 5.6234132519e-06 0.27069486 0 0.0
0.83 6.3095734e-06 0.26219266 0 0.0
0.83 6.3095734e-07 0.27023762 4.3247157e-05 0.90782318
0.83 6.3095734e-08 0.26360339 0.049489896 0.78317026
0.83 6.3095734e-09 0.26008878 0.00098984977 0.73310034
0.83 7.07945784384e-06 0.27166465 0 0.0
0.83 7.9432823e-06 0.26093971 0 0.0
0.83 7.9432823e-07 0.2723798 3.6548746e-07 0.76058122
0.83 7.9432823e-08 0.26023805 0.062186286 0.7723898
0.83 7.9432823e-09 0.26990526 0.0016695605 0.76185533
0.83 8.91250938134e-06 0.27434343 0 0.0
0.84 1.2589254e-05 0.28085363 0 0.0
0.84 1.2589254e-06 0.29427188 4.4920253e-12 0.28054012
0.84 1.2589254e-07 0.28508154 0.063666072 0.81795356
0.84 1.2589254e-08 0.29939516 0.0036618921 0.74085575
0.84 1.5848932e-05 0.28136345 0 0.0
0.84 1.5848932e-06 0.29338176 1.2186922e-14 1
0.84 1.5848932e-07 0.29405841 0.049580207 0.84217195
0.84 1.5848932e-08 0.27972592 0.0056247113 0.73591547
0.84 1.9952623e-05 0.27516643 0 0.0
0.84 1.9952623e-06 0.28343434 5.7606116e-23 1
0.84 1.9952623e-07 0.28534031 0.037842596 0.88527069
0.84 1.9952623e-08 0.29392778 0.008686723 0.74075105
0.84 1e-05 0.28485214 0 0.0
0.84 1e-06 0.29277643 9.6028448e-09 0.9445831
0.84 1e-07 0.28098506 0.061611064 0.81632887
0.84 1e-08 0.27965246 0.0022962903 0.78792379
0.84 2.5118864e-05 0.2971831 0 0.0
0.84 2.5118864e-06 0.2958711 1.0611433e-34 1
0.84 2.5118864e-07 0.28738412 0.018477281 0.89901383
0.84 2.5118864e-08 0.28802262 0.012693695 0.75409327
0.84 3.1622777e-05 0.2900363 0 0.0
0.84 3.1622777e-06 0.27715962 0 0.0
0.84 3.1622777e-07 0.27975709 0.0072890072 0.9432693
0.84 3.1622777e-08 0.2858871 0.018207334 0.81585739
0.84 3.1622777e-09 0.294082 0.00023299971 0.79572947
0.84 3.9810717e-06 0.28902316 0 0.0
0.84 3.9810717e-07 0.28073358 0.0030897674 0.84214443
0.84 3.9810717e-08 0.28536783 0.027054156 0.78496226
0.84 3.9810717e-09 0.29737903 0.00038041454 0.78622049
0.84 5.0118723e-06 0.28562778 0 0.0
0.84 5.0118723e-07 0.28251664 0.00062629041 0.71280704
0.84 5.0118723e-08 0.29293336 0.03757383 0.76814589
0.84 5.0118723e-09 0.27364592 0.00061688221 0.73412224
0.84 6.3095734e-06 0.29151515 0 0.0
0.84 6.3095734e-07 0.29023162 9.3859379e-05 0.99223013
0.84 6.3095734e-08 0.28810822 0.051596028 0.82486533
0.84 6.3095734e-09 0.28545528 0.00084672926 0.77493795
0.84 7.9432823e-06 0.29411765 0 0.0
0.84 7.9432823e-07 0.28689683 1.1367031e-06 0.46114825
0.84 7.9432823e-08 0.28058859 0.060420021 0.79584122
0.84 7.9432823e-09 0.28531016 0.0015132699 0.71634959
0.85 1.2589254e-05 0.30986484 0 0.0
0.85 1.2589254e-06 0.31518451 2.8829721e-09 0.011611458
0.85 1.2589254e-07 0.30626637 0.063025775 0.81837606
0.85 1.2589254e-08 0.30978809 0.0033831366 0.79108888
0.85 1.5848932e-05 0.30936995 0 0.0
0.85 1.5848932e-06 0.32284735 5.4794282e-14 0.98044625
0.85 1.5848932e-07 0.30671249 0.050629352 0.8482873
0.85 1.5848932e-08 0.31092267 0.0054496035 0.78333633
0.85 1.9952623e-05 0.30705478 0 0.0
0.85 1.9952623e-06 0.31396287 2.6344972e-18 0.99999988
0.85 1.9952623e-07 0.30561163 0.03649417 0.85504278
0.85 1.9952623e-08 0.32248939 0.0074654434 0.73782819
0.85 1e-05 0.30744402 0 0.0
0.85 1e-06 0.31287848 1.1703186e-08 0.97621109
0.85 1e-07 0.30843763 0.064550616 0.803817
0.85 1e-08 0.30482146 0.0021182656 0.80612625
0.85 2.5118864e-05 0.31078352 0 0.0
0.85 2.5118864e-06 0.30413724 5.4559084e-36 0.0021207366
0.85 2.5118864e-07 0.31416465 0.021363181 0.84969774
0.85 2.5118864e-08 0.31934638 0.014137252 0.75349385
0.85 3.1622777e-05 0.30139478 0 0.0
0.85 3.1622777e-06 0.32045317 8.8465812e-49 1
0.85 3.1622777e-07 0.31166734 0.011700086 0.89169374
0.85 3.1622777e-08 0.31395114 0.018408329 0.80222639
0.85 3.1622777e-09 0.30969172 0.00020325153 0.71852022
0.85 3.9810717e-06 0.31941082 0 0.0
0.85 3.9810717e-07 0.31007282 0.0039731797 0.86841104
0.85 3.9810717e-08 0.31154157 0.027208688 0.7715363
0.85 3.9810717e-09 0.30848277 0.00034170198 0.78379632
0.85 5.0118723e-06 0.31742195 0 0.0
0.85 5.0118723e-07 0.31656566 0.0014013283 0.94799133
0.85 5.0118723e-08 0.30443548 0.037940677 0.77943261
0.85 5.0118723e-09 0.30730428 0.00053259735 0.73545759
0.85 6.3095734e-06 0.31137604 0 0.0
0.85 6.3095734e-07 0.30387409 0.00014151233 0.77794485
0.85 6.3095734e-08 0.30497883 0.047392633 0.82262025
0.85 6.3095734e-09 0.30682277 0.00082447563 0.77180706
0.85 7.9432823e-06 0.31583199 0 0.0
0.85 7.9432823e-07 0.30971129 1.6217078e-05 0.37437834
0.85 7.9432823e-08 0.32417693 0.060022519 0.76729356
0.85 7.9432823e-09 0.31349607 0.0014046404 0.75183747
0.86 1.1220184543e-06 0.30268199 1.0098573e-08 0.59765568
0.86 1.122018454e-06 0.30623361 2.6983806e-08 0.90299768
0.86 1.2589254e-05 0.30518041 0 0.0
0.86 1.2589254e-06 0.30280978 1.1920397e-09 0.91952769
0.86 1.2589254e-07 0.30637007 0.059785035 0.81523994
0.86 1.2589254e-08 0.31112457 0.0035724482 0.71827089
0.86 1.41253754462e-06 0.31084629 2.4150857e-12 0.99909338
0.86 1.412537545e-06 0.30268199 8.8168416e-11 1
0.86 1.5848932e-05 0.29199435 0 0.0
0.86 1.5848932e-06 0.30601534 5.6269257e-15 0.886845
0.86 1.5848932e-07 0.31099899 0.050566873 0.85318003
0.86 1.5848932e-08 0.30265807 0.0051090408 0.77506843
0.86 1.77827941004e-06 0.31543895 7.9500611e-18 1
0.86 1.77827941e-06 0.31485588 5.0239488e-19 0.99999377
0.86 1.9952623e-05 0.30468119 0 0.0
0.86 1.9952623e-06 0.31003223 2.6841867e-21 1
0.86 1.9952623e-07 0.30794035 0.038618174 0.85575475
0.86 1.9952623e-08 0.3049545 0.0085384675 0.73021047
0.86 1e-05 0.29652806 0 0.0
0.86 1e-06 0.30866935 9.5803745e-08 0.99939769
0.86 1e-07 0.31236136 0.060482449 0.83971336
0.86 1e-08 0.3047696 0.0023529619 0.7365106
0.86 2.23872113857e-06 0.3030853 3.6962865e-26 1
0.86 2.238721139e-06 0.31113801 4.1095858e-25 0.63069918
0.86 2.5118864e-05 0.30964877 0 0.0
0.86 2.5118864e-06 0.29961717 9.1492348e-36 0.99939678
0.86 2.5118864e-07 0.3046371 0.019652642 0.83903332
0.86 2.5118864e-08 0.31284015 0.011923002 0.75396606
0.86 2.81838293126e-06 0.30514632 2.711256e-37 1
0.86 2.818382931e-06 0.30834512 8.3870608e-37 1
0.86 3.1622777e-05 0.31892547 0 0.0
0.86 3.1622777e-06 0.29979839 0 0.0
0.86 3.1622777e-07 0.31302945 0.0098703716 0.86496964
0.86 3.1622777e-08 0.31044233 0.018979042 0.73978484
0.86 3.1622777e-09 0.29642352 0.00021087272 0.74186906
0.86 3.54813389234e-06 0.3117564 0 0.0
0.86 3.9810717e-06 0.30964365 0 0.0
0.86 3.9810717e-07 0.30107092 0.002955629 0.83661067
0.86 3.9810717e-08 0.30772333 0.027854485 0.74400738
0.86 3.9810717e-09 0.31098546 0.00037272866 0.79528903
0.86 4.46683592151e-06 0.31335755 0 0.0
0.86 5.0118723e-06 0.3104562 0 0.0
0.86 5.0118723e-07 0.31745388 0.00064334391 0.83709598
0.86 5.0118723e-08 0.30831316 0.03750246 0.78806171
0.86 5.0118723e-09 0.30418097 0.00059385514 0.7264198
0.86 5.6234132519e-06 0.30356783 0 0.0
0.86 6.3095734e-06 0.30943244 0 0.0
0.86 6.3095734e-07 0.31313131 0.00021530501 0.92538146
0.86 6.3095734e-08 0.30837538 0.049214889 0.82096358
0.86 6.3095734e-09 0.31107525 0.0008900094 0.72845245
0.86 7.07945784384e-06 0.30393542 0 0.0
0.86 7.9432823e-06 0.30995566 0 0.0
0.86 7.9432823e-07 0.30567333 5.1955087e-06 0.95402943
0.86 7.9432823e-08 0.30654281 0.057665495 0.81532469
0.86 7.9432823e-09 0.30114896 0.0012953916 0.7207712
0.86 8.91250938134e-06 0.30711837 0 0.0
0.87 1.1220184543e-06 0.3399879 2.3577695e-07 0.44625363
0.87 1.122018454e-06 0.33736885 8.9934389e-09 0.99855539
0.87 1.2589254e-05 0.33165221 0 0.0
0.87 1.2589254e-06 0.33145275 3.3116386e-09 0.99934978
0.87 1.2589254e-07 0.32780922 0.0582715 0.82778305
0.87 1.2589254e-08 0.33823529 0.0030134474 0.71589924
0.87 1.41253754462e-06 0.34169025 1.6144802e-11 0.99791342
0.87 1.412537545e-06 0.33932539 4.5181522e-11 0.99995832
0.87 1.5848932e-05 0.34161616 0 0.0
0.87 1.5848932e-06 0.34643289 5.6817199e-14 0.97461895
0.87 1.5848932e-07 0.33549039 0.055006591 0.8401775
0.87 1.5848932e-08 0.32699697 0.0043598573 0.80763689
0.87 1.77827941004e-06 0.34436819 4.7268947e-13 0.99999359
0.87 1.77827941e-06 0.33333333 5.8886579e-16 0.99944283
0.87 1.9952623e-05 0.32997176 0 0.0
0.87 1.9952623e-06 0.33313119 5.7060677e-21 0.99999197
0.87 1.9952623e-07 0.33663567 0.038568457 0.85831434
0.87 1.9952623e-08 0.34967716 0.0070124825 0.68216304
0.87 1e-05 0.34146341 0 0.0
0.87 1e-06 0.34609186 3.4670302e-06 0.99554452
0.87 1e-07 0.34842361 0.057579797 0.81980514
0.87 1e-08 0.34659665 0.0018825419 0.76581275
0.87 2.23872113857e-06 0.3430303 3.8863845e-23 1.0351241e-05
0.87 2.238721139e-06 0.34997978 1.4641306e-19 0.99999999
0.87 2.5118864e-05 0.33939027 0 0.0
0.87 2.5118864e-06 0.33010297 2.7126608e-30 0.99999695
0.87 2.5118864e-07 0.32189707 0.023404045 0.87144153
0.87 2.5118864e-08 0.34093202 0.011308478 0.74387655
0.87 2.81838293126e-06 0.33602422 3.4881736e-32 1
0.87 2.818382931e-06 0.33696529 6.034566e-33 1
0.87 3.1622777e-05 0.34132581 0 0.0
0.87 3.1622777e-06 0.33454179 1.687295e-48 1
0.87 3.1622777e-07 0.32854832 0.010782975 0.85065067
0.87 3.1622777e-08 0.3266707 0.016288018 0.80021267
0.87 3.1622777e-09 0.34167003 0.00019244955 0.6975639
0.87 3.54813389234e-06 0.33023068 0 0.0
0.87 3.9810717e-06 0.33562475 0 0.0
0.87 3.9810717e-07 0.33953488 0.0040103572 0.90846374
0.87 3.9810717e-08 0.34415977 0.024599783 0.74596453
0.87 3.9810717e-09 0.33245756 0.00028290145 0.71143297
0.87 4.46683592151e-06 0.33628854 0 0.0
0.87 5.0118723e-06 0.33770426 0 0.0
0.87 5.0118723e-07 0.34422263 0.0017156752 0.8765209
0.87 5.0118723e-08 0.3437058 0.034277419 0.80035385
0.87 5.0118723e-09 0.32949727 0.00047667066 0.73234288
0.87 5.6234132519e-06 0.34531502 0 0.0
0.87 6.3095734e-06 0.32712551 0 0.0
0.87 6.3095734e-07 0.33811062 0.00034221237 0.90713544
0.87 6.3095734e-08 0.34411646 0.051334964 0.79751548
0.87 6.3095734e-09 0.3350817 0.0007129267 0.73415953
0.87 7.07945784384e-06 0.33393976 0 0.0
0.87 7.9432823e-06 0.33784057 0 0.0
0.87 7.9432823e-07 0.33823826 2.0369316e-05 0.79858139
0.87 7.9432823e-08 0.33568691 0.05293853 0.80767664
0.87 7.9432823e-09 0.34200969 0.0012026353 0.75501406
0.87 8.91250938134e-06 0.34323833 0 0.0
0.88 1.1220184543e-06 0.34963622 2.8906244e-09 0.95624684
0.88 1.122018454e-06 0.33650152 1.4209931e-07 0.99917666
0.88 1.2589254e-05 0.34623136 0 0.0
0.88 1.2589254e-06 0.32869249 2.3592026e-09 0.99999095
0.88 1.2589254e-07 0.33670784 0.062689312 0.82559125
0.88 1.2589254e-08 0.35844103 0.002733898 0.75025275
0.88 1.41253754462e-06 0.34094584 3.9896269e-11 0.97886605
0.88 1.412537545e-06 0.33555152 7.1283949e-14 0.93457733
0.88 1.5848932e-05 0.35417932 0 0.0
0.88 1.5848932e-06 0.33791153 2.490845e-14 0.74619644
0.88 1.5848932e-07 0.33393903 0.056080017 0.84921341
0.88 1.5848932e-08 0.34611504 0.0047327074 0.74036464
0.88 1.77827941004e-06 0.33259289 4.1853841e-14 0.99999003
0.88 1.77827941e-06 0.34094584 4.0915762e-15 0.97701625
0.88 1.9952623e-05 0.34458367 0 0.0
0.88 1.9952623e-06 0.34092283 1.4207554e-16 1
0.88 1.9952623e-07 0.35773341 0.041203319 0.86135474
0.88 1.9952623e-08 0.34891217 0.0071203039 0.78400969
0.88 1e-05 0.34323232 0 0.0
0.88 1e-06 0.34136465 6.3379533e-07 0.99444563
0.88 1e-07 0.35316738 0.064715486 0.80434451
0.88 1e-08 0.33582542 0.0018361556 0.81453121
0.88 2.23872113857e-06 0.33957704 1.2629418e-21 0.99981267
0.88 2.238721139e-06 0.35850202 2.2426808e-23 1
0.88 2.5118864e-05 0.35328615 0 0.0
0.88 2.5118864e-06 0.35016155 1.367135e-24 0.999995
0.88 2.5118864e-07 0.34492519 0.026248877 0.87272873
0.88 2.5118864e-08 0.3468523 0.010967383 0.79876119
0.88 2.81838293126e-06 0.34101476 1.3295223e-39 1
0.88 2.818382931e-06 0.3528108 5.9651244e-32 1
0.88 3.1622777e-05 0.34127144 0 0.0
0.88 3.1622777e-06 0.33764397 1.1770576e-38 1
0.88 3.1622777e-07 0.34582075 0.011958236 0.86782021
0.88 3.1622777e-08 0.34213178 0.015905208 0.75587379
0.88 3.1622777e-09 0.34437487 0.00018582358 0.78642315
0.88 3.54813389234e-06 0.33387358 0 0.0
0.88 3.548133892e-06 0.33764658 0 0.0
0.88 3.9810717e-06 0.34880904 0 0.0
0.88 3.9810717e-07 0.33926405 0.0046473237 0.96940787
0.88 3.9810717e-08 0.34708738 0.023837579 0.74104737
0.88 3.9810717e-09 0.34693053 0.00029931776 0.76699626
0.88 4.46683592151e-06 0.33542383 0 0.0
0.88 5.0118723e-06 0.36130206 0 0.0
0.88 5.0118723e-07 0.35777599 0.0012688541 0.91617194
0.88 5.0118723e-08 0.34996969 0.032840897 0.77431661
0.88 5.0118723e-09 0.33811931 0.00049528231 0.72767151
0.88 5.6234132519e-06 0.3389899 0 0.0
0.88 6.3095734e-06 0.34458367 0 0.0
0.88 6.3095734e-07 0.36034762 0.00021835574 0.6099114
0.88 6.3095734e-08 0.35032362 0.046544219 0.78997675
0.88 6.3095734e-09 0.35082761 0.00069463974 0.74932494
0.88 7.07945784384e-06 0.33124748 0 0.0
0.88 7.9432823e-06 0.34780852 0 0.0
0.88 7.9432823e-07 0.35563167 3.0251324e-05 0.89960767
0.88 7.9432823e-08 0.35172832 0.055125998 0.78577775
0.88 7.9432823e-09 0.33811351 0.001174616 0.74624376
0.88 8.91250938134e-06 0.35581583 0 0.0
0.89 1.1220184543e-06 0.35772029 1.4700457e-07 0.97979041
0.89 1.122018454e-06 0.36939847 3.3084289e-07 0.96286331
0.89 1.2589254e-05 0.35575365 0 0.0
0.89 1.2589254e-06 0.36326942 1.7190973e-08 0.99995345
0.89 1.2589254e-07 0.35446104 0.065244214 0.83071883
0.89 1.2589254e-08 0.36589304 0.0027325684 0.75801523
0.89 1.41253754462e-06 0.3551383 1.728673e-09 0.99996186
0.89 1.412537545e-06 0.36980218 3.3283511e-11 0.85815727
0.89 1.5848932e-05 0.359135 0 0.0
0.89 1.5848932e-06 0.36805976 1.4757868e-11 0.039699265
0.89 1.5848932e-07 0.35591853 0.060134289 0.80923573
0.89 1.5848932e-08 0.35529507 0.004465098 0.73896935
0.89 1.77827941004e-06 0.36472015 1.0396659e-14 0.99999946
0.89 1.77827941e-06 0.35551522 1.1269472e-15 0.99999972
0.89 1.9952623e-05 0.36738823 0 0.0
0.89 1.9952623e-06 0.36618865 1.7475149e-15 0.96943218
0.89 1.9952623e-07 0.35992729 0.047309514 0.83176025
0.89 1.9952623e-08 0.34800161 0.0059638437 0.76073614
0.89 1e-05 0.36678759 0 0.0
0.89 1e-06 0.36020964 4.0087122e-06 0.99678804
0.89 1e-07 0.3716707 0.061674829 0.81872271
0.89 1e-08 0.36233057 0.0016964114 0.77665995
0.89 2.23872113857e-06 0.36290323 3.962459e-25 0.010053707
0.89 2.238721139e-06 0.35787983 9.8934092e-23 1
0.89 2.5118864e-05 0.36319613 0 0.0
0.89 2.5118864e-06 0.36255302 1.0523899e-21 0.0077079754
0.89 2.5118864e-07 0.38511327 0.028763127 0.89161803
0.89 2.5118864e-08 0.36270161 0.01054033 0.71160187
0.89 2.81838293126e-06 0.35711399 6.3625936e-32 0.99828669
0.89 2.818382931e-06 0.36185671 6.2330847e-32 0.99999998
0.89 3.1622777e-05 0.36792071 0 0.0
0.89 3.1622777e-06 0.35802469 1.069719e-36 0.75455049
0.89 3.1622777e-07 0.36711165 0.015437305 0.86951162
0.89 3.1622777e-08 0.36895365 0.015729662 0.78468211
0.89 3.1622777e-09 0.36641067 0.00016909999 0.75384961
0.89 3.54813389234e-06 0.3648294 7.9696427e-45 0
0.89 3.548133892e-06 0.35958005 0 0.0
0.89 3.9810717e-06 0.35743216 0 0.0
0.89 3.9810717e-07 0.36069551 0.0065249618 0.83322066
0.89 3.9810717e-08 0.35780744 0.023304587 0.74343856
0.89 3.9810717e-09 0.36051675 0.00026947791 0.74336175
0.89 4.46683592151e-06 0.34337715 0 0.0
0.89 5.0118723e-06 0.36686869 0 0.0
0.89 5.0118723e-07 0.37348424 0.0021181274 0.87432229
0.89 5.0118723e-08 0.360444 0.033308052 0.78946653
0.89 5.0118723e-09 0.37044494 0.0004062714 0.76223321
0.89 5.6234132519e-06 0.36138015 0 0.0
0.89 6.3095734e-06 0.36056623 0 0.0
0.89 6.3095734e-07 0.36606601 0.00035773405 0.92476646
0.89 6.3095734e-08 0.36725217 0.044648194 0.7751778
0.89 6.3095734e-09 0.36359968 0.00072660743 0.77842218
0.89 7.07945784384e-06 0.3673799 0 0.0
0.89 7.9432823e-06 0.36766781 0 0.0
0.89 7.9432823e-07 0.36578947 3.0684178e-05 0.65915439
0.89 7.9432823e-08 0.36046042 0.052958858 0.79447212
0.89 7.9432823e-09 0.36517875 0.0011041918 0.76215522
0.89 8.91250938134e-06 0.35831145 0 0.0
0.8 1.122018454e-06 0.2041927 4.9370638e-12 1
0.8 1.412537545e-06 0.20881998 1.200171e-20 0.094001156
0.8 1.77827941e-06 0.20616687 7.0662389e-31 1
0.8 2.238721139e-06 0.21985102 0 0.0
0.8 2.818382931e-06 0.21971377 0 0.0
0.9 1.1220184543e-06 0.3590002 2.0824372e-07 0.95168719
0.9 1.2589254e-05 0.36893008 0 0.0
0.9 1.2589254e-06 0.36797412 4.3799645e-08 0.97031036
0.9 1.2589254e-07 0.37308003 0.066855125 0.83280608
0.9 1.2589254e-08 0.36054972 0.0028276952 0.78040059
0.9 1.41253754462e-06 0.3756068 1.824137e-10 0.99998758
0.9 1.5848932e-05 0.38060606 0 0.0
0.9 1.5848932e-06 0.38045234 1.9880523e-12 0.9948652
0.9 1.5848932e-07 0.36781609 0.060907663 0.79981121
0.9 1.5848932e-08 0.36830402 0.0040600901 0.75435715
0.9 1.77827941004e-06 0.37704587 1.808429e-15 1
0.9 1.9952623e-05 0.37578457 0 0.0
0.9 1.9952623e-06 0.36860206 1.0725686e-14 0.99999977
0.9 1.9952623e-07 0.37037037 0.045143894 0.82878254
0.9 1.9952623e-08 0.36989899 0.0069092142 0.79109069
0.9 1e-05 0.36815518 0 0.0
0.9 1e-06 0.3673716 1.7922384e-06 0.99173387
0.9 1e-07 0.37194259 0.059306603 0.84036097
0.9 1e-08 0.37659187 0.0017644375 0.77070644
0.9 2.23872113857e-06 0.36246476 5.5454311e-20 1
0.9 2.5118864e-05 0.36398467 0 0.0
0.9 2.5118864e-06 0.3696443 1.0705142e-26 0.99897939
0.9 2.5118864e-07 0.36836776 0.028589621 0.83400406
0.9 2.5118864e-08 0.37659187 0.01077075 0.76708986
0.9 2.81838293126e-06 0.38076923 3.0447893e-33 0.99999994
0.9 3.1622777e-05 0.37494949 0 0.0
0.9 3.1622777e-06 0.37787646 3.5489164e-42 1
0.9 3.1622777e-07 0.37634191 0.014236916 0.88316823
0.9 3.1622777e-08 0.3802504 0.015056535 0.75167224
0.9 3.1622777e-09 0.36005654 0.00017176 0.79628083
0.9 3.54813389234e-06 0.3790111 0 0.0
0.9 3.9810717e-06 0.37141124 0 0.0
0.9 3.9810717e-07 0.37603724 0.0063619205 0.87716386
0.9 3.9810717e-08 0.37159572 0.021583697 0.7879068
0.9 3.9810717e-09 0.36409532 0.0002594253 0.79171738
0.9 4.46683592151e-06 0.37628762 0 0.0
0.9 5.0118723e-06 0.37245001 0 0.0
0.9 5.0118723e-07 0.38103901 0.0017925349 0.9230884
0.9 5.0118723e-08 0.37537841 0.030364076 0.80392817
0.9 5.0118723e-09 0.37790345 0.00042161103 0.79705023
0.9 5.6234132519e-06 0.36969697 0 0.0
0.9 6.3095734e-06 0.37356438 0 0.0
0.9 6.3095734e-07 0.37293263 0.00040033447 0.97404406
0.9 6.3095734e-08 0.37141124 0.042974538 0.76345791
0.9 6.3095734e-09 0.37789877 0.00064533926 0.77160998
0.9 7.07945784384e-06 0.37452049 0 0.0
0.9 7.9432823e-06 0.36659261 0 0.0
0.9 7.9432823e-07 0.37874494 6.877439e-05 0.80530605
0.9 7.9432823e-08 0.37578204 0.054858501 0.80209266
0.9 7.9432823e-09 0.36567617 0.001142819 0.75477153
0.9 8.91250938134e-06 0.36433327 0 0.0
0.95 1.1220184543e-06 0.41957619 1.9623599e-07 0.99955075
0.95 1.122018454e-06 0.41244193 9.7950476e-07 0.99970605
0.95 1.2589254e-05 0.40157799 0 0.0
0.95 1.2589254e-06 0.39854339 3.8614563e-08 0.32284962
0.95 1.2589254e-07 0.40955838 0.0625701 0.83342138
0.95 1.2589254e-08 0.41467853 0.0021202029 0.8088294
0.95 1.41253754462e-06 0.4016178 1.1897947e-09 0.99802256
0.95 1.412537545e-06 0.39475277 4.8466724e-10 0.47601879
0.95 1.5848932e-05 0.39749546 0 0.0
0.95 1.5848932e-06 0.41385579 2.5976354e-12 0.99997049
0.95 1.5848932e-07 0.40574434 0.060768239 0.83980694
0.95 1.5848932e-08 0.40100908 0.0039661817 0.78095578
0.95 1.77827941004e-06 0.41865159 2.3093131e-13 0.99997578
0.95 1.77827941e-06 0.39753436 5.1737534e-13 0.99999997
0.95 1.9952623e-05 0.41934181 0 0.0
0.95 1.9952623e-06 0.40707071 4.3344259e-19 0.48765965
0.95 1.9952623e-07 0.40008091 0.047602282 0.84027116
0.95 1.9952623e-08 0.38857489 0.0061755576 0.76832847
0.95 1e-05 0.41236069 0 0.0
0.95 1e-06 0.4019786 4.7224933e-06 0.98632696
0.95 1e-07 0.41850577 0.060367852 0.82144725
0.95 1e-08 0.39226742 0.0015234091 0.7682449
0.95 2.23872113857e-06 0.41090909 3.8960032e-18 1
0.95 2.238721139e-06 0.42446335 2.5047309e-18 0.8769637
0.95 2.5118864e-05 0.40129319 0 0.0
0.95 2.5118864e-06 0.4076098 1.2702695e-19 1
0.95 2.5118864e-07 0.41226472 0.03068173 0.84316788
0.95 2.5118864e-08 0.41322816 0.0094692934 0.77497799
0.95 2.81838293126e-06 0.40799031 2.2496919e-35 1.295972e-06
0.95 2.818382931e-06 0.40105008 2.0608381e-27 0.095323815
0.95 3.1622777e-05 0.4097166 0 0.0
0.95 3.1622777e-06 0.40621218 9.7823779e-36 1
0.95 3.1622777e-07 0.41619548 0.017267617 0.8554507
0.95 3.1622777e-08 0.41427995 0.01353013 0.80578914
0.95 3.1622777e-09 0.41202673 0.00015428306 0.77956803
0.95 3.54813389234e-06 0.40614266 2.0914902e-48 1
0.95 3.548133892e-06 0.4091001 2.9452897e-45 0.99952963
0.95 3.9810717e-06 0.40443996 0 0.0
0.95 3.9810717e-07 0.42542441 0.0081753518 0.85561075
0.95 3.9810717e-08 0.40157799 0.019817725 0.79958822
0.95 3.9810717e-09 0.43186413 0.00023803086 0.77975803
0.95 4.46683592151e-06 0.40659118 0 0.0
0.95 5.0118723e-06 0.41062412 0 0.0
0.95 5.0118723e-07 0.4086781 0.0027641976 0.90244628
0.95 5.0118723e-08 0.40303337 0.029235355 0.79643804
0.95 5.0118723e-09 0.40436275 0.0003279829 0.7934062
0.95 5.6234132519e-06 0.40271036 0 0.0
0.95 6.3095734e-06 0.40819209 0 0.0
0.95 6.3095734e-07 0.40351942 0.00054613488 0.78426901
0.95 6.3095734e-08 0.40227319 0.040156197 0.78050896
0.95 6.3095734e-09 0.40774534 0.00063684255 0.8066626
0.95 7.07945784384e-06 0.39082087 0 0.0
0.95 7.9432823e-06 0.40820036 0 0.0
0.95 7.9432823e-07 0.40542181 4.7589376e-05 0.84229163
0.95 7.9432823e-08 0.40742984 0.050943043 0.81033261
0.95 7.9432823e-09 0.40875176 0.00092817886 0.73305185
0.95 8.91250938134e-06 0.40190129 0 0.0
0.9 1.122018454e-06 0.3654894 4.1936088e-07 0.97865245
0.9 1.412537545e-06 0.37345741 9.1131145e-10 0.99998057
0.9 1.77827941e-06 0.37525273 5.9836702e-13 0.99999999
0.9 2.238721139e-06 0.36684837 3.0016403e-23 1
0.9 2.818382931e-06 0.37914309 1.1663846e-28 1
0.9 3.548133892e-06 0.37505063 0 0.0
