2.00000E-03 1.258925400E-04 3.522877700E+08 1.761139900E+08
2.00000E-03 1.584893200E-04 4.395054700E+08 2.197154400E+08
2.00000E-03 1.995262300E-04 4.472284500E+08 2.235762800E+08
2.00000E-03 1.000000000E-04 2.479247600E+08 1.239413400E+08
2.00000E-03 2.511886400E-04 3.881918300E+08 1.940629800E+08
2.00000E-03 3.162277700E-04 2.433668400E+08 1.216627700E+08
2.00000E-03 1.000000000E-03 3.271836700E+03 1.635640700E+03
2.00000E-03 1.258925400E-05 2.622360800E+05 1.310957900E+05
2.00000E-03 1.258925400E-06 2.662261500E+01 1.330904800E+01
2.00000E-03 1.258925400E-07 2.734014900E-03 1.366775500E-03
2.00000E-03 1.258925400E-08 2.931362500E-07 1.465432500E-07
2.00000E-03 1.258925400E-09 2.855542900E-11 1.427529200E-11
2.00000E-03 1.584893200E-05 6.843498800E+05 3.421168700E+05
2.00000E-03 1.584893200E-06 6.740548400E+01 3.369702200E+01
2.00000E-03 1.584893200E-07 7.188944500E-03 3.593862200E-03
2.00000E-03 1.584893200E-08 6.847647000E-07 3.423242500E-07
2.00000E-03 1.584893200E-09 7.433670400E-11 3.716204400E-11
2.00000E-03 1.995262300E-05 1.631128900E+06 8.154260500E+05
2.00000E-03 1.995262300E-06 1.920002300E+02 9.598382300E+01
2.00000E-03 1.995262300E-07 1.699900600E-02 8.498060500E-03
2.00000E-03 1.995262300E-08 1.601052000E-06 8.003901200E-07
2.00000E-03 1.995262300E-09 1.837336900E-10 9.185125600E-11
2.00000E-03 1.000000000E-05 1.013481300E+05 5.066546300E+04
2.00000E-03 1.000000000E-06 1.075988400E+01 5.379029200E+00
2.00000E-03 1.000000000E-07 1.059878500E-03 5.298493200E-04
2.00000E-03 1.000000000E-08 1.131560100E-07 5.656840100E-08
2.00000E-03 1.000000000E-09 1.107957200E-11 5.538846000E-12
2.00000E-03 2.511886400E-05 3.735916200E+06 1.867641100E+06
2.00000E-03 2.511886400E-06 4.491933100E+02 2.245585400E+02
2.00000E-03 2.511886400E-07 4.530377800E-02 2.264804500E-02
2.00000E-03 2.511886400E-08 4.578100900E-06 2.288662000E-06
2.00000E-03 2.511886400E-09 4.517458000E-10 2.258345700E-10
2.00000E-03 3.162277700E-05 8.496497500E+06 4.247527800E+06
2.00000E-03 3.162277700E-06 1.083839100E+03 5.418276000E+02
2.00000E-03 3.162277700E-07 1.143515300E-01 5.716606300E-02
2.00000E-03 3.162277700E-08 1.031951300E-05 5.158880800E-06
2.00000E-03 3.162277700E-09 1.152117100E-09 5.759608000E-10
2.00000E-03 3.981071700E-05 1.978959900E+07 9.893120000E+06
2.00000E-03 3.981071700E-06 2.763828900E+03 1.381679900E+03
2.00000E-03 3.981071700E-07 2.774642700E-01 1.387085900E-01
2.00000E-03 3.981071700E-08 2.755957200E-05 1.377744800E-05
2.00000E-03 3.981071700E-09 2.619683700E-09 1.309619500E-09
2.00000E-03 5.011872300E-05 4.442470400E+07 2.220858300E+07
2.00000E-03 5.011872300E-06 7.034298400E+03 3.516552300E+03
2.00000E-03 5.011872300E-07 7.113150800E-01 3.555971800E-01
2.00000E-03 5.011872300E-08 7.081839100E-05 3.540318600E-05
2.00000E-03 5.011872300E-09 6.722152500E-09 3.360505800E-09
2.00000E-03 6.309573400E-05 8.583678400E+07 4.291110800E+07
2.00000E-03 6.309573400E-06 1.713607200E+04 8.566581900E+03
2.00000E-03 6.309573400E-07 1.766566700E+00 8.831334300E-01
2.00000E-03 6.309573400E-08 1.649578900E-04 8.246494800E-05
2.00000E-03 6.309573400E-09 1.688885100E-08 8.442992300E-09
2.00000E-03 7.943282300E-05 1.545862900E+08 7.728002600E+07
2.00000E-03 7.943282300E-06 4.552522100E+04 2.275874700E+04
2.00000E-03 7.943282300E-07 4.211684300E+00 2.105484800E+00
2.00000E-03 7.943282300E-08 4.281822600E-04 2.140548000E-04
2.00000E-03 7.943282300E-09 4.620822700E-08 2.310019200E-08
5.00000E-03 1.258925400E-04 2.751396300E+07 1.374239100E+07
5.00000E-03 1.584893200E-04 1.844635600E+07 9.213396400E+06
5.00000E-03 1.995262300E-04 6.456852200E+06 3.225002100E+06
5.00000E-03 1.000000000E-04 5.804054000E+07 2.898949200E+07
5.00000E-03 2.511886400E-04 1.095890900E+06 5.473643200E+05
5.00000E-03 3.162277700E-04 1.320048400E+05 6.593241900E+04
5.00000E-03 1.000000000E-03 1.253699700E-32 6.261850100E-33
5.00000E-03 1.258925400E-05 1.390943100E+06 6.947339500E+05
5.00000E-03 1.258925400E-06 1.727880800E+02 8.630241500E+01
5.00000E-03 1.258925400E-07 1.796049200E-02 8.970722100E-03
5.00000E-03 1.258925400E-08 1.726566500E-06 8.623676900E-07
5.00000E-03 1.258925400E-09 1.627730300E-10 8.130019900E-11
5.00000E-03 1.584893200E-05 2.816992400E+06 1.407002400E+06
5.00000E-03 1.584893200E-06 3.889558800E+02 1.942716900E+02
5.00000E-03 1.584893200E-07 4.334257600E-02 2.164830400E-02
5.00000E-03 1.584893200E-08 4.235653400E-06 2.115580600E-06
5.00000E-03 1.584893200E-09 3.931532200E-10 1.963681300E-10
5.00000E-03 1.995262300E-05 6.465701600E+06 3.229422100E+06
5.00000E-03 1.995262300E-06 1.018397100E+03 5.086585000E+02
5.00000E-03 1.995262300E-07 1.103010200E-01 5.509201800E-02
5.00000E-03 1.995262300E-08 1.075491700E-05 5.371755500E-06
5.00000E-03 1.995262300E-09 9.973951500E-10 4.981686700E-10
5.00000E-03 1.000000000E-05 5.966730500E+05 2.980201200E+05
5.00000E-03 1.000000000E-06 6.472540300E+01 3.232837900E+01
5.00000E-03 1.000000000E-07 6.483305600E-03 3.238214800E-03
5.00000E-03 1.000000000E-08 6.422853200E-07 3.208020700E-07
5.00000E-03 1.000000000E-09 6.421567600E-11 3.207378600E-11
5.00000E-03 2.511886400E-05 1.230800000E+07 6.147473300E+06
5.00000E-03 2.511886400E-06 2.596450600E+03 1.296848400E+03
5.00000E-03 2.511886400E-07 2.615726100E-01 1.306476000E-01
5.00000E-03 2.511886400E-08 2.760703200E-05 1.378887700E-05
5.00000E-03 2.511886400E-09 2.607317600E-09 1.302276200E-09
5.00000E-03 3.162277700E-05 2.378378500E+07 1.187928000E+07
5.00000E-03 3.162277700E-06 7.021952300E+03 3.507252500E+03
5.00000E-03 3.162277700E-07 6.881601000E-01 3.437151300E-01
5.00000E-03 3.162277700E-08 6.707500900E-05 3.350193600E-05
5.00000E-03 3.162277700E-09 6.235826000E-09 3.114606200E-09
5.00000E-03 3.981071700E-05 3.624245000E+07 1.810200600E+07
5.00000E-03 3.981071700E-06 1.660593500E+04 8.294161700E+03
5.00000E-03 3.981071700E-07 1.535847600E+00 7.671093600E-01
5.00000E-03 3.981071700E-08 1.566651300E-04 7.824948800E-05
5.00000E-03 3.981071700E-09 1.708056600E-08 8.531225600E-09
5.00000E-03 5.011872300E-05 4.964710900E+07 2.479722700E+07
5.00000E-03 5.011872300E-06 3.909472100E+04 1.952662900E+04
5.00000E-03 5.011872300E-07 4.239114200E+00 2.117309200E+00
5.00000E-03 5.011872300E-08 4.290404500E-04 2.142927100E-04
5.00000E-03 5.011872300E-09 4.066255500E-08 2.030971500E-08
5.00000E-03 6.309573400E-05 6.406565100E+07 3.199885300E+07
5.00000E-03 6.309573400E-06 1.015736400E+05 5.073295600E+04
5.00000E-03 6.309573400E-07 1.083539500E+01 5.411951700E+00
5.00000E-03 6.309573400E-08 1.013398200E-03 5.061617300E-04
5.00000E-03 6.309573400E-09 1.042546500E-07 5.207203900E-08
5.00000E-03 7.943282300E-05 5.796519200E+07 2.895185800E+07
5.00000E-03 7.943282300E-06 2.400935500E+05 1.199194600E+05
5.00000E-03 7.943282300E-07 2.650848100E+01 1.324018400E+01
5.00000E-03 7.943282300E-08 2.663281200E-03 1.330228300E-03
5.00000E-03 7.943282300E-09 2.691751000E-07 1.344448100E-07
1.00000E-02 1.258925400E-04 2.351783700E+05 1.170905300E+05
1.00000E-02 1.584893200E-04 7.994944100E+03 3.980520400E+03
1.00000E-02 1.995262300E-04 6.898075800E+02 3.434411900E+02
1.00000E-02 1.000000000E-04 1.123540500E+06 5.593880200E+05
1.00000E-02 2.511886400E-04 1.784453500E+01 8.884431600E+00
1.00000E-02 3.162277700E-04 4.258041100E-07 2.119992200E-07
1.00000E-02 1.258925400E-05 3.336531000E+06 1.661191000E+06
1.00000E-02 1.258925400E-06 6.376700100E+02 3.174829500E+02
1.00000E-02 1.258925400E-07 6.410739700E-02 3.191777100E-02
1.00000E-02 1.258925400E-08 6.666188300E-06 3.318959800E-06
1.00000E-02 1.258925400E-09 7.033121800E-10 3.501648500E-10
1.00000E-02 1.584893200E-05 6.044468000E+06 3.009417900E+06
1.00000E-02 1.584893200E-06 1.593622900E+03 7.934325100E+02
1.00000E-02 1.584893200E-07 1.682115900E-01 8.374913300E-02
1.00000E-02 1.584893200E-08 1.678549400E-05 8.357156800E-06
1.00000E-02 1.584893200E-09 1.628952100E-09 8.110221800E-10
1.00000E-02 1.995262300E-05 9.095423000E+06 4.528426500E+06
1.00000E-02 1.995262300E-06 3.860007000E+03 1.921819100E+03
1.00000E-02 1.995262300E-07 4.259027200E-01 2.120483200E-01
1.00000E-02 1.995262300E-08 3.823604000E-05 1.903694800E-05
1.00000E-02 1.995262300E-09 4.442238200E-09 2.211700200E-09
1.00000E-02 1.000000000E-05 1.587326300E+06 7.902975300E+05
1.00000E-02 1.000000000E-06 2.439076100E+02 1.214366500E+02
1.00000E-02 1.000000000E-07 2.596470600E-02 1.292730000E-02
1.00000E-02 1.000000000E-08 2.630091800E-06 1.309469300E-06
1.00000E-02 1.000000000E-09 2.611057500E-10 1.299992500E-10
1.00000E-02 2.511886400E-05 1.325866900E+07 6.601222000E+06
1.00000E-02 2.511886400E-06 9.883183500E+03 4.920636400E+03
1.00000E-02 2.511886400E-07 1.145424900E+00 5.702837900E-01
1.00000E-02 2.511886400E-08 1.051476900E-04 5.235090000E-05
1.00000E-02 2.511886400E-09 1.122663600E-08 5.589514300E-09
1.00000E-02 3.162277700E-05 1.551076600E+07 7.722495400E+06
1.00000E-02 3.162277700E-06 2.657577200E+04 1.323153700E+04
1.00000E-02 3.162277700E-07 2.542520600E+00 1.265869400E+00
1.00000E-02 3.162277700E-08 2.500234100E-04 1.244815800E-04
1.00000E-02 3.162277700E-09 2.614268200E-08 1.301591000E-08
1.00000E-02 3.981071700E-05 1.534221400E+07 7.638576700E+06
1.00000E-02 3.981071700E-06 6.127850900E+04 3.050932600E+04
1.00000E-02 3.981071700E-07 6.811813900E+00 3.391463800E+00
1.00000E-02 3.981071700E-08 6.972270800E-04 3.471352100E-04
1.00000E-02 3.981071700E-09 6.950684800E-08 3.460604800E-08
1.00000E-02 5.011872300E-05 1.325188100E+07 6.597842400E+06
1.00000E-02 5.011872300E-06 1.443123400E+05 7.185018500E+04
1.00000E-02 5.011872300E-07 1.750991500E+01 8.717831000E+00
1.00000E-02 5.011872300E-08 1.739664700E-03 8.661437200E-04
1.00000E-02 5.011872300E-09 1.671955700E-07 8.324327800E-08
1.00000E-02 6.309573400E-05 8.808219200E+06 4.385433500E+06
1.00000E-02 6.309573400E-06 3.469520800E+05 1.727404000E+05
1.00000E-02 6.309573400E-07 3.862316500E+01 1.922969000E+01
1.00000E-02 6.309573400E-08 4.006077200E-03 1.994544500E-03
1.00000E-02 6.309573400E-09 3.965542700E-07 1.974363200E-07
1.00000E-02 7.943282300E-05 3.927215900E+06 1.955281000E+06
1.00000E-02 7.943282300E-06 7.008604900E+05 3.489442100E+05
1.00000E-02 7.943282300E-07 1.056023300E+02 5.257725700E+01
1.00000E-02 7.943282300E-08 1.014080900E-02 5.048902900E-03
1.00000E-02 7.943282300E-09 1.055104100E-06 5.253149200E-07
5.00000E-02 1.000000000E-04 3.776396900E-19 1.690595000E-19
5.00000E-02 1.258925400E-05 3.180088200E+05 1.423643100E+05
5.00000E-02 1.258925400E-06 1.359315700E+04 6.085304100E+03
5.00000E-02 1.258925400E-07 1.635418300E+00 7.321343800E-01
5.00000E-02 1.258925400E-08 1.490986700E-04 6.674761200E-05
5.00000E-02 1.258925400E-09 1.642584000E-08 7.353423000E-09
5.00000E-02 1.584893200E-05 1.817726500E+05 8.137490500E+04
5.00000E-02 1.584893200E-06 2.991619000E+04 1.339270300E+04
5.00000E-02 1.584893200E-07 4.134363900E+00 1.850847500E+00
5.00000E-02 1.584893200E-08 3.907594200E-04 1.749328700E-04
5.00000E-02 1.584893200E-09 4.171048700E-08 1.867270400E-08
5.00000E-02 1.995262300E-05 6.088927300E+04 2.725854900E+04
5.00000E-02 1.995262300E-06 6.198510100E+04 2.774912300E+04
5.00000E-02 1.995262300E-07 9.722104300E+00 4.352334100E+00
5.00000E-02 1.995262300E-08 1.051993800E-03 4.709503700E-04
5.00000E-02 1.995262300E-09 1.046033600E-07 4.682821300E-08
5.00000E-02 1.000000000E-05 4.933593300E+05 2.208641800E+05
5.00000E-02 1.000000000E-06 6.332278300E+03 2.834796900E+03
5.00000E-02 1.000000000E-07 6.142843900E-01 2.749992000E-01
5.00000E-02 1.000000000E-08 6.566048400E-05 2.939449700E-05
5.00000E-02 1.000000000E-09 6.610194600E-09 2.959212800E-09
5.00000E-02 2.511886400E-05 1.484010200E+04 6.643529200E+03
5.00000E-02 2.511886400E-06 1.198068200E+05 5.363440800E+04
5.00000E-02 2.511886400E-07 2.662507900E+01 1.191935800E+01
5.00000E-02 2.511886400E-08 2.602634400E-03 1.165131900E-03
5.00000E-02 2.511886400E-09 2.532645500E-07 1.133799700E-07
5.00000E-02 3.162277700E-05 2.287475000E+02 1.024043300E+02
5.00000E-02 3.162277700E-06 2.274298500E+05 1.018144500E+05
5.00000E-02 3.162277700E-07 6.205340700E+01 2.777970200E+01
5.00000E-02 3.162277700E-08 6.523547000E-03 2.920422900E-03
5.00000E-02 3.162277700E-09 6.169485600E-07 2.761918800E-07
5.00000E-02 3.981071700E-05 5.848860400E+02 2.618383200E+02
5.00000E-02 3.981071700E-06 3.607467600E+05 1.614969800E+05
5.00000E-02 3.981071700E-07 1.622602100E+02 7.263969000E+01
5.00000E-02 3.981071700E-08 1.753563100E-02 7.850247600E-03
5.00000E-02 3.981071700E-09 1.677530900E-06 7.509870900E-07
5.00000E-02 5.011872300E-05 1.513993500E-01 6.777756300E-02
5.00000E-02 5.011872300E-06 5.007531100E+05 2.241741900E+05
5.00000E-02 5.011872300E-07 3.994645400E+02 1.788299200E+02
5.00000E-02 5.011872300E-08 3.969367300E-02 1.776982900E-02
5.00000E-02 5.011872300E-09 4.177874100E-06 1.870326000E-06
5.00000E-02 6.309573400E-05 1.612760400E-08 7.219910100E-09
5.00000E-02 6.309573400E-06 6.075208700E+05 2.719713500E+05
5.00000E-02 6.309573400E-07 9.868028100E+02 4.417660400E+02
5.00000E-02 6.309573400E-08 9.889266100E-02 4.427168100E-02
5.00000E-02 6.309573400E-09 9.393950700E-06 4.205428300E-06
5.00000E-02 7.943282300E-05 1.546425300E-13 6.922945000E-14
5.00000E-02 7.943282300E-06 6.658309100E+05 2.980752400E+05
5.00000E-02 7.943282300E-07 2.426162700E+03 1.086130100E+03
5.00000E-02 7.943282300E-08 2.543816000E-01 1.138800500E-01
5.00000E-02 7.943282300E-09 2.764764400E-05 1.237713400E-05
1.00000E-01 1.258925400E-05 1.779470100E+03 5.342916000E+02
1.00000E-01 1.258925400E-06 3.068317900E+04 9.212723200E+03
1.00000E-01 1.258925400E-07 6.258102700E+00 1.879015400E+00
1.00000E-01 1.258925400E-08 6.271901100E-04 1.883158500E-04
1.00000E-01 1.258925400E-09 6.823236100E-08 2.048698600E-08
1.00000E-01 1.584893200E-05 1.725890600E+01 5.182042100E+00
1.00000E-01 1.584893200E-06 5.520089000E+04 1.657424500E+04
1.00000E-01 1.584893200E-07 1.665332300E+01 5.000213600E+00
1.00000E-01 1.584893200E-08 1.666123700E-03 5.002589800E-04
1.00000E-01 1.584893200E-09 1.623870200E-07 4.875722500E-08
1.00000E-01 1.995262300E-05 2.650996600E+00 7.959702400E-01
1.00000E-01 1.995262300E-06 8.575470200E+04 2.574812500E+04
1.00000E-01 1.995262300E-07 3.850034300E+01 1.155985200E+01
1.00000E-01 1.995262300E-08 3.866623300E-03 1.160966100E-03
1.00000E-01 1.995262300E-09 3.943416100E-07 1.184023400E-07
1.00000E-01 1.000000000E-05 9.236990800E+03 2.773436100E+03
1.00000E-01 1.000000000E-06 1.533241500E+04 4.603606800E+03
1.00000E-01 1.000000000E-07 2.736077300E+00 8.215159800E-01
1.00000E-01 1.000000000E-08 2.515450000E-04 7.552719500E-05
1.00000E-01 1.000000000E-09 2.659039400E-08 7.983851300E-09
1.00000E-01 2.511886400E-05 5.731688900E-05 1.720958000E-05
1.00000E-01 2.511886400E-06 1.318630900E+05 3.959231500E+04
1.00000E-01 2.511886400E-07 1.004306600E+02 3.015462900E+01
1.00000E-01 2.511886400E-08 1.079013400E-02 3.239772400E-03
1.00000E-01 2.511886400E-09 1.089102800E-06 3.270066100E-07
1.00000E-01 3.162277700E-05 1.214571800E-03 3.646790900E-04
1.00000E-01 3.162277700E-06 1.449778900E+05 4.353007700E+04
1.00000E-01 3.162277700E-07 2.432695300E+02 7.304245900E+01
1.00000E-01 3.162277700E-08 2.645013000E-02 7.941736600E-03
1.00000E-01 3.162277700E-09 2.668677200E-06 8.012789000E-07
1.00000E-01 3.981071700E-05 8.203418700E-15 2.463102800E-15
1.00000E-01 3.981071700E-06 1.517292600E+05 4.555719600E+04
1.00000E-01 3.981071700E-07 5.713038500E+02 1.715358200E+02
1.00000E-01 3.981071700E-08 5.862080700E-02 1.760108600E-02
1.00000E-01 3.981071700E-09 6.181659000E-06 1.856063000E-06
1.00000E-01 5.011872300E-05 3.275383500E-31 9.834444000E-32
1.00000E-01 5.011872300E-06 1.255260900E+05 3.768961200E+04
1.00000E-01 5.011872300E-07 1.398464400E+03 4.198934300E+02
1.00000E-01 5.011872300E-08 1.579918100E-01 4.743754800E-02
1.00000E-01 5.011872300E-09 1.629484000E-05 4.892578000E-06
1.00000E-01 6.309573400E-06 8.085364800E+04 2.427656700E+04
1.00000E-01 6.309573400E-07 3.357733200E+03 1.008170200E+03
1.00000E-01 6.309573400E-08 4.010418900E-01 1.204141100E-01
1.00000E-01 6.309573400E-09 4.231496600E-05 1.270520400E-05
1.00000E-01 7.943282300E-06 3.122276300E+04 9.374734800E+03
1.00000E-01 7.943282300E-07 7.313046700E+03 2.195765800E+03
1.00000E-01 7.943282300E-08 1.029831000E+00 3.092100500E-01
1.00000E-01 7.943282300E-09 1.041351000E-04 3.126689900E-05
1.50000E-01 1.258925400E-05 2.430788500E+01 2.365749500E+00
1.50000E-01 1.258925400E-06 3.785250800E+04 3.683971400E+03
1.50000E-01 1.258925400E-07 1.398831100E+01 1.361403500E+00
1.50000E-01 1.258925400E-08 1.418543300E-03 1.380588300E-04
1.50000E-01 1.258925400E-09 1.403780900E-07 1.366220900E-08
1.50000E-01 1.584893200E-05 3.555442300E-03 3.460311800E-04
1.50000E-01 1.584893200E-06 4.977613300E+04 4.844430700E+03
1.50000E-01 1.584893200E-07 3.479996700E+01 3.386884800E+00
1.50000E-01 1.584893200E-08 3.468007700E-03 3.375216600E-04
1.50000E-01 1.584893200E-09 3.372650300E-07 3.282410600E-08
1.50000E-01 1.995262300E-05 1.170017700E-09 1.138712300E-10
1.50000E-01 1.995262300E-06 6.091620200E+04 5.928630800E+03
1.50000E-01 1.995262300E-07 8.713885900E+01 8.480734400E+00
1.50000E-01 1.995262300E-08 8.758635500E-03 8.524286600E-04
1.50000E-01 1.995262300E-09 8.588575000E-07 8.358776300E-08
1.50000E-01 1.000000000E-05 1.326902600E+02 1.291399600E+01
1.50000E-01 1.000000000E-06 1.992476900E+04 1.939165500E+03
1.50000E-01 1.000000000E-07 5.547429700E+00 5.399000900E-01
1.50000E-01 1.000000000E-08 5.455920700E-04 5.309940300E-05
1.50000E-01 1.000000000E-09 5.056825700E-08 4.921523600E-09
1.50000E-01 2.511886400E-05 4.875556500E-20 4.745104500E-21
1.50000E-01 2.511886400E-06 6.161810200E+04 5.996942800E+03
1.50000E-01 2.511886400E-07 2.081745700E+02 2.026045800E+01
1.50000E-01 2.511886400E-08 2.277856300E-02 2.216909300E-03
1.50000E-01 2.511886400E-09 2.195218100E-06 2.136482200E-07
1.50000E-01 3.162277700E-05 2.770107400E-17 2.695989500E-18
1.50000E-01 3.162277700E-06 5.331593400E+04 5.188939600E+03
1.50000E-01 3.162277700E-07 4.842751100E+02 4.713176900E+01
1.50000E-01 3.162277700E-08 5.407889400E-02 5.263194200E-03
1.50000E-01 3.162277700E-09 5.832283900E-06 5.676233400E-07
1.50000E-01 3.981071700E-05 6.050178900E-34 5.888298400E-35
1.50000E-01 3.981071700E-06 4.330327200E+04 4.214463600E+03
1.50000E-01 3.981071700E-07 1.134622900E+03 1.104264600E+02
1.50000E-01 3.981071700E-08 1.484790500E-01 1.445063000E-02
1.50000E-01 3.981071700E-09 1.511159500E-05 1.470726500E-06
1.50000E-01 5.011872300E-06 1.913320800E+04 1.862127400E+03
1.50000E-01 5.011872300E-07 2.624548000E+03 2.554324700E+02
1.50000E-01 5.011872300E-08 3.381621900E-01 3.291142100E-02
1.50000E-01 5.011872300E-09 3.603790900E-05 3.507366800E-06
1.50000E-01 6.309573400E-06 5.657736000E+03 5.506355800E+02
1.50000E-01 6.309573400E-07 5.527980500E+03 5.380072100E+02
1.50000E-01 6.309573400E-08 9.556640300E-01 9.300939800E-02
1.50000E-01 6.309573400E-09 9.057801700E-05 8.815448200E-06
1.50000E-01 7.943282300E-06 1.702754400E+03 1.657195000E+02
1.50000E-01 7.943282300E-07 1.125617700E+04 1.095500400E+03
1.50000E-01 7.943282300E-08 2.321697800E+00 2.259577700E-01
1.50000E-01 7.943282300E-09 2.228423600E-04 2.168799200E-05
2.00000E-01 1.258925400E-05 1.688170300E-04 0.000000000E+00
2.00000E-01 1.258925400E-06 2.934922800E+04 0.000000000E+00
2.00000E-01 1.258925400E-07 2.222322800E+01 0.000000000E+00
2.00000E-01 1.258925400E-08 2.321296600E-03 0.000000000E+00
2.00000E-01 1.258925400E-09 2.265657200E-07 0.000000000E+00
2.00000E-01 1.584893200E-05 3.844502900E-08 0.000000000E+00
2.00000E-01 1.584893200E-06 3.485494700E+04 0.000000000E+00
2.00000E-01 1.584893200E-07 5.522775500E+01 0.000000000E+00
2.00000E-01 1.584893200E-08 6.252817100E-03 0.000000000E+00
2.00000E-01 1.584893200E-09 6.335519300E-07 0.000000000E+00
2.00000E-01 1.995262300E-05 3.456793800E-21 0.000000000E+00
2.00000E-01 1.995262300E-06 3.237941100E+04 0.000000000E+00
2.00000E-01 1.995262300E-07 1.353832700E+02 0.000000000E+00
2.00000E-01 1.995262300E-08 1.640621800E-02 0.000000000E+00
2.00000E-01 1.995262300E-09 1.591231600E-06 0.000000000E+00
2.00000E-01 1.000000000E-05 3.989219800E-01 0.000000000E+00
2.00000E-01 1.000000000E-06 2.254083900E+04 0.000000000E+00
2.00000E-01 1.000000000E-07 9.860377300E+00 0.000000000E+00
2.00000E-01 1.000000000E-08 9.189842800E-04 0.000000000E+00
2.00000E-01 1.000000000E-09 9.154176200E-08 0.000000000E+00
2.00000E-01 2.511886400E-05 3.298452100E-26 0.000000000E+00
2.00000E-01 2.511886400E-06 2.784270500E+04 0.000000000E+00
2.00000E-01 2.511886400E-07 3.328116400E+02 0.000000000E+00
2.00000E-01 2.511886400E-08 3.860241400E-02 0.000000000E+00
2.00000E-01 2.511886400E-09 3.909971900E-06 0.000000000E+00
2.00000E-01 3.162277700E-06 1.935996500E+04 0.000000000E+00
2.00000E-01 3.162277700E-07 7.473001800E+02 0.000000000E+00
2.00000E-01 3.162277700E-08 9.329284400E-02 0.000000000E+00
2.00000E-01 3.162277700E-09 9.404711600E-06 0.000000000E+00
2.00000E-01 3.981071700E-06 8.742177200E+03 0.000000000E+00
2.00000E-01 3.981071700E-07 1.732090700E+03 0.000000000E+00
2.00000E-01 3.981071700E-08 2.396090100E-01 0.000000000E+00
2.00000E-01 3.981071700E-09 2.397988700E-05 0.000000000E+00
2.00000E-01 5.011872300E-06 2.564549100E+03 0.000000000E+00
2.00000E-01 5.011872300E-07 3.808472400E+03 0.000000000E+00
2.00000E-01 5.011872300E-08 5.868477700E-01 0.000000000E+00
2.00000E-01 5.011872300E-09 6.149548500E-05 0.000000000E+00
2.00000E-01 6.309573400E-06 5.717305500E+02 0.000000000E+00
2.00000E-01 6.309573400E-07 7.246719200E+03 0.000000000E+00
2.00000E-01 6.309573400E-08 1.482296200E+00 0.000000000E+00
2.00000E-01 6.309573400E-09 1.531369600E-04 0.000000000E+00
2.00000E-01 7.943282300E-06 2.645759000E+01 0.000000000E+00
2.00000E-01 7.943282300E-07 1.234513300E+04 0.000000000E+00
2.00000E-01 7.943282300E-08 3.887594000E+00 0.000000000E+00
2.00000E-01 7.943282300E-09 3.919537600E-04 0.000000000E+00
2.50000E-01 1.122018454E-05 2.895109100E-14 0.000000000E+00
2.50000E-01 1.122018454E-05 1.688809100E-15 0.000000000E+00
2.50000E-01 1.258925400E-05 1.168494800E-19 0.000000000E+00
2.50000E-01 1.258925400E-06 2.489575300E+04 0.000000000E+00
2.50000E-01 1.258925400E-07 1.260713300E+02 0.000000000E+00
2.50000E-01 1.258925400E-08 1.415959600E-02 0.000000000E+00
2.50000E-01 1.258925400E-09 1.370995500E-06 0.000000000E+00
2.50000E-01 1.412537545E-05 1.466795200E-24 0.000000000E+00
2.50000E-01 1.412537545E-05 4.502169500E-35 0.000000000E+00
2.50000E-01 1.584893200E-05 5.797167700E-23 0.000000000E+00
2.50000E-01 1.584893200E-06 1.682601700E+04 0.000000000E+00
2.50000E-01 1.584893200E-07 3.057358000E+02 0.000000000E+00
2.50000E-01 1.584893200E-08 3.674572900E-02 0.000000000E+00
2.50000E-01 1.584893200E-09 3.362346300E-06 0.000000000E+00
2.50000E-01 1.778279410E-05 1.672346700E-36 0.000000000E+00
2.50000E-01 1.995262300E-06 1.132381200E+04 0.000000000E+00
2.50000E-01 1.995262300E-07 7.230315200E+02 0.000000000E+00
2.50000E-01 1.995262300E-08 8.987294600E-02 0.000000000E+00
2.50000E-01 1.995262300E-09 9.060157600E-06 0.000000000E+00
2.50000E-01 1.000000000E-05 6.151713700E-12 0.000000000E+00
2.50000E-01 1.000000000E-06 2.757936400E+04 0.000000000E+00
2.50000E-01 1.000000000E-07 5.260721000E+01 0.000000000E+00
2.50000E-01 1.000000000E-08 5.716936100E-03 0.000000000E+00
2.50000E-01 1.000000000E-09 5.788998100E-07 0.000000000E+00
2.50000E-01 2.511886400E-06 5.234800800E+03 0.000000000E+00
2.50000E-01 2.511886400E-07 1.564897600E+03 0.000000000E+00
2.50000E-01 2.511886400E-08 2.216548300E-01 0.000000000E+00
2.50000E-01 2.511886400E-09 2.273266500E-05 0.000000000E+00
2.50000E-01 3.162277700E-06 1.840311600E+03 0.000000000E+00
2.50000E-01 3.162277700E-07 3.360584300E+03 0.000000000E+00
2.50000E-01 3.162277700E-08 5.382681800E-01 0.000000000E+00
2.50000E-01 3.162277700E-09 5.146629400E-05 0.000000000E+00
2.50000E-01 3.981071700E-06 1.540766200E+02 0.000000000E+00
2.50000E-01 3.981071700E-07 6.037742900E+03 0.000000000E+00
2.50000E-01 3.981071700E-08 1.291510100E+00 0.000000000E+00
2.50000E-01 3.981071700E-09 1.369693900E-04 0.000000000E+00
2.50000E-01 5.011872300E-06 1.349106100E+01 0.000000000E+00
2.50000E-01 5.011872300E-07 1.098088600E+04 0.000000000E+00
2.50000E-01 5.011872300E-08 3.705899000E+00 0.000000000E+00
2.50000E-01 5.011872300E-09 3.606690300E-04 0.000000000E+00
2.50000E-01 6.309573400E-06 1.239044300E+00 0.000000000E+00
2.50000E-01 6.309573400E-07 1.565694900E+04 0.000000000E+00
2.50000E-01 6.309573400E-08 9.025544100E+00 0.000000000E+00
2.50000E-01 6.309573400E-09 9.675333500E-04 0.000000000E+00
2.50000E-01 7.943282300E-06 1.343518600E-06 0.000000000E+00
2.50000E-01 7.943282300E-07 2.322547900E+04 0.000000000E+00
2.50000E-01 7.943282300E-08 2.052148800E+01 0.000000000E+00
2.50000E-01 7.943282300E-09 2.192536700E-03 0.000000000E+00
3.00000E-01 1.258925400E-05 1.093921500E-32 0.000000000E+00
3.00000E-01 1.258925400E-06 1.154825600E+04 0.000000000E+00
3.00000E-01 1.258925400E-07 1.831987800E+02 0.000000000E+00
3.00000E-01 1.258925400E-08 2.041131500E-02 0.000000000E+00
3.00000E-01 1.258925400E-09 2.127210200E-06 0.000000000E+00
3.00000E-01 1.584893200E-06 7.267875500E+03 0.000000000E+00
3.00000E-01 1.584893200E-07 4.045842200E+02 0.000000000E+00
3.00000E-01 1.584893200E-08 5.241094700E-02 0.000000000E+00
3.00000E-01 1.584893200E-09 4.961622900E-06 0.000000000E+00
3.00000E-01 1.995262300E-06 2.678511100E+03 0.000000000E+00
3.00000E-01 1.995262300E-07 9.335277500E+02 0.000000000E+00
3.00000E-01 1.995262300E-08 1.322065400E-01 0.000000000E+00
3.00000E-01 1.995262300E-09 1.272939100E-05 0.000000000E+00
3.00000E-01 1.000000000E-05 1.643053500E-17 0.000000000E+00
3.00000E-01 1.000000000E-06 1.527062800E+04 0.000000000E+00
3.00000E-01 1.000000000E-07 7.566221900E+01 0.000000000E+00
3.00000E-01 1.000000000E-08 7.968722800E-03 0.000000000E+00
3.00000E-01 1.000000000E-09 7.680742800E-07 0.000000000E+00
3.00000E-01 2.511886400E-06 8.016180800E+02 0.000000000E+00
3.00000E-01 2.511886400E-07 1.809730400E+03 0.000000000E+00
3.00000E-01 2.511886400E-08 3.042425400E-01 0.000000000E+00
3.00000E-01 2.511886400E-09 3.411198000E-05 0.000000000E+00
3.00000E-01 3.162277700E-06 4.065650800E+02 0.000000000E+00
3.00000E-01 3.162277700E-07 3.483021200E+03 0.000000000E+00
3.00000E-01 3.162277700E-08 8.164404900E-01 0.000000000E+00
3.00000E-01 3.162277700E-09 8.048009600E-05 0.000000000E+00
3.00000E-01 3.981071700E-06 8.852308700E+00 0.000000000E+00
3.00000E-01 3.981071700E-07 6.317726100E+03 0.000000000E+00
3.00000E-01 3.981071700E-08 1.965843200E+00 0.000000000E+00
3.00000E-01 3.981071700E-09 1.969864700E-04 0.000000000E+00
3.00000E-01 5.011872300E-06 2.990674400E-01 0.000000000E+00
3.00000E-01 5.011872300E-07 1.005846300E+04 0.000000000E+00
3.00000E-01 5.011872300E-08 4.857767400E+00 0.000000000E+00
3.00000E-01 5.011872300E-09 5.326021800E-04 0.000000000E+00
3.00000E-01 6.309573400E-06 7.308429100E-04 0.000000000E+00
3.00000E-01 6.309573400E-07 1.347139200E+04 0.000000000E+00
3.00000E-01 6.309573400E-08 1.341667200E+01 0.000000000E+00
3.00000E-01 6.309573400E-09 1.330085600E-03 0.000000000E+00
3.00000E-01 7.943282300E-06 1.841064100E-06 0.000000000E+00
3.00000E-01 7.943282300E-07 1.623228000E+04 0.000000000E+00
3.00000E-01 7.943282300E-08 3.137434900E+01 0.000000000E+00
3.00000E-01 7.943282300E-09 3.413268400E-03 0.000000000E+00
3.50000E-01 1.258925400E-05 1.113046800E-34 0.000000000E+00
3.50000E-01 1.258925400E-06 5.162670300E+03 0.000000000E+00
3.50000E-01 1.258925400E-07 2.025072100E+02 0.000000000E+00
3.50000E-01 1.258925400E-08 2.736794200E-02 0.000000000E+00
3.50000E-01 1.258925400E-09 2.642779900E-06 0.000000000E+00
3.50000E-01 1.584893200E-06 3.101520100E+03 0.000000000E+00
3.50000E-01 1.584893200E-07 4.630698500E+02 0.000000000E+00
3.50000E-01 1.584893200E-08 6.846084200E-02 0.000000000E+00
3.50000E-01 1.584893200E-09 6.657972500E-06 0.000000000E+00
3.50000E-01 1.995262300E-06 8.221439900E+02 0.000000000E+00
3.50000E-01 1.995262300E-07 1.042298800E+03 0.000000000E+00
3.50000E-01 1.995262300E-08 1.612384700E-01 0.000000000E+00
3.50000E-01 1.995262300E-09 1.550191900E-05 0.000000000E+00
3.50000E-01 1.000000000E-05 4.146568800E-31 0.000000000E+00
3.50000E-01 1.000000000E-06 7.489974300E+03 0.000000000E+00
3.50000E-01 1.000000000E-07 8.790995600E+01 0.000000000E+00
3.50000E-01 1.000000000E-08 1.014425400E-02 0.000000000E+00
3.50000E-01 1.000000000E-09 1.036827900E-06 0.000000000E+00
3.50000E-01 2.511886400E-06 2.824579600E+02 0.000000000E+00
3.50000E-01 2.511886400E-07 1.877850500E+03 0.000000000E+00
3.50000E-01 2.511886400E-08 3.846839300E-01 0.000000000E+00
3.50000E-01 2.511886400E-09 4.124124100E-05 0.000000000E+00
3.50000E-01 3.162277700E-06 6.561180000E+00 0.000000000E+00
3.50000E-01 3.162277700E-07 3.623972800E+03 0.000000000E+00
3.50000E-01 3.162277700E-08 1.061105900E+00 0.000000000E+00
3.50000E-01 3.162277700E-09 1.026201500E-04 0.000000000E+00
3.50000E-01 3.981071700E-06 3.185507700E-01 0.000000000E+00
3.50000E-01 3.981071700E-07 5.907283000E+03 0.000000000E+00
3.50000E-01 3.981071700E-08 2.455751700E+00 0.000000000E+00
3.50000E-01 3.981071700E-09 2.518407400E-04 0.000000000E+00
3.50000E-01 5.011872300E-06 1.333170800E-03 0.000000000E+00
3.50000E-01 5.011872300E-07 8.653035900E+03 0.000000000E+00
3.50000E-01 5.011872300E-08 6.346739300E+00 0.000000000E+00
3.50000E-01 5.011872300E-09 7.016592600E-04 0.000000000E+00
3.50000E-01 6.309573400E-06 7.644924800E-07 0.000000000E+00
3.50000E-01 6.309573400E-07 9.980866100E+03 0.000000000E+00
3.50000E-01 6.309573400E-08 1.534857800E+01 0.000000000E+00
3.50000E-01 6.309573400E-09 1.673867700E-03 0.000000000E+00
3.50000E-01 7.943282300E-06 4.745461400E-15 0.000000000E+00
3.50000E-01 7.943282300E-07 9.716729400E+03 0.000000000E+00
3.50000E-01 7.943282300E-08 3.752400300E+01 0.000000000E+00
3.50000E-01 7.943282300E-09 4.456595700E-03 0.000000000E+00
4.00000E-01 1.258925400E-06 2.153993400E+03 0.000000000E+00
4.00000E-01 1.258925400E-07 2.638854300E+02 0.000000000E+00
4.00000E-01 1.258925400E-08 3.626363700E-02 0.000000000E+00
4.00000E-01 1.258925400E-09 3.462014400E-06 0.000000000E+00
4.00000E-01 1.584893200E-06 7.195396200E+02 0.000000000E+00
4.00000E-01 1.584893200E-07 5.608217700E+02 0.000000000E+00
4.00000E-01 1.584893200E-08 8.920653700E-02 0.000000000E+00
4.00000E-01 1.584893200E-09 8.812070600E-06 0.000000000E+00
4.00000E-01 1.995262300E-06 3.429824900E+02 0.000000000E+00
4.00000E-01 1.995262300E-07 1.172399300E+03 0.000000000E+00
4.00000E-01 1.995262300E-08 2.042486800E-01 0.000000000E+00
4.00000E-01 1.995262300E-09 2.222867100E-05 0.000000000E+00
4.00000E-01 1.000000000E-05 1.723500500E-38 0.000000000E+00
4.00000E-01 1.000000000E-06 4.384725400E+03 0.000000000E+00
4.00000E-01 1.000000000E-07 1.165038000E+02 0.000000000E+00
4.00000E-01 1.000000000E-08 1.478489700E-02 0.000000000E+00
4.00000E-01 1.000000000E-09 1.400912600E-06 0.000000000E+00
4.00000E-01 2.511886400E-06 2.078660700E+01 0.000000000E+00
4.00000E-01 2.511886400E-07 2.179282400E+03 0.000000000E+00
4.00000E-01 2.511886400E-08 5.385273300E-01 0.000000000E+00
4.00000E-01 2.511886400E-09 5.584444100E-05 0.000000000E+00
4.00000E-01 3.162277700E-06 4.369371900E+00 0.000000000E+00
4.00000E-01 3.162277700E-07 3.769098100E+03 0.000000000E+00
4.00000E-01 3.162277700E-08 1.351267000E+00 0.000000000E+00
4.00000E-01 3.162277700E-09 1.340319800E-04 0.000000000E+00
4.00000E-01 3.981071700E-06 2.692589800E-03 0.000000000E+00
4.00000E-01 3.981071700E-07 4.975826000E+03 0.000000000E+00
4.00000E-01 3.981071700E-08 3.357826300E+00 0.000000000E+00
4.00000E-01 3.981071700E-09 3.766381900E-04 0.000000000E+00
4.00000E-01 5.011872300E-06 4.628770800E-06 0.000000000E+00
4.00000E-01 5.011872300E-07 6.601459200E+03 0.000000000E+00
4.00000E-01 5.011872300E-08 8.265657500E+00 0.000000000E+00
4.00000E-01 5.011872300E-09 8.472199000E-04 0.000000000E+00
4.00000E-01 6.309573400E-06 1.213278300E-11 0.000000000E+00
4.00000E-01 6.309573400E-07 6.749954300E+03 0.000000000E+00
4.00000E-01 6.309573400E-08 2.033835300E+01 0.000000000E+00
4.00000E-01 6.309573400E-09 2.248429000E-03 0.000000000E+00
4.00000E-01 7.943282300E-06 1.866439300E-20 0.000000000E+00
4.00000E-01 7.943282300E-07 5.746830100E+03 0.000000000E+00
4.00000E-01 7.943282300E-08 4.723595200E+01 0.000000000E+00
4.00000E-01 7.943282300E-09 5.970897300E-03 0.000000000E+00
4.50000E-01 1.258925400E-06 7.905484000E+02 0.000000000E+00
4.50000E-01 1.258925400E-07 2.981486900E+02 0.000000000E+00
4.50000E-01 1.258925400E-08 4.471422000E-02 0.000000000E+00
4.50000E-01 1.258925400E-09 4.334501400E-06 0.000000000E+00
4.50000E-01 1.584893200E-06 3.050157400E+02 0.000000000E+00
4.50000E-01 1.584893200E-07 6.536008800E+02 0.000000000E+00
4.50000E-01 1.584893200E-08 1.053960700E-01 0.000000000E+00
4.50000E-01 1.584893200E-09 1.193356900E-05 0.000000000E+00
4.50000E-01 1.995262300E-06 4.160083800E+01 0.000000000E+00
4.50000E-01 1.995262300E-07 1.210694200E+03 0.000000000E+00
4.50000E-01 1.995262300E-08 2.791424800E-01 0.000000000E+00
4.50000E-01 1.995262300E-09 2.905439100E-05 0.000000000E+00
4.50000E-01 1.000000000E-06 1.938723900E+03 0.000000000E+00
4.50000E-01 1.000000000E-07 1.294091900E+02 0.000000000E+00
4.50000E-01 1.000000000E-08 1.581904300E-02 0.000000000E+00
4.50000E-01 1.000000000E-09 1.632014300E-06 0.000000000E+00
4.50000E-01 2.511886400E-06 9.928032100E-01 0.000000000E+00
4.50000E-01 2.511886400E-07 2.077995600E+03 0.000000000E+00
4.50000E-01 2.511886400E-08 6.574855600E-01 0.000000000E+00
4.50000E-01 2.511886400E-09 6.839353400E-05 0.000000000E+00
4.50000E-01 3.162277700E-06 1.300565400E-01 0.000000000E+00
4.50000E-01 3.162277700E-07 2.914241900E+03 0.000000000E+00
4.50000E-01 3.162277700E-08 1.571193600E+00 0.000000000E+00
4.50000E-01 3.162277700E-09 1.792493900E-04 0.000000000E+00
4.50000E-01 3.981071700E-06 1.299607100E-05 0.000000000E+00
4.50000E-01 3.981071700E-07 4.253675700E+03 0.000000000E+00
4.50000E-01 3.981071700E-08 4.281118800E+00 0.000000000E+00
4.50000E-01 3.981071700E-09 4.558567300E-04 0.000000000E+00
4.50000E-01 5.011872300E-06 9.360988500E-13 0.000000000E+00
4.50000E-01 5.011872300E-07 4.531295200E+03 0.000000000E+00
4.50000E-01 5.011872300E-08 9.925136600E+00 0.000000000E+00
4.50000E-01 5.011872300E-09 1.041019500E-03 0.000000000E+00
4.50000E-01 6.309573400E-06 2.030881600E-19 0.000000000E+00
4.50000E-01 6.309573400E-07 4.163585200E+03 0.000000000E+00
4.50000E-01 6.309573400E-08 2.536560800E+01 0.000000000E+00
4.50000E-01 6.309573400E-09 2.763087100E-03 0.000000000E+00
4.50000E-01 7.943282300E-06 1.016160100E-28 0.000000000E+00
4.50000E-01 7.943282300E-07 3.602143200E+03 0.000000000E+00
4.50000E-01 7.943282300E-08 5.720301800E+01 0.000000000E+00
4.50000E-01 7.943282300E-09 6.836653800E-03 0.000000000E+00
5.00000E-01 1.258925400E-06 2.087737700E+02 0.000000000E+00
5.00000E-01 1.258925400E-07 3.036073200E+02 0.000000000E+00
5.00000E-01 1.258925400E-08 5.421401400E-02 0.000000000E+00
5.00000E-01 1.258925400E-09 5.250554900E-06 0.000000000E+00
5.00000E-01 1.584893200E-06 2.770622300E+01 0.000000000E+00
5.00000E-01 1.584893200E-07 6.306087000E+02 0.000000000E+00
5.00000E-01 1.584893200E-08 1.216762700E-01 0.000000000E+00
5.00000E-01 1.584893200E-09 1.261893300E-05 0.000000000E+00
5.00000E-01 1.995262300E-06 1.909053000E+00 0.000000000E+00
5.00000E-01 1.995262300E-07 1.091727000E+03 0.000000000E+00
5.00000E-01 1.995262300E-08 3.293253000E-01 0.000000000E+00
5.00000E-01 1.995262300E-09 3.289607700E-05 0.000000000E+00
5.00000E-01 1.000000000E-06 8.072880800E+02 0.000000000E+00
5.00000E-01 1.000000000E-07 1.509098100E+02 0.000000000E+00
5.00000E-01 1.000000000E-08 1.959766700E-02 0.000000000E+00
5.00000E-01 1.000000000E-09 2.066360500E-06 0.000000000E+00
5.00000E-01 2.511886400E-06 4.134326500E-02 0.000000000E+00
5.00000E-01 2.511886400E-07 1.768142800E+03 0.000000000E+00
5.00000E-01 2.511886400E-08 7.911183700E-01 0.000000000E+00
5.00000E-01 2.511886400E-09 7.872775500E-05 0.000000000E+00
5.00000E-01 3.162277700E-06 2.379096700E-03 0.000000000E+00
5.00000E-01 3.162277700E-07 2.663462400E+03 0.000000000E+00
5.00000E-01 3.162277700E-08 2.046407000E+00 0.000000000E+00
5.00000E-01 3.162277700E-09 2.020773200E-04 0.000000000E+00
5.00000E-01 3.981071700E-06 7.584459600E-09 0.000000000E+00
5.00000E-01 3.981071700E-07 3.141915500E+03 0.000000000E+00
5.00000E-01 3.981071700E-08 4.798693900E+00 0.000000000E+00
5.00000E-01 3.981071700E-09 5.051210900E-04 0.000000000E+00
5.00000E-01 5.011872300E-06 2.986512600E-15 0.000000000E+00
5.00000E-01 5.011872300E-07 3.138875700E+03 0.000000000E+00
5.00000E-01 5.011872300E-08 1.150041000E+01 0.000000000E+00
5.00000E-01 5.011872300E-09 1.326044700E-03 0.000000000E+00
5.00000E-01 6.309573400E-06 2.630677800E-31 0.000000000E+00
5.00000E-01 6.309573400E-07 2.912579500E+03 0.000000000E+00
5.00000E-01 6.309573400E-08 2.818075000E+01 0.000000000E+00
5.00000E-01 6.309573400E-09 3.278405500E-03 0.000000000E+00
5.00000E-01 7.943282300E-07 1.620435600E+03 0.000000000E+00
5.00000E-01 7.943282300E-08 6.576352100E+01 0.000000000E+00
5.00000E-01 7.943282300E-09 8.654842300E-03 0.000000000E+00
5.50000E-01 1.258925400E-06 7.497801000E+01 0.000000000E+00
5.50000E-01 1.258925400E-07 3.262124800E+02 0.000000000E+00
5.50000E-01 1.258925400E-08 5.746311700E-02 0.000000000E+00
5.50000E-01 1.584893200E-06 4.441796000E+00 0.000000000E+00
5.50000E-01 1.584893200E-07 6.155625900E+02 0.000000000E+00
5.50000E-01 1.584893200E-08 1.502425900E-01 0.000000000E+00
5.50000E-01 1.995262300E-06 6.981520800E-01 0.000000000E+00
5.50000E-01 1.995262300E-07 1.056323400E+03 0.000000000E+00
5.50000E-01 1.995262300E-08 3.716276700E-01 0.000000000E+00
5.50000E-01 1.000000000E-06 3.366560000E+02 0.000000000E+00
5.50000E-01 1.000000000E-07 1.594451600E+02 0.000000000E+00
5.50000E-01 1.000000000E-08 2.389221300E-02 0.000000000E+00
5.50000E-01 2.511886400E-06 4.748073800E-03 0.000000000E+00
5.50000E-01 2.511886400E-07 1.514521500E+03 0.000000000E+00
5.50000E-01 2.511886400E-08 9.461731800E-01 0.000000000E+00
5.50000E-01 3.162277700E-06 4.800038300E-07 0.000000000E+00
5.50000E-01 3.162277700E-07 2.005162900E+03 0.000000000E+00
5.50000E-01 3.162277700E-08 2.240017100E+00 0.000000000E+00
5.50000E-01 3.162277700E-09 2.312351300E-04 0.000000000E+00
5.50000E-01 3.981071700E-06 1.754805200E-09 0.000000000E+00
5.50000E-01 3.981071700E-07 2.285650700E+03 0.000000000E+00
5.50000E-01 3.981071700E-08 5.510630300E+00 0.000000000E+00
5.50000E-01 3.981071700E-09 5.707226800E-04 0.000000000E+00
5.50000E-01 5.011872300E-06 2.195460900E-22 0.000000000E+00
5.50000E-01 5.011872300E-07 1.974947800E+03 0.000000000E+00
5.50000E-01 5.011872300E-08 1.335648100E+01 0.000000000E+00
5.50000E-01 5.011872300E-09 1.553970500E-03 0.000000000E+00
5.50000E-01 6.309573400E-06 1.727616300E-40 0.000000000E+00
5.50000E-01 6.309573400E-07 1.328226700E+03 0.000000000E+00
5.50000E-01 6.309573400E-08 3.256396900E+01 0.000000000E+00
5.50000E-01 6.309573400E-09 3.713400800E-03 0.000000000E+00
5.50000E-01 7.943282300E-07 7.633298600E+02 0.000000000E+00
5.50000E-01 7.943282300E-08 7.009483900E+01 0.000000000E+00
5.50000E-01 7.943282300E-09 9.959880600E-03 0.000000000E+00
6.00000E-01 1.258925400E-06 1.487841400E+01 0.000000000E+00
6.00000E-01 1.258925400E-07 3.308669300E+02 0.000000000E+00
6.00000E-01 1.258925400E-08 8.047086800E-02 0.000000000E+00
6.00000E-01 1.584893200E-06 2.471067900E-01 0.000000000E+00
6.00000E-01 1.584893200E-07 6.011205300E+02 0.000000000E+00
6.00000E-01 1.584893200E-08 1.887701800E-01 0.000000000E+00
6.00000E-01 1.995262300E-06 1.099506500E-03 0.000000000E+00
6.00000E-01 1.995262300E-07 8.998937100E+02 0.000000000E+00
6.00000E-01 1.995262300E-08 4.319583900E-01 0.000000000E+00
6.00000E-01 1.000000000E-06 9.808955300E+01 0.000000000E+00
6.00000E-01 1.000000000E-07 1.765670800E+02 0.000000000E+00
6.00000E-01 1.000000000E-08 2.924940900E-02 0.000000000E+00
6.00000E-01 2.511886400E-06 1.518475000E-05 0.000000000E+00
6.00000E-01 2.511886400E-07 1.193624700E+03 0.000000000E+00
6.00000E-01 2.511886400E-08 1.157908900E+00 0.000000000E+00
6.00000E-01 3.162277700E-06 1.283800300E-13 0.000000000E+00
6.00000E-01 3.162277700E-07 1.488364700E+03 0.000000000E+00
6.00000E-01 3.162277700E-08 2.755566500E+00 0.000000000E+00
6.00000E-01 3.162277700E-09 3.113960200E-04 0.000000000E+00
6.00000E-01 3.981071700E-06 1.971655700E-20 0.000000000E+00
6.00000E-01 3.981071700E-07 1.303690600E+03 0.000000000E+00
6.00000E-01 3.981071700E-08 6.672778100E+00 0.000000000E+00
6.00000E-01 3.981071700E-09 7.577864300E-04 0.000000000E+00
6.00000E-01 5.011872300E-06 2.231182700E-28 0.000000000E+00
6.00000E-01 5.011872300E-07 1.042536000E+03 0.000000000E+00
6.00000E-01 5.011872300E-08 1.581991300E+01 0.000000000E+00
6.00000E-01 5.011872300E-09 1.974839600E-03 0.000000000E+00
6.00000E-01 6.309573400E-07 6.462677400E+02 0.000000000E+00
6.00000E-01 6.309573400E-08 3.617902600E+01 0.000000000E+00
6.00000E-01 6.309573400E-09 4.404625500E-03 0.000000000E+00
6.00000E-01 7.943282300E-07 3.280163200E+02 0.000000000E+00
6.00000E-01 7.943282300E-08 8.053503500E+01 0.000000000E+00
6.00000E-01 7.943282300E-09 1.111411400E-02 0.000000000E+00
6.50000E-01 1.122018454E-06 2.393349200E+00 0.000000000E+00
6.50000E-01 1.122018454E-06 1.687478500E+00 0.000000000E+00
6.50000E-01 1.258925400E-06 2.173066300E-01 0.000000000E+00
6.50000E-01 1.258925400E-07 3.742098200E+02 0.000000000E+00
6.50000E-01 1.258925400E-08 1.093556300E-01 0.000000000E+00
6.50000E-01 1.412537545E-06 2.404812400E-01 0.000000000E+00
6.50000E-01 1.412537545E-06 3.030691900E-02 0.000000000E+00
6.50000E-01 1.584893200E-06 8.866291100E-03 0.000000000E+00
6.50000E-01 1.584893200E-07 5.866460200E+02 0.000000000E+00
6.50000E-01 1.584893200E-08 2.832838100E-01 0.000000000E+00
6.50000E-01 1.778279410E-06 2.200150600E-06 0.000000000E+00
6.50000E-01 1.778279410E-06 3.208872500E-03 0.000000000E+00
6.50000E-01 1.995262300E-06 4.174164900E-07 0.000000000E+00
6.50000E-01 1.995262300E-07 7.991294100E+02 0.000000000E+00
6.50000E-01 1.995262300E-08 6.545020600E-01 0.000000000E+00
6.50000E-01 1.000000000E-06 5.950771200E+00 0.000000000E+00
6.50000E-01 1.000000000E-07 2.004079200E+02 0.000000000E+00
6.50000E-01 1.000000000E-08 4.331479500E-02 0.000000000E+00
6.50000E-01 2.238721139E-06 1.522174600E-12 0.000000000E+00
6.50000E-01 2.238721139E-06 4.730891100E-11 0.000000000E+00
6.50000E-01 2.511886400E-06 3.671239800E-15 0.000000000E+00
6.50000E-01 2.511886400E-07 9.875812000E+02 0.000000000E+00
6.50000E-01 2.511886400E-08 1.654689400E+00 0.000000000E+00
6.50000E-01 2.818382931E-06 1.939036000E-16 0.000000000E+00
6.50000E-01 2.818382931E-06 7.443356500E-14 0.000000000E+00
6.50000E-01 3.162277700E-06 3.303968000E-24 0.000000000E+00
6.50000E-01 3.162277700E-07 8.713159800E+02 0.000000000E+00
6.50000E-01 3.162277700E-08 3.878835800E+00 0.000000000E+00
6.50000E-01 3.162277700E-09 4.292273500E-04 0.000000000E+00
6.50000E-01 3.548133892E-06 1.782651300E-27 0.000000000E+00
6.50000E-01 3.548133892E-06 2.434646500E-25 0.000000000E+00
6.50000E-01 3.981071700E-07 7.031105500E+02 0.000000000E+00
6.50000E-01 3.981071700E-08 9.546099100E+00 0.000000000E+00
6.50000E-01 3.981071700E-09 1.100314600E-03 0.000000000E+00
6.50000E-01 4.466835922E-06 1.783635000E-40 0.000000000E+00
6.50000E-01 4.466835922E-06 4.011896300E-42 0.000000000E+00
6.50000E-01 5.011872300E-07 3.570167300E+02 0.000000000E+00
6.50000E-01 5.011872300E-08 2.033090900E+01 0.000000000E+00
6.50000E-01 5.011872300E-09 2.748402300E-03 0.000000000E+00
6.50000E-01 6.309573400E-07 2.243570500E+02 0.000000000E+00
6.50000E-01 6.309573400E-08 5.065708000E+01 0.000000000E+00
6.50000E-01 6.309573400E-09 6.916621400E-03 0.000000000E+00
6.50000E-01 7.943282300E-07 4.236361100E+01 0.000000000E+00
6.50000E-01 7.943282300E-08 1.038114100E+02 0.000000000E+00
6.50000E-01 7.943282300E-09 1.614464500E-02 0.000000000E+00
7.00000E-01 1.258925400E-06 8.499457400E-04 0.000000000E+00
7.00000E-01 1.258925400E-07 3.669370000E+02 0.000000000E+00
7.00000E-01 1.258925400E-08 1.884953100E-01 0.000000000E+00
7.00000E-01 1.584893200E-06 1.735746400E-09 0.000000000E+00
7.00000E-01 1.584893200E-07 4.736657600E+02 0.000000000E+00
7.00000E-01 1.584893200E-08 4.965040800E-01 0.000000000E+00
7.00000E-01 1.995262300E-06 1.021276000E-16 0.000000000E+00
7.00000E-01 1.995262300E-07 5.478496900E+02 0.000000000E+00
7.00000E-01 1.995262300E-08 1.154043500E+00 0.000000000E+00
7.00000E-01 1.000000000E-06 6.773334600E-02 0.000000000E+00
7.00000E-01 1.000000000E-07 2.196178300E+02 0.000000000E+00
7.00000E-01 1.000000000E-08 8.082939700E-02 0.000000000E+00
7.00000E-01 2.511886400E-06 3.793025700E-26 0.000000000E+00
7.00000E-01 2.511886400E-07 5.138639700E+02 0.000000000E+00
7.00000E-01 2.511886400E-08 2.801421000E+00 0.000000000E+00
7.00000E-01 3.162277700E-06 1.174733600E-37 0.000000000E+00
7.00000E-01 3.162277700E-07 3.683289800E+02 0.000000000E+00
7.00000E-01 3.162277700E-08 5.988292500E+00 0.000000000E+00
7.00000E-01 3.162277700E-09 7.109802500E-04 0.000000000E+00
7.00000E-01 3.981071700E-07 2.287764900E+02 0.000000000E+00
7.00000E-01 3.981071700E-08 1.515254600E+01 0.000000000E+00
7.00000E-01 3.981071700E-09 2.075130500E-03 0.000000000E+00
7.00000E-01 5.011872300E-07 9.406682000E+01 0.000000000E+00
7.00000E-01 5.011872300E-08 3.450813200E+01 0.000000000E+00
7.00000E-01 5.011872300E-09 4.993032000E-03 0.000000000E+00
7.00000E-01 6.309573400E-07 1.423187900E+01 0.000000000E+00
7.00000E-01 6.309573400E-08 7.370588800E+01 0.000000000E+00
7.00000E-01 6.309573400E-09 1.210034800E-02 0.000000000E+00
7.00000E-01 7.943282300E-07 4.268699100E+00 0.000000000E+00
7.00000E-01 7.943282300E-08 1.388110200E+02 0.000000000E+00
7.00000E-01 7.943282300E-09 2.906745900E-02 0.000000000E+00
7.50000E-01 1.122018454E-06 2.498332000E-07 0.000000000E+00
7.50000E-01 1.122018454E-06 8.935906200E-06 0.000000000E+00
7.50000E-01 1.258925400E-06 3.263420000E-10 0.000000000E+00
7.50000E-01 1.258925400E-07 2.671072100E+02 0.000000000E+00
7.50000E-01 1.258925400E-08 2.577316100E-01 0.000000000E+00
7.50000E-01 1.412537545E-06 1.304937500E-12 0.000000000E+00
7.50000E-01 1.412537545E-06 3.811589600E-15 0.000000000E+00
7.50000E-01 1.584893200E-06 2.238532800E-14 0.000000000E+00
7.50000E-01 1.584893200E-07 2.866220700E+02 0.000000000E+00
7.50000E-01 1.584893200E-08 7.092452300E-01 0.000000000E+00
7.50000E-01 1.778279410E-06 2.675162200E-26 0.000000000E+00
7.50000E-01 1.778279410E-06 5.181345000E-26 0.000000000E+00
7.50000E-01 1.995262300E-06 2.563292700E-29 0.000000000E+00
7.50000E-01 1.995262300E-07 2.176395600E+02 0.000000000E+00
7.50000E-01 1.995262300E-08 1.721108600E+00 0.000000000E+00
7.50000E-01 1.000000000E-06 9.026125200E-05 0.000000000E+00
7.50000E-01 1.000000000E-07 1.960589500E+02 0.000000000E+00
7.50000E-01 1.000000000E-08 1.132962300E-01 0.000000000E+00
7.50000E-01 2.238721139E-06 4.840141200E-42 0.000000000E+00
7.50000E-01 2.238721139E-06 6.790469600E-32 0.000000000E+00
7.50000E-01 2.511886400E-06 2.042385000E-40 0.000000000E+00
7.50000E-01 2.511886400E-07 1.725556700E+02 0.000000000E+00
7.50000E-01 2.511886400E-08 3.718556200E+00 0.000000000E+00
7.50000E-01 3.162277700E-07 1.213835600E+02 0.000000000E+00
7.50000E-01 3.162277700E-08 9.113382600E+00 0.000000000E+00
7.50000E-01 3.162277700E-09 1.169944600E-03 0.000000000E+00
7.50000E-01 3.981071700E-07 5.541614000E+01 0.000000000E+00
7.50000E-01 3.981071700E-08 1.927405600E+01 0.000000000E+00
7.50000E-01 3.981071700E-09 2.702190000E-03 0.000000000E+00
7.50000E-01 5.011872300E-07 7.757061900E+00 0.000000000E+00
7.50000E-01 5.011872300E-08 3.982270400E+01 0.000000000E+00
7.50000E-01 5.011872300E-09 6.863691800E-03 0.000000000E+00
7.50000E-01 6.309573400E-07 8.352258900E-01 0.000000000E+00
7.50000E-01 6.309573400E-08 7.822906700E+01 0.000000000E+00
7.50000E-01 6.309573400E-09 1.766075800E-02 0.000000000E+00
7.50000E-01 7.943282300E-07 1.114656400E-02 0.000000000E+00
7.50000E-01 7.943282300E-08 1.338160000E+02 0.000000000E+00
7.50000E-01 7.943282300E-09 4.976089700E-02 0.000000000E+00
7.00000E-01 2.511886400E-07 5.249038700E+02 0.000000000E+00
8.00000E-01 1.122018454E-06 1.522306700E-06 0.000000000E+00
8.00000E-01 1.258925400E-06 4.432005300E-11 0.000000000E+00
8.00000E-01 1.258925400E-07 1.194285000E+02 0.000000000E+00
8.00000E-01 1.258925400E-08 1.038195300E-01 0.000000000E+00
8.00000E-01 1.412537545E-06 2.942244000E-13 0.000000000E+00
8.00000E-01 1.584893200E-06 9.868999400E-15 0.000000000E+00
8.00000E-01 1.584893200E-07 1.351665700E+02 0.000000000E+00
8.00000E-01 1.584893200E-08 2.681843900E-01 0.000000000E+00
8.00000E-01 1.778279410E-06 7.232419500E-17 0.000000000E+00
8.00000E-01 1.995262300E-06 6.420634500E-27 0.000000000E+00
8.00000E-01 1.995262300E-07 1.148970000E+02 0.000000000E+00
8.00000E-01 1.995262300E-08 6.625872300E-01 0.000000000E+00
8.00000E-01 1.000000000E-06 4.856818500E-05 0.000000000E+00
8.00000E-01 1.000000000E-07 8.462017700E+01 0.000000000E+00
8.00000E-01 1.000000000E-08 4.526338500E-02 0.000000000E+00
8.00000E-01 2.238721139E-06 1.544945900E-37 0.000000000E+00
8.00000E-01 2.511886400E-06 5.990982000E-35 0.000000000E+00
8.00000E-01 2.511886400E-07 8.605608500E+01 0.000000000E+00
8.00000E-01 2.511886400E-08 1.624790500E+00 0.000000000E+00
8.00000E-01 3.162277700E-07 6.359709300E+01 0.000000000E+00
8.00000E-01 3.162277700E-08 3.415333000E+00 0.000000000E+00
8.00000E-01 3.162277700E-09 4.377570200E-04 0.000000000E+00
8.00000E-01 3.981071700E-07 2.058501500E+01 0.000000000E+00
8.00000E-01 3.981071700E-08 8.151761300E+00 0.000000000E+00
8.00000E-01 3.981071700E-09 1.271069100E-03 0.000000000E+00
8.00000E-01 5.011872300E-07 7.375650700E+00 0.000000000E+00
8.00000E-01 5.011872300E-08 1.661114900E+01 0.000000000E+00
8.00000E-01 5.011872300E-09 2.891166200E-03 0.000000000E+00
8.00000E-01 6.309573400E-07 3.704289200E-01 0.000000000E+00
8.00000E-01 6.309573400E-08 3.187820100E+01 0.000000000E+00
8.00000E-01 6.309573400E-09 7.438257700E-03 0.000000000E+00
8.00000E-01 7.943282300E-07 8.613472000E-03 0.000000000E+00
8.00000E-01 7.943282300E-08 5.658789600E+01 0.000000000E+00
8.00000E-01 7.943282300E-09 1.895032800E-02 0.000000000E+00
8.10000E-01 1.122018454E-06 5.454342300E-05 0.000000000E+00
8.10000E-01 1.122018454E-06 5.176372800E-07 0.000000000E+00
8.10000E-01 1.258925400E-06 2.948968400E-07 0.000000000E+00
8.10000E-01 1.258925400E-07 9.758858000E+01 0.000000000E+00
8.10000E-01 1.258925400E-08 6.785422700E-02 0.000000000E+00
8.10000E-01 1.412537545E-06 6.382546200E-10 0.000000000E+00
8.10000E-01 1.412537545E-06 3.926523300E-08 0.000000000E+00
8.10000E-01 1.584893200E-06 4.539618400E-11 0.000000000E+00
8.10000E-01 1.584893200E-07 9.888028100E+01 0.000000000E+00
8.10000E-01 1.584893200E-08 1.712040600E-01 0.000000000E+00
8.10000E-01 1.778279410E-06 1.268628800E-17 0.000000000E+00
8.10000E-01 1.778279410E-06 1.136894600E-18 0.000000000E+00
8.10000E-01 1.995262300E-06 1.823486100E-24 0.000000000E+00
8.10000E-01 1.995262300E-07 1.043167000E+02 0.000000000E+00
8.10000E-01 1.995262300E-08 4.549816900E-01 0.000000000E+00
8.10000E-01 1.000000000E-06 3.471353400E-05 0.000000000E+00
8.10000E-01 1.000000000E-07 6.594944400E+01 0.000000000E+00
8.10000E-01 1.000000000E-08 2.919906800E-02 0.000000000E+00
8.10000E-01 2.238721139E-06 2.414649100E-28 0.000000000E+00
8.10000E-01 2.238721139E-06 3.701351500E-27 0.000000000E+00
8.10000E-01 2.511886400E-06 8.451509000E-38 0.000000000E+00
8.10000E-01 2.511886400E-07 8.333521500E+01 0.000000000E+00
8.10000E-01 2.511886400E-08 1.062232300E+00 0.000000000E+00
8.10000E-01 3.162277700E-07 4.778343500E+01 0.000000000E+00
8.10000E-01 3.162277700E-08 2.370709700E+00 0.000000000E+00
8.10000E-01 3.162277700E-09 2.863708600E-04 0.000000000E+00
8.10000E-01 3.981071700E-07 2.398674100E+01 0.000000000E+00
8.10000E-01 3.981071700E-08 5.553273400E+00 0.000000000E+00
8.10000E-01 3.981071700E-09 7.551143900E-04 0.000000000E+00
8.10000E-01 5.011872300E-07 7.477236300E+00 0.000000000E+00
8.10000E-01 5.011872300E-08 1.147558000E+01 0.000000000E+00
8.10000E-01 5.011872300E-09 1.835037200E-03 0.000000000E+00
8.10000E-01 6.309573400E-07 1.112918400E-01 0.000000000E+00
8.10000E-01 6.309573400E-08 2.240392900E+01 0.000000000E+00
8.10000E-01 6.309573400E-09 4.670707500E-03 0.000000000E+00
8.10000E-01 7.943282300E-07 1.881548300E-02 0.000000000E+00
8.10000E-01 7.943282300E-08 3.948031400E+01 0.000000000E+00
8.10000E-01 7.943282300E-09 1.209396200E-02 0.000000000E+00
8.20000E-01 1.122018454E-06 4.115253900E-05 0.000000000E+00
8.20000E-01 1.122018454E-06 2.101178600E-03 0.000000000E+00
8.20000E-01 1.258925400E-06 4.194344500E-05 0.000000000E+00
8.20000E-01 1.258925400E-07 7.167209100E+01 0.000000000E+00
8.20000E-01 1.258925400E-08 4.668103100E-02 0.000000000E+00
8.20000E-01 1.412537545E-06 2.410102600E-10 0.000000000E+00
8.20000E-01 1.412537545E-06 3.057948000E-10 0.000000000E+00
8.20000E-01 1.584893200E-06 5.775982800E-11 0.000000000E+00
8.20000E-01 1.584893200E-07 7.941008900E+01 0.000000000E+00
8.20000E-01 1.584893200E-08 1.235241800E-01 0.000000000E+00
8.20000E-01 1.778279410E-06 8.150720100E-16 0.000000000E+00
8.20000E-01 1.778279410E-06 1.162168100E-15 0.000000000E+00
8.20000E-01 1.995262300E-06 6.110561000E-22 0.000000000E+00
8.20000E-01 1.995262300E-07 8.251680700E+01 0.000000000E+00
8.20000E-01 1.995262300E-08 2.834355400E-01 0.000000000E+00
8.20000E-01 1.000000000E-06 4.650562700E-05 0.000000000E+00
8.20000E-01 1.000000000E-07 4.610627300E+01 0.000000000E+00
8.20000E-01 1.000000000E-08 1.971378800E-02 0.000000000E+00
8.20000E-01 2.238721139E-06 1.074284300E-26 0.000000000E+00
8.20000E-01 2.238721139E-06 1.214891400E-22 0.000000000E+00
8.20000E-01 2.511886400E-06 1.825157200E-32 0.000000000E+00
8.20000E-01 2.511886400E-07 6.661609600E+01 0.000000000E+00
8.20000E-01 2.511886400E-08 7.255040700E-01 0.000000000E+00
8.20000E-01 3.162277700E-07 3.961923600E+01 0.000000000E+00
8.20000E-01 3.162277700E-08 1.666185400E+00 0.000000000E+00
8.20000E-01 3.162277700E-09 1.967095400E-04 0.000000000E+00
8.20000E-01 3.981071700E-07 2.032689100E+01 0.000000000E+00
8.20000E-01 3.981071700E-08 3.984031200E+00 0.000000000E+00
8.20000E-01 3.981071700E-09 4.731494000E-04 0.000000000E+00
8.20000E-01 5.011872300E-07 3.617173500E+00 0.000000000E+00
8.20000E-01 5.011872300E-08 7.746715100E+00 0.000000000E+00
8.20000E-01 5.011872300E-09 1.310524400E-03 0.000000000E+00
8.20000E-01 6.309573400E-07 1.767449800E+00 0.000000000E+00
8.20000E-01 6.309573400E-08 1.683521800E+01 0.000000000E+00
8.20000E-01 6.309573400E-09 2.861968900E-03 0.000000000E+00
8.20000E-01 7.943282300E-07 4.324995200E-02 0.000000000E+00
8.20000E-01 7.943282300E-08 2.911750000E+01 0.000000000E+00
8.20000E-01 7.943282300E-09 7.614905700E-03 0.000000000E+00
8.30000E-01 1.122018454E-06 1.184332200E-05 0.000000000E+00
8.30000E-01 1.122018454E-06 2.695886900E-04 0.000000000E+00
8.30000E-01 1.258925400E-06 1.760860300E-06 0.000000000E+00
8.30000E-01 1.258925400E-07 5.465719800E+01 0.000000000E+00
8.30000E-01 1.258925400E-08 3.399726100E-02 0.000000000E+00
8.30000E-01 1.412537545E-06 2.060834600E-10 0.000000000E+00
8.30000E-01 1.412537545E-06 3.046363900E-08 0.000000000E+00
8.30000E-01 1.584893200E-06 1.125984600E-12 0.000000000E+00
8.30000E-01 1.584893200E-07 6.928281500E+01 0.000000000E+00
8.30000E-01 1.584893200E-08 8.831523100E-02 0.000000000E+00
8.30000E-01 1.778279410E-06 1.391258800E-13 0.000000000E+00
8.30000E-01 1.778279410E-06 1.340430300E-13 0.000000000E+00
8.30000E-01 1.995262300E-06 1.891452300E-16 0.000000000E+00
8.30000E-01 1.995262300E-07 7.065376500E+01 0.000000000E+00
8.30000E-01 1.995262300E-08 2.125336600E-01 0.000000000E+00
8.30000E-01 1.000000000E-06 2.544902100E-03 0.000000000E+00
8.30000E-01 1.000000000E-07 3.460112400E+01 0.000000000E+00
8.30000E-01 1.000000000E-08 1.293867200E-02 0.000000000E+00
8.30000E-01 2.238721139E-06 5.442863600E-25 0.000000000E+00
8.30000E-01 2.238721139E-06 1.792120300E-29 0.000000000E+00
8.30000E-01 2.511886400E-06 7.616539700E-34 0.000000000E+00
8.30000E-01 2.511886400E-07 5.550004200E+01 0.000000000E+00
8.30000E-01 2.511886400E-08 4.734705200E-01 0.000000000E+00
8.30000E-01 2.818382931E-06 8.672771800E-43 0.000000000E+00
8.30000E-01 2.818382931E-06 4.576599700E-42 0.000000000E+00
8.30000E-01 3.162277700E-07 3.839829500E+01 0.000000000E+00
8.30000E-01 3.162277700E-08 1.192321500E+00 0.000000000E+00
8.30000E-01 3.162277700E-09 1.406200700E-04 0.000000000E+00
8.30000E-01 3.981071700E-07 2.131829800E+01 0.000000000E+00
8.30000E-01 3.981071700E-08 2.695374200E+00 0.000000000E+00
8.30000E-01 3.981071700E-09 3.436061700E-04 0.000000000E+00
8.30000E-01 5.011872300E-07 9.476914100E+00 0.000000000E+00
8.30000E-01 5.011872300E-08 5.717659700E+00 0.000000000E+00
8.30000E-01 5.011872300E-09 8.561625300E-04 0.000000000E+00
8.30000E-01 6.309573400E-07 1.070409500E+00 0.000000000E+00
8.30000E-01 6.309573400E-08 1.122600800E+01 0.000000000E+00
8.30000E-01 6.309573400E-09 2.072475700E-03 0.000000000E+00
8.30000E-01 7.943282300E-07 2.162197200E-02 0.000000000E+00
8.30000E-01 7.943282300E-08 2.182841000E+01 0.000000000E+00
8.30000E-01 7.943282300E-09 5.707770300E-03 0.000000000E+00
8.40000E-01 1.258925400E-06 5.725331000E-08 0.000000000E+00
8.40000E-01 1.258925400E-07 4.121408900E+01 0.000000000E+00
8.40000E-01 1.258925400E-08 2.102830800E-02 0.000000000E+00
8.40000E-01 1.584893200E-06 7.541550600E-10 0.000000000E+00
8.40000E-01 1.584893200E-07 5.094697900E+01 0.000000000E+00
8.40000E-01 1.584893200E-08 5.190530000E-02 0.000000000E+00
8.40000E-01 1.995262300E-06 7.127937800E-18 0.000000000E+00
8.40000E-01 1.995262300E-07 5.640592400E+01 0.000000000E+00
8.40000E-01 1.995262300E-08 1.366854200E-01 0.000000000E+00
8.40000E-01 1.000000000E-06 7.905704900E-04 0.000000000E+00
8.40000E-01 1.000000000E-07 2.588595600E+01 0.000000000E+00
8.40000E-01 1.000000000E-08 9.150591700E-03 0.000000000E+00
8.40000E-01 2.511886400E-06 1.673185600E-29 0.000000000E+00
8.40000E-01 2.511886400E-07 5.156304700E+01 0.000000000E+00
8.40000E-01 2.511886400E-08 3.080740400E-01 0.000000000E+00
8.40000E-01 3.162277700E-07 3.368777900E+01 0.000000000E+00
8.40000E-01 3.162277700E-08 7.395103700E-01 0.000000000E+00
8.40000E-01 3.162277700E-09 9.350478400E-05 0.000000000E+00
8.40000E-01 3.981071700E-07 1.833432000E+01 0.000000000E+00
8.40000E-01 3.981071700E-08 1.677562500E+00 0.000000000E+00
8.40000E-01 3.981071700E-09 2.317074800E-04 0.000000000E+00
8.40000E-01 5.011872300E-07 6.451149800E+00 0.000000000E+00
8.40000E-01 5.011872300E-08 3.839259900E+00 0.000000000E+00
8.40000E-01 5.011872300E-09 5.532052300E-04 0.000000000E+00
8.40000E-01 6.309573400E-07 1.907396300E+00 0.000000000E+00
8.40000E-01 6.309573400E-08 7.771207200E+00 0.000000000E+00
8.40000E-01 6.309573400E-09 1.385110000E-03 0.000000000E+00
8.40000E-01 7.943282300E-07 3.683361500E-02 0.000000000E+00
8.40000E-01 7.943282300E-08 1.507949600E+01 0.000000000E+00
8.40000E-01 7.943282300E-09 3.703260700E-03 0.000000000E+00
8.50000E-01 1.258925400E-06 4.004931400E-06 0.000000000E+00
8.50000E-01 1.258925400E-07 2.800985700E+01 0.000000000E+00
8.50000E-01 1.258925400E-08 1.434218100E-02 0.000000000E+00
8.50000E-01 1.584893200E-06 2.427911200E-09 0.000000000E+00
8.50000E-01 1.584893200E-07 3.534809600E+01 0.000000000E+00
8.50000E-01 1.584893200E-08 3.460329800E-02 0.000000000E+00
8.50000E-01 1.995262300E-06 1.780043200E-13 0.000000000E+00
8.50000E-01 1.995262300E-07 4.141362000E+01 0.000000000E+00
8.50000E-01 1.995262300E-08 8.051627800E-02 0.000000000E+00
8.50000E-01 1.000000000E-06 6.658522600E-04 0.000000000E+00
8.50000E-01 1.000000000E-07 1.792890500E+01 0.000000000E+00
8.50000E-01 1.000000000E-08 5.652315900E-03 0.000000000E+00
8.50000E-01 2.511886400E-06 1.787116600E-28 0.000000000E+00
8.50000E-01 2.511886400E-07 4.013280100E+01 0.000000000E+00
8.50000E-01 2.511886400E-08 2.164227200E-01 0.000000000E+00
8.50000E-01 3.162277700E-06 1.526950400E-43 0.000000000E+00
8.50000E-01 3.162277700E-07 3.573458000E+01 0.000000000E+00
8.50000E-01 3.162277700E-08 4.974570100E-01 0.000000000E+00
8.50000E-01 3.162277700E-09 5.478525700E-05 0.000000000E+00
8.50000E-01 3.981071700E-07 1.810327100E+01 0.000000000E+00
8.50000E-01 3.981071700E-08 1.121790800E+00 0.000000000E+00
8.50000E-01 3.981071700E-09 1.486077200E-04 0.000000000E+00
8.50000E-01 5.011872300E-07 9.820338600E+00 0.000000000E+00
8.50000E-01 5.011872300E-08 2.524893100E+00 0.000000000E+00
8.50000E-01 5.011872300E-09 3.577163600E-04 0.000000000E+00
8.50000E-01 6.309573400E-07 1.449752700E+00 0.000000000E+00
8.50000E-01 6.309573400E-08 5.313620400E+00 0.000000000E+00
8.50000E-01 6.309573400E-09 8.846107600E-04 0.000000000E+00
8.50000E-01 7.943282300E-07 2.320437200E-01 0.000000000E+00
8.50000E-01 7.943282300E-08 1.016134100E+01 0.000000000E+00
8.50000E-01 7.943282300E-09 2.243467100E-03 0.000000000E+00
8.60000E-01 1.122018454E-06 1.969386900E-04 0.000000000E+00
8.60000E-01 1.122018454E-06 4.072304800E-04 0.000000000E+00
8.60000E-01 1.258925400E-06 6.343910000E-04 0.000000000E+00
8.60000E-01 1.258925400E-07 2.027293200E+01 0.000000000E+00
8.60000E-01 1.258925400E-08 1.144173100E-02 0.000000000E+00
8.60000E-01 1.412537545E-06 6.240499100E-08 0.000000000E+00
8.60000E-01 1.412537545E-06 2.228983900E-06 0.000000000E+00
8.60000E-01 1.584893200E-06 1.587456700E-09 0.000000000E+00
8.60000E-01 1.584893200E-07 2.704999200E+01 0.000000000E+00
8.60000E-01 1.584893200E-08 2.743411300E-02 0.000000000E+00
8.60000E-01 1.778279410E-06 5.768094900E-13 0.000000000E+00
8.60000E-01 1.778279410E-06 3.825011300E-12 0.000000000E+00
8.60000E-01 1.995262300E-06 5.311054100E-16 0.000000000E+00
8.60000E-01 1.995262300E-07 3.316146700E+01 0.000000000E+00
8.60000E-01 1.995262300E-08 6.871308000E-02 0.000000000E+00
8.60000E-01 1.000000000E-06 1.330208300E-03 0.000000000E+00
8.60000E-01 1.000000000E-07 1.398022500E+01 0.000000000E+00
8.60000E-01 1.000000000E-08 4.474061500E-03 0.000000000E+00
8.60000E-01 2.238721139E-06 2.105629500E-18 0.000000000E+00
8.60000E-01 2.238721139E-06 1.685926700E-20 0.000000000E+00
8.60000E-01 2.511886400E-06 1.480683900E-26 0.000000000E+00
8.60000E-01 2.511886400E-07 2.876839100E+01 0.000000000E+00
8.60000E-01 2.511886400E-08 1.551384700E-01 0.000000000E+00
8.60000E-01 2.818382931E-06 2.756931900E-32 0.000000000E+00
8.60000E-01 2.818382931E-06 8.661413700E-32 0.000000000E+00
8.60000E-01 3.162277700E-07 2.052141200E+01 0.000000000E+00
8.60000E-01 3.162277700E-08 3.757784200E-01 0.000000000E+00
8.60000E-01 3.162277700E-09 4.452105500E-05 0.000000000E+00
8.60000E-01 3.981071700E-07 1.063852900E+01 0.000000000E+00
8.60000E-01 3.981071700E-08 8.786663600E-01 0.000000000E+00
8.60000E-01 3.981071700E-09 1.197955800E-04 0.000000000E+00
8.60000E-01 5.011872300E-07 4.287396100E+00 0.000000000E+00
8.60000E-01 5.011872300E-08 1.973727700E+00 0.000000000E+00
8.60000E-01 5.011872300E-09 2.756599700E-04 0.000000000E+00
8.60000E-01 6.309573400E-07 1.874160600E+00 0.000000000E+00
8.60000E-01 6.309573400E-08 4.208542100E+00 0.000000000E+00
8.60000E-01 6.309573400E-09 7.463608400E-04 0.000000000E+00
8.60000E-01 7.943282300E-07 5.690651600E-02 0.000000000E+00
8.60000E-01 7.943282300E-08 7.505289200E+00 0.000000000E+00
8.60000E-01 7.943282300E-09 1.582110300E-03 0.000000000E+00
8.70000E-01 1.122018454E-06 1.201613000E-03 0.000000000E+00
8.70000E-01 1.122018454E-06 7.703823300E-04 0.000000000E+00
8.70000E-01 1.258925400E-06 5.085824200E-05 0.000000000E+00
8.70000E-01 1.258925400E-07 1.288039300E+01 0.000000000E+00
8.70000E-01 1.258925400E-08 6.177403700E-03 0.000000000E+00
8.70000E-01 1.412537545E-06 3.297358000E-07 0.000000000E+00
8.70000E-01 1.412537545E-06 1.266492000E-06 0.000000000E+00
8.70000E-01 1.584893200E-06 1.418007200E-09 0.000000000E+00
8.70000E-01 1.584893200E-07 1.965291300E+01 0.000000000E+00
8.70000E-01 1.584893200E-08 1.455421000E-02 0.000000000E+00
8.70000E-01 1.778279410E-06 1.241876100E-08 0.000000000E+00
8.70000E-01 1.778279410E-06 1.991627400E-11 0.000000000E+00
8.70000E-01 1.995262300E-06 6.557905300E-14 0.000000000E+00
8.70000E-01 1.995262300E-07 2.210709100E+01 0.000000000E+00
8.70000E-01 1.995262300E-08 3.584621800E-02 0.000000000E+00
8.70000E-01 1.000000000E-06 3.126073800E-02 0.000000000E+00
8.70000E-01 1.000000000E-07 8.124979700E+00 0.000000000E+00
8.70000E-01 1.000000000E-08 2.421853400E-03 0.000000000E+00
8.70000E-01 2.238721139E-06 6.437641400E-19 0.000000000E+00
8.70000E-01 2.238721139E-06 6.177786400E-15 0.000000000E+00
8.70000E-01 2.511886400E-06 5.412885900E-25 0.000000000E+00
8.70000E-01 2.511886400E-07 2.004158600E+01 0.000000000E+00
8.70000E-01 2.511886400E-08 8.800867500E-02 0.000000000E+00
8.70000E-01 2.818382931E-06 2.262657700E-27 0.000000000E+00
8.70000E-01 2.818382931E-06 9.587314400E-28 0.000000000E+00
8.70000E-01 3.162277700E-06 1.382884100E-43 0.000000000E+00
8.70000E-01 3.162277700E-07 1.591909400E+01 0.000000000E+00
8.70000E-01 3.162277700E-08 2.164219900E-01 0.000000000E+00
8.70000E-01 3.162277700E-09 2.370919300E-05 0.000000000E+00
8.70000E-01 3.981071700E-07 1.101771500E+01 0.000000000E+00
8.70000E-01 3.981071700E-08 5.071901400E-01 0.000000000E+00
8.70000E-01 3.981071700E-09 5.646925100E-05 0.000000000E+00
8.70000E-01 5.011872300E-07 5.788278300E+00 0.000000000E+00
8.70000E-01 5.011872300E-08 1.172580100E+00 0.000000000E+00
8.70000E-01 5.011872300E-09 1.515266900E-04 0.000000000E+00
8.70000E-01 6.309573400E-07 1.920432900E+00 0.000000000E+00
8.70000E-01 6.309573400E-08 2.575573700E+00 0.000000000E+00
8.70000E-01 6.309573400E-09 3.709917200E-04 0.000000000E+00
8.70000E-01 7.943282300E-07 2.788021000E-01 0.000000000E+00
8.70000E-01 7.943282300E-08 4.661422200E+00 0.000000000E+00
8.70000E-01 7.943282300E-09 1.000378400E-03 0.000000000E+00
8.80000E-01 1.122018454E-06 1.621035900E-03 0.000000000E+00
8.80000E-01 1.122018454E-06 1.049681200E-03 0.000000000E+00
8.80000E-01 1.258925400E-06 2.391667700E-05 0.000000000E+00
8.80000E-01 1.258925400E-07 8.964514900E+00 0.000000000E+00
8.80000E-01 1.258925400E-08 3.851016600E-03 0.000000000E+00
8.80000E-01 1.412537545E-06 7.652975200E-07 0.000000000E+00
8.80000E-01 1.412537545E-06 4.316028700E-06 0.000000000E+00
8.80000E-01 1.584893200E-06 3.864294500E-10 0.000000000E+00
8.80000E-01 1.584893200E-07 1.316095400E+01 0.000000000E+00
8.80000E-01 1.584893200E-08 9.863254300E-03 0.000000000E+00
8.80000E-01 1.778279410E-06 7.034626600E-10 0.000000000E+00
8.80000E-01 1.778279410E-06 8.581620700E-09 0.000000000E+00
8.80000E-01 1.995262300E-06 3.075572100E-12 0.000000000E+00
8.80000E-01 1.995262300E-07 1.566106600E+01 0.000000000E+00
8.80000E-01 1.995262300E-08 2.594275500E-02 0.000000000E+00
8.80000E-01 1.000000000E-06 6.130937000E-03 0.000000000E+00
8.80000E-01 1.000000000E-07 5.646378800E+00 0.000000000E+00
8.80000E-01 1.000000000E-08 1.622735000E-03 0.000000000E+00
8.80000E-01 2.238721139E-06 3.405326300E-17 0.000000000E+00
8.80000E-01 2.238721139E-06 2.805850000E-16 0.000000000E+00
8.80000E-01 2.511886400E-06 4.889491100E-20 0.000000000E+00
8.80000E-01 2.511886400E-07 1.513648400E+01 0.000000000E+00
8.80000E-01 2.511886400E-08 6.112275700E-02 0.000000000E+00
8.80000E-01 2.818382931E-06 5.747595600E-35 0.000000000E+00
8.80000E-01 2.818382931E-06 2.672456100E-27 0.000000000E+00
8.80000E-01 3.162277700E-06 6.401188300E-34 0.000000000E+00
8.80000E-01 3.162277700E-07 1.197200600E+01 0.000000000E+00
8.80000E-01 3.162277700E-08 1.396974400E-01 0.000000000E+00
8.80000E-01 3.162277700E-09 1.605764000E-05 0.000000000E+00
8.80000E-01 3.981071700E-07 7.551539700E+00 0.000000000E+00
8.80000E-01 3.981071700E-08 3.221511300E-01 0.000000000E+00
8.80000E-01 3.981071700E-09 4.086367800E-05 0.000000000E+00
8.80000E-01 5.011872300E-07 3.799342300E+00 0.000000000E+00
8.80000E-01 5.011872300E-08 7.582016800E-01 0.000000000E+00
8.80000E-01 5.011872300E-09 1.004020900E-04 0.000000000E+00
8.80000E-01 6.309573400E-07 9.258556900E-01 0.000000000E+00
8.80000E-01 6.309573400E-08 1.698149100E+00 0.000000000E+00
8.80000E-01 6.309573400E-09 2.508449300E-04 0.000000000E+00
8.80000E-01 7.943282300E-07 1.326861200E-01 0.000000000E+00
8.80000E-01 7.943282300E-08 3.059125200E+00 0.000000000E+00
8.80000E-01 7.943282300E-09 6.297249900E-04 0.000000000E+00
8.90000E-01 1.122018454E-06 3.858366600E-03 0.000000000E+00
8.90000E-01 1.122018454E-06 5.839173400E-03 0.000000000E+00
8.90000E-01 1.258925400E-06 2.031062500E-04 0.000000000E+00
8.90000E-01 1.258925400E-07 5.981997400E+00 0.000000000E+00
8.90000E-01 1.258925400E-08 2.331485200E-03 0.000000000E+00
8.90000E-01 1.412537545E-06 1.951641100E-05 0.000000000E+00
8.90000E-01 1.412537545E-06 2.598686400E-07 0.000000000E+00
8.90000E-01 1.584893200E-06 1.022536500E-06 0.000000000E+00
8.90000E-01 1.584893200E-07 8.405531200E+00 0.000000000E+00
8.90000E-01 1.584893200E-08 5.860888900E-03 0.000000000E+00
8.90000E-01 1.778279410E-06 1.908488000E-08 0.000000000E+00
8.90000E-01 1.778279410E-06 3.336465100E-11 0.000000000E+00
8.90000E-01 1.995262300E-06 2.406912400E-11 0.000000000E+00
8.90000E-01 1.995262300E-07 1.046405100E+01 0.000000000E+00
8.90000E-01 1.995262300E-08 1.307733300E-02 0.000000000E+00
8.90000E-01 1.000000000E-06 1.838240000E-02 0.000000000E+00
8.90000E-01 1.000000000E-07 3.500430800E+00 0.000000000E+00
8.90000E-01 1.000000000E-08 8.798567700E-04 0.000000000E+00
8.90000E-01 2.238721139E-06 1.688045300E-16 0.000000000E+00
8.90000E-01 2.238721139E-06 7.179023300E-15 0.000000000E+00
8.90000E-01 2.511886400E-06 3.381112100E-18 0.000000000E+00
8.90000E-01 2.511886400E-07 1.073386000E+01 0.000000000E+00
8.90000E-01 2.511886400E-08 3.326255200E-02 0.000000000E+00
8.90000E-01 2.818382931E-06 1.694233400E-27 0.000000000E+00
8.90000E-01 2.818382931E-06 1.667991600E-27 0.000000000E+00
8.90000E-01 3.162277700E-06 2.738847000E-32 0.000000000E+00
8.90000E-01 3.162277700E-07 8.859851400E+00 0.000000000E+00
8.90000E-01 3.162277700E-08 8.280099300E-02 0.000000000E+00
8.90000E-01 3.162277700E-09 8.990376800E-06 0.000000000E+00
8.90000E-01 3.548133892E-06 7.496453300E-42 0.000000000E+00
8.90000E-01 3.548133892E-06 1.557070300E-40 0.000000000E+00
8.90000E-01 3.981071700E-07 5.746773700E+00 0.000000000E+00
8.90000E-01 3.981071700E-08 1.878963600E-01 0.000000000E+00
8.90000E-01 3.981071700E-09 2.233557600E-05 0.000000000E+00
8.90000E-01 5.011872300E-07 2.979735400E+00 0.000000000E+00
8.90000E-01 5.011872300E-08 4.472687900E-01 0.000000000E+00
8.90000E-01 5.011872300E-09 5.803449000E-05 0.000000000E+00
8.90000E-01 6.309573400E-07 1.074169400E+00 0.000000000E+00
8.90000E-01 6.309573400E-08 9.609710000E-01 0.000000000E+00
8.90000E-01 6.309573400E-09 1.530312600E-04 0.000000000E+00
8.90000E-01 7.943282300E-07 1.351244500E-01 0.000000000E+00
8.90000E-01 7.943282300E-08 1.861099000E+00 0.000000000E+00
8.90000E-01 7.943282300E-09 3.641088100E-04 0.000000000E+00
8.00000E-01 1.122018454E-06 2.493371500E-06 0.000000000E+00
8.00000E-01 1.412537545E-06 1.240602600E-12 0.000000000E+00
8.00000E-01 1.778279410E-06 9.175406600E-19 0.000000000E+00
8.00000E-01 2.238721139E-06 9.173577000E-35 0.000000000E+00
9.00000E-01 1.122018454E-06 1.617713500E-03 0.000000000E+00
9.00000E-01 1.258925400E-06 4.602643200E-04 0.000000000E+00
9.00000E-01 1.258925400E-07 3.648525300E+00 0.000000000E+00
9.00000E-01 1.258925400E-08 1.381190600E-03 0.000000000E+00
9.00000E-01 1.412537545E-06 1.237525000E-06 0.000000000E+00
9.00000E-01 1.584893200E-06 1.092508800E-06 0.000000000E+00
9.00000E-01 1.584893200E-07 5.198331600E+00 0.000000000E+00
9.00000E-01 1.584893200E-08 3.311313500E-03 0.000000000E+00
9.00000E-01 1.778279410E-06 1.181509400E-11 0.000000000E+00
9.00000E-01 1.995262300E-06 8.598210700E-09 0.000000000E+00
9.00000E-01 1.995262300E-07 6.436783800E+00 0.000000000E+00
9.00000E-01 1.995262300E-08 8.710068900E-03 0.000000000E+00
9.00000E-01 1.000000000E-06 5.785396500E-03 0.000000000E+00
9.00000E-01 1.000000000E-07 2.152709900E+00 0.000000000E+00
9.00000E-01 1.000000000E-08 5.664090700E-04 0.000000000E+00
9.00000E-01 2.238721139E-06 8.556071000E-16 0.000000000E+00
9.00000E-01 2.511886400E-06 2.846595000E-22 0.000000000E+00
9.00000E-01 2.511886400E-07 5.789940900E+00 0.000000000E+00
9.00000E-01 2.511886400E-08 2.058429000E-02 0.000000000E+00
9.00000E-01 2.818382931E-06 5.183279200E-29 0.000000000E+00
9.00000E-01 3.162277700E-06 4.359131900E-37 0.000000000E+00
9.00000E-01 3.162277700E-07 5.664736700E+00 0.000000000E+00
9.00000E-01 3.162277700E-08 4.694585000E-02 0.000000000E+00
9.00000E-01 3.162277700E-09 5.737437000E-06 0.000000000E+00
9.00000E-01 3.548133892E-06 1.960680800E-41 0.000000000E+00
9.00000E-01 3.981071700E-07 3.431907100E+00 0.000000000E+00
9.00000E-01 3.981071700E-08 1.136221200E-01 0.000000000E+00
9.00000E-01 3.981071700E-09 1.466341900E-05 0.000000000E+00
9.00000E-01 5.011872300E-07 1.911947700E+00 0.000000000E+00
9.00000E-01 5.011872300E-08 2.583847300E-01 0.000000000E+00
9.00000E-01 5.011872300E-09 3.525134600E-05 0.000000000E+00
9.00000E-01 6.309573400E-07 6.115351300E-01 0.000000000E+00
9.00000E-01 6.309573400E-08 5.352125200E-01 0.000000000E+00
9.00000E-01 6.309573400E-09 8.747670200E-05 0.000000000E+00
9.00000E-01 7.943282300E-07 1.145551600E-01 0.000000000E+00
9.00000E-01 7.943282300E-08 1.174154200E+00 0.000000000E+00
9.00000E-01 7.943282300E-09 2.309443800E-04 0.000000000E+00
9.50000E-01 1.122018454E-06 5.589674700E-06 0.000000000E+00
9.50000E-01 1.122018454E-06 6.309606300E-06 0.000000000E+00
9.50000E-01 1.258925400E-06 4.554231400E-07 0.000000000E+00
9.50000E-01 1.258925400E-07 7.714158000E-03 0.000000000E+00
9.50000E-01 1.258925400E-08 2.520924000E-06 0.000000000E+00
9.50000E-01 1.412537545E-06 3.513171300E-08 0.000000000E+00
9.50000E-01 1.412537545E-06 7.234972800E-09 0.000000000E+00
9.50000E-01 1.584893200E-06 1.399057800E-10 0.000000000E+00
9.50000E-01 1.584893200E-07 1.163658500E-02 0.000000000E+00
9.50000E-01 1.584893200E-08 7.024541600E-06 0.000000000E+00
9.50000E-01 1.778279410E-06 3.614760600E-12 0.000000000E+00
9.50000E-01 1.778279410E-06 1.329667000E-11 0.000000000E+00
9.50000E-01 1.995262300E-06 2.010949900E-12 0.000000000E+00
9.50000E-01 1.995262300E-07 1.479577300E-02 0.000000000E+00
9.50000E-01 1.995262300E-08 1.620104200E-05 0.000000000E+00
9.50000E-01 1.000000000E-06 6.297289700E-05 0.000000000E+00
9.50000E-01 1.000000000E-07 4.512385300E-03 0.000000000E+00
9.50000E-01 1.000000000E-08 1.069742200E-06 0.000000000E+00
9.50000E-01 2.238721139E-06 2.234954800E-16 0.000000000E+00
9.50000E-01 2.238721139E-06 1.978206400E-15 0.000000000E+00
9.50000E-01 2.511886400E-06 3.545907100E-18 0.000000000E+00
9.50000E-01 2.511886400E-07 1.491196900E-02 0.000000000E+00
9.50000E-01 2.511886400E-08 4.131048800E-05 0.000000000E+00
9.50000E-01 2.818382931E-06 6.892788600E-28 0.000000000E+00
9.50000E-01 2.818382931E-06 3.724789100E-25 0.000000000E+00
9.50000E-01 3.162277700E-06 7.728519200E-32 0.000000000E+00
9.50000E-01 3.162277700E-07 1.320973800E-02 0.000000000E+00
9.50000E-01 3.162277700E-08 9.423807700E-05 0.000000000E+00
9.50000E-01 3.162277700E-09 1.085845900E-08 0.000000000E+00
9.50000E-01 3.548133892E-06 1.012424500E-37 0.000000000E+00
9.50000E-01 3.548133892E-06 1.694291900E-43 0.000000000E+00
9.50000E-01 3.981071700E-07 1.046432800E-02 0.000000000E+00
9.50000E-01 3.981071700E-08 2.234851000E-04 0.000000000E+00
9.50000E-01 3.981071700E-09 2.817354600E-08 0.000000000E+00
9.50000E-01 5.011872300E-07 5.615228300E-03 0.000000000E+00
9.50000E-01 5.011872300E-08 5.297196300E-04 0.000000000E+00
9.50000E-01 5.011872300E-09 6.544908200E-08 0.000000000E+00
9.50000E-01 6.309573400E-07 1.943653700E-03 0.000000000E+00
9.50000E-01 6.309573400E-08 1.107867400E-03 0.000000000E+00
9.50000E-01 6.309573400E-09 1.796016800E-07 0.000000000E+00
9.50000E-01 7.943282300E-07 2.432017100E-04 0.000000000E+00
9.50000E-01 7.943282300E-08 2.377353400E-03 0.000000000E+00
9.50000E-01 7.943282300E-09 4.159024200E-07 0.000000000E+00
9.00000E-01 1.122018454E-06 3.722393500E-03 0.000000000E+00
9.00000E-01 1.412537545E-06 5.434999400E-06 0.000000000E+00
9.00000E-01 1.778279410E-06 3.906295800E-09 0.000000000E+00
9.00000E-01 2.238721139E-06 1.988858200E-18 0.000000000E+00
9.00000E-01 2.818382931E-06 1.968976400E-24 0.000000000E+00
9.00000E-01 3.548133892E-06 3.645943500E-35 0.000000000E+00
