2.00000E-03 1.258925400E-04 6.874787000E+09
2.00000E-03 1.584893200E-04 8.340097800E+09
2.00000E-03 1.995262300E-04 7.250184400E+09
2.00000E-03 1.000000000E-04 5.052234300E+09
2.00000E-03 2.511886400E-04 6.672220400E+09
2.00000E-03 3.162277700E-04 4.667614900E+09
2.00000E-03 1.000000000E-03 3.491901700E+05
2.00000E-03 1.258925400E-05 5.585438500E+06
2.00000E-03 1.258925400E-06 5.881858200E+02
2.00000E-03 1.258925400E-07 6.436866700E-02
2.00000E-03 1.258925400E-08 5.659170300E-06
2.00000E-03 1.258925400E-09 6.312101400E-10
2.00000E-03 1.584893200E-05 1.530493700E+07
2.00000E-03 1.584893200E-06 1.624090400E+03
2.00000E-03 1.584893200E-07 1.669220200E-01
2.00000E-03 1.584893200E-08 1.566623900E-05
2.00000E-03 1.584893200E-09 1.495974900E-09
2.00000E-03 1.995262300E-05 3.576594200E+07
2.00000E-03 1.995262300E-06 3.905773300E+03
2.00000E-03 1.995262300E-07 3.739260400E-01
2.00000E-03 1.995262300E-08 4.092615900E-05
2.00000E-03 1.995262300E-09 4.074811600E-09
2.00000E-03 1.000000000E-05 2.266071800E+06
2.00000E-03 1.000000000E-06 2.489340800E+02
2.00000E-03 1.000000000E-07 2.521746600E-02
2.00000E-03 1.000000000E-08 2.442708000E-06
2.00000E-03 1.000000000E-09 2.489805200E-10
2.00000E-03 2.511886400E-05 8.035330900E+07
2.00000E-03 2.511886400E-06 8.910672500E+03
2.00000E-03 2.511886400E-07 9.481933000E-01
2.00000E-03 2.511886400E-08 9.907393600E-05
2.00000E-03 2.511886400E-09 1.027772500E-08
2.00000E-03 3.162277700E-05 2.019307100E+08
2.00000E-03 3.162277700E-06 2.561586400E+04
2.00000E-03 3.162277700E-07 2.503064600E+00
2.00000E-03 3.162277700E-08 2.393772100E-04
2.00000E-03 3.162277700E-09 2.315036800E-08
2.00000E-03 3.981071700E-05 4.390132600E+08
2.00000E-03 3.981071700E-06 5.912621500E+04
2.00000E-03 3.981071700E-07 6.247472500E+00
2.00000E-03 3.981071700E-08 6.051765600E-04
2.00000E-03 3.981071700E-09 6.171577500E-08
2.00000E-03 5.011872300E-05 8.868271100E+08
2.00000E-03 5.011872300E-06 1.536986900E+05
2.00000E-03 5.011872300E-07 1.487453600E+01
2.00000E-03 5.011872300E-08 1.591885900E-03
2.00000E-03 5.011872300E-09 1.556735700E-07
2.00000E-03 6.309573400E-05 1.651482300E+09
2.00000E-03 6.309573400E-06 3.914839100E+05
2.00000E-03 6.309573400E-07 3.843978300E+01
2.00000E-03 6.309573400E-08 3.816918900E-03
2.00000E-03 6.309573400E-09 3.483515300E-07
2.00000E-03 7.943282300E-05 3.145480900E+09
2.00000E-03 7.943282300E-06 9.003765400E+05
2.00000E-03 7.943282300E-07 9.584106500E+01
2.00000E-03 7.943282300E-08 1.049453100E-02
2.00000E-03 7.943282300E-09 9.173771400E-07
5.00000E-03 1.258925400E-04 5.679662500E+08
5.00000E-03 1.584893200E-04 2.937928700E+08
5.00000E-03 1.995262300E-04 1.045537800E+08
5.00000E-03 1.000000000E-04 9.903904200E+08
5.00000E-03 2.511886400E-04 1.092267800E+07
5.00000E-03 3.162277700E-04 1.496964400E+06
5.00000E-03 1.000000000E-03 7.188939100E-20
5.00000E-03 1.258925400E-05 2.914615300E+07
5.00000E-03 1.258925400E-06 3.849873300E+03
5.00000E-03 1.258925400E-07 3.647712000E-01
5.00000E-03 1.258925400E-08 3.886608800E-05
5.00000E-03 1.258925400E-09 3.837950600E-09
5.00000E-03 1.584893200E-05 6.043581400E+07
5.00000E-03 1.584893200E-06 8.974932800E+03
5.00000E-03 1.584893200E-07 9.862624000E-01
5.00000E-03 1.584893200E-08 9.232752300E-05
5.00000E-03 1.584893200E-09 9.379757300E-09
5.00000E-03 1.995262300E-05 1.409586600E+08
5.00000E-03 1.995262300E-06 2.169809100E+04
5.00000E-03 1.995262300E-07 2.203183800E+00
5.00000E-03 1.995262300E-08 2.239273300E-04
5.00000E-03 1.995262300E-09 2.425184200E-08
5.00000E-03 1.000000000E-05 1.287836300E+07
5.00000E-03 1.000000000E-06 1.438138200E+03
5.00000E-03 1.000000000E-07 1.386728500E-01
5.00000E-03 1.000000000E-08 1.471233600E-05
5.00000E-03 1.000000000E-09 1.401897500E-09
5.00000E-03 2.511886400E-05 2.671325400E+08
5.00000E-03 2.511886400E-06 5.799857300E+04
5.00000E-03 2.511886400E-07 6.154146600E+00
5.00000E-03 2.511886400E-08 5.884877500E-04
5.00000E-03 2.511886400E-09 5.356172100E-08
5.00000E-03 3.162277700E-05 4.449177100E+08
5.00000E-03 3.162277700E-06 1.469172200E+05
5.00000E-03 3.162277700E-07 1.481675500E+01
5.00000E-03 3.162277700E-08 1.464444300E-03
5.00000E-03 3.162277700E-09 1.454989700E-07
5.00000E-03 3.981071700E-05 7.067036700E+08
5.00000E-03 3.981071700E-06 3.470468200E+05
5.00000E-03 3.981071700E-07 3.455930200E+01
5.00000E-03 3.981071700E-08 3.692027200E-03
5.00000E-03 3.981071700E-09 3.531621200E-07
5.00000E-03 5.011872300E-05 9.308402000E+08
5.00000E-03 5.011872300E-06 8.795128800E+05
5.00000E-03 5.011872300E-07 9.672525500E+01
5.00000E-03 5.011872300E-08 9.678697000E-03
5.00000E-03 5.011872300E-09 8.594084900E-07
5.00000E-03 6.309573400E-05 1.195427900E+09
5.00000E-03 6.309573400E-06 2.330271500E+06
5.00000E-03 6.309573400E-07 2.422777400E+02
5.00000E-03 6.309573400E-08 2.473279200E-02
5.00000E-03 6.309573400E-09 2.318223300E-06
5.00000E-03 7.943282300E-05 1.090797300E+09
5.00000E-03 7.943282300E-06 5.142432200E+06
5.00000E-03 7.943282300E-07 5.551207700E+02
5.00000E-03 7.943282300E-08 5.739360100E-02
5.00000E-03 7.943282300E-09 6.484818300E-06
1.00000E-02 1.258925400E-04 8.880612100E+06
1.00000E-02 1.584893200E-04 2.310244600E+05
1.00000E-02 1.995262300E-04 2.620899200E+04
1.00000E-02 1.000000000E-04 2.982147400E+07
1.00000E-02 2.511886400E-04 5.901280000E-01
1.00000E-02 3.162277700E-04 1.806301300E-04
1.00000E-02 1.258925400E-05 6.604626700E+07
1.00000E-02 1.258925400E-06 1.507864200E+04
1.00000E-02 1.258925400E-07 1.506777400E+00
1.00000E-02 1.258925400E-08 1.413578900E-04
1.00000E-02 1.258925400E-09 1.396733600E-08
1.00000E-02 1.584893200E-05 1.125099900E+08
1.00000E-02 1.584893200E-06 3.589881900E+04
1.00000E-02 1.584893200E-07 3.840125000E+00
1.00000E-02 1.584893200E-08 3.721962900E-04
1.00000E-02 1.584893200E-09 3.369490900E-08
1.00000E-02 1.995262300E-05 1.804240200E+08
1.00000E-02 1.995262300E-06 8.368619300E+04
1.00000E-02 1.995262300E-07 8.698545000E+00
1.00000E-02 1.995262300E-08 9.168035400E-04
1.00000E-02 1.995262300E-09 8.804110100E-08
1.00000E-02 1.000000000E-05 3.417970500E+07
1.00000E-02 1.000000000E-06 6.227607400E+03
1.00000E-02 1.000000000E-07 5.579170500E-01
1.00000E-02 1.000000000E-08 5.760909000E-05
1.00000E-02 1.000000000E-09 5.543052900E-09
1.00000E-02 2.511886400E-05 2.585909700E+08
1.00000E-02 2.511886400E-06 2.249679900E+05
1.00000E-02 2.511886400E-07 2.263485000E+01
1.00000E-02 2.511886400E-08 2.224825100E-03
1.00000E-02 2.511886400E-09 2.247918800E-07
1.00000E-02 3.162277700E-05 2.955673400E+08
1.00000E-02 3.162277700E-06 5.173884000E+05
1.00000E-02 3.162277700E-07 5.601576600E+01
1.00000E-02 3.162277700E-08 5.788491700E-03
1.00000E-02 3.162277700E-09 5.859886200E-07
1.00000E-02 3.981071700E-05 2.911618700E+08
1.00000E-02 3.981071700E-06 1.274475200E+06
1.00000E-02 3.981071700E-07 1.452885300E+02
1.00000E-02 3.981071700E-08 1.448389900E-02
1.00000E-02 3.981071700E-09 1.453623100E-06
1.00000E-02 5.011872300E-05 2.731169600E+08
1.00000E-02 5.011872300E-06 3.197756500E+06
1.00000E-02 5.011872300E-07 4.040651900E+02
1.00000E-02 5.011872300E-08 3.618264200E-02
1.00000E-02 5.011872300E-09 3.665326100E-06
1.00000E-02 6.309573400E-05 1.295399000E+08
1.00000E-02 6.309573400E-06 7.521421600E+06
1.00000E-02 6.309573400E-07 8.951997000E+02
1.00000E-02 6.309573400E-08 8.495122200E-02
1.00000E-02 6.309573400E-09 8.560215900E-06
1.00000E-02 7.943282300E-05 7.386272300E+07
1.00000E-02 7.943282300E-06 1.619960300E+07
1.00000E-02 7.943282300E-07 2.337758700E+03
1.00000E-02 7.943282300E-08 2.251663600E-01
1.00000E-02 7.943282300E-09 2.214118300E-05
5.00000E-02 1.000000000E-04 2.284454500E-28
5.00000E-02 1.258925400E-05 6.006207000E+06
5.00000E-02 1.258925400E-06 2.848655200E+05
5.00000E-02 1.258925400E-07 3.750811200E+01
5.00000E-02 1.258925400E-08 3.363581200E-03
5.00000E-02 1.258925400E-09 3.385399500E-07
5.00000E-02 1.584893200E-05 2.886536200E+06
5.00000E-02 1.584893200E-06 6.662214500E+05
5.00000E-02 1.584893200E-07 9.035665900E+01
5.00000E-02 1.584893200E-08 8.683207300E-03
5.00000E-02 1.584893200E-09 9.279623800E-07
5.00000E-02 1.995262300E-05 1.265043100E+06
5.00000E-02 1.995262300E-06 1.305439400E+06
5.00000E-02 1.995262300E-07 2.238937300E+02
5.00000E-02 1.995262300E-08 2.257431600E-02
5.00000E-02 1.995262300E-09 2.259534300E-06
5.00000E-02 1.000000000E-05 1.034994500E+07
5.00000E-02 1.000000000E-06 1.177095600E+05
5.00000E-02 1.000000000E-07 1.455645000E+01
5.00000E-02 1.000000000E-08 1.479494900E-03
5.00000E-02 1.000000000E-09 1.458710100E-07
5.00000E-02 2.511886400E-05 2.131676600E+05
5.00000E-02 2.511886400E-06 2.529683000E+06
5.00000E-02 2.511886400E-07 5.592712900E+02
5.00000E-02 2.511886400E-08 5.552441200E-02
5.00000E-02 2.511886400E-09 5.454747500E-06
5.00000E-02 3.162277700E-05 6.187938000E+03
5.00000E-02 3.162277700E-06 4.536883300E+06
5.00000E-02 3.162277700E-07 1.476346800E+03
5.00000E-02 3.162277700E-08 1.450383900E-01
5.00000E-02 3.162277700E-09 1.406434400E-05
5.00000E-02 3.981071700E-05 3.527887700E+02
5.00000E-02 3.981071700E-06 6.841156500E+06
5.00000E-02 3.981071700E-07 3.505735300E+03
5.00000E-02 3.981071700E-08 3.560558100E-01
5.00000E-02 3.981071700E-09 3.529761200E-05
5.00000E-02 5.011872300E-05 6.136198800E-02
5.00000E-02 5.011872300E-06 9.914826700E+06
5.00000E-02 5.011872300E-07 9.085584200E+03
5.00000E-02 5.011872300E-08 9.008272400E-01
5.00000E-02 5.011872300E-09 9.303023000E-05
5.00000E-02 6.309573400E-05 2.566285300E-04
5.00000E-02 6.309573400E-06 1.122987700E+07
5.00000E-02 6.309573400E-07 2.284586200E+04
5.00000E-02 6.309573400E-08 2.408118700E+00
5.00000E-02 6.309573400E-09 2.259825400E-04
5.00000E-02 7.943282300E-05 4.100510900E-08
5.00000E-02 7.943282300E-06 1.000727500E+07
5.00000E-02 7.943282300E-07 4.984733900E+04
5.00000E-02 7.943282300E-08 5.524307300E+00
5.00000E-02 7.943282300E-09 5.692298600E-04
1.00000E-01 1.258925400E-05 6.020525900E+04
1.00000E-01 1.258925400E-06 6.576569500E+05
1.00000E-01 1.258925400E-07 1.350693500E+02
1.00000E-01 1.258925400E-08 1.313226300E-02
1.00000E-01 1.258925400E-09 1.448486500E-06
1.00000E-01 1.584893200E-05 4.178499900E+03
1.00000E-01 1.584893200E-06 1.114027200E+06
1.00000E-01 1.584893200E-07 3.795468500E+02
1.00000E-01 1.584893200E-08 3.700279300E-02
1.00000E-01 1.584893200E-09 3.402760300E-06
1.00000E-01 1.995262300E-05 1.323862000E+01
1.00000E-01 1.995262300E-06 1.663168600E+06
1.00000E-01 1.995262300E-07 8.912058600E+02
1.00000E-01 1.995262300E-08 8.937320200E-02
1.00000E-01 1.995262300E-09 8.898020100E-06
1.00000E-01 1.000000000E-05 1.962902700E+05
1.00000E-01 1.000000000E-06 3.170605800E+05
1.00000E-01 1.000000000E-07 5.829985600E+01
1.00000E-01 1.000000000E-08 5.956961400E-03
1.00000E-01 1.000000000E-09 5.539745100E-07
1.00000E-01 2.511886400E-05 4.508332000E-03
1.00000E-01 2.511886400E-06 2.289964400E+06
1.00000E-01 2.511886400E-07 2.209119700E+03
1.00000E-01 2.511886400E-08 2.228572300E-01
1.00000E-01 2.511886400E-09 2.268291800E-05
1.00000E-01 3.162277700E-05 2.309905100E-08
1.00000E-01 3.162277700E-06 2.656835700E+06
1.00000E-01 3.162277700E-07 5.252172500E+03
1.00000E-01 3.162277700E-08 5.309744000E-01
1.00000E-01 3.162277700E-09 5.618392700E-05
1.00000E-01 3.981071700E-05 4.897729400E-13
1.00000E-01 3.981071700E-06 2.533584100E+06
1.00000E-01 3.981071700E-07 1.304021100E+04
1.00000E-01 3.981071700E-08 1.277008100E+00
1.00000E-01 3.981071700E-09 1.341744500E-04
1.00000E-01 5.011872300E-05 1.956949200E-24
1.00000E-01 5.011872300E-06 2.322870500E+06
1.00000E-01 5.011872300E-07 2.922217700E+04
1.00000E-01 5.011872300E-08 3.769595600E+00
1.00000E-01 5.011872300E-09 3.532035700E-04
1.00000E-01 6.309573400E-06 1.727222900E+06
1.00000E-01 6.309573400E-07 7.363767600E+04
1.00000E-01 6.309573400E-08 8.778516500E+00
1.00000E-01 6.309573400E-09 8.976632400E-04
1.00000E-01 7.943282300E-06 7.672157600E+05
1.00000E-01 7.943282300E-07 1.547307500E+05
1.00000E-01 7.943282300E-08 2.210224300E+01
1.00000E-01 7.943282300E-09 2.292802500E-03
1.50000E-01 1.258925400E-05 1.545505000E+02
1.50000E-01 1.258925400E-06 6.428340700E+05
1.50000E-01 1.258925400E-07 3.008979400E+02
1.50000E-01 1.258925400E-08 3.013119200E-02
1.50000E-01 1.258925400E-09 3.193629100E-06
1.50000E-01 1.584893200E-05 1.456805000E-01
1.50000E-01 1.584893200E-06 9.090078600E+05
1.50000E-01 1.584893200E-07 7.314149800E+02
1.50000E-01 1.584893200E-08 7.603396900E-02
1.50000E-01 1.584893200E-09 7.539757100E-06
1.50000E-01 1.995262300E-05 1.178388000E-06
1.50000E-01 1.995262300E-06 1.112788900E+06
1.50000E-01 1.995262300E-07 1.844518100E+03
1.50000E-01 1.995262300E-08 1.868255100E-01
1.50000E-01 1.995262300E-09 1.803248500E-05
1.50000E-01 1.000000000E-05 1.901928400E+03
1.50000E-01 1.000000000E-06 4.016924400E+05
1.50000E-01 1.000000000E-07 1.166820100E+02
1.50000E-01 1.000000000E-08 1.174261300E-02
1.50000E-01 1.000000000E-09 1.251144200E-06
1.50000E-01 2.511886400E-05 1.169995800E-10
1.50000E-01 2.511886400E-06 1.183922800E+06
1.50000E-01 2.511886400E-07 4.426078300E+03
1.50000E-01 2.511886400E-08 5.084851100E-01
1.50000E-01 2.511886400E-09 4.513961000E-05
1.50000E-01 3.162277700E-05 8.781174900E-24
1.50000E-01 3.162277700E-06 1.076319600E+06
1.50000E-01 3.162277700E-07 1.048249900E+04
1.50000E-01 3.162277700E-08 1.180099700E+00
1.50000E-01 3.162277700E-09 1.179983300E-04
1.50000E-01 3.981071700E-06 6.672931900E+05
1.50000E-01 3.981071700E-07 2.368648900E+04
1.50000E-01 3.981071700E-08 2.826666000E+00
1.50000E-01 3.981071700E-09 3.188450000E-04
1.50000E-01 5.011872300E-06 3.530032600E+05
1.50000E-01 5.011872300E-07 5.260327900E+04
1.50000E-01 5.011872300E-08 7.324339400E+00
1.50000E-01 5.011872300E-09 8.394914500E-04
1.50000E-01 6.309573400E-06 1.288783700E+05
1.50000E-01 6.309573400E-07 1.117531800E+05
1.50000E-01 6.309573400E-08 1.968810100E+01
1.50000E-01 6.309573400E-09 1.851538500E-03
1.50000E-01 7.943282300E-06 1.808977700E+04
1.50000E-01 7.943282300E-07 2.310102400E+05
1.50000E-01 7.943282300E-08 5.080876200E+01
1.50000E-01 7.943282300E-09 4.852509400E-03
2.00000E-01 1.258925400E-05 3.890813000E-04
2.00000E-01 1.258925400E-06 5.418710000E+05
2.00000E-01 1.258925400E-07 4.987843300E+02
2.00000E-01 1.258925400E-08 4.723711500E-02
2.00000E-01 1.258925400E-09 5.052898200E-06
2.00000E-01 1.584893200E-05 2.001128300E-08
2.00000E-01 1.584893200E-06 6.258597800E+05
2.00000E-01 1.584893200E-07 1.188785800E+03
2.00000E-01 1.584893200E-08 1.172049800E-01
2.00000E-01 1.584893200E-09 1.206988400E-05
2.00000E-01 1.995262300E-05 1.447991900E-20
2.00000E-01 1.995262300E-06 6.135489300E+05
2.00000E-01 1.995262300E-07 2.796588200E+03
2.00000E-01 1.995262300E-08 3.236144900E-01
2.00000E-01 1.995262300E-09 3.223474600E-05
2.00000E-01 1.000000000E-05 3.082787700E+01
2.00000E-01 1.000000000E-06 3.618036400E+05
2.00000E-01 1.000000000E-07 2.015079700E+02
2.00000E-01 1.000000000E-08 1.956737200E-02
2.00000E-01 1.000000000E-09 2.080805800E-06
2.00000E-01 2.511886400E-05 5.875924400E-29
2.00000E-01 2.511886400E-06 5.524009800E+05
2.00000E-01 2.511886400E-07 6.516922400E+03
2.00000E-01 2.511886400E-08 7.793350000E-01
2.00000E-01 2.511886400E-09 8.003401100E-05
2.00000E-01 3.162277700E-06 2.868830100E+05
2.00000E-01 3.162277700E-07 1.536922300E+04
2.00000E-01 3.162277700E-08 1.858289500E+00
2.00000E-01 3.162277700E-09 1.791446800E-04
2.00000E-01 3.981071700E-06 1.801606400E+05
2.00000E-01 3.981071700E-07 3.407981900E+04
2.00000E-01 3.981071700E-08 5.348384300E+00
2.00000E-01 3.981071700E-09 5.011836600E-04
2.00000E-01 5.011872300E-06 5.729897100E+04
2.00000E-01 5.011872300E-07 6.892377300E+04
2.00000E-01 5.011872300E-08 1.236717200E+01
2.00000E-01 5.011872300E-09 1.276000500E-03
2.00000E-01 6.309573400E-06 5.286059700E+03
2.00000E-01 6.309573400E-07 1.403624600E+05
2.00000E-01 6.309573400E-08 3.020781000E+01
2.00000E-01 6.309573400E-09 2.986307400E-03
2.00000E-01 7.943282300E-06 4.544866500E+03
2.00000E-01 7.943282300E-07 2.287795300E+05
2.00000E-01 7.943282300E-08 8.355373100E+01
2.00000E-01 7.943282300E-09 7.689903600E-03
2.50000E-01 1.122018454E-05 2.625077100E-13
2.50000E-01 1.122018454E-05 2.099671500E-13
2.50000E-01 1.258925400E-05 5.242668800E-17
2.50000E-01 1.258925400E-06 4.023536500E+05
2.50000E-01 1.258925400E-07 2.509073000E+03
2.50000E-01 1.258925400E-08 2.776545700E-01
2.50000E-01 1.258925400E-09 2.878050400E-05
2.50000E-01 1.412537545E-05 1.071645100E-32
2.50000E-01 1.412537545E-05 2.632378000E-27
2.50000E-01 1.584893200E-05 6.157255800E-31
2.50000E-01 1.584893200E-06 3.246700300E+05
2.50000E-01 1.584893200E-07 6.074160600E+03
2.50000E-01 1.584893200E-08 6.742074400E-01
2.50000E-01 1.584893200E-09 7.366345700E-05
2.50000E-01 1.778279410E-05 2.860982600E-30
2.50000E-01 1.995262300E-06 1.786081600E+05
2.50000E-01 1.995262300E-07 1.331727700E+04
2.50000E-01 1.995262300E-08 1.687104600E+00
2.50000E-01 1.995262300E-09 1.658497200E-04
2.50000E-01 1.000000000E-05 2.749969400E-08
2.50000E-01 1.000000000E-06 4.119369400E+05
2.50000E-01 1.000000000E-07 1.026846800E+03
2.50000E-01 1.000000000E-08 1.138894500E-01
2.50000E-01 1.000000000E-09 1.100938800E-05
2.50000E-01 2.511886400E-06 9.146499000E+04
2.50000E-01 2.511886400E-07 2.861817300E+04
2.50000E-01 2.511886400E-08 4.771817200E+00
2.50000E-01 2.511886400E-09 4.475034000E-04
2.50000E-01 3.162277700E-06 2.809037400E+04
2.50000E-01 3.162277700E-07 6.060376200E+04
2.50000E-01 3.162277700E-08 1.097265100E+01
2.50000E-01 3.162277700E-09 1.103295500E-03
2.50000E-01 3.981071700E-06 4.150347100E+03
2.50000E-01 3.981071700E-07 1.141031700E+05
2.50000E-01 3.981071700E-08 2.887086300E+01
2.50000E-01 3.981071700E-09 2.789585800E-03
2.50000E-01 5.011872300E-06 1.063207900E+02
2.50000E-01 5.011872300E-07 1.928902900E+05
2.50000E-01 5.011872300E-08 7.193509200E+01
2.50000E-01 5.011872300E-09 7.475657500E-03
2.50000E-01 6.309573400E-06 5.731861900E+00
2.50000E-01 6.309573400E-07 2.969180500E+05
2.50000E-01 6.309573400E-08 1.757226300E+02
2.50000E-01 6.309573400E-09 1.913907800E-02
2.50000E-01 7.943282300E-06 2.804770400E-02
2.50000E-01 7.943282300E-07 4.032891200E+05
2.50000E-01 7.943282300E-08 4.021175300E+02
2.50000E-01 7.943282300E-09 4.329024100E-02
3.00000E-01 1.258925400E-05 1.989201700E-32
3.00000E-01 1.258925400E-06 1.673437200E+05
3.00000E-01 1.258925400E-07 3.158419500E+03
3.00000E-01 1.258925400E-08 3.790813600E-01
3.00000E-01 1.258925400E-09 4.186683000E-05
3.00000E-01 1.584893200E-06 1.120108600E+05
3.00000E-01 1.584893200E-07 7.276239000E+03
3.00000E-01 1.584893200E-08 9.599911200E-01
3.00000E-01 1.584893200E-09 9.484400900E-05
3.00000E-01 1.995262300E-06 4.784882900E+04
3.00000E-01 1.995262300E-07 1.574642500E+04
3.00000E-01 1.995262300E-08 2.564979100E+00
3.00000E-01 1.995262300E-09 2.430796500E-04
3.00000E-01 1.000000000E-05 2.772277000E-17
3.00000E-01 1.000000000E-06 2.312354200E+05
3.00000E-01 1.000000000E-07 1.428287600E+03
3.00000E-01 1.000000000E-08 1.542853600E-01
3.00000E-01 1.000000000E-09 1.499914400E-05
3.00000E-01 2.511886400E-06 1.975985400E+04
3.00000E-01 2.511886400E-07 3.294682800E+04
3.00000E-01 2.511886400E-08 6.030677900E+00
3.00000E-01 2.511886400E-09 5.986841100E-04
3.00000E-01 3.162277700E-06 3.034406600E+03
3.00000E-01 3.162277700E-07 5.981116800E+04
3.00000E-01 3.162277700E-08 1.451212000E+01
3.00000E-01 3.162277700E-09 1.522783500E-03
3.00000E-01 3.981071700E-06 7.912533800E+01
3.00000E-01 3.981071700E-07 1.076851900E+05
3.00000E-01 3.981071700E-08 3.677740200E+01
3.00000E-01 3.981071700E-09 3.768084000E-03
3.00000E-01 5.011872300E-06 7.815587800E-01
3.00000E-01 5.011872300E-07 1.656915000E+05
3.00000E-01 5.011872300E-08 9.088321800E+01
3.00000E-01 5.011872300E-09 9.126858600E-03
3.00000E-01 6.309573400E-06 9.577730300E-04
3.00000E-01 6.309573400E-07 2.121206200E+05
3.00000E-01 6.309573400E-08 2.411809200E+02
3.00000E-01 6.309573400E-09 2.397709200E-02
3.00000E-01 7.943282300E-06 5.487670800E-11
3.00000E-01 7.943282300E-07 2.438264000E+05
3.00000E-01 7.943282300E-08 5.859882000E+02
3.00000E-01 7.943282300E-09 5.652917300E-02
3.50000E-01 1.258925400E-06 7.945303200E+04
3.50000E-01 1.258925400E-07 3.343308300E+03
3.50000E-01 1.258925400E-08 4.327225100E-01
3.50000E-01 1.258925400E-09 4.627455100E-05
3.50000E-01 1.584893200E-06 2.649021200E+04
3.50000E-01 1.584893200E-07 7.544511600E+03
3.50000E-01 1.584893200E-08 1.096863500E+00
3.50000E-01 1.584893200E-09 1.100612000E-04
3.50000E-01 1.995262300E-06 1.227921700E+04
3.50000E-01 1.995262300E-07 1.537244000E+04
3.50000E-01 1.995262300E-08 2.461012700E+00
3.50000E-01 1.995262300E-09 2.595893000E-04
3.50000E-01 1.000000000E-05 7.263759000E-27
3.50000E-01 1.000000000E-06 1.246294300E+05
3.50000E-01 1.000000000E-07 1.392595000E+03
3.50000E-01 1.000000000E-08 1.629776500E-01
3.50000E-01 1.000000000E-09 1.687636600E-05
3.50000E-01 2.511886400E-06 3.155200600E+03
3.50000E-01 2.511886400E-07 3.014678200E+04
3.50000E-01 2.511886400E-08 7.089118500E+00
3.50000E-01 2.511886400E-09 6.768148100E-04
3.50000E-01 3.162277700E-06 9.783395700E+01
3.50000E-01 3.162277700E-07 5.248642900E+04
3.50000E-01 3.162277700E-08 1.604715400E+01
3.50000E-01 3.162277700E-09 1.690961400E-03
3.50000E-01 3.981071700E-06 2.308000800E+01
3.50000E-01 3.981071700E-07 8.689401000E+04
3.50000E-01 3.981071700E-08 4.570207800E+01
3.50000E-01 3.981071700E-09 4.013507100E-03
3.50000E-01 5.011872300E-06 8.341911300E-03
3.50000E-01 5.011872300E-07 1.232435600E+05
3.50000E-01 5.011872300E-08 1.008442900E+02
3.50000E-01 5.011872300E-09 1.048884100E-02
3.50000E-01 6.309573400E-06 8.498296700E-05
3.50000E-01 6.309573400E-07 1.416988100E+05
3.50000E-01 6.309573400E-08 2.462160700E+02
3.50000E-01 6.309573400E-09 2.482599800E-02
3.50000E-01 7.943282300E-06 9.418268500E-15
3.50000E-01 7.943282300E-07 1.392036200E+05
3.50000E-01 7.943282300E-08 6.266388600E+02
3.50000E-01 7.943282300E-09 7.114933400E-02
4.00000E-01 1.258925400E-06 2.573061300E+04
4.00000E-01 1.258925400E-07 3.561610500E+03
4.00000E-01 1.258925400E-08 4.770954100E-01
4.00000E-01 1.258925400E-09 4.648183400E-05
4.00000E-01 1.584893200E-06 1.231684400E+04
4.00000E-01 1.584893200E-07 7.488713900E+03
4.00000E-01 1.584893200E-08 1.219245500E+00
4.00000E-01 1.584893200E-09 1.207358500E-04
4.00000E-01 1.995262300E-06 3.516134300E+03
4.00000E-01 1.995262300E-07 1.522734400E+04
4.00000E-01 1.995262300E-08 3.004804400E+00
4.00000E-01 1.995262300E-09 3.249875500E-04
4.00000E-01 1.000000000E-05 1.363068100E-36
4.00000E-01 1.000000000E-06 4.685595300E+04
4.00000E-01 1.000000000E-07 1.552670700E+03
4.00000E-01 1.000000000E-08 2.026317900E-01
4.00000E-01 1.000000000E-09 2.019806100E-05
4.00000E-01 2.511886400E-06 4.510029800E+02
4.00000E-01 2.511886400E-07 2.888301700E+04
4.00000E-01 2.511886400E-08 7.399466000E+00
4.00000E-01 2.511886400E-09 7.903636000E-04
4.00000E-01 3.162277700E-06 2.969495500E+01
4.00000E-01 3.162277700E-07 4.794764400E+04
4.00000E-01 3.162277700E-08 1.998184000E+01
4.00000E-01 3.162277700E-09 1.876462900E-03
4.00000E-01 3.981071700E-06 8.688945600E-04
4.00000E-01 3.981071700E-07 6.497281300E+04
4.00000E-01 3.981071700E-08 4.831117900E+01
4.00000E-01 3.981071700E-09 5.250653800E-03
4.00000E-01 5.011872300E-06 2.954149000E-07
4.00000E-01 5.011872300E-07 8.576851100E+04
4.00000E-01 5.011872300E-08 1.178152400E+02
4.00000E-01 5.011872300E-09 1.228703000E-02
4.00000E-01 6.309573400E-06 6.726343800E-11
4.00000E-01 6.309573400E-07 8.358531500E+04
4.00000E-01 6.309573400E-08 2.917780700E+02
4.00000E-01 6.309573400E-09 3.212289600E-02
4.00000E-01 7.943282300E-06 1.683499700E-17
4.00000E-01 7.943282300E-07 8.792030400E+04
4.00000E-01 7.943282300E-08 6.681141400E+02
4.00000E-01 7.943282300E-09 7.771071600E-02
4.50000E-01 1.258925400E-06 8.277077700E+03
4.50000E-01 1.258925400E-07 3.413300200E+03
4.50000E-01 1.258925400E-08 4.997481400E-01
4.50000E-01 1.258925400E-09 4.989379500E-05
4.50000E-01 1.584893200E-06 2.306601900E+03
4.50000E-01 1.584893200E-07 6.579878600E+03
4.50000E-01 1.584893200E-08 1.273323700E+00
4.50000E-01 1.584893200E-09 1.204142900E-04
4.50000E-01 1.995262300E-06 1.516293100E+02
4.50000E-01 1.995262300E-07 1.259430200E+04
4.50000E-01 1.995262300E-08 2.909213600E+00
4.50000E-01 1.995262300E-09 3.302166000E-04
4.50000E-01 1.000000000E-06 2.355096000E+04
4.50000E-01 1.000000000E-07 1.467113900E+03
4.50000E-01 1.000000000E-08 1.989508000E-01
4.50000E-01 1.000000000E-09 2.007291000E-05
4.50000E-01 2.511886400E-06 6.824775000E+00
4.50000E-01 2.511886400E-07 2.281798900E+04
4.50000E-01 2.511886400E-08 7.483821700E+00
4.50000E-01 2.511886400E-09 8.116723600E-04
4.50000E-01 3.162277700E-06 3.652006000E-02
4.50000E-01 3.162277700E-07 3.461452000E+04
4.50000E-01 3.162277700E-08 1.965668400E+01
4.50000E-01 3.162277700E-09 1.933414700E-03
4.50000E-01 3.981071700E-06 5.504845400E-04
4.50000E-01 3.981071700E-07 4.485344700E+04
4.50000E-01 3.981071700E-08 4.660303800E+01
4.50000E-01 3.981071700E-09 5.130622500E-03
4.50000E-01 5.011872300E-06 4.398694900E-14
4.50000E-01 5.011872300E-07 5.061881100E+04
4.50000E-01 5.011872300E-08 1.239896400E+02
4.50000E-01 5.011872300E-09 1.200070400E-02
4.50000E-01 6.309573400E-06 1.644177200E-17
4.50000E-01 6.309573400E-07 5.339166900E+04
4.50000E-01 6.309573400E-08 2.755791600E+02
4.50000E-01 6.309573400E-09 3.103809500E-02
4.50000E-01 7.943282300E-06 6.292273300E-37
4.50000E-01 7.943282300E-07 3.918623800E+04
4.50000E-01 7.943282300E-08 6.461519300E+02
4.50000E-01 7.943282300E-09 7.295370100E-02
5.00000E-01 1.258925400E-06 1.876065900E+03
5.00000E-01 1.258925400E-07 2.565595900E+03
5.00000E-01 1.258925400E-08 4.094588300E-01
5.00000E-01 1.258925400E-09 4.608173000E-05
5.00000E-01 1.584893200E-06 7.449742500E+02
5.00000E-01 1.584893200E-07 4.966094400E+03
5.00000E-01 1.584893200E-08 1.088178600E+00
5.00000E-01 1.584893200E-09 1.101489400E-04
5.00000E-01 1.995262300E-06 3.755323900E+01
5.00000E-01 1.995262300E-07 9.497487200E+03
5.00000E-01 1.995262300E-08 2.788695400E+00
5.00000E-01 1.995262300E-09 2.591765400E-04
5.00000E-01 1.000000000E-06 6.454627000E+03
5.00000E-01 1.000000000E-07 1.165417600E+03
5.00000E-01 1.000000000E-08 1.745760700E-01
5.00000E-01 1.000000000E-09 1.620354900E-05
5.00000E-01 2.511886400E-06 1.268246300E-01
5.00000E-01 2.511886400E-07 1.539313400E+04
5.00000E-01 2.511886400E-08 6.354851800E+00
5.00000E-01 2.511886400E-09 6.864342800E-04
5.00000E-01 3.162277700E-06 2.125453200E-02
5.00000E-01 3.162277700E-07 2.154773200E+04
5.00000E-01 3.162277700E-08 1.702679300E+01
5.00000E-01 3.162277700E-09 1.679895600E-03
5.00000E-01 3.981071700E-06 3.043135600E-09
5.00000E-01 3.981071700E-07 2.573078000E+04
5.00000E-01 3.981071700E-08 4.103427900E+01
5.00000E-01 3.981071700E-09 4.273140400E-03
5.00000E-01 5.011872300E-06 2.225524500E-17
5.00000E-01 5.011872300E-07 2.837321400E+04
5.00000E-01 5.011872300E-08 9.997589200E+01
5.00000E-01 5.011872300E-09 1.027014600E-02
5.00000E-01 6.309573400E-06 1.106584100E-25
5.00000E-01 6.309573400E-07 2.101939100E+04
5.00000E-01 6.309573400E-08 2.361258500E+02
5.00000E-01 6.309573400E-09 2.427167500E-02
5.00000E-01 7.943282300E-07 1.294911300E+04
5.00000E-01 7.943282300E-08 5.566978400E+02
5.00000E-01 7.943282300E-09 6.482166200E-02
5.50000E-01 1.258925400E-06 4.106010500E+02
5.50000E-01 1.258925400E-07 1.615661500E+03
5.50000E-01 1.258925400E-08 3.238758400E-01
5.50000E-01 1.584893200E-06 4.555490900E+01
5.50000E-01 1.584893200E-07 3.166773200E+03
5.50000E-01 1.584893200E-08 7.897440500E-01
5.50000E-01 1.995262300E-06 9.370106800E-01
5.50000E-01 1.995262300E-07 5.574221100E+03
5.50000E-01 1.995262300E-08 1.893446000E+00
5.50000E-01 1.000000000E-06 1.819154800E+03
5.50000E-01 1.000000000E-07 8.577407600E+02
5.50000E-01 1.000000000E-08 1.202823600E-01
5.50000E-01 2.511886400E-06 6.578830900E-03
5.50000E-01 2.511886400E-07 7.969186300E+03
5.50000E-01 2.511886400E-08 4.847271900E+00
5.50000E-01 3.162277700E-06 1.464522600E-05
5.50000E-01 3.162277700E-07 1.054573600E+04
5.50000E-01 3.162277700E-08 1.253099900E+01
5.50000E-01 3.162277700E-09 1.269165800E-03
5.50000E-01 3.981071700E-06 5.456306300E-12
5.50000E-01 3.981071700E-07 1.208250900E+04
5.50000E-01 3.981071700E-08 2.854402900E+01
5.50000E-01 3.981071700E-09 3.069167700E-03
5.50000E-01 5.011872300E-06 1.652723400E-22
5.50000E-01 5.011872300E-07 1.121596700E+04
5.50000E-01 5.011872300E-08 6.883276500E+01
5.50000E-01 5.011872300E-09 7.666903900E-03
5.50000E-01 6.309573400E-06 1.384806000E-36
5.50000E-01 6.309573400E-07 9.255196800E+03
5.50000E-01 6.309573400E-08 1.646726600E+02
5.50000E-01 6.309573400E-09 1.927791900E-02
5.50000E-01 7.943282300E-07 4.754873400E+03
5.50000E-01 7.943282300E-08 4.004004800E+02
5.50000E-01 7.943282300E-09 4.873942400E-02
6.00000E-01 1.258925400E-06 4.739255000E+01
6.00000E-01 1.258925400E-07 6.981988500E+02
6.00000E-01 1.258925400E-08 1.611454400E-01
6.00000E-01 1.584893200E-06 5.701653900E+00
6.00000E-01 1.584893200E-07 1.226337500E+03
6.00000E-01 1.584893200E-08 3.862474300E-01
6.00000E-01 1.995262300E-06 1.233709700E-02
6.00000E-01 1.995262300E-07 1.994862000E+03
6.00000E-01 1.995262300E-08 9.827988400E-01
6.00000E-01 1.000000000E-06 2.009991800E+02
6.00000E-01 1.000000000E-07 3.561776500E+02
6.00000E-01 1.000000000E-08 6.226107800E-02
6.00000E-01 2.511886400E-06 8.846447700E-07
6.00000E-01 2.511886400E-07 2.524145800E+03
6.00000E-01 2.511886400E-08 2.572984500E+00
6.00000E-01 3.162277700E-06 2.088364900E-12
6.00000E-01 3.162277700E-07 3.094854500E+03
6.00000E-01 3.162277700E-08 6.051989600E+00
6.00000E-01 3.162277700E-09 6.043827500E-04
6.00000E-01 3.981071700E-06 1.415193300E-17
6.00000E-01 3.981071700E-07 3.200170500E+03
6.00000E-01 3.981071700E-08 1.468750500E+01
6.00000E-01 3.981071700E-09 1.630662000E-03
6.00000E-01 5.011872300E-06 2.190095600E-37
6.00000E-01 5.011872300E-07 2.581748900E+03
6.00000E-01 5.011872300E-08 3.284611800E+01
6.00000E-01 5.011872300E-09 3.973986700E-03
6.00000E-01 6.309573400E-07 1.472381500E+03
6.00000E-01 6.309573400E-08 7.211023000E+01
6.00000E-01 6.309573400E-09 9.756041500E-03
6.00000E-01 7.943282300E-07 9.487534100E+02
6.00000E-01 7.943282300E-08 1.772821400E+02
6.00000E-01 7.943282300E-09 2.451720500E-02
