0.4 0.00012589254 0.0092036815 0 0.0
0.4 0.00015848932 0.0062062062 0 0.0
0.4 0.00019952623 0.0080112157 0 0.0
0.4 0.0001 0.0088088088 0 0.0
0.4 0.00025118864 0.0070042025 0 0.0
0.4 0.00031622777 0.0094037615 0 0.0
0.4 1.2589254e-05 0.010408327 0 0.0
0.4 1.2589254e-06 0.0078125 0 0.0
0.4 1.2589254e-07 0.0080032013 0 0.0
0.4 1.2589254e-08 0.0088123373 2.1933106e-06 1
0.4 1.2589254e-09 0.0098117741 2.5078915e-08 0
0.4 1.5848932e-05 0.010012014 0 0.0
0.4 1.5848932e-06 0.0082082082 0 0.0
0.4 1.5848932e-07 0.0098039216 0 0.0
0.4 1.5848932e-08 0.0092018404 0 0.0
0.4 1.5848932e-09 0.0058046437 0 0.0
0.4 1.9952623e-05 0.010608487 0 0.0
0.4 1.9952623e-06 0.006002401 0 0.0
0.4 1.9952623e-07 0.0076137047 0 0.0
0.4 1.9952623e-08 0.0084033613 0 0.0
0.4 1.9952623e-09 0.007806245 0 0.0
0.4 1e-05 0.0072086504 0 0.0
0.4 1e-06 0.010608487 0 0.0
0.4 1e-07 0.0076060849 0 0.0
0.4 1e-08 0.0084067254 0 0.0
0.4 1e-09 0.010208167 2.4935235e-08 1
0.4 2.5118864e-05 0.0096076861 0 0.0
0.4 2.5118864e-06 0.0066026411 0 0.0
0.4 2.5118864e-07 0.0074074074 0.0028029656 1
0.4 2.5118864e-08 0.0076076076 0 0.0
0.4 2.5118864e-09 0.006204964 0 0.0
0.4 3.1622777e-05 0.008204923 0 0.0
0.4 3.1622777e-06 0.008405043 0 0.0
0.4 3.1622777e-07 0.0068054444 0 0.0
0.4 3.1622777e-08 0.0088105727 0 0.0
0.4 3.1622777e-09 0.009010813 0 0.0
0.4 3.9810717e-05 0.0080096115 0 0.0
0.4 3.9810717e-06 0.0084100921 0 0.0
0.4 3.9810717e-07 0.0096115338 0 0.0
0.4 3.9810717e-08 0.0094094094 0 0.0
0.4 3.9810717e-09 0.0066052842 0 0.0
0.4 5.0118723e-05 0.0096019204 0 0.0
0.4 5.0118723e-06 0.0068027211 0 0.0
0.4 5.0118723e-07 0.0084067254 0 0.0
0.4 5.0118723e-08 0.0066079295 0 0.0
0.4 5.0118723e-09 0.007007007 0 0.0
0.4 6.3095734e-05 0.0076060849 0 0.0
0.4 6.3095734e-06 0.0062037222 0 0.0
0.4 6.3095734e-07 0.0098117741 0 0.0
0.4 6.3095734e-08 0.0092092092 0 0.0
0.4 6.3095734e-09 0.0080032013 2.0555124e-06 1
0.4 7.9432823e-05 0.0096134588 0 0.0
0.4 7.9432823e-06 0.0070098137 0 0.0
0.4 7.9432823e-07 0.009009009 0 0.0
0.4 7.9432823e-08 0.0074029612 0 0.0
0.4 7.9432823e-09 0.0090036014 1.1532459e-06 1
0.45 0.00012589254 0.012212212 0 0.0
0.45 0.00015848932 0.013202641 0 0.0
0.45 0.00019952623 0.014602921 0 0.0
0.45 0.0001 0.013408045 0 0.0
0.45 0.00025118864 0.013405362 0 0.0
0.45 0.00031622777 0.015021029 0 0.0
0.45 1.2589254e-05 0.016219463 0 0.0
0.45 1.2589254e-06 0.011019836 0 0.0
0.45 1.2589254e-07 0.015809486 0.00068640275 1
0.45 1.2589254e-08 0.014208525 3.2741362e-06 1
0.45 1.2589254e-09 0.015006002 0 0.0
0.45 1.5848932e-05 0.015215215 0 0.0
0.45 1.5848932e-06 0.012409928 0.00063678466 0
0.45 1.5848932e-07 0.016623273 0 0.0
0.45 1.5848932e-08 0.015209125 0 0.0
0.45 1.5848932e-09 0.015209125 1.6548296e-07 1
0.45 1.9952623e-05 0.013210568 0 0.0
0.45 1.9952623e-06 0.017603521 0 0.0
0.45 1.9952623e-07 0.013413413 0.00087858453 1
0.45 1.9952623e-08 0.011814177 0 0.0
0.45 1.9952623e-09 0.014617541 0 0.0
0.45 1e-05 0.012807685 0 0.0
0.45 1e-06 0.012404962 0 0.0
0.45 1e-07 0.013605442 0 0.0
0.45 1e-08 0.014814815 0 0.0
0.45 1e-09 0.012412412 3.3709966e-08 1
0.45 2.5118864e-05 0.017210326 0 0.0
0.45 2.5118864e-06 0.016003201 2.8292552e-07 0
0.45 2.5118864e-07 0.015615616 0.0014909535 1
0.45 2.5118864e-08 0.014214214 0 0.0
0.45 2.5118864e-09 0.017410446 1.1193162e-07 1
0.45 3.1622777e-05 0.013619067 0 0.0
0.45 3.1622777e-06 0.012012012 0 0.0
0.45 3.1622777e-07 0.01621297 0.002822689 1
0.45 3.1622777e-08 0.012802561 3.880238e-05 1
0.45 3.1622777e-09 0.014411529 1.1226786e-07 1
0.45 3.9810717e-05 0.021408563 0 0.0
0.45 3.9810717e-06 0.013802761 0 0.0
0.45 3.9810717e-07 0.011006604 0.0048160954 1
0.45 3.9810717e-08 0.014408645 0 0.0
0.45 3.9810717e-09 0.013010408 0 0.0
0.45 5.0118723e-05 0.014019627 0 0.0
0.45 5.0118723e-06 0.012009608 0 0.0
0.45 5.0118723e-07 0.014411529 0 0.0
0.45 5.0118723e-08 0.014814815 7.428212e-05 0.3428558
0.45 5.0118723e-09 0.015618742 0 0.0
0.45 6.3095734e-05 0.014614615 0 0.0
0.45 6.3095734e-06 0.01421706 0 0.0
0.45 6.3095734e-07 0.014802961 0 0.0
0.45 6.3095734e-08 0.011611612 0.00016800486 0
0.45 6.3095734e-09 0.016209726 0 0.0
0.45 7.9432823e-05 0.013215859 0 0.0
0.45 7.9432823e-06 0.012610088 0 0.0
0.45 7.9432823e-07 0.012207324 0.0038797191 0
0.45 7.9432823e-08 0.012610088 0 0.0
0.45 7.9432823e-09 0.011404562 0 0.0
0.4 1.5848932e-08 0.0086103324 0 0.0
0.4 1.9952623e-06 0.0070098137 0 0.0
0.5 0.00012589254 0.021016813 0 0.0
0.5 0.00015848932 0.018218218 0 0.0
0.5 0.00019952623 0.018622347 0 0.0
0.5 0.0001 0.019611767 0 0.0
0.5 0.00025118864 0.015215215 0 0.0
0.5 0.00031622777 0.018003601 0 0.0
0.5 1.2589254e-05 0.022413448 0 0.0
0.5 1.2589254e-06 0.019219219 2.7314009e-08 0
0.5 1.2589254e-07 0.018411047 0.00037040395 1
0.5 1.2589254e-08 0.019411647 1.0215985e-05 1
0.5 1.2589254e-09 0.021033654 0 0.0
0.5 1.5848932e-05 0.021221221 0 0.0
0.5 1.5848932e-06 0.019807923 0.00038526945 1
0.5 1.5848932e-07 0.019207683 0 0.0
0.5 1.5848932e-08 0.024219376 1.2484576e-05 1
0.5 1.5848932e-09 0.019415532 0 0.0
0.5 1.9952623e-05 0.020612367 0 0.0
0.5 1.9952623e-06 0.018822587 0 0.0
0.5 1.9952623e-07 0.017206883 0 0.0
0.5 1.9952623e-08 0.018214572 0 0.0
0.5 1.9952623e-09 0.019007603 0 0.0
0.5 1e-05 0.024614769 0 0.0
0.5 1e-06 0.019419419 0.0014534116 1
0.5 1e-07 0.017624675 0.00014809152 1
0.5 1e-08 0.016816817 1.8738803e-06 1
0.5 1e-09 0.015825321 6.0071463e-08 1
0.5 2.5118864e-05 0.022404481 0 0.0
0.5 2.5118864e-06 0.023432806 1.0870113e-12 1
0.5 2.5118864e-07 0.019835704 0.0018836283 1
0.5 2.5118864e-08 0.017810686 0 0.0
0.5 2.5118864e-09 0.024409764 0 0.0
0.5 3.1622777e-05 0.021438589 0 0.0
0.5 3.1622777e-06 0.021021021 4.9174823e-11 1.1487296e-24
0.5 3.1622777e-07 0.020616493 0 0.0
0.5 3.1622777e-08 0.018622347 0 0.0
0.5 3.1622777e-09 0.017810686 0 0.0
0.5 3.9810717e-05 0.02064542 0 0.0
0.5 3.9810717e-06 0.019827759 0 0.0
0.5 3.9810717e-07 0.017013611 0.0025510125 1
0.5 3.9810717e-08 0.019627478 2.283295e-05 1
0.5 3.9810717e-09 0.018403681 1.8577576e-07 1
0.5 5.0118723e-05 0.019815853 0 0.0
0.5 5.0118723e-06 0.019615693 0 0.0
0.5 5.0118723e-07 0.020012007 0.0023157556 0
0.5 5.0118723e-08 0.019419419 8.2529889e-05 1
0.5 5.0118723e-09 0.018021626 3.8684431e-07 1
0.5 6.3095734e-05 0.018811287 0 0.0
0.5 6.3095734e-06 0.021808723 0 0.0
0.5 6.3095734e-07 0.023027633 0 0.0
0.5 6.3095734e-08 0.022408964 0.0002781871 0.14681435
0.5 6.3095734e-09 0.023009204 0 0.0
0.5 7.9432823e-05 0.017406963 0 0.0
0.5 7.9432823e-06 0.019403881 0 0.0
0.5 7.9432823e-07 0.020436786 0.0022404065 1
0.5 7.9432823e-08 0.017406963 0 0.0
0.5 7.9432823e-09 0.022627153 0 0.0
0.55 1.2589254e-05 0.03043043 0 0.0
0.55 1.2589254e-06 0.031231231 0 0.0
0.55 1.2589254e-07 0.029005801 0.00070612713 0
0.55 1.2589254e-08 0.030012005 1.0129774e-05 0.3107756
0.55 1.5848932e-05 0.032826261 0 0.0
0.55 1.5848932e-06 0.032419452 5.3760348e-05 0
0.55 1.5848932e-07 0.029023219 0 0.0
0.55 1.5848932e-08 0.028622898 0 0.0
0.55 1.9952623e-05 0.03142514 0 0.0
0.55 1.9952623e-06 0.029835803 0 0.0
0.55 1.9952623e-07 0.032613045 0.001653017 0
0.55 1.9952623e-08 0.033647106 0 0.0
0.55 1e-05 0.032012805 0 0.0
0.55 1e-06 0.030218131 0 0.0
0.55 1e-07 0.035843012 0 0.0
0.55 1e-08 0.034620772 0 0.0
0.55 2.5118864e-05 0.032639167 0 0.0
0.55 2.5118864e-06 0.031218731 3.5626033e-21 0
0.55 2.5118864e-07 0.033620172 0.0016787712 1
0.55 2.5118864e-08 0.036021613 0 0.0
0.55 3.1622777e-05 0.029835803 0 0.0
0.55 3.1622777e-06 0.032006401 1.8541353e-19 1
0.55 3.1622777e-07 0.028428428 0.0012736804 1
0.55 3.1622777e-08 0.025820657 0 0.0
0.55 3.1622777e-09 0.028823058 0 0.0
0.55 3.9810717e-06 0.028233881 0 0.0
0.55 3.9810717e-07 0.035614246 0.0028639083 0.57787522
0.55 3.9810717e-08 0.038030424 2.3689021e-05 1
0.55 3.9810717e-09 0.033219932 0 0.0
0.55 5.0118723e-06 0.035807161 0 0.0
0.55 5.0118723e-07 0.033606721 0.002479708 0.46168803
0.55 5.0118723e-08 0.033433433 0.00020388295 0.14554108
0.55 5.0118723e-09 0.031043461 0 0.0
0.55 6.3095734e-06 0.027232679 0 0.0
0.55 6.3095734e-07 0.0316253 0 0.0
0.55 6.3095734e-08 0.033620172 0 0.0
0.55 6.3095734e-09 0.031212485 3.4878885e-06 0
0.55 7.9432823e-06 0.032813125 0 0.0
0.55 7.9432823e-07 0.030224179 0.00024261294 1
0.55 7.9432823e-08 0.034413766 0.00058613248 0.7399226
0.55 7.9432823e-09 0.028422738 0 0.0
0.6 1.2589254e-05 0.044417767 0 0.0
0.6 1.2589254e-06 0.045627376 4.0659629e-09 1
0.6 1.2589254e-07 0.04663731 0.00069853916 1
0.6 1.2589254e-08 0.046018407 3.1925414e-06 1
0.6 1.5848932e-05 0.052041633 0 0.0
0.6 1.5848932e-06 0.051641313 7.7199775e-07 0.99980262
0.6 1.5848932e-07 0.046418567 0.00096003453 0.20900159
0.6 1.5848932e-08 0.046418567 5.5483557e-06 1
0.6 1.9952623e-05 0.046828097 0 0.0
0.6 1.9952623e-06 0.049029418 6.9795957e-10 0
0.6 1.9952623e-07 0.047447447 0.00031887322 1
0.6 1.9952623e-08 0.046255507 0 0.0
0.6 1e-05 0.051210242 0 0.0
0.6 1e-06 0.04643715 0 0.0
0.6 1e-07 0.046618647 0 0.0
0.6 1e-08 0.046227737 6.4052632e-06 1
0.6 2.5118864e-05 0.048448448 0 0.0
0.6 2.5118864e-06 0.050220088 8.1167887e-17 1
0.6 2.5118864e-07 0.042416967 0.0011633338 0
0.6 2.5118864e-08 0.047218888 0 0.0
0.6 3.1622777e-05 0.046828097 0 0.0
0.6 3.1622777e-06 0.046018407 0 0.0
0.6 3.1622777e-07 0.044626776 0.001458925 0
0.6 3.1622777e-08 0.048009602 0 0.0
0.6 3.1622777e-09 0.045272436 2.2573621e-07 0
0.6 3.9810717e-06 0.047819128 0 0.0
0.6 3.9810717e-07 0.047466453 0.0010855532 0
0.6 3.9810717e-08 0.050410082 0 0.0
0.6 3.9810717e-09 0.049629778 6.966354e-07 0.19687907
0.6 5.0118723e-06 0.051210242 0 0.0
0.6 5.0118723e-07 0.044417767 0 0.0
0.6 5.0118723e-08 0.048028817 0.00013505643 1
0.6 5.0118723e-09 0.048 2.881827e-06 0.62768236
0.6 6.3095734e-06 0.048209642 3.0738441e-43 1
0.6 6.3095734e-07 0.046627977 0.00070927935 1
0.6 6.3095734e-08 0.046856227 4.0367695e-05 0
0.6 6.3095734e-09 0.047028217 1.3678446e-06 1
0.6 7.9432823e-06 0.048819528 0 0.0
0.6 7.9432823e-07 0.052842274 0.00054360875 0
0.6 7.9432823e-08 0.047266173 0.00012126032 1
0.6 7.9432823e-09 0.053031819 3.1790894e-06 0
0.65 1.1220184543e-06 0.077230892 7.4570095e-06 0.88045029
0.65 1.2589254e-05 0.077893472 0 0.0
0.65 1.2589254e-06 0.076415283 1.0294668e-05 0.17392918
0.65 1.2589254e-07 0.080264211 0.0005590288 0
0.65 1.2589254e-08 0.071228491 2.2298252e-05 0.6047507
0.65 1.41253754462e-06 0.076830732 4.9066624e-09 0.99803341
0.65 1.5848932e-05 0.079431773 0 0.0
0.65 1.5848932e-06 0.076060849 6.3357787e-08 1
0.65 1.5848932e-07 0.073414683 0.00070112197 0
0.65 1.5848932e-08 0.074088907 1.4127963e-05 0.77854142
0.65 1.77827941004e-06 0.081849109 6.4981094e-16 1
0.65 1.9952623e-05 0.074474474 0 0.0
0.65 1.9952623e-06 0.075630252 4.8894787e-30 1
0.65 1.9952623e-07 0.068454764 0.00055530114 1
0.65 1.9952623e-08 0.076 2.1228857e-05 1
0.65 1e-05 0.078831533 0 0.0
0.65 1e-06 0.078231293 7.7299235e-11 1
0.65 1e-07 0.08244947 0.00030475666 0.26465776
0.65 1e-08 0.069255404 3.1476444e-06 0.65088459
0.65 2.23872113857e-06 0.079 1.9002013e-16 1.0083061e-05
0.65 2.5118864e-05 0.075645387 0 0.0
0.65 2.5118864e-06 0.076876877 6.0471318e-28 0
0.65 2.5118864e-07 0.067253803 0.0019846282 1
0.65 2.5118864e-08 0.078415683 6.2737267e-05 0.35576014
0.65 2.81838293126e-06 0.081064852 2.8021471e-43 1
0.65 3.1622777e-05 0.0688 0 0.0
0.65 3.1622777e-06 0.082633053 9.6160612e-25 1
0.65 3.1622777e-07 0.076430572 0.0015697664 1
0.65 3.1622777e-08 0.079279279 7.5495695e-06 0
0.65 3.1622777e-09 0.078093712 1.0195824e-06 1
0.65 3.54813389234e-06 0.083216643 4.2236506e-24 1
0.65 3.9810717e-06 0.077261809 2.5688266e-41 0.99999986
0.65 3.9810717e-07 0.073458767 0.0027456893 1
0.65 3.9810717e-08 0.072829132 0.00014755026 0.42858075
0.65 3.9810717e-09 0.08365019 1.690983e-06 0.50358434
0.65 4.46683592151e-06 0.078847308 3.8848908e-39 0
0.65 5.0118723e-06 0.069227691 0 0.0
0.65 5.0118723e-07 0.066613323 0.0020553505 0.59708252
0.65 5.0118723e-08 0.075230092 2.9748885e-05 0
0.65 5.0118723e-09 0.074014803 1.2447119e-06 1
0.65 5.6234132519e-06 0.080464371 0 0.0
0.65 6.3095734e-06 0.075645387 0 0.0
0.65 6.3095734e-07 0.078831533 0.00049211328 0.89577372
0.65 6.3095734e-08 0.073473473 0.00032173576 1
0.65 6.3095734e-09 0.078831533 1.241222e-06 1
0.65 7.07945784384e-06 0.076830732 0 0.0
0.65 7.9432823e-06 0.078631453 0 0.0
0.65 7.9432823e-07 0.072 0.00018916797 1
0.65 7.9432823e-08 0.072443466 0.00016000966 0.39401494
0.65 7.9432823e-09 0.081448869 1.2211528e-06 1
0.65 8.91250938134e-06 0.075415083 0 0.0
0.7 1.2589254e-05 0.17240689 0 0.0
0.7 1.2589254e-06 0.16790074 1.6785677e-06 0.9196399
0.7 1.2589254e-07 0.1644987 0.0048793456 0.80768387
0.7 1.2589254e-08 0.17170302 7.2811907e-05 0.72517738
0.7 1.5848932e-05 0.16236236 0 0.0
0.7 1.5848932e-06 0.16103221 1.1529361e-08 0.99999416
0.7 1.5848932e-07 0.17514011 0.0069064281 0.93291045
0.7 1.5848932e-08 0.16232986 0.00018076877 0.87599599
0.7 1.9952623e-05 0.17027244 0 0.0
0.7 1.9952623e-06 0.1631305 1.6917118e-14 0.41187953
0.7 1.9952623e-07 0.17153723 0.0073175901 0.74842715
0.7 1.9952623e-08 0.16266507 0.00021239562 0.84816575
0.7 1e-05 0.17177177 0 0.0
0.7 1e-06 0.16225962 1.3752019e-05 0.60928185
0.7 1e-07 0.16933547 0.0028042772 0.75128942
0.7 1e-08 0.16983397 6.6687014e-05 0.87930776
0.7 2.5118864e-05 0.16429858 0 0.0
0.7 2.5118864e-06 0.17173739 8.6948772e-24 1
0.7 2.5118864e-07 0.16456456 0.009646164 0.87476367
0.7 2.5118864e-08 0.16830098 0.00048324209 0.89185772
0.7 3.1622777e-05 0.16936937 0 0.0
0.7 3.1622777e-06 0.15786315 2.4688441e-34 1
0.7 3.1622777e-07 0.17006803 0.006478751 0.85071807
0.7 3.1622777e-08 0.16536537 0.00056958725 0.72785826
0.7 3.1622777e-09 0.17403481 6.8693929e-06 0.85037029
0.7 3.9810717e-06 0.16586635 0 0.0
0.7 3.9810717e-07 0.16663333 0.0041284093 0.96781285
0.7 3.9810717e-08 0.16043209 0.00080809656 0.81573856
0.7 3.9810717e-09 0.16029618 9.1665808e-06 0.90261767
0.7 5.0118723e-06 0.17106843 0 0.0
0.7 5.0118723e-07 0.16753403 0.001840618 0.90999698
0.7 5.0118723e-08 0.16259511 0.0012909136 0.84049054
0.7 5.0118723e-09 0.17090254 1.4048298e-05 0.95820381
0.7 6.3095734e-06 0.16836837 0 0.0
0.7 6.3095734e-07 0.16152922 0.0010386103 0.99095572
0.7 6.3095734e-08 0.16670002 0.0022973997 0.74733197
0.7 6.3095734e-09 0.16983777 2.2971801e-05 0.78012072
0.7 7.9432823e-06 0.16466587 0 0.0
0.7 7.9432823e-07 0.16223245 0.00020231546 0.84075341
0.7 7.9432823e-08 0.1644987 0.0041999294 0.72606141
0.7 7.9432823e-09 0.16786715 4.3677053e-05 0.80102614
0.75 1.1220184543e-06 0.21757406 1.9179389e-08 0.0066475396
0.75 1.2589254e-05 0.20684822 0 0.0
0.75 1.2589254e-06 0.21754808 1.3415219e-10 0.9945584
0.75 1.2589254e-07 0.21877502 0.0085445775 0.83662348
0.75 1.2589254e-08 0.21021021 0.00011557418 0.83176199
0.75 1.41253754462e-06 0.20720721 6.6934805e-14 0.99988455
0.75 1.5848932e-05 0.21806167 0 0.0
0.75 1.5848932e-06 0.21773064 8.724262e-14 1
0.75 1.5848932e-07 0.21467228 0.0075309527 0.94586726
0.75 1.5848932e-08 0.22010815 0.000263869 0.80255295
0.75 1.77827941004e-06 0.20792475 3.3919236e-18 1
0.75 1.9952623e-05 0.21109553 0 0.0
0.75 1.9952623e-06 0.2123699 3.6072844e-25 1
0.75 1.9952623e-07 0.2193316 0.0067515069 0.91796313
0.75 1.9952623e-08 0.21345615 0.00036190253 0.85441218
0.75 1e-05 0.22778223 0 0.0
0.75 1e-06 0.2082499 1.5273494e-07 0.49638669
0.75 1e-07 0.20364437 0.0065706661 0.85312045
0.75 1e-08 0.22969188 9.2403457e-05 0.92242772
0.75 2.23872113857e-06 0.2196636 1.8707063e-26 1
0.75 2.5118864e-05 0.2193316 0 0.0
0.75 2.5118864e-06 0.21681682 4.0502941e-36 1
0.75 2.5118864e-07 0.22497998 0.0074165894 0.71602459
0.75 2.5118864e-08 0.21053686 0.00066278453 0.88335914
0.75 2.81838293126e-06 0.2134989 1.3293932e-43 1
0.75 3.1622777e-05 0.20793269 0 0.0
0.75 3.1622777e-06 0.21261261 6.1356289e-46 1
0.75 3.1622777e-07 0.21345615 0.0035785947 0.89731526
0.75 3.1622777e-08 0.22380285 0.00084459196 0.83968869
0.75 3.1622777e-09 0.20996797 1.2520636e-05 0.75124954
0.75 3.54813389234e-06 0.21610254 0 0.0
0.75 3.9810717e-06 0.21441441 0 0.0
0.75 3.9810717e-07 0.21803607 0.0014120027 0.80438346
0.75 3.9810717e-08 0.20820821 0.0010896065 1
0.75 3.9810717e-09 0.21013622 2.1159326e-05 0.81054297
0.75 4.46683592151e-06 0.21581582 0 0.0
0.75 5.0118723e-06 0.2133707 0 0.0
0.75 5.0118723e-07 0.21717374 0.00085636373 0.6711473
0.75 5.0118723e-08 0.21405687 0.0029386961 0.85655158
0.75 5.0118723e-09 0.21511628 2.2041202e-05 0.8095589
0.75 5.6234132519e-06 0.20920921 0 0.0
0.75 6.3095734e-06 0.22068828 0 0.0
0.75 6.3095734e-07 0.21488595 0.00010164646 0.88484158
0.75 6.3095734e-08 0.20885062 0.002791735 0.92960986
0.75 6.3095734e-09 0.20792475 3.1597845e-05 0.94600125
0.75 7.07945784384e-06 0.20816653 0 0.0
0.75 7.9432823e-06 0.21341341 0 0.0
0.75 7.9432823e-07 0.21590226 4.0745043e-06 0.97340677
0.75 7.9432823e-08 0.21452872 0.0048234244 0.85759326
0.75 7.9432823e-09 0.21412848 4.6170116e-05 0.79060783
0.75 8.91250938134e-06 0.21501502 0 0.0
0.8 1.1220184543e-06 0.19174514 1.0412744e-08 0.8197259
0.8 1.2589254e-05 0.20312187 0 0.0
0.8 1.2589254e-06 0.19995997 2.73052e-10 0.55272397
0.8 1.2589254e-07 0.20940941 0.0087897894 0.90128447
0.8 1.2589254e-08 0.20088035 0.00022480609 0.89709053
0.8 1.41253754462e-06 0.1965966 2.1296503e-11 0.011766261
0.8 1.5848932e-05 0.18078078 0 0.0
0.8 1.5848932e-06 0.19091455 8.0689325e-15 0.00040891349
0.8 1.5848932e-07 0.1953954 0.0087945836 0.89184301
0.8 1.5848932e-08 0.20364073 0.00022548439 0.78917927
0.8 1.77827941004e-06 0.19955965 1.9026502e-17 0.88106891
0.8 1.9952623e-05 0.19835869 0 0.0
0.8 1.9952623e-06 0.19767907 2.2740864e-22 1.7078122e-05
0.8 1.9952623e-07 0.18947579 0.0099543691 0.86245661
0.8 1.9952623e-08 0.19723945 0.0004107086 0.83875861
0.8 1e-05 0.18811287 0 0.0
0.8 1e-06 0.19507803 1.4072511e-07 0.68256087
0.8 1e-07 0.19727891 0.0067784613 0.72317016
0.8 1e-08 0.18995196 0.00010169781 0.94777402
0.8 2.23872113857e-06 0.20476381 2.4254772e-28 1
0.8 2.5118864e-05 0.19755805 0 0.0
0.8 2.5118864e-06 0.19459459 2.7317522e-37 1
0.8 2.5118864e-07 0.18858859 0.0073432947 0.92006182
0.8 2.5118864e-08 0.20424085 0.00053322675 0.94554742
0.8 2.81838293126e-06 0.19795837 0 0.0
0.8 3.1622777e-05 0.18567427 0 0.0
0.8 3.1622777e-06 0.19703644 0 0.0
0.8 3.1622777e-07 0.20808323 0.0042872272 0.96053272
0.8 3.1622777e-08 0.18895116 0.0010795109 0.88894392
0.8 3.1622777e-09 0.19663596 1.3989639e-05 0.84303763
0.8 3.54813389234e-06 0.18811287 0 0.0
0.8 3.9810717e-06 0.19411058 0 0.0
0.8 3.9810717e-07 0.197998 0.0024227663 0.90993326
0.8 3.9810717e-08 0.19635709 0.0016388162 0.76154106
0.8 3.9810717e-09 0.18915132 1.7905671e-05 0.75537178
0.8 4.46683592151e-06 0.19875776 0 0.0
0.8 5.0118723e-06 0.1973974 0 0.0
0.8 5.0118723e-07 0.1973974 0.00027692336 0.70064265
0.8 5.0118723e-08 0.18626077 0.0016302032 0.84507515
0.8 5.0118723e-09 0.18010806 3.0051495e-05 0.87769007
0.8 5.6234132519e-06 0.18298298 0 0.0
0.8 6.3095734e-06 0.2036 0 0.0
0.8 6.3095734e-07 0.19227691 9.8880678e-05 0.99929285
0.8 6.3095734e-08 0.20516413 0.0042745763 0.85510403
0.8 6.3095734e-09 0.18531119 4.5671871e-05 0.87235715
0.8 7.07945784384e-06 0.18938939 0 0.0
0.8 7.9432823e-06 0.17894315 0 0.0
0.8 7.9432823e-07 0.18891335 1.7163797e-06 0.99926132
0.8 7.9432823e-08 0.18967587 0.0053269675 0.87372104
0.8 7.9432823e-09 0.19915849 7.6562916e-05 0.85823429
0.8 8.91250938134e-06 0.20008003 0 0.0
0.81 1.1220184543e-06 0.18227291 1.5615004e-09 0.94576488
0.81 1.2589254e-05 0.17437437 0 0.0
0.81 1.2589254e-06 0.17857858 1.2316559e-10 0.99999637
0.81 1.2589254e-07 0.17874299 0.0065648451 0.94137747
0.81 1.2589254e-08 0.17677678 0.00022562821 0.83977358
0.81 1.41253754462e-06 0.18507403 2.3722169e-10 0.99999997
0.81 1.5848932e-05 0.1807446 0 0.0
0.81 1.5848932e-06 0.17681217 5.1987618e-13 0.99997409
0.81 1.5848932e-07 0.18054444 0.0086895204 0.77677529
0.81 1.5848932e-08 0.17694155 0.00024216364 0.87423245
0.81 1.77827941004e-06 0.18815052 1.6332289e-16 1
0.81 1.9952623e-05 0.18061674 0 0.0
0.81 1.9952623e-06 0.183747 1.2307509e-20 0.99815328
0.81 1.9952623e-07 0.17627051 0.0085667888 0.91905984
0.81 1.9952623e-08 0.17390434 0.00037276183 0.81786531
0.81 1e-05 0.18078078 0 0.0
0.81 1e-06 0.1898 1.379029e-07 0.80581828
0.81 1e-07 0.18052494 0.0073967816 0.82382251
0.81 1e-08 0.17614091 8.716648e-05 0.74700455
0.81 2.23872113857e-06 0.17530518 3.8072768e-26 0.99998652
0.81 2.5118864e-05 0.18230939 0 0.0
0.81 2.5118864e-06 0.19283857 1.2123913e-26 1
0.81 2.5118864e-07 0.17517518 0.006548981 0.88541577
0.81 2.5118864e-08 0.18762515 0.0006020009 0.85774091
0.81 2.81838293126e-06 0.177 6.051551e-44 0.99992151
0.81 3.1622777e-05 0.17404366 0 0.0
0.81 3.1622777e-06 0.17707083 7.0684503e-43 1
0.81 3.1622777e-07 0.17970782 0.0049338424 0.92323381
0.81 3.1622777e-08 0.17200641 0.00096457605 0.83359469
0.81 3.1622777e-09 0.17226891 1.3446102e-05 0.85735981
0.81 3.54813389234e-06 0.17861434 0 0.0
0.81 3.9810717e-06 0.18007203 0 0.0
0.81 3.9810717e-07 0.18207283 0.0025301593 0.98364783
0.81 3.9810717e-08 0.18827531 0.0014699669 0.92619006
0.81 3.9810717e-09 0.17637638 1.5573538e-05 0.78046982
0.81 4.46683592151e-06 0.18161794 0 0.0
0.81 5.0118723e-06 0.17777778 0 0.0
0.81 5.0118723e-07 0.18378378 0.001517479 0.83619402
0.81 5.0118723e-08 0.19031419 0.0032327766 0.85959004
0.81 5.0118723e-09 0.17231016 2.7230246e-05 0.86817171
0.81 5.6234132519e-06 0.19327731 0 0.0
0.81 6.3095734e-06 0.18823765 0 0.0
0.81 6.3095734e-07 0.17723545 0.0002589397 0.87906495
0.81 6.3095734e-08 0.17761314 0.0031230873 0.80843742
0.81 6.3095734e-09 0.18314652 4.8132383e-05 0.8786406
0.81 7.07945784384e-06 0.1755053 0 0.0
0.81 7.9432823e-06 0.18818819 0 0.0
0.81 7.9432823e-07 0.17787115 3.0871194e-05 0.99357142
0.81 7.9432823e-08 0.17910746 0.0033488342 0.88344809
0.81 7.9432823e-09 0.17523505 7.9093146e-05 0.88650283
0.81 8.91250938134e-06 0.18118118 0 0.0
0.82 1.1220184543e-06 0.16866747 5.27009e-08 0.99997548
0.82 1.2589254e-05 0.17153723 0 0.0
0.82 1.2589254e-06 0.17043409 1.6176125e-08 1
0.82 1.2589254e-07 0.16269762 0.007145254 0.89475473
0.82 1.2589254e-08 0.16126451 0.00011366924 0.85271374
0.82 1.41253754462e-06 0.16489894 2.9523247e-12 0.99999974
0.82 1.5848932e-05 0.15098118 0 0.0
0.82 1.5848932e-06 0.16860232 8.8728184e-12 0.99999992
0.82 1.5848932e-07 0.17060473 0.0089725715 0.84403503
0.82 1.5848932e-08 0.15955956 0.00021658538 0.9009674
0.82 1.77827941004e-06 0.16930158 2.0401636e-13 0.99999976
0.82 1.9952623e-05 0.16666667 0 0.0
0.82 1.9952623e-06 0.17807123 8.6443133e-19 0.76601545
0.82 1.9952623e-07 0.16873499 0.0098496679 0.90859688
0.82 1.9952623e-08 0.15695696 0.00031850617 0.8332928
0.82 1e-05 0.17097097 0 0.0
0.82 1e-06 0.1634981 3.4251232e-06 1
0.82 1e-07 0.16526611 0.0083421529 0.85850649
0.82 1e-08 0.16563313 9.7097888e-05 0.97339687
0.82 2.23872113857e-06 0.16746699 4.0129841e-25 0.95729717
0.82 2.5118864e-05 0.16413131 0 0.0
0.82 2.5118864e-06 0.16776777 1.1636387e-28 1
0.82 2.5118864e-07 0.17346939 0.008573461 0.89073406
0.82 2.5118864e-08 0.16830098 0.00047927716 0.93377797
0.82 2.81838293126e-06 0.16783357 1.6525454e-35 1
0.82 3.1622777e-05 0.1736431 0 0.0
0.82 3.1622777e-06 0.17070242 4.8629673e-42 1
0.82 3.1622777e-07 0.16513211 0.0070370191 0.93684834
0.82 3.1622777e-08 0.17077077 0.00079420089 0.91515861
0.82 3.1622777e-09 0.16793435 8.3208997e-06 0.69798474
0.82 3.54813389234e-06 0.16933547 0 0.0
0.82 3.9810717e-06 0.16886755 0 0.0
0.82 3.9810717e-07 0.15946379 0.0030105573 0.80922182
0.82 3.9810717e-08 0.16329798 0.0017419299 0.66056581
0.82 3.9810717e-09 0.16493195 1.7949193e-05 0.86066465
0.82 4.46683592151e-06 0.17173739 0 0.0
0.82 5.0118723e-06 0.16810086 0 0.0
0.82 5.0118723e-07 0.16609966 0.00093665044 0.75704028
0.82 5.0118723e-08 0.1675005 0.0022102355 0.67209504
0.82 5.0118723e-09 0.17026811 2.2713756e-05 0.72460915
0.82 5.6234132519e-06 0.17010206 0 0.0
0.82 6.3095734e-06 0.16863373 0 0.0
0.82 6.3095734e-07 0.16673339 0.00036988742 0.79246712
0.82 6.3095734e-08 0.17310386 0.0032506587 0.89949586
0.82 6.3095734e-09 0.17337337 3.7010808e-05 0.93009552
0.82 7.07945784384e-06 0.16326531 0 0.0
0.82 7.9432823e-06 0.17343469 0 0.0
0.82 7.9432823e-07 0.15869522 2.1995439e-05 0.99794573
0.82 7.9432823e-08 0.1611289 0.0047805003 0.82325238
0.82 7.9432823e-09 0.1768 6.2132322e-05 0.82950097
0.82 8.91250938134e-06 0.17237237 0 0.0
0.83 1.1220184543e-06 0.16726691 5.9229689e-08 0.92174202
0.83 1.2589254e-05 0.16023205 0 0.0
0.83 1.2589254e-06 0.1561249 2.8330883e-09 0.99164217
0.83 1.2589254e-07 0.16232986 0.0075809203 0.78937442
0.83 1.2589254e-08 0.16716717 0.00011539423 0.79296172
0.83 1.41253754462e-06 0.15706283 3.0846393e-09 0.99999999
0.83 1.5848932e-05 0.16126451 0 0.0
0.83 1.5848932e-06 0.16863373 4.1074404e-13 0.99999893
0.83 1.5848932e-07 0.15746299 0.0080620678 0.77652067
0.83 1.5848932e-08 0.15766307 0.00021974516 0.70208592
0.83 1.77827941004e-06 0.15692554 1.3464757e-14 0.9999993
0.83 1.9952623e-05 0.16670002 0 0.0
0.83 1.9952623e-06 0.16299559 9.9220863e-18 0.02793012
0.83 1.9952623e-07 0.16483297 0.011247856 0.78705843
0.83 1.9952623e-08 0.1571257 0.00036681359 0.77369572
0.83 1e-05 0.15583117 0 0.0
0.83 1e-06 0.15823165 5.9974512e-06 0.99999848
0.83 1e-07 0.16910146 0.0081687477 0.87167595
0.83 1e-08 0.1574945 0.00010242395 0.86709285
0.83 2.23872113857e-06 0.15789474 3.4956132e-20 1
0.83 2.5118864e-05 0.1654316 0 0.0
0.83 2.5118864e-06 0.15635636 1.4976471e-28 0.99997885
0.83 2.5118864e-07 0.16273018 0.0082098879 0.91506444
0.83 2.5118864e-08 0.16406563 0.00075436547 0.81146823
0.83 2.81838293126e-06 0.16469882 5.8016053e-33 1
0.83 3.1622777e-05 0.16006403 0 0.0
0.83 3.1622777e-06 0.1532613 4.4069556e-44 1
0.83 3.1622777e-07 0.15249149 0.0080304832 0.82461002
0.83 3.1622777e-08 0.16569942 0.00085654671 0.82730562
0.83 3.1622777e-09 0.16146459 1.196473e-05 0.83905387
0.83 3.54813389234e-06 0.15538646 0 0.0
0.83 3.9810717e-06 0.15695696 0 0.0
0.83 3.9810717e-07 0.15044071 0.0038772874 0.84460765
0.83 3.9810717e-08 0.15529318 0.0014651702 0.75518007
0.83 3.9810717e-09 0.16356356 1.3263253e-05 0.7980801
0.83 4.46683592151e-06 0.15675676 0 0.0
0.83 5.0118723e-06 0.1574 0 0.0
0.83 5.0118723e-07 0.16229738 0.00252691 0.90530518
0.83 5.0118723e-08 0.16509906 0.0026390458 0.83699692
0.83 5.0118723e-09 0.1542617 2.492147e-05 0.89094877
0.83 5.6234132519e-06 0.16106443 0 0.0
0.83 6.3095734e-06 0.16409846 0 0.0
0.83 6.3095734e-07 0.1538 0.00067381955 0.82926128
0.83 6.3095734e-08 0.15966387 0.0032309964 0.83611695
0.83 6.3095734e-09 0.15646259 3.4504007e-05 0.92262221
0.83 7.07945784384e-06 0.16353082 0 0.0
0.83 7.9432823e-06 0.15732586 0 0.0
0.83 7.9432823e-07 0.16326531 3.4812622e-05 0.45027329
0.83 7.9432823e-08 0.15703141 0.0060795856 0.87409796
0.83 7.9432823e-09 0.15983197 4.9138877e-05 0.78556669
0.83 8.91250938134e-06 0.16116116 0 0.0
0.84 1.2589254e-05 0.15246098 0 0.0
0.84 1.2589254e-06 0.1402 9.9305518e-08 0.99709644
0.84 1.2589254e-07 0.13885554 0.0089712302 0.95524701
0.84 1.2589254e-08 0.13951161 0.00016314176 0.79534668
0.84 1.5848932e-05 0.14662933 0 0.0
0.84 1.5848932e-06 0.15029017 7.3182733e-13 0.99636098
0.84 1.5848932e-07 0.13570857 0.010632949 0.77529677
0.84 1.5848932e-08 0.14062813 0.00035204389 0.86789431
0.84 1.9952623e-05 0.14345738 0 0.0
0.84 1.9952623e-06 0.14714715 3.6994219e-17 0.95998828
0.84 1.9952623e-07 0.14334334 0.011570393 0.90399883
0.84 1.9952623e-08 0.13842769 0.00038572632 0.8757889
0.84 1e-05 0.13802761 0 0.0
0.84 1e-06 0.14205682 5.0630917e-06 0.92349746
0.84 1e-07 0.14651721 0.0046800392 0.77539416
0.84 1e-08 0.1362545 0.00010493096 0.8929393
0.84 2.5118864e-05 0.14722945 0 0.0
0.84 2.5118864e-06 0.14408645 1.4283248e-26 1
0.84 2.5118864e-07 0.14888933 0.011703761 0.92003064
0.84 2.5118864e-08 0.13485394 0.00058750058 0.82346571
0.84 3.1622777e-05 0.149 0 0.0
0.84 3.1622777e-06 0.14591673 4.9906981e-36 1
0.84 3.1622777e-07 0.14405762 0.010024136 0.94901096
0.84 3.1622777e-08 0.1432573 0.00080580359 0.75874028
0.84 3.1622777e-09 0.14722945 9.3614473e-06 0.81610018
0.84 3.9810717e-06 0.14842969 0 0.0
0.84 3.9810717e-07 0.13822765 0.00440923 0.84682619
0.84 3.9810717e-08 0.1498 0.00117003 0.88953976
0.84 3.9810717e-09 0.13553554 1.4803241e-05 0.72795152
0.84 5.0118723e-06 0.14728837 0 0.0
0.84 5.0118723e-07 0.14214214 0.0019974378 0.53017602
0.84 5.0118723e-08 0.14468681 0.0019313231 0.93568373
0.84 5.0118723e-09 0.1462 1.2278806e-05 0.94083064
0.84 6.3095734e-06 0.14831865 0 0.0
0.84 6.3095734e-07 0.14159824 0.00036346877 0.98357499
0.84 6.3095734e-08 0.14751801 0.0026021915 0.91808776
0.84 6.3095734e-09 0.13851081 3.6994049e-05 0.76817698
0.84 7.9432823e-06 0.14288573 0 0.0
0.84 7.9432823e-07 0.13405362 2.684926e-05 0.99923381
0.84 7.9432823e-08 0.1382553 0.003136935 0.87719044
0.84 7.9432823e-09 0.15472378 6.2775502e-05 0.76125362
0.85 1.2589254e-05 0.12389912 0 0.0
0.85 1.2589254e-06 0.13848309 6.8116402e-08 0.9513957
0.85 1.2589254e-07 0.12870296 0.007347936 0.83354824
0.85 1.2589254e-08 0.12602521 9.5258134e-05 0.89415771
0.85 1.5848932e-05 0.1272509 0 0.0
0.85 1.5848932e-06 0.12545018 3.318871e-10 0.10860587
0.85 1.5848932e-07 0.12765106 0.010266309 0.89563029
0.85 1.5848932e-08 0.12502501 0.0002303255 0.85694827
0.85 1.9952623e-05 0.12710168 0 0.0
0.85 1.9952623e-06 0.12409928 1.9555469e-14 1
0.85 1.9952623e-07 0.12667601 0.010662462 0.78933503
0.85 1.9952623e-08 0.12429944 0.00026493936 0.96324902
0.85 1e-05 0.12585034 0 0.0
0.85 1e-06 0.12412412 2.3257055e-05 0.85496906
0.85 1e-07 0.12902581 0.0076239692 0.86171807
0.85 1e-08 0.1294 0.00010423947 0.79217007
0.85 2.5118864e-05 0.13765506 0 0.0
0.85 2.5118864e-06 0.12229784 2.3541495e-19 0.99999879
0.85 2.5118864e-07 0.1322 0.0097266931 0.82007525
0.85 2.5118864e-08 0.12184874 0.00051074041 0.84918127
0.85 3.1622777e-05 0.13327997 0 0.0
0.85 3.1622777e-06 0.13107865 9.4708319e-32 0.99999995
0.85 3.1622777e-07 0.12770216 0.0090889816 0.86722695
0.85 3.1622777e-08 0.12822565 0.00064534933 0.79744561
0.85 3.1622777e-09 0.12872873 7.4425755e-06 0.84164601
0.85 3.9810717e-06 0.13187913 0 0.0
0.85 3.9810717e-07 0.1252501 0.0043411186 0.87962762
0.85 3.9810717e-08 0.12875451 0.0014415665 0.92263885
0.85 3.9810717e-09 0.13005202 1.6157089e-05 0.74879698
0.85 5.0118723e-06 0.12735282 0 0.0
0.85 5.0118723e-07 0.12512513 0.0042169593 0.80525968
0.85 5.0118723e-08 0.125 0.0018056848 0.74114429
0.85 5.0118723e-09 0.12987793 1.8314339e-05 0.94852407
0.85 6.3095734e-06 0.13162633 0 0.0
0.85 6.3095734e-07 0.12444978 0.00065320337 0.96595209
0.85 6.3095734e-08 0.12364946 0.0026827931 0.81500368
0.85 6.3095734e-09 0.12985194 3.1261761e-05 0.94939022
0.85 7.9432823e-06 0.13342669 0 0.0
0.85 7.9432823e-07 0.12582517 0.00018245337 0.86464023
0.85 7.9432823e-08 0.12582517 0.0065116761 0.8432683
0.85 7.9432823e-09 0.12009608 4.9302403e-05 0.80991707
0.86 1.1220184543e-06 0.13215859 1.9693425e-06 0.97837881
0.86 1.2589254e-05 0.1268 0 0.0
0.86 1.2589254e-06 0.12932933 2.1761473e-08 0.82862279
0.86 1.2589254e-07 0.13245298 0.0085393811 0.84704797
0.86 1.2589254e-08 0.13265306 0.00017904636 0.92199205
0.86 1.41253754462e-06 0.122 2.7554783e-09 1
0.86 1.5848932e-05 0.13628177 0 0.0
0.86 1.5848932e-06 0.12645058 2.9377058e-11 0.99999955
0.86 1.5848932e-07 0.12645058 0.010064313 0.80799263
0.86 1.5848932e-08 0.12605042 0.00020768989 0.96183392
0.86 1.77827941004e-06 0.13093093 2.2312251e-12 0.99978812
0.86 1.9952623e-05 0.13190552 0 0.0
0.86 1.9952623e-06 0.13368021 3.5661297e-16 5.9271485e-10
0.86 1.9952623e-07 0.12112112 0.0066696683 0.84924858
0.86 1.9952623e-08 0.13470777 0.00042358731 0.78153015
0.86 1e-05 0.13622725 0 0.0
0.86 1e-06 0.12605042 1.3461491e-05 0.086327551
0.86 1e-07 0.12184874 0.0070791591 0.9044012
0.86 1e-08 0.14242849 8.8966548e-05 0.79077973
0.86 2.23872113857e-06 0.11989592 1.0615841e-19 0.99092783
0.86 2.5118864e-05 0.12665066 0 0.0
0.86 2.5118864e-06 0.13505402 6.7616249e-30 1
0.86 2.5118864e-07 0.12803045 0.0085214441 0.90190602
0.86 2.5118864e-08 0.13348009 0.00039260461 0.81813262
0.86 2.81838293126e-06 0.13002601 7.0761209e-36 1
0.86 3.1622777e-05 0.12329864 0 0.0
0.86 3.1622777e-06 0.13605442 1.4855249e-35 0.99998096
0.86 3.1622777e-07 0.12667601 0.011470956 0.88062056
0.86 3.1622777e-08 0.12822565 0.001401853 0.78834882
0.86 3.1622777e-09 0.12184874 1.0262953e-05 0.8895338
0.86 3.54813389234e-06 0.132 5.4253754e-41 1
0.86 3.9810717e-06 0.12742549 0 0.0
0.86 3.9810717e-07 0.12565026 0.0068818344 0.84830106
0.86 3.9810717e-08 0.12852853 0.001771426 0.78005248
0.86 3.9810717e-09 0.1362545 1.1272798e-05 0.93137552
0.86 4.46683592151e-06 0.13285314 0 0.0
0.86 5.0118723e-06 0.12632633 0 0.0
0.86 5.0118723e-07 0.12827697 0.0027500653 0.88146783
0.86 5.0118723e-08 0.12670136 0.002246943 0.83998976
0.86 5.0118723e-09 0.13342669 2.4389956e-05 0.85981504
0.86 5.6234132519e-06 0.12087252 0 0.0
0.86 6.3095734e-06 0.13065226 0 0.0
0.86 6.3095734e-07 0.1312525 0.00098923304 0.88868958
0.86 6.3095734e-08 0.12762553 0.003908088 0.82496563
0.86 6.3095734e-09 0.13033033 3.6646298e-05 0.85788639
0.86 7.07945784384e-06 0.13130504 0 0.0
0.86 7.9432823e-06 0.1246748 0 0.0
0.86 7.9432823e-07 0.13147889 0.00018282161 0.99869901
0.86 7.9432823e-08 0.11944778 0.0046575932 0.76519023
0.86 7.9432823e-09 0.13142629 8.1663683e-05 0.83488031
0.86 8.91250938134e-06 0.13902781 0 0.0
0.87 1.1220184543e-06 0.11384554 1.6597801e-06 0.99705695
0.87 1.2589254e-05 0.110022 0 0.0
0.87 1.2589254e-06 0.1086 5.1666833e-08 0.99940658
0.87 1.2589254e-07 0.10384154 0.0079879546 0.97770148
0.87 1.2589254e-08 0.1142457 0.00015875245 0.83084537
0.87 1.41253754462e-06 0.1152461 6.436141e-08 0.9967714
0.87 1.5848932e-05 0.106664 0 0.0
0.87 1.5848932e-06 0.11091091 2.8411408e-10 0.98496726
0.87 1.5848932e-07 0.11442288 0.009668849 0.759335
0.87 1.5848932e-08 0.11026616 0.00022342128 0.82942282
0.87 1.77827941004e-06 0.11909528 3.525542e-10 0.15148323
0.87 1.9952623e-05 0.10686412 0 0.0
0.87 1.9952623e-06 0.10448359 1.6847153e-15 0.8668968
0.87 1.9952623e-07 0.10526316 0.013878154 0.94790657
0.87 1.9952623e-08 0.11386832 0.00029102876 0.9451103
0.87 1e-05 0.11248999 0 0.0
0.87 1e-06 0.10362072 2.468658e-06 0.99656893
0.87 1e-07 0.11346808 0.00438118 0.94663845
0.87 1e-08 0.10786472 9.3380304e-05 0.79837979
0.87 2.23872113857e-06 0.10326196 7.6467831e-22 0.99999755
0.87 2.5118864e-05 0.11406844 0 0.0
0.87 2.5118864e-06 0.11115562 5.1120837e-23 0.41260956
0.87 2.5118864e-07 0.11182236 0.011585875 0.83992619
0.87 2.5118864e-08 0.10288231 0.00070116396 0.85670035
0.87 2.81838293126e-06 0.1082433 7.6391574e-24 1
0.87 3.1622777e-05 0.1120224 0 0.0
0.87 3.1622777e-06 0.11246748 2.0631402e-29 1
0.87 3.1622777e-07 0.10648519 0.0089477162 0.82265862
0.87 3.1622777e-08 0.10544218 0.0010264553 0.80838991
0.87 3.1622777e-09 0.10990991 7.3719374e-06 0.79987779
0.87 3.54813389234e-06 0.10926556 4.9475797e-38 1
0.87 3.9810717e-06 0.10762152 1.3570195e-45 1
0.87 3.9810717e-07 0.1116 0.0062820044 0.91510754
0.87 3.9810717e-08 0.10782156 0.0010910649 0.76776429
0.87 3.9810717e-09 0.10484194 1.5803193e-05 0.93949754
0.87 4.46683592151e-06 0.1106 0 0.0
0.87 5.0118723e-06 0.1036622 0 0.0
0.87 5.0118723e-07 0.11426856 0.0026131413 0.58655635
0.87 5.0118723e-08 0.11126676 0.0021164098 0.89374823
0.87 5.0118723e-09 0.1040208 2.0038402e-05 0.78896934
0.87 5.6234132519e-06 0.10246148 0 0.0
0.87 6.3095734e-06 0.11784714 0 0.0
0.87 6.3095734e-07 0.10570571 0.0014540585 0.96228536
0.87 6.3095734e-08 0.1078 0.004292031 0.8498377
0.87 6.3095734e-09 0.1092437 3.5108824e-05 0.92479375
0.87 7.07945784384e-06 0.11148919 0 0.0
0.87 7.9432823e-06 0.10608487 0 0.0
0.87 7.9432823e-07 0.10504202 0.00031623198 0.62022628
0.87 7.9432823e-08 0.10486292 0.0057459082 0.80361955
0.87 7.9432823e-09 0.10808647 5.5658764e-05 0.75320016
0.87 8.91250938134e-06 0.10582116 0 0.0
0.88 1.1220184543e-06 0.099239696 8.693494e-06 0.99996433
0.88 1.2589254e-05 0.098839536 0 0.0
0.88 1.2589254e-06 0.10446268 3.5642235e-06 0.9333562
0.88 1.2589254e-07 0.10750751 0.011630775 0.94017095
0.88 1.2589254e-08 0.10328263 0.00017653886 0.81959339
0.88 1.41253754462e-06 0.10246148 4.5728898e-08 0.99746663
0.88 1.5848932e-05 0.1032413 0 0.0
0.88 1.5848932e-06 0.097619524 1.7819468e-11 1
0.88 1.5848932e-07 0.10228183 0.012312584 0.86159994
0.88 1.5848932e-08 0.099459676 0.00024933788 0.92857464
0.88 1.77827941004e-06 0.10206124 5.7411006e-10 0.99999959
0.88 1.9952623e-05 0.10562112 0 0.0
0.88 1.9952623e-06 0.099138794 7.7956511e-15 1
0.88 1.9952623e-07 0.099859916 0.014681517 0.95012237
0.88 1.9952623e-08 0.11026616 0.00031846585 0.86698036
0.88 1e-05 0.1042 0 0.0
0.88 1e-06 0.10144058 4.8309183e-05 1
0.88 1e-07 0.099259556 0.0075668292 0.83459972
0.88 1e-08 0.10348279 0.00010850288 0.78872585
0.88 2.23872113857e-06 0.10548439 2.815985e-18 1
0.88 2.5118864e-05 0.10306184 0 0.0
0.88 2.5118864e-06 0.099839936 2.7211117e-22 0.99999999
0.88 2.5118864e-07 0.10026016 0.010036165 0.79169209
0.88 2.5118864e-08 0.095057034 0.00079590845 0.7721234
0.88 2.81838293126e-06 0.10246148 1.0454788e-27 1
0.88 3.1622777e-05 0.10282056 0 0.0
0.88 3.1622777e-06 0.101661 1.8258307e-35 0.0029644161
0.88 3.1622777e-07 0.096696697 0.012339756 0.8853533
0.88 3.1622777e-08 0.10748599 0.0010804629 0.88474222
0.88 3.1622777e-09 0.1015015 6.6027988e-06 0.88749511
0.88 3.54813389234e-06 0.098639456 3.6050264e-36 0
0.88 3.9810717e-06 0.10742148 0 0.0
0.88 3.9810717e-07 0.10582116 0.0055571546 0.81860129
0.88 3.9810717e-08 0.10472567 0.002047785 0.77133165
0.88 3.9810717e-09 0.1062425 1.5391132e-05 0.81027837
0.88 4.46683592151e-06 0.10882176 0 0.0
0.88 5.0118723e-06 0.098419684 0 0.0
0.88 5.0118723e-07 0.1026616 0.0035628511 0.70135813
0.88 5.0118723e-08 0.1054 0.001703319 0.87653123
0.88 5.0118723e-09 0.10226136 2.035344e-05 0.90920193
0.88 5.6234132519e-06 0.094837935 0 0.0
0.88 6.3095734e-06 0.098058835 0 0.0
0.88 6.3095734e-07 0.092655593 0.00090031969 0.99981214
0.88 6.3095734e-08 0.10248199 0.0033180484 0.82655425
0.88 6.3095734e-09 0.098698699 4.0954673e-05 0.86924811
0.88 7.07945784384e-06 0.10054076 0 0.0
0.88 7.9432823e-06 0.099019804 0 0.0
0.88 7.9432823e-07 0.10282056 0.00017918992 0.99954287
0.88 7.9432823e-08 0.10630631 0.0043697644 0.79332981
0.88 7.9432823e-09 0.095876701 6.3319609e-05 0.78170974
0.88 8.91250938134e-06 0.1008807 0 0.0
0.89 1.1220184543e-06 0.085034014 4.6139779e-06 0.96510388
0.89 1.2589254e-05 0.091254753 0 0.0
0.89 1.2589254e-06 0.091436575 2.6501885e-06 0.76519518
0.89 1.2589254e-07 0.090690691 0.0095190189 0.85179149
0.89 1.2589254e-08 0.090436174 0.00013814351 0.68435651
0.89 1.41253754462e-06 0.085634254 3.6997968e-08 1
0.89 1.5848932e-05 0.088688689 0 0.0
0.89 1.5848932e-06 0.090054032 3.0140525e-10 0.90098622
0.89 1.5848932e-07 0.094656794 0.012065886 0.8792166
0.89 1.5848932e-08 0.082715802 0.00022173724 0.83027405
0.89 1.77827941004e-06 0.0948 1.2229304e-10 0.69537032
0.89 1.9952623e-05 0.084833934 0 0.0
0.89 1.9952623e-06 0.090018004 7.5929427e-17 0.99999753
0.89 1.9952623e-07 0.086251751 0.013844806 0.80600178
0.89 1.9952623e-08 0.092855713 0.00036053088 0.831773
0.89 1e-05 0.098019604 0 0.0
0.89 1e-06 0.097658595 6.9623987e-05 0.70915864
0.89 1e-07 0.096019204 0.0072123972 0.86218119
0.89 1e-08 0.085017003 6.6249947e-05 0.87464093
0.89 2.23872113857e-06 0.09327462 1.68146e-14 1
0.89 2.5118864e-05 0.093837535 0 0.0
0.89 2.5118864e-06 0.094056434 1.112974e-23 1
0.89 2.5118864e-07 0.093656194 0.014405465 0.94140063
0.89 2.5118864e-08 0.087870296 0.00060166433 0.91162098
0.89 2.81838293126e-06 0.086869496 7.0139417e-25 0.9998889
0.89 3.1622777e-05 0.096638655 0 0.0
0.89 3.1622777e-06 0.0848 2.0079043e-30 1
0.89 3.1622777e-07 0.091818364 0.011551146 1
0.89 3.1622777e-08 0.096296296 0.0012662634 0.92033178
0.89 3.1622777e-09 0.09427542 1.0861475e-05 0.82631984
0.89 3.54813389234e-06 0.088217644 1.741492e-37 1
0.89 3.9810717e-06 0.092018404 1.9743077e-44 1
0.89 3.9810717e-07 0.088417684 0.0095019879 0.925852
0.89 3.9810717e-08 0.085234094 0.0011143666 0.76892946
0.89 3.9810717e-09 0.096257755 1.7930452e-05 0.89002422
0.89 4.46683592151e-06 0.098058835 0 0.0
0.89 5.0118723e-06 0.096438575 0 0.0
0.89 5.0118723e-07 0.091673339 0.0053767769 0.93811983
0.89 5.0118723e-08 0.086251751 0.0017248831 0.93581006
0.89 5.0118723e-09 0.089217844 2.3520736e-05 0.877178
0.89 5.6234132519e-06 0.090708851 0 0.0
0.89 6.3095734e-06 0.081232493 0 0.0
0.89 6.3095734e-07 0.093018604 0.0028386317 0.91200684
0.89 6.3095734e-08 0.090454273 0.0032888838 0.75166752
0.89 6.3095734e-09 0.089217844 4.4601386e-05 0.85066933
0.89 7.07945784384e-06 0.086634654 0 0.0
0.89 7.9432823e-06 0.087870296 0 0.0
0.89 7.9432823e-07 0.09427542 0.0004087658 0.94848762
0.89 7.9432823e-08 0.092073659 0.004529655 0.89485327
0.89 7.9432823e-09 0.0964 4.5961102e-05 0.94450376
0.89 8.91250938134e-06 0.087469976 0 0.0
0.9 1.1220184543e-06 0.084318045 1.1192122e-05 0.99998242
0.9 1.2589254e-05 0.081232493 0 0.0
0.9 1.2589254e-06 0.08264959 1.9624271e-07 0.39031449
0.9 1.2589254e-07 0.083266613 0.0097813159 0.76821239
0.9 1.2589254e-08 0.083700441 0.00016364277 0.88767356
0.9 1.41253754462e-06 0.079463571 1.4290076e-07 0.73709628
0.9 1.5848932e-05 0.084484484 0 0.0
0.9 1.5848932e-06 0.08405043 1.7355887e-10 1
0.9 1.5848932e-07 0.087017403 0.010852481 0.78696933
0.9 1.5848932e-08 0.084884885 0.00027028652 0.94511888
0.9 1.77827941004e-06 0.090418084 4.271866e-11 0.99448033
0.9 1.9952623e-05 0.089871898 0 0.0
0.9 1.9952623e-06 0.08425055 1.3470353e-13 0.99999995
0.9 1.9952623e-07 0.081465172 0.018099167 0.84031605
0.9 1.9952623e-08 0.080432173 0.00043432511 0.80699429
0.9 1e-05 0.080648389 0 0.0
0.9 1e-06 0.094256554 5.0117781e-05 0.97048411
0.9 1e-07 0.088270616 0.0078194652 0.94028959
0.9 1e-08 0.089835934 9.0537858e-05 0.85950047
0.9 2.23872113857e-06 0.080816163 7.7233418e-25 1
0.9 2.5118864e-05 0.091673339 0 0.0
0.9 2.5118864e-06 0.08465079 8.7767376e-18 1
0.9 2.5118864e-07 0.084667734 0.017190974 0.97420823
0.9 2.5118864e-08 0.085034014 0.00042725682 0.878678
0.9 2.81838293126e-06 0.081281281 2.3509232e-29 0.6723925
0.9 3.1622777e-05 0.081448869 0 0.0
0.9 3.1622777e-06 0.091818364 8.3571097e-27 0.00023824558
0.9 3.1622777e-07 0.091836735 0.010769589 0.92804879
0.9 3.1622777e-08 0.084867894 0.00076235197 0.81007285
0.9 3.1622777e-09 0.084433774 1.064125e-05 0.87992449
0.9 3.54813389234e-06 0.086217243 4.825148e-33 0.00034967996
0.9 3.9810717e-06 0.078631453 3.5656449e-48 1
0.9 3.9810717e-07 0.087870296 0.010254512 0.84072922
0.9 3.9810717e-08 0.086469175 0.0013031644 0.87774523
0.9 3.9810717e-09 0.092818564 1.3786381e-05 0.67408231
0.9 4.46683592151e-06 0.088235294 0 0.0
0.9 5.0118723e-06 0.08405043 0 0.0
0.9 5.0118723e-07 0.08284971 0.0059482226 0.82428324
0.9 5.0118723e-08 0.087017403 0.0023715088 0.98597359
0.9 5.0118723e-09 0.093093093 2.0156797e-05 0.90739612
0.9 5.6234132519e-06 0.086651991 0 0.0
0.9 6.3095734e-06 0.07987988 0 0.0
0.9 6.3095734e-07 0.088270616 0.0027640094 0.85741822
0.9 6.3095734e-08 0.082265813 0.0036062883 0.79925597
0.9 6.3095734e-09 0.078078078 3.4673974e-05 0.90306646
0.9 7.07945784384e-06 0.080032013 0 0.0
0.9 7.9432823e-06 0.083083083 0 0.0
0.9 7.9432823e-07 0.080848509 0.00058508504 0.84178224
0.9 7.9432823e-08 0.086939103 0.0062950319 0.72227404
0.9 7.9432823e-09 0.082282282 7.8789169e-05 0.835487
0.9 8.91250938134e-06 0.089235694 0 0.0
0.95 1.1220184543e-06 0.073214643 1.8434161e-05 0.92467093
0.95 1.2589254e-05 0.068454764 0 0.0
0.95 1.2589254e-06 0.070870871 3.8336962e-06 0.87083465
0.95 1.2589254e-07 0.075475475 0.019978247 0.89076146
0.95 1.2589254e-08 0.076861489 0.00026175427 0.73757115
0.95 1.41253754462e-06 0.078647188 6.7443695e-07 0.92829205
0.95 1.5848932e-05 0.077061649 0 0.0
0.95 1.5848932e-06 0.068841305 8.0614203e-11 0.99385929
0.95 1.5848932e-07 0.07886309 0.027438382 0.90116432
0.95 1.5848932e-08 0.077046228 0.00047822254 0.89520161
0.95 1.77827941004e-06 0.079295154 3.8808187e-10 1
0.95 1.9952623e-05 0.076861489 0 0.0
0.95 1.9952623e-06 0.072272272 3.223299e-11 1
0.95 1.9952623e-07 0.073644187 0.019099894 0.86020866
0.95 1.9952623e-08 0.070856685 0.00069467383 0.89576824
0.95 1e-05 0.074874875 0 0.0
0.95 1e-06 0.072457966 4.1135596e-05 0.99279385
0.95 1e-07 0.069082899 0.014188591 0.93238731
0.95 1e-08 0.075030012 0.00014342506 0.7345811
0.95 2.23872113857e-06 0.073043826 2.5196829e-14 0.9999736
0.95 2.5118864e-05 0.070828331 0 0.0
0.95 2.5118864e-06 0.075075075 6.7166357e-17 1
0.95 2.5118864e-07 0.0712 0.025551392 0.91295754
0.95 2.5118864e-08 0.07007007 0.00085663252 0.82938198
0.95 2.81838293126e-06 0.072614523 3.6210671e-20 1
0.95 3.1622777e-05 0.076121795 0 0.0
0.95 3.1622777e-06 0.078046828 1.2744055e-26 0.99999424
0.95 3.1622777e-07 0.07846277 0.024278587 0.89883236
0.95 3.1622777e-08 0.067240344 0.0016254938 0.90595426
0.95 3.1622777e-09 0.074874875 1.5859912e-05 0.76990061
0.95 3.54813389234e-06 0.071271271 2.8080312e-37 1
0.95 3.9810717e-06 0.078015603 1.546649e-42 0.99856895
0.95 3.9810717e-07 0.082216443 0.020013205 0.93446161
0.95 3.9810717e-08 0.071900661 0.0025041071 0.94097056
0.95 3.9810717e-09 0.075630252 2.0154192e-05 0.93357095
0.95 4.46683592151e-06 0.068240945 0 0.0
0.95 5.0118723e-06 0.077831132 0 0.0
0.95 5.0118723e-07 0.075230092 0.0079072031 0.85473885
0.95 5.0118723e-08 0.065813163 0.0030206554 0.87748258
0.95 5.0118723e-09 0.075830332 3.7640476e-05 0.84052111
0.95 5.6234132519e-06 0.073658927 0 0.0
0.95 6.3095734e-06 0.074044427 0 0.0
0.95 6.3095734e-07 0.07846277 0.002862286 0.9294812
0.95 6.3095734e-08 0.072829132 0.0060735073 0.87064015
0.95 6.3095734e-09 0.0822 7.2417472e-05 0.91842717
0.95 7.07945784384e-06 0.072672673 0 0.0
0.95 7.9432823e-06 0.073614723 0 0.0
0.95 7.9432823e-07 0.070242145 0.00067301179 0.97485756
0.95 7.9432823e-08 0.072214443 0.0083046604 0.87341583
0.95 7.9432823e-09 0.078246948 0.00010472573 0.87981861
0.95 8.91250938134e-06 0.072687225 0 0.0
1 1.2589254e-05 0.12545018 0 0.0
1 1.2589254e-06 0.12777889 1.2086779e-06 0.97236585
1 1.2589254e-07 0.12287372 0.021264439 0.9037858
1 1.2589254e-08 0.11642328 0.00026414572 0.84878233
1 1.5848932e-05 0.12317244 0 0.0
1 1.5848932e-06 0.1210242 2.7407728e-09 0.56036183
1 1.5848932e-07 0.12312312 0.029631702 0.92117594
1 1.5848932e-08 0.12462492 0.00054049957 0.8035464
1 1.9952623e-05 0.12890312 0 0.0
1 1.9952623e-06 0.12510008 1.4181442e-12 1
1 1.9952623e-07 0.11782356 0.031663242 0.89182479
1 1.9952623e-08 0.11262252 0.00077622309 0.76555866
1 1e-05 0.12122424 0 0.0
1 1e-06 0.12530024 0.00010500326 0.785363
1 1e-07 0.12585034 0.013521048 0.96325474
1 1e-08 0.1222489 0.00018034877 0.90457255
1 2.5118864e-05 0.11822364 0 0.0
1 2.5118864e-06 0.12627577 2.2435317e-18 1
1 2.5118864e-07 0.11862372 0.024792739 0.92438907
1 2.5118864e-08 0.12567541 0.0011210422 0.9253342
1 3.1622777e-05 0.11669335 0 0.0
1 3.1622777e-06 0.13130504 1.8221075e-27 1
1 3.1622777e-07 0.13305322 0.025358029 0.859929
1 3.1622777e-08 0.1212 0.0018481392 0.87861228
1 3.1622777e-09 0.12530024 1.9400072e-05 0.81054404
1 3.9810717e-06 0.12162432 1.4163019e-40 1
1 3.9810717e-07 0.12304922 0.014281697 0.8575333
1 3.9810717e-08 0.12207324 0.002642361 0.91092016
1 3.9810717e-09 0.12512513 3.2423651e-05 0.8720086
1 5.0118723e-06 0.1212485 0 0.0
1 5.0118723e-07 0.12244898 0.0080405958 0.99071485
1 5.0118723e-08 0.11684674 0.0044793701 0.90048295
1 5.0118723e-09 0.1208 5.3488962e-05 0.9562516
1 6.3095734e-06 0.11909528 0 0.0
1 6.3095734e-07 0.12277188 0.0031958957 0.97414356
1 6.3095734e-08 0.12014417 0.0066457882 0.79860704
1 6.3095734e-09 0.12565026 6.1416362e-05 0.92825951
1 7.9432823e-06 0.13067841 0 0.0
1 7.9432823e-07 0.12312312 0.0006776609 0.81279512
1 7.9432823e-08 0.11771772 0.0095926169 0.86215204
1 7.9432823e-09 0.1285028 0.00010900159 0.90646802
1.1 1.2589254e-05 0.097058235 0 0.0
1.1 1.2589254e-06 0.09407526 1.3532291e-06 0.99509598
1.1 1.2589254e-07 0.095038015 0.017967801 0.91349404
1.1 1.2589254e-08 0.095876701 0.00035180531 0.82169464
1.1 1.5848932e-05 0.1006604 0 0.0
1.1 1.5848932e-06 0.096819364 1.4480407e-09 0.99999229
1.1 1.5848932e-07 0.095057034 0.025553926 0.95050197
1.1 1.5848932e-08 0.092911494 0.00039414526 0.87317233
1.1 1.9952623e-05 0.097058235 0 0.0
1.1 1.9952623e-06 0.096496496 2.137371e-13 0.99999992
1.1 1.9952623e-07 0.10422084 0.02603077 0.80699649
1.1 1.9952623e-08 0.097956731 0.00077469386 0.87516257
1.1 1e-05 0.092874299 0 0.0
1.1 1e-06 0.095095095 3.7046975e-05 1
1.1 1e-07 0.096076861 0.015478242 0.83652738
1.1 1e-08 0.087652592 0.00021110362 0.76576059
1.1 2.5118864e-05 0.099879904 0 0.0
1.1 2.5118864e-06 0.095019004 1.5764086e-23 0.99999845
1.1 2.5118864e-07 0.091454873 0.027972296 0.84185815
1.1 2.5118864e-08 0.093237295 0.0013083165 0.76906601
1.1 3.1622777e-05 0.090018004 0 0.0
1.1 3.1622777e-06 0.091691692 3.0440084e-30 0.99999999
1.1 3.1622777e-07 0.093712455 0.021977135 0.89329937
1.1 3.1622777e-08 0.0972 0.0016844617 0.7993513
1.1 3.1622777e-09 0.097976357 1.7523355e-05 0.95929461
1.1 3.9810717e-06 0.092436975 0 0.0
1.1 3.9810717e-07 0.096096096 0.016312267 0.92652291
1.1 3.9810717e-08 0.096419284 0.0028035073 0.85903609
1.1 3.9810717e-09 0.087487487 3.3808203e-05 0.86216224
1.1 5.0118723e-06 0.089871898 0 0.0
1.1 5.0118723e-07 0.09447558 0.0055022125 0.94092969
1.1 5.0118723e-08 0.093637455 0.0036210576 0.86140434
1.1 5.0118723e-09 0.099819964 4.3090247e-05 0.80438462
1.1 6.3095734e-06 0.092637055 0 0.0
1.1 6.3095734e-07 0.090526737 0.0026215067 0.85972274
1.1 6.3095734e-08 0.098157051 0.0055164597 0.94554305
1.1 6.3095734e-09 0.087121971 9.032133e-05 0.84874578
1.1 7.9432823e-06 0.096057635 0 0.0
1.1 7.9432823e-07 0.09347478 0.00052596145 0.97199364
1.1 7.9432823e-08 0.099539355 0.0093451433 0.95819506
1.1 7.9432823e-09 0.098498498 0.00012830334 0.92412877
1.2 1.2589254e-05 0.091091091 0 0.0
1.2 1.2589254e-06 0.091436575 3.3856227e-08 0.84643213
1.2 1.2589254e-07 0.10514721 0.02067766 0.83230422
1.2 1.2589254e-08 0.1022409 0.0003774579 0.90272191
1.2 1.5848932e-05 0.096057635 0 0.0
1.2 1.5848932e-06 0.094437775 3.6116794e-11 0.99154671
1.2 1.5848932e-07 0.093637455 0.027054423 0.90391893
1.2 1.5848932e-08 0.099059436 0.00059174168 0.75094112
1.2 1.9952623e-05 0.10008006 0 0.0
1.2 1.9952623e-06 0.10006004 8.3576777e-17 0.76523281
1.2 1.9952623e-07 0.097639056 0.019206329 0.83053474
1.2 1.9952623e-08 0.096457875 0.00096473685 0.94854058
1.2 1e-05 0.094637855 0 0.0
1.2 1e-06 0.097678143 9.8049687e-06 0.84512483
1.2 1e-07 0.096858115 0.014070635 0.95434937
1.2 1e-08 0.098239296 0.00018340122 0.800316
1.2 2.5118864e-05 0.097058235 0 0.0
1.2 2.5118864e-06 0.1022409 3.2641626e-23 0.50097611
1.2 2.5118864e-07 0.094 0.020224401 0.93448903
1.2 2.5118864e-08 0.10362072 0.0012394585 0.87069619
1.2 3.1622777e-05 0.096677342 0 0.0
1.2 3.1622777e-06 0.089635854 1.9556108e-38 0.99999838
1.2 3.1622777e-07 0.094656794 0.02280216 0.86516846
1.2 3.1622777e-08 0.099859916 0.0021868886 0.82634901
1.2 3.1622777e-09 0.0962 2.2891354e-05 0.78303195
1.2 3.9810717e-06 0.084850911 0 0.0
1.2 3.9810717e-07 0.095895896 0.011834677 0.93161583
1.2 3.9810717e-08 0.10244098 0.0027784064 0.81092407
1.2 3.9810717e-09 0.093837535 3.5744693e-05 0.87523188
1.2 5.0118723e-06 0.093856314 0 0.0
1.2 5.0118723e-07 0.096457875 0.0042173687 0.96017075
1.2 5.0118723e-08 0.10426256 0.0052004322 0.85736406
1.2 5.0118723e-09 0.093418684 6.082967e-05 0.84832986
1.2 6.3095734e-06 0.093893894 0 0.0
1.2 6.3095734e-07 0.095419084 0.0007016614 0.99999765
1.2 6.3095734e-08 0.097477982 0.0074829356 0.91951719
1.2 6.3095734e-09 0.096638655 0.00010871877 0.80018578
1.2 7.9432823e-06 0.099679744 0 0.0
1.2 7.9432823e-07 0.1020204 0.00033743905 0.95066334
1.2 7.9432823e-08 0.098819764 0.010966874 0.85443682
1.2 7.9432823e-09 0.096457875 0.00014419236 0.86046817
1.3 1.2589254e-05 0.11709367 0 0.0
1.3 1.2589254e-06 0.11747048 2.4899682e-09 0.99459773
1.3 1.2589254e-07 0.11584634 0.022278993 0.79641155
1.3 1.2589254e-08 0.11426856 0.00050354811 0.91324315
1.3 1.5848932e-05 0.11349079 0 0.0
1.3 1.5848932e-06 0.1196718 1.1062723e-14 0.98945252
1.3 1.5848932e-07 0.11506904 0.02479745 0.95288062
1.3 1.5848932e-08 0.10528423 0.00065840181 0.8406778
1.3 1.9952623e-05 0.11244498 0 0.0
1.3 1.9952623e-06 0.11346808 3.525935e-18 0.99922725
1.3 1.9952623e-07 0.11947168 0.025369093 0.85961043
1.3 1.9952623e-08 0.11522304 0.0010960552 0.91563645
1.3 1e-05 0.11582316 0 0.0
1.3 1e-06 0.11088871 1.3905632e-06 0.98991271
1.3 1e-07 0.10730731 0.014798853 0.97542872
1.3 1e-08 0.11484594 0.000307713 0.88328325
1.3 2.5118864e-05 0.10913096 0 0.0
1.3 2.5118864e-06 0.11188951 5.2980165e-31 1
1.3 2.5118864e-07 0.1180236 0.017812428 0.82062938
1.3 2.5118864e-08 0.12512513 0.001431398 0.8747484
1.3 3.1622777e-05 0.12412412 0 0.0
1.3 3.1622777e-06 0.11791792 6.0667421e-45 1
1.3 3.1622777e-07 0.1160232 0.015248746 0.89127594
1.3 3.1622777e-08 0.10850851 0.0028972927 0.65159844
1.3 3.1622777e-09 0.11982396 2.24515e-05 0.92490793
1.3 3.9810717e-06 0.10886532 0 0.0
1.3 3.9810717e-07 0.11426856 0.0070340428 0.80523276
1.3 3.9810717e-08 0.12164866 0.0043246431 0.87268134
1.3 3.9810717e-09 0.12169736 4.0914449e-05 0.93128116
1.3 5.0118723e-06 0.1170234 0 0.0
1.3 5.0118723e-07 0.12122424 0.0033161645 0.92658414
1.3 5.0118723e-08 0.1212 0.005340163 0.9185381
1.3 5.0118723e-09 0.10844338 7.4064137e-05 0.84036575
1.3 6.3095734e-06 0.1282513 0 0.0
1.3 6.3095734e-07 0.11864746 0.00067795977 0.99675921
1.3 6.3095734e-08 0.11864746 0.012692101 0.82180414
1.3 6.3095734e-09 0.11606964 0.000118058 0.84286522
1.3 7.9432823e-06 0.12104842 0 0.0
1.3 7.9432823e-07 0.12007204 5.5230422e-05 0.85446924
1.3 7.9432823e-08 0.12052052 0.011637034 0.82312646
1.3 7.9432823e-09 0.11854225 0.00023144991 0.85513727
1.4 1.1220184543e-06 0.13931145 9.7219521e-10 0.96202098
1.4 1.2589254e-05 0.14985994 0 0.0
1.4 1.2589254e-06 0.15418502 1.3877372e-11 0.99999994
1.4 1.2589254e-07 0.15703141 0.032891902 0.83850566
1.4 1.2589254e-08 0.16069642 0.00067787902 0.80066588
1.4 1.41253754462e-06 0.1542 4.3638782e-13 0.99898316
1.4 1.5848932e-05 0.14971978 0 0.0
1.4 1.5848932e-06 0.16506603 1.4117269e-15 1
1.4 1.5848932e-07 0.14488693 0.02713883 0.873452
1.4 1.5848932e-08 0.14885954 0.00085693835 0.76962501
1.4 1.77827941004e-06 0.15966387 2.747499e-20 0.99999974
1.4 1.9952623e-05 0.1518 0 0.0
1.4 1.9952623e-06 0.14788873 8.5046547e-24 0.99998848
1.4 1.9952623e-07 0.15669402 0.024522686 0.88408168
1.4 1.9952623e-08 0.14391513 0.0014571537 0.84262087
1.4 1e-05 0.15483097 0 0.0
1.4 1e-06 0.15403081 9.3242252e-08 0.98739822
1.4 1e-07 0.14571657 0.024621896 0.79765906
1.4 1e-08 0.15826331 0.0003821191 0.88469215
1.4 2.23872113857e-06 0.15666267 2.3060281e-30 0.37139051
1.4 2.5118864e-05 0.15532426 0 0.0
1.4 2.5118864e-06 0.14402881 1.3904322e-34 0.99999999
1.4 2.5118864e-07 0.14174174 0.017725192 0.91296396
1.4 2.5118864e-08 0.15822151 0.002609229 0.82052406
1.4 2.81838293126e-06 0.14971978 0 0.0
1.4 3.1622777e-05 0.16309786 0 0.0
1.4 3.1622777e-06 0.1491193 0 0.0
1.4 3.1622777e-07 0.15983197 0.010679355 0.93229873
1.4 3.1622777e-08 0.14868921 0.0037857587 0.87821899
1.4 3.1622777e-09 0.14788873 4.0624831e-05 0.82470789
1.4 3.54813389234e-06 0.15535536 0 0.0
1.4 3.9810717e-06 0.15889534 0 0.0
1.4 3.9810717e-07 0.15826331 0.0060870961 0.90205184
1.4 3.9810717e-08 0.14608765 0.0060481686 0.85313382
1.4 3.9810717e-09 0.15523105 7.5217057e-05 0.82880541
1.4 4.46683592151e-06 0.1634981 0 0.0
1.4 5.0118723e-06 0.15783157 0 0.0
1.4 5.0118723e-07 0.1544 0.0013241659 0.81417877
1.4 5.0118723e-08 0.15589354 0.0092330888 0.89732268
1.4 5.0118723e-09 0.15363073 9.4297589e-05 0.92684459
1.4 5.6234132519e-06 0.151 0 0.0
1.4 6.3095734e-06 0.14708825 0 0.0
1.4 6.3095734e-07 0.14874875 0.00011835655 0.98455507
1.4 6.3095734e-08 0.15215215 0.012074163 0.79506538
1.4 6.3095734e-09 0.16259511 0.000157782 0.90974828
1.4 7.07945784384e-06 0.14445778 0 0.0
1.4 7.9432823e-06 0.14565826 0 0.0
1.4 7.9432823e-07 0.14740637 8.2376414e-06 0.99261987
1.4 7.9432823e-08 0.1552621 0.016411326 0.89059848
1.4 7.9432823e-09 0.15472378 0.0002379821 0.86147841
1.4 8.91250938134e-06 0.15252202 0 0.0
1.5 1.2589254e-05 0.18030818 0 0.0
1.5 1.2589254e-06 0.18627451 1.6656589e-13 0.99998449
1.5 1.2589254e-07 0.19443889 0.025024246 0.82454073
1.5 1.2589254e-08 0.19219219 0.00079233128 0.850912
1.5 1.5848932e-05 0.186 0 0.0
1.5 1.5848932e-06 0.17587035 2.2057291e-21 0.99999826
1.5 1.5848932e-07 0.19355484 0.027554998 0.91220549
1.5 1.5848932e-08 0.18611167 0.0012960816 0.87668618
1.5 1.9952623e-05 0.18343669 0 0.0
1.5 1.9952623e-06 0.18935148 8.9547818e-32 0.99999999
1.5 1.9952623e-07 0.18987595 0.024032605 0.92733585
1.5 1.9952623e-08 0.19287715 0.0022291003 0.85269537
1.5 1e-05 0.19143829 0 0.0
1.5 1e-06 0.18087235 1.4759775e-10 0.94818191
1.5 1e-07 0.19139139 0.025151454 0.87712536
1.5 1e-08 0.1956 0.00043003421 0.83890868
1.5 2.5118864e-05 0.18983797 0 0.0
1.5 2.5118864e-06 0.19062875 0 0.0
1.5 2.5118864e-07 0.19251551 0.014914033 0.91900078
1.5 2.5118864e-08 0.18447379 0.0031221725 0.88914975
1.5 3.1622777e-05 0.18631179 0 0.0
1.5 3.1622777e-06 0.18150891 0 0.0
1.5 3.1622777e-07 0.18815052 0.0077957448 0.94826357
1.5 3.1622777e-08 0.18983797 0.0053300729 0.88073025
1.5 3.1622777e-09 0.18383677 5.1451489e-05 0.83922382
1.5 3.9810717e-06 0.1834201 0 0.0
1.5 3.9810717e-07 0.18027211 0.0027505592 0.93451752
1.5 3.9810717e-08 0.18603721 0.0081694309 0.88339867
1.5 3.9810717e-09 0.19111467 9.163117e-05 0.86463231
1.5 5.0118723e-06 0.18451071 0 0.0
1.5 5.0118723e-07 0.18487395 0.00026306718 0.80136583
1.5 5.0118723e-08 0.17967187 0.010392686 0.85808493
1.5 5.0118723e-09 0.18703741 0.00012620308 0.86945157
1.5 6.3095734e-06 0.18534828 0 0.0
1.5 6.3095734e-07 0.17610566 1.2937498e-05 0.98123852
1.5 6.3095734e-08 0.19127651 0.01701549 0.8022744
1.5 6.3095734e-09 0.18603721 0.00020490482 0.84080011
1.5 7.9432823e-06 0.1795077 0 0.0
1.5 7.9432823e-07 0.17483497 4.53406e-07 0.49983976
1.5 7.9432823e-08 0.18250951 0.0216401 0.84162237
1.5 7.9432823e-09 0.18278278 0.00032787704 0.84489761
1.6 1.2589254e-06 0.21244249 4.301336e-18 0.86974297
1.6 1.2589254e-07 0.20028011 0.031714201 0.90530535
1.6 1.2589254e-08 0.20488195 0.00095587523 0.87723162
1.6 1.5848932e-06 0.19755805 3.6832289e-23 1
1.6 1.5848932e-07 0.2078 0.02626831 0.85757611
1.6 1.5848932e-08 0.20592355 0.0015656068 0.79254261
1.6 1.9952623e-06 0.20172103 2.3738998e-39 0.86642501
1.6 1.9952623e-07 0.19407763 0.022666368 0.92942882
1.6 1.9952623e-08 0.2103262 0.0028047387 0.83950281
1.6 1e-06 0.19911947 1.216312e-11 0.99653097
1.6 1e-07 0.20372223 0.028579551 0.89231573
1.6 1e-08 0.2044 0.00055171054 0.84999823
1.6 2.5118864e-06 0.19675741 0 0.0
1.6 2.5118864e-07 0.19907963 0.013065263 0.87305302
1.6 2.5118864e-08 0.20256205 0.0038731045 0.91052125
1.6 3.1622777e-06 0.20664133 0 0.0
1.6 3.1622777e-07 0.19651791 0.0040099285 0.95981047
1.6 3.1622777e-08 0.20504101 0.0050943271 0.83295791
1.6 3.1622777e-09 0.2024 6.6061552e-05 0.93691022
1.6 3.9810717e-07 0.20104021 0.0014256664 0.9064844
1.6 3.9810717e-08 0.2158 0.0076742047 0.85058093
1.6 3.9810717e-09 0.20624125 9.7920906e-05 0.8723201
1.6 5.0118723e-07 0.20612367 0.00022403162 0.92900394
1.6 5.0118723e-08 0.19971983 0.011949112 0.9025578
1.6 5.0118723e-09 0.2026 0.00015882626 0.84277859
1.6 6.3095734e-07 0.20228091 1.0207901e-05 0.85304424
1.6 6.3095734e-08 0.2072487 0.018030294 0.83674634
1.6 6.3095734e-09 0.19631779 0.00025408188 0.87499211
1.6 7.9432823e-07 0.20992596 8.1990972e-08 0.99884191
1.6 7.9432823e-08 0.2106 0.020371136 0.84688402
1.6 7.9432823e-09 0.19707883 0.00039674215 0.92200338
1.7 1.2589254e-06 0.21164233 2.7027232e-18 0.99932662
1.7 1.2589254e-07 0.20968387 0.029932114 0.92162738
1.7 1.2589254e-08 0.21257006 0.0011025729 0.80479694
1.7 1.5848932e-06 0.21357086 2.7590782e-31 1
1.7 1.5848932e-07 0.19943989 0.025294781 0.84795844
1.7 1.5848932e-08 0.21104221 0.0017793989 0.8581102
1.7 1.9952623e-06 0.2244898 4.7484285e-45 1
1.7 1.9952623e-07 0.21572944 0.016461873 0.94280811
1.7 1.9952623e-08 0.20764153 0.002757286 0.82569531
1.7 1e-06 0.20756605 8.291525e-14 0.9995491
1.7 1e-07 0.21324265 0.030045923 0.903223
1.7 1e-08 0.21628651 0.00083720267 0.86739367
1.7 2.5118864e-06 0.21544309 0 0.0
1.7 2.5118864e-07 0.21364273 0.0081352112 0.90236762
1.7 2.5118864e-08 0.21072644 0.0046945459 0.87945604
1.7 3.1622777e-06 0.21748699 0 0.0
1.7 3.1622777e-07 0.20744149 0.0026074766 0.94131462
1.7 3.1622777e-08 0.21309834 0.0064396283 0.86091921
1.7 3.1622777e-09 0.20708283 6.5703649e-05 0.93272062
1.7 3.9810717e-07 0.20416333 0.00058489359 0.94211166
1.7 3.9810717e-08 0.21357086 0.010151922 0.85145305
1.7 3.9810717e-09 0.20712427 0.00011669391 0.83916267
1.7 5.0118723e-07 0.21708683 7.4264884e-05 0.97852709
1.7 5.0118723e-08 0.21192716 0.01315621 0.91918154
1.7 5.0118723e-09 0.21624325 0.0001712856 0.84632727
1.7 6.3095734e-07 0.2072 1.8280702e-06 0.96760683
1.7 6.3095734e-08 0.20604121 0.016668477 0.89458986
1.7 6.3095734e-09 0.20764153 0.00027859437 0.90246191
1.7 7.9432823e-07 0.2078 1.8037372e-09 0.99961395
1.7 7.9432823e-08 0.20076061 0.027165908 0.87122238
1.7 7.9432823e-09 0.20808323 0.00049562435 0.84170708
1.8 1.2589254e-06 0.21104221 2.9702143e-21 0.98499475
1.8 1.2589254e-07 0.1927542 0.029301669 0.88135926
1.8 1.2589254e-08 0.19923985 0.0013332576 0.80422427
1.8 1.5848932e-06 0.2092 1.4621355e-29 1
1.8 1.5848932e-07 0.20208083 0.023612966 0.88380659
1.8 1.5848932e-08 0.20488195 0.0020871069 0.85661239
1.8 1.9952623e-06 0.2038 0 0.0
1.8 1.9952623e-07 0.20104021 0.018800316 0.89628882
1.8 1.9952623e-08 0.20124025 0.0030037894 0.91857691
1.8 1e-06 0.20532319 7.9564632e-15 0.99821866
1.8 1e-07 0.20945134 0.030256198 0.8651818
1.8 1e-08 0.20788315 0.00071012066 0.88813526
1.8 2.5118864e-06 0.20592355 0 0.0
1.8 2.5118864e-07 0.20424085 0.0079803685 0.91896246
1.8 2.5118864e-08 0.20952572 0.0042076079 0.89828495
1.8 3.1622777e-06 0.20568227 0 0.0
1.8 3.1622777e-07 0.20852512 0.002730084 0.93878784
1.8 3.1622777e-08 0.20104021 0.0059876758 0.88949042
1.8 3.1622777e-09 0.21204241 7.5556858e-05 0.92454879
1.8 3.9810717e-07 0.20708283 0.00051088696 0.8850442
1.8 3.9810717e-08 0.19907963 0.010887728 0.8983964
1.8 3.9810717e-09 0.20888355 0.00011514428 0.86089721
1.8 5.0118723e-07 0.20884177 3.7070566e-05 0.8893309
1.8 5.0118723e-08 0.2042 0.013631003 0.85938998
1.8 5.0118723e-09 0.20472283 0.00018241893 0.91155478
1.8 6.3095734e-07 0.20308123 1.388393e-06 0.97833193
1.8 6.3095734e-08 0.19971983 0.019229177 0.87247246
1.8 6.3095734e-09 0.20800801 0.00028523183 0.82359405
1.8 7.9432823e-07 0.20068027 1.4878492e-09 0.32361894
1.8 7.9432823e-08 0.19663933 0.026022118 0.91786616
1.8 7.9432823e-09 0.1998 0.00046296479 0.93377109
1.9 1.2589254e-06 0.18511107 6.0706865e-20 1
1.9 1.2589254e-07 0.17634107 0.031549872 0.8987126
1.9 1.2589254e-08 0.17834267 0.00099291934 0.89292327
1.9 1.5848932e-06 0.17490494 3.8467741e-30 1
1.9 1.5848932e-07 0.17290374 0.022145365 0.9423678
1.9 1.5848932e-08 0.18010806 0.0016509221 0.85806049
1.9 1.9952623e-06 0.17967187 5.0559098e-46 1
1.9 1.9952623e-07 0.18363673 0.013878052 0.91798947
1.9 1.9952623e-08 0.17863573 0.0026853239 0.82760519
1.9 1e-06 0.18551131 2.6795246e-13 0.99999908
1.9 1e-07 0.1847478 0.029332649 0.87456775
1.9 1e-08 0.17814251 0.00072215758 0.90489762
1.9 2.5118864e-06 0.18263653 0 0.0
1.9 2.5118864e-07 0.18254604 0.0078962205 0.9432711
1.9 2.5118864e-08 0.17890734 0.0038126761 0.84769935
1.9 3.1622777e-06 0.17923585 0 0.0
1.9 3.1622777e-07 0.18627451 0.0032682177 0.86145005
1.9 3.1622777e-08 0.18454764 0.0057974911 0.89863173
1.9 3.1622777e-09 0.17967187 5.8673107e-05 0.89171762
1.9 3.9810717e-07 0.18314652 0.00054932977 0.93146946
1.9 3.9810717e-08 0.16966787 0.008934145 0.80951333
1.9 3.9810717e-09 0.17887155 0.00010656887 0.85706591
1.9 5.0118723e-07 0.17990794 4.5428348e-05 0.97553044
1.9 5.0118723e-08 0.18332999 0.013999221 0.85864008
1.9 5.0118723e-09 0.18811287 0.00016511582 0.92577036
1.9 6.3095734e-07 0.17697698 1.1319786e-06 0.99999178
1.9 6.3095734e-08 0.18290975 0.016332209 0.92765765
1.9 6.3095734e-09 0.17830698 0.00029422697 0.78705212
1.9 7.9432823e-07 0.178 2.7203659e-09 0.99992148
1.9 7.9432823e-08 0.1852 0.022205816 0.84419266
1.9 7.9432823e-09 0.17867147 0.00041676663 0.93366383
2 1.2589254e-06 0.18543709 2.602555e-24 0.99888083
2 1.2589254e-07 0.20236189 0.022296449 0.91165231
2 1.2589254e-08 0.19743692 0.001143678 0.85686657
2 1.5848932e-06 0.19191515 6.9984459e-37 0.76049846
2 1.5848932e-07 0.19323865 0.022305551 0.92058666
2 1.5848932e-08 0.19123825 0.0013939836 0.91473794
2 1.9952623e-06 0.19967987 0 0.0
2 1.9952623e-07 0.18887555 0.01402795 0.89424453
2 1.9952623e-08 0.19387755 0.0034025486 0.884922
2 1e-06 0.19771863 7.521876e-16 0.98887196
2 1e-07 0.20556445 0.029031805 0.85992518
2 1e-08 0.19147659 0.0007645378 0.94998971
2 2.5118864e-06 0.19891935 0 0.0
2 2.5118864e-07 0.19467787 0.0050896211 0.91082779
2 2.5118864e-08 0.19643929 0.0043199672 0.87129077
2 3.1622777e-06 0.1955956 0 0.0
2 3.1622777e-07 0.18991395 0.0020109849 0.85293751
2 3.1622777e-08 0.19955965 0.0070041127 0.92628633
2 3.1622777e-09 0.19163833 8.2753324e-05 0.95301248
2 3.9810717e-07 0.19167667 0.00030656943 0.81544725
2 3.9810717e-08 0.19467787 0.011912268 0.80144108
2 3.9810717e-09 0.18827531 0.00013035975 0.82990281
2 5.0118723e-07 0.19103821 1.2298896e-05 0.98837787
2 5.0118723e-08 0.19147659 0.01360513 0.91330376
2 5.0118723e-09 0.19043809 0.00021276784 0.87391134
2 6.3095734e-07 0.19267707 2.282585e-07 0.99981348
2 6.3095734e-08 0.18345684 0.021658318 0.90435517
2 6.3095734e-09 0.18947579 0.00031824549 0.88637847
2 7.9432823e-07 0.19447779 1.760168e-11 0.98394247
2 7.9432823e-08 0.19467787 0.026902627 0.82795534
2 7.9432823e-09 0.19627851 0.0005236599 0.84790121
2.1 1.2589254e-06 0.20512307 1.1284211e-27 0.99999762
2.1 1.2589254e-07 0.19787915 0.027926995 0.90372618
2.1 1.2589254e-08 0.19563476 0.001181103 0.91641613
2.1 1.5848932e-06 0.20588235 1.6625258e-40 0.99962676
2.1 1.5848932e-07 0.20192115 0.01666261 0.87450279
2.1 1.5848932e-08 0.20088035 0.0023937628 0.89015443
2.1 1.9952623e-06 0.19563913 0 0.0
2.1 1.9952623e-07 0.19583917 0.0095381488 0.93799453
2.1 1.9952623e-08 0.19607843 0.0034104051 0.89556245
2.1 1e-06 0.20908363 5.7507365e-18 0.99991843
2.1 1e-07 0.20132079 0.02595577 0.89908654
2.1 1e-08 0.19863973 0.00097860419 0.87431527
2.1 2.5118864e-06 0.19483897 0 0.0
2.1 2.5118864e-07 0.2006006 0.0051832501 0.92339762
2.1 2.5118864e-08 0.20608243 0.0046781782 0.88179448
2.1 3.1622777e-06 0.19907963 0 0.0
2.1 3.1622777e-07 0.1978 0.001524788 0.91514862
2.1 3.1622777e-08 0.20532319 0.0073230995 0.88787528
2.1 3.1622777e-09 0.19903981 0.0001055693 0.88580489
2.1 3.9810717e-07 0.20508203 0.00013889646 0.98179247
2.1 3.9810717e-08 0.19915933 0.011722106 0.85666655
2.1 3.9810717e-09 0.18487395 0.00013941548 0.8839856
2.1 5.0118723e-07 0.19199199 7.3216116e-06 0.98065694
2.1 5.0118723e-08 0.2078 0.015455368 0.89105316
2.1 5.0118723e-09 0.20648259 0.00021046183 0.82607707
2.1 6.3095734e-07 0.19031419 4.2795295e-08 0.90362666
2.1 6.3095734e-08 0.1928 0.015962658 0.93560866
2.1 6.3095734e-09 0.20628251 0.00038636351 0.8524506
2.1 7.9432823e-07 0.19383877 2.0676957e-12 0.99983581
2.1 7.9432823e-08 0.19531719 0.024779338 0.89072863
2.1 7.9432823e-09 0.20144029 0.00056061423 0.89535495
2.2 1.2589254e-06 0.20424085 2.6740709e-28 0.99999876
2.2 1.2589254e-07 0.20632379 0.021291433 0.91102742
2.2 1.2589254e-08 0.21704341 0.0014983409 0.88315571
2.2 1.5848932e-06 0.20548219 4.8322693e-43 1
2.2 1.5848932e-07 0.20744149 0.01462594 0.88716208
2.2 1.5848932e-08 0.19847939 0.0018561979 0.89632683
2.2 1.9952623e-06 0.2036 0 0.0
2.2 1.9952623e-07 0.20652391 0.0072319089 0.8791961
2.2 1.9952623e-08 0.21352812 0.0040101351 0.91869054
2.2 1e-06 0.21021021 9.0696048e-18 0.99999999
2.2 1e-07 0.20664133 0.025426007 0.88655332
2.2 1e-08 0.21304261 0.0010539762 0.85133158
2.2 2.5118864e-06 0.20052031 0 0.0
2.2 2.5118864e-07 0.19911947 0.0036154994 0.94673974
2.2 2.5118864e-08 0.19995997 0.0054826303 0.78041647
2.2 3.1622777e-06 0.20016013 0 0.0
2.2 3.1622777e-07 0.20884177 0.00053978548 0.92740912
2.2 3.1622777e-08 0.20468187 0.0066519308 0.82358464
2.2 3.1622777e-09 0.19923985 8.5583009e-05 0.84904418
2.2 3.9810717e-07 0.19855885 9.1309215e-05 0.88706498
2.2 3.9810717e-08 0.20236189 0.010372247 0.92955478
2.2 3.9810717e-09 0.20308123 0.00015336606 0.78220062
2.2 5.0118723e-07 0.20392235 2.3807476e-06 0.86974333
2.2 5.0118723e-08 0.20364073 0.014644927 0.86893584
2.2 5.0118723e-09 0.21497198 0.00025924027 0.89811858
2.2 6.3095734e-07 0.21168467 7.2510031e-10 0.99703352
2.2 6.3095734e-08 0.21288515 0.021942352 0.93591195
2.2 6.3095734e-09 0.21216974 0.00032049069 0.78631639
2.2 7.9432823e-07 0.20032019 2.5157132e-12 0.72668111
2.2 7.9432823e-08 0.21 0.026109726 0.90698191
2.2 7.9432823e-09 0.203003 0.00066415311 0.89085092
2.3 1.2589254e-06 0.21324265 1.4556086e-31 0.046193992
2.3 1.2589254e-07 0.2012012 0.021994749 0.91818746
2.3 1.2589254e-08 0.20328131 0.0016245913 0.89000699
2.3 1.5848932e-06 0.20884177 1.0898988e-44 1
2.3 1.5848932e-07 0.2008 0.012269987 0.88837257
2.3 1.5848932e-08 0.21092656 0.0021802145 0.86099677
2.3 1.9952623e-06 0.20712427 0 0.0
2.3 1.9952623e-07 0.21212728 0.0074796889 0.9634296
2.3 1.9952623e-08 0.19971983 0.0041156402 0.8882931
2.3 1e-06 0.20976781 9.238847e-20 0.55335619
2.3 1e-07 0.21564313 0.023122002 0.9260329
2.3 1e-08 0.19831899 0.00088143399 0.84465934
2.3 2.5118864e-06 0.20484097 0 0.0
2.3 2.5118864e-07 0.2034 0.0024466085 0.9342778
2.3 2.5118864e-08 0.20292175 0.0060774847 0.90034307
2.3 3.1622777e-06 0.20596477 0 0.0
2.3 3.1622777e-07 0.19407763 0.00039788907 0.83164728
2.3 3.1622777e-08 0.20228091 0.0087564006 0.81623552
2.3 3.1622777e-09 0.2044 9.7850353e-05 0.84954081
2.3 3.9810717e-07 0.20228091 4.5117707e-05 0.99068546
2.3 3.9810717e-08 0.20536429 0.010355628 0.94017637
2.3 3.9810717e-09 0.18762515 0.0001869011 0.85337812
2.3 5.0118723e-07 0.20392235 6.1874178e-07 0.65939174
2.3 5.0118723e-08 0.20508203 0.016330248 0.81892172
2.3 5.0118723e-09 0.20084017 0.00023937918 0.88031252
2.3 6.3095734e-07 0.21048419 2.6264576e-10 0.99999688
2.3 6.3095734e-08 0.20192115 0.020689222 0.87105504
2.3 6.3095734e-09 0.205 0.00043151089 0.84808773
2.3 7.9432823e-07 0.20228091 2.660776e-14 0.74587334
2.3 7.9432823e-08 0.20996797 0.025309043 0.86715701
2.3 7.9432823e-09 0.207 0.00058704398 0.84643677
2.4 1.2589254e-06 0.20968387 5.4796299e-36 0.99982949
2.4 1.2589254e-07 0.20640641 0.01964288 0.88993456
2.4 1.2589254e-08 0.20168067 0.0017226897 0.88895869
2.4 1.5848932e-06 0.19583917 0 0.0
2.4 1.5848932e-07 0.20704141 0.01742734 0.9187055
2.4 1.5848932e-08 0.20976781 0.0022139964 0.83716961
2.4 1.9952623e-06 0.20108043 0 0.0
2.4 1.9952623e-07 0.20572343 0.0058217147 0.94354684
2.4 1.9952623e-08 0.21788715 0.0041706021 0.82066907
2.4 1e-06 0.20268107 4.5591759e-22 1
2.4 1e-07 0.21472884 0.026518009 0.86080355
2.4 1e-08 0.20964193 0.0010998749 0.85011677
2.4 2.5118864e-06 0.20216173 0 0.0
2.4 2.5118864e-07 0.20636509 0.0017504181 0.92164099
2.4 2.5118864e-08 0.21973184 0.0061579247 0.85951328
2.4 3.1622777e-06 0.20800801 0 0.0
2.4 3.1622777e-07 0.20468187 0.00017445974 0.81292858
2.4 3.1622777e-08 0.20492295 0.0099232287 0.85216909
2.4 3.1622777e-09 0.20876701 9.9606004e-05 0.83589178
2.4 3.9810717e-07 0.21289806 2.3768211e-05 0.94881046
2.4 3.9810717e-08 0.20132079 0.013595187 0.86136196
2.4 3.9810717e-09 0.19727891 0.00018458296 0.91477234
2.4 5.0118723e-07 0.1942 2.2291671e-07 0.90824661
2.4 5.0118723e-08 0.198999 0.015772526 0.81744855
2.4 5.0118723e-09 0.21085302 0.00027301271 0.87913674
2.4 6.3095734e-07 0.20232139 3.7361507e-10 0.6280957
2.4 6.3095734e-08 0.19315452 0.021125619 0.90079131
2.4 6.3095734e-09 0.20408163 0.00041732037 0.78938805
2.4 7.9432823e-07 0.2046 1.9049443e-14 0.99106166
2.4 7.9432823e-08 0.21196958 0.023704284 0.93167893
2.4 7.9432823e-09 0.20076061 0.00055722732 0.86898281
2.5 1.2589254e-06 0.20960961 2.5575471e-35 1
2.5 1.2589254e-07 0.2143286 0.019993127 0.88042803
2.5 1.2589254e-08 0.20452271 0.0016467545 0.84187688
2.5 1.5848932e-06 0.20056045 0 0.0
2.5 1.5848932e-07 0.20204041 0.010348564 0.92415941
2.5 1.5848932e-08 0.19455564 0.002712026 0.8539115
2.5 1.9952623e-06 0.20264053 0 0.0
2.5 1.9952623e-07 0.2093256 0.0044659945 0.90718423
2.5 1.9952623e-08 0.21588635 0.0039903613 0.77041665
2.5 1e-06 0.20452271 2.8905442e-24 0.995722
2.5 1e-07 0.20016013 0.023031176 0.90475825
2.5 1e-08 0.20924185 0.0010748565 0.89112692
2.5 2.5118864e-06 0.20592355 0 0.0
2.5 2.5118864e-07 0.20548219 0.0015730374 0.937023
2.5 2.5118864e-08 0.19591755 0.0060745421 0.8550141
2.5 3.1622777e-06 0.21076861 0 0.0
2.5 3.1622777e-07 0.21144229 0.0001666704 0.99055533
2.5 3.1622777e-08 0.20444089 0.0093110221 0.90283252
2.5 3.1622777e-09 0.19751851 0.00010314585 0.81774295
2.5 3.9810717e-07 0.19507803 1.026023e-05 0.99667033
2.5 3.9810717e-08 0.20132079 0.0095973921 0.91233822
2.5 3.9810717e-09 0.2046046 0.00018388523 0.8292168
2.5 5.0118723e-07 0.20556445 1.1749887e-07 0.52306494
2.5 5.0118723e-08 0.20724145 0.013241266 0.88287879
2.5 5.0118723e-09 0.20560561 0.00032708084 0.83806109
2.5 6.3095734e-07 0.21304261 2.5054964e-10 0.99991564
2.5 6.3095734e-08 0.20684137 0.018682621 0.90495734
2.5 6.3095734e-09 0.20448179 0.00051718846 0.86054789
2.5 7.9432823e-07 0.20816653 2.2602758e-16 0.98546102
2.5 7.9432823e-08 0.20412247 0.023136424 0.87545545
2.5 7.9432823e-09 0.19395516 0.00065493718 0.89602951
2.6 1.2589254e-06 0.20488195 1.0417973e-40 0.95959209
2.6 1.2589254e-07 0.19695757 0.014459842 0.91504696
2.6 1.2589254e-08 0.20244049 0.0019645848 0.81433418
2.6 1.5848932e-06 0.21608643 0 0.0
2.6 1.5848932e-07 0.20608243 0.010560797 0.97935289
2.6 1.5848932e-08 0.19883977 0.0024776032 0.88732293
2.6 1.9952623e-06 0.20148059 0 0.0
2.6 1.9952623e-07 0.19607843 0.0042021586 0.93390194
2.6 1.9952623e-08 0.20828331 0.0055166739 0.83846179
2.6 1e-06 0.20776621 2.9955024e-22 0.001240592
2.6 1e-07 0.20488195 0.022596287 0.9104404
2.6 1e-08 0.20484097 0.00094866157 0.89251166
2.6 2.5118864e-06 0.2052463 0 0.0
2.6 2.5118864e-07 0.21768707 0.0013515037 0.90891421
2.6 2.5118864e-08 0.21297038 0.0058654078 0.92120112
2.6 3.1622777e-06 0.21144229 0 0.0
2.6 3.1622777e-07 0.20724145 0.00023311242 0.79432634
2.6 3.1622777e-08 0.21084217 0.0097228137 0.85574951
2.6 3.1622777e-09 0.20648259 0.00011570934 0.88987169
2.6 3.9810717e-07 0.21412848 7.3918387e-06 0.92917508
2.6 3.9810717e-08 0.20136109 0.01130534 0.90232011
2.6 3.9810717e-09 0.19563913 0.00018764191 0.85469353
2.6 5.0118723e-07 0.19947979 4.96778e-08 0.99961451
2.6 5.0118723e-08 0.20288115 0.017133327 0.92565216
2.6 5.0118723e-09 0.20864173 0.00031654889 0.75792795
2.6 6.3095734e-07 0.20552331 9.88815e-11 0.95494993
2.6 6.3095734e-08 0.20808323 0.021421741 0.87528736
2.6 6.3095734e-09 0.21392836 0.00045614519 0.80925224
2.6 7.9432823e-07 0.20792475 1.5202107e-16 0.94479452
2.6 7.9432823e-08 0.19851911 0.021959177 0.94207702
2.6 7.9432823e-09 0.19511707 0.00083582603 0.85031513
2.7 1.2589254e-06 0.19203841 2.2633883e-38 1
2.7 1.2589254e-07 0.2008016 0.012991646 0.96398046
2.7 1.2589254e-08 0.20864173 0.0016425496 0.83575297
2.7 1.5848932e-06 0.2022832 0 0.0
2.7 1.5848932e-07 0.20168067 0.0092686054 0.88297505
2.7 1.5848932e-08 0.19995997 0.0025466847 0.84652248
2.7 1.9952623e-06 0.20352211 0 0.0
2.7 1.9952623e-07 0.21657326 0.0026694392 0.77111193
2.7 1.9952623e-08 0.2004004 0.0037495638 0.90883569
2.7 1e-06 0.20284057 5.0948971e-26 1
2.7 1e-07 0.19807923 0.02220181 0.84859745
2.7 1e-08 0.19623925 0.0010676059 0.93294475
2.7 2.5118864e-06 0.19891935 0 0.0
2.7 2.5118864e-07 0.20885062 0.00063875692 0.88334552
2.7 2.5118864e-08 0.20628251 0.0066742508 0.82660302
2.7 3.1622777e-06 0.20208083 0 0.0
2.7 3.1622777e-07 0.19122948 0.00011771596 0.77628953
2.7 3.1622777e-08 0.20336269 0.010105779 0.83939228
2.7 3.1622777e-09 0.19187675 0.00013085255 0.84052641
2.7 3.9810717e-07 0.20572343 8.1276408e-07 0.74357398
2.7 3.9810717e-08 0.20852512 0.014630411 0.80411851
2.7 3.9810717e-09 0.1965966 0.00018058326 0.92500023
2.7 5.0118723e-07 0.20572343 7.4821044e-09 0.672448
2.7 5.0118723e-08 0.20292175 0.016895682 0.85318786
2.7 5.0118723e-09 0.19367747 0.00026528753 0.82766009
2.7 6.3095734e-07 0.18723745 7.6920433e-13 0.42094344
2.7 6.3095734e-08 0.20344069 0.018802836 0.8840602
2.7 6.3095734e-09 0.18967587 0.00043967908 0.97133541
2.7 7.9432823e-07 0.20044009 1.926079e-17 0.99838185
2.7 7.9432823e-08 0.196997 0.02402622 0.89704639
2.7 7.9432823e-09 0.20264053 0.00066250036 0.83516729
2.8 1.2589254e-06 0.19247699 2.8696029e-46 1
2.8 1.2589254e-07 0.19007603 0.017357093 0.93164569
2.8 1.2589254e-08 0.1918302 0.0019016611 0.79939242
2.8 1.5848932e-06 0.19383877 0 0.0
2.8 1.5848932e-07 0.18855084 0.0085913745 0.84872079
2.8 1.5848932e-08 0.19647859 0.0023732226 0.85753077
2.8 1.9952623e-06 0.19975981 0 0.0
2.8 1.9952623e-07 0.18514812 0.0031400322 0.86410044
2.8 1.9952623e-08 0.1960745 0.0046362737 0.86706752
2.8 1e-06 0.1978 1.1033404e-27 0.99999899
2.8 1e-07 0.19287715 0.0218461 0.90830381
2.8 1e-08 0.19143829 0.0012545835 0.8906799
2.8 2.5118864e-06 0.1965966 0 0.0
2.8 2.5118864e-07 0.19715773 0.00074947885 0.7435448
2.8 2.5118864e-08 0.19947979 0.0049049677 0.78864016
2.8 3.1622777e-06 0.19695757 0 0.0
2.8 3.1622777e-07 0.19403881 6.355226e-05 0.86587519
2.8 3.1622777e-08 0.2004004 0.0098061823 0.8895655
2.8 3.1622777e-09 0.19271563 0.00013590564 0.71286472
2.8 3.9810717e-07 0.19031419 2.0302246e-06 0.75581515
2.8 3.9810717e-08 0.198999 0.013580389 0.8254082
2.8 3.9810717e-09 0.18858859 0.00018925948 0.81873844
2.8 5.0118723e-07 0.20892536 2.658665e-08 0.99999861
2.8 5.0118723e-08 0.18783757 0.018917472 0.85831969
2.8 5.0118723e-09 0.18167267 0.00031300745 0.86672799
2.8 6.3095734e-07 0.2004004 1.1510282e-12 0.99304566
2.8 6.3095734e-08 0.20272163 0.019499268 0.91134419
2.8 6.3095734e-09 0.18254604 0.0004798748 0.82868647
2.8 7.9432823e-07 0.18867547 1.0903562e-18 0.99993311
2.8 7.9432823e-08 0.19643929 0.022176072 0.90909161
2.8 7.9432823e-09 0.1874 0.00058224094 0.85261608
2.9 1.2589254e-06 0.1957958 4.2984615e-48 1
2.9 1.2589254e-07 0.19551731 0.013819037 0.86584571
2.9 1.2589254e-08 0.19695757 0.0020245686 0.77905052
2.9 1.5848932e-06 0.19427771 0 0.0
2.9 1.5848932e-07 0.19023805 0.0058594177 0.87882226
2.9 1.5848932e-08 0.20044009 0.0032301276 0.86103006
2.9 1.9952623e-06 0.20476381 0 0.0
2.9 1.9952623e-07 0.19915933 0.0030611655 0.71107205
2.9 1.9952623e-08 0.19323188 0.0039900324 0.85088284
2.9 1e-06 0.19451671 1.4488229e-28 0.94982425
2.9 1e-07 0.18638639 0.017434188 0.86868377
2.9 1e-08 0.20292175 0.0015933816 0.80695116
2.9 2.5118864e-06 0.19427771 0 0.0
2.9 2.5118864e-07 0.19543909 0.00047112343 0.91884373
2.9 2.5118864e-08 0.19111467 0.0059593208 0.87183207
2.9 3.1622777e-06 0.1872 0 0.0
2.9 3.1622777e-07 0.20972584 3.3465059e-05 0.9850952
2.9 3.1622777e-08 0.18658659 0.012065735 0.84853045
2.9 3.1622777e-09 0.19823789 0.00013537628 0.8310493
2.9 3.9810717e-07 0.18831299 3.9740219e-07 0.98686841
2.9 3.9810717e-08 0.20600601 0.015985355 0.87784413
2.9 3.9810717e-09 0.19451671 0.00016888467 0.86012681
2.9 5.0118723e-07 0.19139139 6.6043844e-09 0.99520818
2.9 5.0118723e-08 0.19551731 0.017972604 0.84943344
2.9 5.0118723e-09 0.19571743 0.00033252004 0.82826073
2.9 6.3095734e-07 0.19419419 3.1505796e-13 1
2.9 6.3095734e-08 0.20112067 0.022117362 0.87959062
2.9 6.3095734e-09 0.20436349 0.00052872178 0.89868976
2.9 7.9432823e-07 0.1904 7.7379065e-19 1
2.9 7.9432823e-08 0.20028011 0.023787659 0.87770337
2.9 7.9432823e-09 0.19955965 0.00076564114 0.90178159
