10 1.2589254e-07 0.010623085 8.0251321e-13 0.99997769
10 1.2589254e-08 0.010002 0.18454136 0.90820182
10 1.5848932e-07 0.013202641 6.6677109e-18 9.6462975e-06
10 1.5848932e-08 0.01020204 0.19740024 0.86077636
10 1.9952623e-07 0.0112 1.8286441e-29 1
10 1.9952623e-08 0.014 0.16140756 0.80145537
10 1e-06 0.01140228 0 0.0
10 1e-07 0.013602721 7.5732993e-08 0.15166227
10 1e-08 0.012631077 0.14245225 0.88515642
10 2.5118864e-07 0.0124 0 0.0
10 2.5118864e-08 0.0138 0.11667072 0.9106464
10 3.1622777e-07 0.013177471 0 0.0
10 3.1622777e-08 0.0108 0.064885665 0.93079884
10 3.1622777e-09 0.01375 0.021886387 0.80968248
10 3.9810717e-07 0.010647737 0 0.0
10 3.9810717e-08 0.0126 0.017429043 0.91225488
10 3.9810717e-09 0.011943041 0.037745211 0.90054246
10 5.0118723e-07 0.0138 0 0.0
10 5.0118723e-08 0.015 0.0027461714 0.97000807
10 5.0118723e-09 0.015203041 0.050022673 0.8917064
10 6.3095734e-07 0.01180236 0 0.0
10 6.3095734e-08 0.0098 0.00025562901 0.9962879
10 6.3095734e-09 0.0110022 0.075262121 0.904466
10 7.9432823e-07 0.013602721 0 0.0
10 7.9432823e-08 0.010552313 7.1618601e-07 0.901565
10 7.9432823e-09 0.0124 0.10576671 0.83150164
1.4 1.2589254e-05 0.19281701 0 0.0
1.4 1.2589254e-06 0.18360787 1.6712199e-14 0.80776321
1.4 1.2589254e-07 0.18642025 0.069302715 0.83780601
1.4 1.2589254e-08 0.19750854 0.0031351726 0.76552039
1.4 1.5848932e-05 0.18430034 0 0.0
1.4 1.5848932e-06 0.18621937 4.2857174e-23 0.99990776
1.4 1.5848932e-07 0.1867095 0.060179045 0.7879366
1.4 1.5848932e-08 0.18214789 0.0050793436 0.75418188
1.4 1.9952623e-05 0.18242023 0 0.0
1.4 1.9952623e-06 0.1776395 9.4394447e-27 1
1.4 1.9952623e-07 0.17883726 0.046091345 0.85531371
1.4 1.9952623e-08 0.18461229 0.0069972256 0.7646914
1.4 1e-05 0.17885852 0 0.0
1.4 1e-06 0.17543155 1.6094407e-09 0.87505844
1.4 1e-07 0.17816208 0.074329322 0.74418723
1.4 1e-08 0.18687072 0.0021545218 0.73719461
1.4 2.5118864e-05 0.17546677 0 0.0
1.4 2.5118864e-06 0.19334136 1.6279793e-38 1.5536528e-08
1.4 2.5118864e-07 0.19212219 0.024803782 0.84161231
1.4 2.5118864e-08 0.18364477 0.011543578 0.74300095
1.4 3.1622777e-05 0.17637605 0 0.0
1.4 3.1622777e-06 0.17827745 0 0.0
1.4 3.1622777e-07 0.18832998 0.0098918018 0.81081183
1.4 3.1622777e-08 0.18379248 0.017682326 0.71185181
1.4 3.1622777e-09 0.19148936 0.00019993005 0.72280576
1.4 3.9810717e-06 0.17379948 0 0.0
1.4 3.9810717e-07 0.1758794 0.0020445917 0.91888945
1.4 3.9810717e-08 0.17862166 0.025607934 0.74282599
1.4 3.9810717e-09 0.18364477 0.00038379423 0.75931571
1.4 5.0118723e-06 0.18631791 0 0.0
1.4 5.0118723e-07 0.17362505 0.0005931662 0.8213129
1.4 5.0118723e-08 0.18459069 0.034989799 0.73887117
1.4 5.0118723e-09 0.19056225 0.00050650205 0.84424536
1.4 6.3095734e-06 0.19026549 0 0.0
1.4 6.3095734e-07 0.1774744 2.2472666e-05 0.91305443
1.4 6.3095734e-08 0.18522978 0.05223396 0.80000022
1.4 6.3095734e-09 0.18249497 0.00074132463 0.73914215
1.4 7.9432823e-06 0.19023704 0 0.0
1.4 7.9432823e-07 0.19594051 3.3096106e-07 0.79694349
1.4 7.9432823e-08 0.18550492 0.05652433 0.77613729
1.4 7.9432823e-09 0.18490263 0.0013185181 0.65261054
1.5 1.2589254e-05 0.22826742 0 0.0
1.5 1.2589254e-06 0.22744625 1.4333634e-15 1
1.5 1.2589254e-07 0.22813002 0.066740272 0.80289592
1.5 1.2589254e-08 0.21943385 0.0038639224 0.79570162
1.5 1.5848932e-05 0.217941 0 0.0
1.5 1.5848932e-06 0.22059414 5.2922139e-22 1
1.5 1.5848932e-07 0.22084168 0.051680023 0.82977752
1.5 1.5848932e-08 0.21372667 0.0058214292 0.75049512
1.5 1.9952623e-05 0.22335942 0 0.0
1.5 1.9952623e-06 0.22302592 3.7872931e-48 0.66666667
1.5 1.9952623e-07 0.22133119 0.0293733 0.81581262
1.5 1.9952623e-08 0.22275738 0.0088661357 0.77466288
1.5 1e-05 0.22081575 0 0.0
1.5 1e-06 0.22664256 6.3334029e-12 0.99998781
1.5 1e-07 0.22937989 0.069702511 0.82400312
1.5 1e-08 0.22894948 0.0023390885 0.75897862
1.5 2.5118864e-05 0.22217758 0 0.0
1.5 2.5118864e-06 0.23386286 0 0.0
1.5 2.5118864e-07 0.21952199 0.016681035 0.79522632
1.5 2.5118864e-08 0.21712907 0.016286869 0.7463169
1.5 3.1622777e-05 0.22541148 0 0.0
1.5 3.1622777e-06 0.23334671 0 0.0
1.5 3.1622777e-07 0.22779226 0.0055211073 0.86594532
1.5 3.1622777e-08 0.21464393 0.022181804 0.81030197
1.5 3.1622777e-09 0.21990369 0.00027774231 0.77748525
1.5 3.9810717e-06 0.22164224 0 0.0
1.5 3.9810717e-07 0.22050251 0.0011114591 0.83029199
1.5 3.9810717e-08 0.23455056 0.035433609 0.74059038
1.5 3.9810717e-09 0.22879487 0.00045317955 0.74356501
1.5 5.0118723e-06 0.23790404 0 0.0
1.5 5.0118723e-07 0.21593418 9.148721e-05 0.94079214
1.5 5.0118723e-08 0.21774032 0.042784262 0.76742423
1.5 5.0118723e-09 0.22777443 0.00068825435 0.74594241
1.5 6.3095734e-06 0.22831325 0 0.0
1.5 6.3095734e-07 0.23121619 6.9476311e-06 0.79220284
1.5 6.3095734e-08 0.22228916 0.06009436 0.7780493
1.5 6.3095734e-09 0.2223338 0.0010537434 0.74502632
1.5 7.9432823e-06 0.22353886 0 0.0
1.5 7.9432823e-07 0.22083919 2.4319215e-08 0.99613935
1.5 7.9432823e-08 0.22273549 0.064023345 0.79795009
1.5 7.9432823e-09 0.22684348 0.0017178479 0.70587696
1.6 1.2589254e-06 0.23168039 3.4555676e-21 0.98239634
1.6 1.2589254e-07 0.22877784 0.058668104 0.84311439
1.6 1.2589254e-08 0.22433841 0.0051277832 0.71630221
1.6 1.5848932e-06 0.2319598 1.8698563e-35 0.0030299563
1.6 1.5848932e-07 0.23348725 0.045270604 0.80442381
1.6 1.5848932e-08 0.23436247 0.0074302527 0.68492833
1.6 1.9952623e-06 0.21947791 1.2307836e-45 1
1.6 1.9952623e-07 0.2304444 0.022581227 0.82022468
1.6 1.9952623e-08 0.23178808 0.011415868 0.76217714
1.6 1e-06 0.23157051 3.1674531e-14 0.96698741
1.6 1e-07 0.22335942 0.072204667 0.79657327
1.6 1e-08 0.23036754 0.0028674603 0.73643616
1.6 2.5118864e-06 0.23050643 0 0.0
1.6 2.5118864e-07 0.23586041 0.0092601797 0.8844822
1.6 2.5118864e-08 0.22625979 0.015506094 0.73515784
1.6 3.1622777e-06 0.23033708 0 0.0
1.6 3.1622777e-07 0.23149448 0.0037199669 0.84549545
1.6 3.1622777e-08 0.23297276 0.026717109 0.78909903
1.6 3.1622777e-09 0.22752809 0.00033020245 0.74954353
1.6 3.9810717e-07 0.2313253 0.00053536815 0.88308312
1.6 3.9810717e-08 0.2271907 0.03635599 0.7646742
1.6 3.9810717e-09 0.22369478 0.00049271264 0.70815314
1.6 5.0118723e-07 0.24497992 5.7949929e-05 0.9421784
1.6 5.0118723e-08 0.23469183 0.046759646 0.79385034
1.6 5.0118723e-09 0.22813002 0.00076137582 0.67047744
1.6 6.3095734e-07 0.23018109 1.3779184e-06 0.96974376
1.6 6.3095734e-08 0.23330652 0.060679871 0.77292338
1.6 6.3095734e-09 0.23666266 0.0011962302 0.75076318
1.6 7.9432823e-07 0.22050562 1.2254379e-08 0.99995249
1.6 7.9432823e-08 0.22839382 0.068081144 0.78208205
1.6 7.9432823e-09 0.23986351 0.0018784566 0.65129443
1.7 1.2589254e-06 0.24468085 2.5753639e-22 0.11980491
1.7 1.2589254e-07 0.23777065 0.053667496 0.86633909
1.7 1.2589254e-08 0.22890359 0.0056297717 0.75386292
1.7 1.5848932e-06 0.2328987 4.9860685e-36 0.80785029
1.7 1.5848932e-07 0.2364987 0.036706925 0.84179205
1.7 1.5848932e-08 0.24729459 0.0079727643 0.77096454
1.7 1.9952623e-06 0.23247897 2.4139508e-48 1
1.7 1.9952623e-07 0.223182 0.018653165 0.89368423
1.7 1.9952623e-08 0.23366733 0.01256011 0.74766455
1.7 1e-06 0.23273092 3.1183319e-17 0.98936162
1.7 1e-07 0.2271907 0.068801446 0.77724142
1.7 1e-08 0.24322697 0.00330172 0.75763346
1.7 2.5118864e-06 0.22638861 0 0.0
1.7 2.5118864e-07 0.23596632 0.0066283959 0.84503322
1.7 2.5118864e-08 0.23798077 0.019488768 0.78828221
1.7 3.1622777e-06 0.24934804 0 0.0
1.7 3.1622777e-07 0.23702665 0.0015862809 0.90179495
1.7 3.1622777e-08 0.2478941 0.026664837 0.7885803
1.7 3.1622777e-09 0.2333802 0.00032533977 0.74752068
1.7 3.9810717e-07 0.24148297 0.00017278097 0.89634484
1.7 3.9810717e-08 0.24248497 0.037596252 0.74371523
1.7 3.9810717e-09 0.24287435 0.00056179716 0.76224387
1.7 5.0118723e-07 0.24207782 9.7153759e-06 0.98053408
1.7 5.0118723e-08 0.23280529 0.04940282 0.78006654
1.7 5.0118723e-09 0.24719101 0.00089359817 0.72669746
1.7 6.3095734e-07 0.22888666 1.1927499e-07 0.99942254
1.7 6.3095734e-08 0.23326653 0.061804697 0.82181827
1.7 6.3095734e-09 0.23846771 0.0015885247 0.77363337
1.7 7.9432823e-07 0.23315958 2.7656891e-11 0.95612732
1.7 7.9432823e-08 0.2397109 0.071970857 0.79204463
1.7 7.9432823e-09 0.24633902 0.0022099772 0.73100564
1.8 1.2589254e-06 0.22057349 2.3350585e-27 1
1.8 1.2589254e-07 0.23006012 0.058836278 0.79023114
1.8 1.2589254e-08 0.22543701 0.0060404285 0.69179972
1.8 1.5848932e-06 0.22706284 2.9614203e-39 0.9999999
1.8 1.5848932e-07 0.22645291 0.034371847 0.8349
1.8 1.5848932e-08 0.22842843 0.0080380605 0.78236311
1.8 1.9952623e-06 0.22643402 0 0.0
1.8 1.9952623e-07 0.23576584 0.019672722 0.86555686
1.8 1.9952623e-08 0.2244284 0.013402268 0.77356388
1.8 1e-06 0.21295368 5.0244605e-14 1
1.8 1e-07 0.23103171 0.067844191 0.79842267
1.8 1e-08 0.23269809 0.0035439561 0.73924271
1.8 2.5118864e-06 0.22999799 0 0.0
1.8 2.5118864e-07 0.22625251 0.0059161941 0.78705019
1.8 2.5118864e-08 0.23626153 0.020898778 0.72435297
1.8 3.1622777e-06 0.22879487 0 0.0
1.8 3.1622777e-07 0.23667335 0.0013903123 0.807761
1.8 3.1622777e-08 0.23306613 0.03048692 0.74979879
1.8 3.1622777e-09 0.23217514 0.00036977525 0.74074403
1.8 3.9810717e-07 0.2265625 0.00022854218 0.87306346
1.8 3.9810717e-08 0.23041382 0.041603693 0.71265907
1.8 3.9810717e-09 0.22882377 0.00056599518 0.71980806
1.8 5.0118723e-07 0.23402124 3.4622795e-06 0.65636444
1.8 5.0118723e-08 0.22925852 0.052711768 0.77539601
1.8 5.0118723e-09 0.22770094 0.00092694247 0.74413205
1.8 6.3095734e-07 0.22774659 9.3114566e-08 0.9775406
1.8 6.3095734e-08 0.22338079 0.064749571 0.73701692
1.8 6.3095734e-09 0.22173216 0.0014178401 0.7576238
1.8 7.9432823e-07 0.23078467 1.7832216e-10 0.0072603312
1.8 7.9432823e-08 0.23667335 0.068641658 0.7759246
1.8 7.9432823e-09 0.22776442 0.0021249317 0.70170735
1.9 1.2589254e-06 0.1974714 1.1511319e-24 0.99999991
1.9 1.2589254e-07 0.20249096 0.049338449 0.83735822
1.9 1.2589254e-08 0.19775596 0.00566809 0.7636882
1.9 1.5848932e-06 0.18732451 1.0432037e-34 1
1.9 1.5848932e-07 0.19595271 0.034030867 0.79062132
1.9 1.5848932e-08 0.19203044 0.0084114671 0.73074919
1.9 1.9952623e-06 0.19699399 0 0.0
1.9 1.9952623e-07 0.19859438 0.020235578 0.82746472
1.9 1.9952623e-08 0.19245434 0.01241518 0.7851673
1.9 1e-06 0.19823435 1.3530376e-16 0.99999602
1.9 1e-07 0.20839189 0.073509105 0.80772139
1.9 1e-08 0.19843656 0.0031583937 0.71593244
1.9 2.5118864e-06 0.19000803 0 0.0
1.9 2.5118864e-07 0.19610989 0.0070249223 0.83244214
1.9 2.5118864e-08 0.19638917 0.018666897 0.68885202
1.9 3.1622777e-06 0.19566526 0 0.0
1.9 3.1622777e-07 0.19423308 0.00091362776 0.94038532
1.9 3.1622777e-08 0.19202245 0.025842223 0.76933156
1.9 3.1622777e-09 0.18718618 0.00033234641 0.81059997
1.9 3.9810717e-07 0.1953078 0.00016568509 0.63436967
1.9 3.9810717e-08 0.19659319 0.039499636 0.73264745
1.9 3.9810717e-09 0.18460613 0.00058790638 0.71124334
1.9 5.0118723e-07 0.19137412 1.1256449e-05 0.82584214
1.9 5.0118723e-08 0.19614535 0.054349552 0.78918068
1.9 5.0118723e-09 0.19611378 0.00087656417 0.72796808
1.9 6.3095734e-07 0.19879639 2.8345635e-08 0.85976864
1.9 6.3095734e-08 0.19731301 0.066658213 0.79077242
1.9 6.3095734e-09 0.19627105 0.0014171939 0.80908543
1.9 7.9432823e-07 0.18925421 9.825975e-12 0.59179936
1.9 7.9432823e-08 0.19310207 0.069331106 0.79494682
1.9 7.9432823e-09 0.19791248 0.0022369853 0.75694677
2 1.2589254e-06 0.1920689 5.0085184e-26 1
2 1.2589254e-07 0.1997992 0.053167169 0.80629845
2 1.2589254e-08 0.19098196 0.0060571646 0.76144832
2 1.5848932e-06 0.20028096 7.7927921e-46 0.012612613
2 1.5848932e-07 0.19883744 0.029021305 0.84279517
2 1.5848932e-08 0.18953069 0.0091698994 0.80027587
2 1.9952623e-06 0.18900482 0 0.0
2 1.9952623e-07 0.20004013 0.013303115 0.84738219
2 1.9952623e-08 0.19943877 0.014477239 0.75210511
2 1e-06 0.19349659 4.3871299e-20 0.99999607
2 1e-07 0.19667201 0.060165332 0.80620403
2 1e-08 0.19847634 0.0043243374 0.73917476
2 2.5118864e-06 0.18960674 0 0.0
2 2.5118864e-07 0.19599198 0.0041272418 0.89686416
2 2.5118864e-08 0.19338014 0.022228954 0.73582128
2 3.1622777e-06 0.19049529 0 0.0
2 3.1622777e-07 0.20200602 0.00073571868 0.94432755
2 3.1622777e-08 0.19515127 0.029348215 0.801266
2 3.1622777e-09 0.20284341 0.00041060859 0.72765222
2 3.9810717e-07 0.20240481 5.3481723e-05 0.92472486
2 3.9810717e-08 0.19554753 0.04302685 0.74902163
2 3.9810717e-09 0.19891718 0.00069999848 0.74727273
2 5.0118723e-07 0.19406576 6.2093924e-07 0.9908149
2 5.0118723e-08 0.20212553 0.054626695 0.79665447
2 5.0118723e-09 0.1994382 0.0010183413 0.64337191
2 6.3095734e-07 0.20818291 1.9370832e-08 0.060903746
2 6.3095734e-08 0.19615308 0.061903659 0.78239804
2 6.3095734e-09 0.20052188 0.0016647157 0.72297424
2 7.9432823e-07 0.2002004 5.9174176e-13 0.43002503
2 7.9432823e-08 0.19815483 0.074339666 0.75507445
2 7.9432823e-09 0.19314767 0.0028976246 0.76000179
2.1 1.2589254e-06 0.19779559 6.1913282e-32 0.99981772
2.1 1.2589254e-07 0.2051385 0.045263295 0.83198439
2.1 1.2589254e-08 0.18209135 0.007644205 0.76925239
2.1 1.5848932e-06 0.18792619 0 0.0
2.1 1.5848932e-07 0.1953078 0.026638148 0.77531858
2.1 1.5848932e-08 0.19510728 0.011121028 0.74576744
2.1 1.9952623e-06 0.19189894 0 0.0
2.1 1.9952623e-07 0.19494585 0.0082633665 0.79108173
2.1 1.9952623e-08 0.19162996 0.016891786 0.74532337
2.1 1e-06 0.18803933 3.4469333e-17 2.5960451e-06
2.1 1e-07 0.19783524 0.05946786 0.81331962
2.1 1e-08 0.18716148 0.0042728226 0.70770362
2.1 2.5118864e-06 0.19627105 0 0.0
2.1 2.5118864e-07 0.18387808 0.0034009692 0.79024927
2.1 2.5118864e-08 0.18909164 0.024719291 0.75386958
2.1 3.1622777e-06 0.2008016 0 0.0
2.1 3.1622777e-07 0.19305639 0.00032179816 0.8372619
2.1 3.1622777e-08 0.18976931 0.036144117 0.75388809
2.1 3.1622777e-09 0.18520746 0.00040294566 0.78537788
2.1 3.9810717e-07 0.18701143 2.0654365e-05 0.9060692
2.1 3.9810717e-08 0.18479133 0.0436082 0.71692486
2.1 3.9810717e-09 0.18584603 0.00068536653 0.76704239
2.1 5.0118723e-07 0.19093462 6.1177309e-07 0.42613968
2.1 5.0118723e-08 0.19133574 0.060070771 0.80245466
2.1 5.0118723e-09 0.19350311 0.0011973089 0.74605519
2.1 6.3095734e-07 0.1914595 3.1040751e-09 0.98483397
2.1 6.3095734e-08 0.19610989 0.059615181 0.76437531
2.1 6.3095734e-09 0.20064077 0.0018585436 0.70301604
2.1 7.9432823e-07 0.19527338 2.3456595e-13 0.99580207
2.1 7.9432823e-08 0.18770032 0.068691591 0.78258708
2.1 7.9432823e-09 0.2002006 0.0028894728 0.75373722
2.2 1.2589254e-06 0.17985179 1.6554129e-30 1
2.2 1.2589254e-07 0.19193742 0.03871325 0.8429599
2.2 1.2589254e-08 0.17675351 0.0080964587 0.7752935
2.2 1.5848932e-06 0.18045263 0 0.0
2.2 1.5848932e-07 0.19141252 0.020635366 0.81002871
2.2 1.5848932e-08 0.18708642 0.011737406 0.71250049
2.2 1.9952623e-06 0.18367756 0 0.0
2.2 1.9952623e-07 0.18891789 0.0067264722 0.8271406
2.2 1.9952623e-08 0.1798316 0.017462629 0.74178483
2.2 1e-06 0.18704892 4.3072966e-23 0.19499278
2.2 1e-07 0.17812062 0.057768438 0.87797593
2.2 1e-08 0.17298056 0.0052985093 0.77923093
2.2 2.5118864e-06 0.17965151 0 0.0
2.2 2.5118864e-07 0.1782059 0.0019603439 0.82873921
2.2 2.5118864e-08 0.17655311 0.028444838 0.80604665
2.2 3.1622777e-06 0.17782678 0 0.0
2.2 3.1622777e-07 0.1777199 0.00013563334 0.62934584
2.2 3.1622777e-08 0.18732451 0.038052214 0.71007383
2.2 3.1622777e-09 0.17668269 0.00050456958 0.69528832
2.2 3.9810717e-07 0.17487981 1.9272304e-05 0.79438653
2.2 3.9810717e-08 0.18070598 0.047705985 0.72790016
2.2 3.9810717e-09 0.18107078 0.00087545392 0.70441905
2.2 5.0118723e-07 0.18572002 8.4129487e-08 0.72614112
2.2 5.0118723e-08 0.17181235 0.063309192 0.71259171
2.2 5.0118723e-09 0.18159952 0.0013255454 0.74858853
2.2 6.3095734e-07 0.17923015 5.1442302e-11 0.034396629
2.2 6.3095734e-08 0.1837144 0.061597861 0.81557254
2.2 6.3095734e-09 0.17684759 0.0021596114 0.70895501
2.2 7.9432823e-07 0.18302228 1.3510662e-16 0.88402221
2.2 7.9432823e-08 0.17895792 0.06085067 0.80986025
2.2 7.9432823e-09 0.17751954 0.0030699574 0.7066202
2.3 1.2589254e-06 0.16636601 7.725335e-40 1
2.3 1.2589254e-07 0.15588059 0.036569541 0.81985452
2.3 1.2589254e-08 0.15389246 0.0084731349 0.72607584
2.3 1.5848932e-06 0.16653307 0 0.0
2.3 1.5848932e-07 0.16085737 0.018706826 0.8096408
2.3 1.5848932e-08 0.1732852 0.011537966 0.77367954
2.3 1.9952623e-06 0.16281871 0 0.0
2.3 1.9952623e-07 0.16459503 0.0067394965 0.85799822
2.3 1.9952623e-08 0.15167301 0.018292846 0.71514056
2.3 1e-06 0.15296712 1.3735085e-23 1
2.3 1e-07 0.16259511 0.057136088 0.83164286
2.3 1e-08 0.1680706 0.0058287595 0.77415715
2.3 2.5118864e-06 0.16439455 0 0.0
2.3 2.5118864e-07 0.15859031 0.0012006458 0.71518606
2.3 2.5118864e-08 0.1638588 0.027287771 0.7154033
2.3 3.1622777e-06 0.15648167 0 0.0
2.3 3.1622777e-07 0.17067308 0.00014857738 0.97219385
2.3 3.1622777e-08 0.173181 0.038291065 0.75057175
2.3 3.1622777e-09 0.16469408 0.0005710166 0.73246202
2.3 3.9810717e-07 0.16044926 4.8198296e-06 0.79038622
2.3 3.9810717e-08 0.15904533 0.049217652 0.75865187
2.3 3.9810717e-09 0.16950853 0.00096559284 0.7197475
2.3 5.0118723e-07 0.15945513 2.9074854e-08 0.99982488
2.3 5.0118723e-08 0.16225962 0.0671124 0.776896
2.3 5.0118723e-09 0.15447806 0.0014681504 0.72334111
2.3 6.3095734e-07 0.15594307 2.5055667e-11 0.99954581
2.3 6.3095734e-08 0.16249249 0.070141166 0.75978303
2.3 6.3095734e-09 0.15750401 0.0023052887 0.65903887
2.3 7.9432823e-07 0.16462803 2.903688e-16 0.50843811
2.3 7.9432823e-08 0.15969582 0.072618328 0.82890829
2.3 7.9432823e-09 0.15951904 0.0032400584 0.69765741
2.4 1.2589254e-06 0.14234162 1.0430536e-42 1
2.4 1.2589254e-07 0.14093825 0.034529309 0.82059507
2.4 1.2589254e-08 0.13587174 0.009559708 0.70888437
2.4 1.5848932e-06 0.1430004 0 0.0
2.4 1.5848932e-07 0.1337873 0.018618225 0.79285753
2.4 1.5848932e-08 0.14600882 0.013140632 0.74803968
2.4 1.9952623e-06 0.14741276 0 0.0
2.4 1.9952623e-07 0.1364456 0.0045788279 0.84986144
2.4 1.9952623e-08 0.136154 0.023054799 0.76892024
2.4 1e-06 0.13965137 3.4528019e-26 1
2.4 1e-07 0.1396234 0.052177585 0.76017318
2.4 1e-08 0.13510809 0.0056977878 0.72423299
2.4 2.5118864e-06 0.14297173 0 0.0
2.4 2.5118864e-07 0.14002404 0.00071772056 0.87923449
2.4 2.5118864e-08 0.14426164 0.034587587 0.71408466
2.4 3.1622777e-06 0.13891706 0 0.0
2.4 3.1622777e-07 0.14383149 4.1916513e-05 0.86248009
2.4 3.1622777e-08 0.1430002 0.040855834 0.72789085
2.4 3.1622777e-09 0.13804849 0.00059835772 0.69504853
2.4 3.9810717e-07 0.14108216 3.1101324e-06 0.84164999
2.4 3.9810717e-08 0.14262821 0.052851534 0.7732633
2.4 3.9810717e-09 0.14534884 0.0009480555 0.74678374
2.4 5.0118723e-07 0.14219908 3.5314909e-09 0.99930217
2.4 5.0118723e-08 0.13221154 0.070039357 0.7454912
2.4 5.0118723e-09 0.13993994 0.0015774058 0.70026924
2.4 6.3095734e-07 0.14672279 3.0974549e-13 0.96405887
2.4 6.3095734e-08 0.14629259 0.066522341 0.77626534
2.4 6.3095734e-09 0.138332 0.0024007063 0.7323714
2.4 7.9432823e-07 0.13678299 1.7223816e-16 0.15091387
2.4 7.9432823e-08 0.134442 0.074233295 0.75367515
2.4 7.9432823e-09 0.13638187 0.0036889258 0.68225229
2.5 1.2589254e-06 0.12151594 1.1561869e-47 1
2.5 1.2589254e-07 0.1117128 0.031297274 0.81439135
2.5 1.2589254e-08 0.11828388 0.0097325133 0.70098958
2.5 1.5848932e-06 0.11991992 0 0.0
2.5 1.5848932e-07 0.11496095 0.013751659 0.8729047
2.5 1.5848932e-08 0.12685371 0.013539281 0.64576696
2.5 1.9952623e-06 0.11580846 0 0.0
2.5 1.9952623e-07 0.12101783 0.0030796591 0.81146771
2.5 1.9952623e-08 0.11291617 0.020759535 0.72689082
2.5 1e-06 0.11991177 1.2764725e-28 0.055541955
2.5 1e-07 0.10979526 0.046497787 0.74950367
2.5 1e-08 0.11369561 0.0071815116 0.55653977
2.5 2.5118864e-06 0.11783567 0 0.0
2.5 2.5118864e-07 0.12332063 0.00061976628 0.66848623
2.5 2.5118864e-08 0.12417384 0.031934299 0.6897821
2.5 3.1622777e-06 0.11264783 0 0.0
2.5 3.1622777e-07 0.1298337 5.7128651e-05 0.92628267
2.5 3.1622777e-08 0.11395954 0.042977383 0.70709799
2.5 3.1622777e-09 0.11788292 0.0007763272 0.67296937
2.5 3.9810717e-07 0.12319712 7.3211752e-07 0.99033696
2.5 3.9810717e-08 0.11823647 0.058572544 0.75162424
2.5 3.9810717e-09 0.12124248 0.0011992161 0.68855728
2.5 5.0118723e-07 0.11958266 1.755356e-09 0.98861458
2.5 5.0118723e-08 0.1161859 0.064701731 0.71312905
2.5 5.0118723e-09 0.12158909 0.0016606589 0.70275178
2.5 6.3095734e-07 0.11909528 8.6100011e-14 0.73406605
2.5 6.3095734e-08 0.11476066 0.072054339 0.80402755
2.5 6.3095734e-09 0.1183076 0.0024806003 0.7121658
2.5 7.9432823e-07 0.11425135 8.0230401e-20 0.9999123
2.5 7.9432823e-08 0.11202405 0.064059477 0.71881172
2.5 7.9432823e-09 0.11721098 0.0042952175 0.70481148
2.6 1.2589254e-06 0.093223737 0 0.0
2.6 1.2589254e-07 0.093568423 0.024097863 0.75459761
2.6 1.2589254e-08 0.096754808 0.0091705965 0.62361112
2.6 1.5848932e-06 0.089414595 0 0.0
2.6 1.5848932e-07 0.10236378 0.010087453 0.85002956
2.6 1.5848932e-08 0.1007007 0.0153118 0.69851567
2.6 1.9952623e-06 0.095228549 0 0.0
2.6 1.9952623e-07 0.098196393 0.0020217034 0.70918615
2.6 1.9952623e-08 0.1004612 0.020852443 0.6425843
2.6 1e-06 0.094970948 3.1381689e-35 0.028638896
2.6 1e-07 0.098176718 0.047436961 0.80752054
2.6 1e-08 0.097032879 0.0069384691 0.69991611
2.6 2.5118864e-06 0.10124298 0 0.0
2.6 2.5118864e-07 0.088577154 0.0003497038 0.95854525
2.6 2.5118864e-08 0.094627105 0.035424944 0.65132033
2.6 3.1622777e-06 0.094369866 0 0.0
2.6 3.1622777e-07 0.099979964 5.5483148e-05 0.69457462
2.6 3.1622777e-08 0.099438653 0.042310149 0.70217891
2.6 3.1622777e-09 0.099519423 0.0006761292 0.67163441
2.6 3.9810717e-07 0.093987976 1.3369381e-07 0.48385036
2.6 3.9810717e-08 0.1011416 0.061754945 0.68456921
2.6 3.9810717e-09 0.091346154 0.0011572253 0.76366254
2.6 5.0118723e-07 0.098636728 8.6673136e-11 0.99753639
2.6 5.0118723e-08 0.092366259 0.060059647 0.7320086
2.6 5.0118723e-09 0.097194389 0.001701198 0.75909441
2.6 6.3095734e-07 0.092674139 3.7965207e-14 0.0075143088
2.6 6.3095734e-08 0.096076861 0.071458295 0.76210706
2.6 6.3095734e-09 0.09202085 0.0023871993 0.75568994
2.6 7.9432823e-07 0.087757964 1.4295562e-25 0.99983114
2.6 7.9432823e-08 0.094131784 0.05968728 0.78979389
2.6 7.9432823e-09 0.093149038 0.0042367227 0.75573726
2.7 1.2589254e-06 0.073175621 0 0.0
2.7 1.2589254e-07 0.075611713 0.023835894 0.77979064
2.7 1.2589254e-08 0.075290348 0.012416612 0.63529655
2.7 1.5848932e-06 0.075105147 0 0.0
2.7 1.5848932e-07 0.066853483 0.008676139 0.85004564
2.7 1.5848932e-08 0.063851081 0.016529696 0.63332912
2.7 1.9952623e-06 0.063966312 0 0.0
2.7 1.9952623e-07 0.071714744 0.0024870822 0.74809499
2.7 1.9952623e-08 0.075535965 0.024190903 0.75580074
2.7 1e-06 0.06630609 2.5165077e-42 0.99506412
2.7 1e-07 0.077924679 0.046514661 0.80127616
2.7 1e-08 0.072100941 0.0072357719 0.6464045
2.7 2.5118864e-06 0.068108974 0 0.0
2.7 2.5118864e-07 0.070340681 0.00018595615 0.48045006
2.7 2.5118864e-08 0.069380389 0.03553795 0.65570058
2.7 3.1622777e-06 0.068509615 0 0.0
2.7 3.1622777e-07 0.072402728 4.4118241e-05 0.04610718
2.7 3.1622777e-08 0.068937876 0.055074783 0.7911704
2.7 3.1622777e-09 0.068108974 0.00092291281 0.7460338
2.7 3.9810717e-07 0.074979952 7.8728816e-08 0.71119659
2.7 3.9810717e-08 0.072687225 0.061347469 0.76941859
2.7 3.9810717e-09 0.06814993 0.0012918991 0.67863192
2.7 5.0118723e-07 0.067749048 4.9314145e-11 0.33589174
2.7 5.0118723e-08 0.072286744 0.07180056 0.61231284
2.7 5.0118723e-09 0.073376103 0.0019289806 0.6580929
2.7 6.3095734e-07 0.074192902 1.1762268e-15 0.17483996
2.7 6.3095734e-08 0.07609131 0.071268317 0.74103286
2.7 6.3095734e-09 0.071729112 0.0028910462 0.75981715
2.7 7.9432823e-07 0.067708333 7.9288675e-29 0.98688062
2.7 7.9432823e-08 0.074474474 0.066272977 0.8013253
2.7 7.9432823e-09 0.077446468 0.0048316828 0.66747256
2.8 1.2589254e-06 0.052737117 0 0.0
2.8 1.2589254e-07 0.053253253 0.022108903 0.77088878
2.8 1.2589254e-08 0.056267521 0.01427085 0.67863798
2.8 1.5848932e-06 0.051914211 0 0.0
2.8 1.5848932e-07 0.051661994 0.009092175 0.66215002
2.8 1.5848932e-08 0.044862808 0.024799345 0.64429813
2.8 1.9952623e-06 0.054731355 0 0.0
2.8 1.9952623e-07 0.057973922 0.0033985183 0.38385059
2.8 1.9952623e-08 0.054086538 0.028976214 0.5069996
2.8 1e-06 0.053106212 7.0454434e-35 1
2.8 1e-07 0.051112447 0.046412177 0.63789582
2.8 1e-08 0.054698457 0.009307597 0.66859114
2.8 2.5118864e-06 0.050912006 0 0.0
2.8 2.5118864e-07 0.051523657 0.00038408217 0.95096779
2.8 2.5118864e-08 0.057503506 0.037208565 0.6909375
2.8 3.1622777e-06 0.049909802 0 0.0
2.8 3.1622777e-07 0.052156469 2.0955497e-05 0.17412648
2.8 3.1622777e-08 0.05607851 0.051673417 0.6872883
2.8 3.1622777e-09 0.055277388 0.00085596153 0.63507586
2.8 3.9810717e-07 0.052631579 3.7653644e-07 0.99658958
2.8 3.9810717e-08 0.054286859 0.060384278 0.74084284
2.8 3.9810717e-09 0.049278846 0.0015230918 0.64241284
2.8 5.0118723e-07 0.052726544 2.0010292e-12 0.96960785
2.8 5.0118723e-08 0.052294129 0.080155355 0.72549066
2.8 5.0118723e-09 0.055488782 0.0020551734 0.59286387
2.8 6.3095734e-07 0.053685897 7.1520534e-16 0.99926136
2.8 6.3095734e-08 0.053306613 0.077171172 0.76533642
2.8 6.3095734e-09 0.053263917 0.0029079153 0.6204643
2.8 7.9432823e-07 0.048629178 2.0740404e-29 1
2.8 7.9432823e-08 0.05068109 0.05497883 0.66509189
2.8 7.9432823e-09 0.057114228 0.0052947247 0.58740606
2.9 1.2589254e-06 0.045691383 0 0.0
2.9 1.2589254e-07 0.045882589 0.023067696 0.72137015
2.9 1.2589254e-08 0.050891605 0.013427231 0.74702026
2.9 1.5848932e-06 0.049127732 0 0.0
2.9 1.5848932e-07 0.049719326 0.0054896716 0.57475641
2.9 1.5848932e-08 0.048335339 0.018641996 0.69566919
2.9 1.9952623e-06 0.045718869 0 0.0
2.9 1.9952623e-07 0.047867014 0.0019009395 0.63036909
2.9 1.9952623e-08 0.04683747 0.035458014 0.60677862
2.9 1e-06 0.045900982 8.2385918e-32 1
2.9 1e-07 0.047466453 0.045314417 0.71796912
2.9 1e-08 0.047294589 0.0084064263 0.63299593
2.9 2.5118864e-06 0.047838271 0 0.0
2.9 2.5118864e-07 0.047256708 0.00015666501 0.58232565
2.9 2.5118864e-08 0.048257909 0.038719243 0.72649132
2.9 3.1622777e-06 0.047247247 0 0.0
2.9 3.1622777e-07 0.044698336 6.7662258e-07 0.27827317
2.9 3.1622777e-08 0.048907597 0.051598584 0.74448701
2.9 3.1622777e-09 0.049689441 0.00089102561 0.70643175
2.9 3.9810717e-07 0.044235388 1.1876041e-07 0.86241503
2.9 3.9810717e-08 0.04105748 0.085234061 0.57332522
2.9 3.9810717e-09 0.043905373 0.0014362762 0.65021902
2.9 5.0118723e-07 0.049869818 2.6882334e-12 0.10916334
2.9 5.0118723e-08 0.047704951 0.08670972 0.62589089
2.9 5.0118723e-09 0.051661994 0.0027048617 0.6105861
2.9 6.3095734e-07 0.046502305 2.0975453e-14 0.99999997
2.9 6.3095734e-08 0.042676818 0.078335966 0.67522589
2.9 6.3095734e-09 0.04691259 0.0039332851 0.66131081
2.9 7.9432823e-07 0.047103628 4.7785132e-28 0.0024967673
2.9 7.9432823e-08 0.047676282 0.065882565 0.73781226
2.9 7.9432823e-09 0.041274294 0.0046017677 0.75809688
3 1.2589254e-07 0.038669605 0.015226819 0.95034904
3 1.2589254e-08 0.040248298 0.018301524 0.65642628
3 1.5848932e-07 0.04007213 0.0056479146 0.83723672
3 1.5848932e-08 0.034890716 0.023684619 0.68549209
3 1.9952623e-07 0.03706672 0.00097610441 0.75806415
3 1.9952623e-08 0.044698336 0.03522782 0.70856526
3 1e-06 0.04144974 8.4538238e-43 1
3 1e-07 0.040448538 0.033840784 0.74450253
3 1e-08 0.040889958 0.0083550811 0.65839983
3 2.5118864e-07 0.041073933 6.857375e-05 0.94504441
3 2.5118864e-08 0.04329525 0.050979312 0.71104621
3 3.1622777e-07 0.039463141 5.0146887e-07 0.48935556
3 3.1622777e-08 0.038469245 0.053539233 0.68010696
3 3.1622777e-09 0.041833467 0.0010926294 0.71661478
3 3.9810717e-07 0.038654116 1.8703268e-08 0.99366425
3 3.9810717e-08 0.044244244 0.070208076 0.86274829
3 3.9810717e-09 0.042877179 0.0015954403 0.69192254
3 5.0118723e-07 0.041257761 1.2789711e-12 0.99931264
3 5.0118723e-08 0.039847817 0.074355231 0.78807746
3 5.0118723e-09 0.036844213 0.0020192471 0.75211089
3 6.3095734e-07 0.039647577 1.2630132e-18 0.99999998
3 6.3095734e-08 0.042267628 0.083396047 0.75744651
3 6.3095734e-09 0.038238238 0.0044780717 0.64118156
3 7.9432823e-07 0.039655518 9.0451039e-31 1
3 7.9432823e-08 0.042025215 0.067737084 0.72841383
3 7.9432823e-09 0.036243492 0.007780713 0.65679015
3.1 1.2589254e-07 0.031018611 0.018771121 0.79330248
3.1 1.2589254e-08 0.023428114 0.017517529 0.64154397
3.1 1.5848932e-07 0.027292796 0.0024942031 0.98716523
3.1 1.5848932e-08 0.026226226 0.027742733 0.69185483
3.1 1.9952623e-07 0.029659319 0.00067952315 0.97032741
3.1 1.9952623e-08 0.0278334 0.036535018 0.63429813
3.1 1e-06 0.027844551 0 0.0
3.1 1e-07 0.027249048 0.041509957 0.82048866
3.1 1e-08 0.029258517 0.010568434 0.64742725
3.1 2.5118864e-07 0.024468512 0.00021518374 0.92007656
3.1 2.5118864e-08 0.0278334 0.052428368 0.70215103
3.1 3.1622777e-07 0.028439816 7.6344504e-07 0.41209082
3.1 3.1622777e-08 0.0306245 0.057473924 0.71578032
3.1 3.1622777e-09 0.027064956 0.0016222256 0.60826494
3.1 3.9810717e-07 0.034034034 5.0815905e-10 1
3.1 3.9810717e-08 0.027449409 0.071760273 0.8168922
3.1 3.9810717e-09 0.028811525 0.0025054129 0.63818827
3.1 5.0118723e-07 0.025030036 1.8607106e-16 0.99955517
3.1 5.0118723e-08 0.029046474 0.089343329 0.68819906
3.1 5.0118723e-09 0.025825826 0.0037000613 0.72027601
3.1 6.3095734e-07 0.035263474 1.1398549e-20 0.99999579
3.1 6.3095734e-08 0.031412565 0.084630078 0.75812722
3.1 6.3095734e-09 0.032832833 0.0054533942 0.76504582
3.1 7.9432823e-07 0.028439816 1.8039753e-27 0.99996082
3.1 7.9432823e-08 0.028445513 0.05720749 0.85606542
3.1 7.9432823e-09 0.030460922 0.0096254148 0.73002945
3.2 1.2589254e-07 0.023418735 0.013687649 0.69862515
3.2 1.2589254e-08 0.024229075 0.018610066 0.76259497
3.2 1.5848932e-07 0.024649299 0.0067373764 0.82913475
3.2 1.5848932e-08 0.0206537 0.032975403 0.71922098
3.2 1.9952623e-07 0.026631958 0.00051399125 0.85677675
3.2 1.9952623e-08 0.026015609 0.043912155 0.7611029
3.2 1e-06 0.020028039 0 0.0
3.2 1e-07 0.023023023 0.034355237 0.84904026
3.2 1e-08 0.027043269 0.011558649 0.58156018
3.2 2.5118864e-07 0.024819856 1.0265056e-05 0.99997584
3.2 2.5118864e-08 0.022217774 0.057738626 0.82524972
3.2 3.1622777e-07 0.021656306 2.5258721e-06 0.20757361
3.2 3.1622777e-08 0.02563589 0.081004701 0.63569822
3.2 3.1622777e-09 0.020841683 0.0013759346 0.68740416
3.2 3.9810717e-07 0.02102523 1.967109e-13 2.3445053e-05
3.2 3.9810717e-08 0.022822823 0.07088118 0.79427232
3.2 3.9810717e-09 0.020416333 0.0018871565 0.75563464
3.2 5.0118723e-07 0.021238229 5.3708582e-15 0.67843384
3.2 5.0118723e-08 0.024429315 0.078923444 0.78272655
3.2 5.0118723e-09 0.024253357 0.0024632177 0.83089374
3.2 6.3095734e-07 0.019026637 4.7332105e-29 0.99760256
3.2 6.3095734e-08 0.026637292 0.079226898 0.7758424
3.2 6.3095734e-09 0.020024029 0.0069733081 0.71506799
3.2 7.9432823e-07 0.024429315 2.018736e-36 0.61084848
3.2 7.9432823e-08 0.024214529 0.077353804 0.76743912
3.2 7.9432823e-09 0.024419536 0.009150567 0.86601569
3.3 1.2589254e-07 0.024639423 0.018523451 0.82674153
3.3 1.2589254e-08 0.026458208 0.019806489 0.49742004
3.3 1.5848932e-07 0.023847695 0.002120866 0.89272176
3.3 1.5848932e-08 0.02082499 0.030430391 0.83588176
3.3 1.9952623e-07 0.02803364 0.00027039499 0.99706092
3.3 1.9952623e-08 0.024033647 0.044212798 0.74694111
3.3 1e-06 0.024629555 0 0.0
3.3 1e-07 0.022453889 0.039352571 0.71551727
3.3 1e-08 0.022022022 0.016028361 0.49689919
3.3 2.5118864e-07 0.018622347 5.9110005e-06 0.9994489
3.3 2.5118864e-08 0.020032051 0.068920712 0.7363371
3.3 3.1622777e-07 0.026252505 1.3042652e-07 0.99994513
3.3 3.1622777e-08 0.024233927 0.08160918 0.85631629
3.3 3.1622777e-09 0.024634488 0.0019412914 0.81206307
3.3 3.9810717e-07 0.022618094 5.6219233e-11 0.99145167
3.3 3.9810717e-08 0.025245442 0.092045289 0.72687919
3.3 3.9810717e-09 0.023227873 0.00258698 0.8571317
3.3 5.0118723e-07 0.021612968 1.8329927e-12 1
3.3 5.0118723e-08 0.025836171 0.10769162 0.73410699
3.3 5.0118723e-09 0.026842949 0.0033328154 0.85018526
3.3 6.3095734e-07 0.029240937 5.4545843e-26 1
3.3 6.3095734e-08 0.025245442 0.086909943 0.78508836
3.3 6.3095734e-09 0.023857257 0.0057153295 0.87625658
3.3 7.9432823e-07 0.021608643 0 0.0
3.3 7.9432823e-08 0.027037853 0.049343323 0.71047194
3.3 7.9432823e-09 0.026231478 0.010568851 0.76551239
3.4 1.2589254e-07 0.027838975 0.013467267 0.73676967
3.4 1.2589254e-08 0.023227873 0.019414774 0.82182598
3.4 1.5848932e-07 0.023404681 0.0025314435 0.75501027
3.4 1.5848932e-08 0.026031237 0.036379795 0.80326433
3.4 1.9952623e-07 0.02464436 0.00079011946 0.99999803
3.4 1.9952623e-08 0.021839311 0.047250541 0.85705704
3.4 1e-06 0.024253357 0 0.0
3.4 1e-07 0.022413448 0.033479977 0.98577149
3.4 1e-08 0.027421938 0.01486213 0.81537455
3.4 2.5118864e-07 0.03003003 5.0950049e-05 0.9987284
3.4 2.5118864e-08 0.025035049 0.057135686 0.84295548
3.4 3.1622777e-07 0.021221221 3.6252688e-08 0.27123426
3.4 3.1622777e-08 0.025430517 0.084362484 0.71847419
3.4 3.1622777e-09 0.022026432 0.0015383067 0.7916039
3.4 3.9810717e-07 0.025245442 3.6228599e-10 0.12060332
3.4 3.9810717e-08 0.024019215 0.087959783 0.79336636
3.4 3.9810717e-09 0.025420336 0.0034824901 0.75691566
3.4 5.0118723e-07 0.024619696 6.5128097e-14 0.26443096
3.4 5.0118723e-08 0.023833367 0.094649942 0.82534373
3.4 5.0118723e-09 0.027227227 0.0056515808 0.72620249
3.4 6.3095734e-07 0.02801681 1.0183059e-22 0.68912305
3.4 6.3095734e-08 0.024019215 0.060593893 0.84813214
3.4 6.3095734e-09 0.024048096 0.0065460252 0.66882834
3.4 7.9432823e-07 0.026821457 1.3177763e-38 0.0021051757
3.4 7.9432823e-08 0.020641283 0.051000303 0.88423667
3.4 7.9432823e-09 0.022831965 0.0092442413 0.84024077
3.5 1.2589254e-07 0.025825826 0.011361937 0.8486552
3.5 1.2589254e-08 0.026621297 0.02964917 0.80624555
3.5 1.5848932e-07 0.026853707 0.0022575881 0.9960648
3.5 1.5848932e-08 0.027838975 0.036289651 0.74517926
3.5 1.9952623e-07 0.025065169 7.4781181e-05 0.98930894
3.5 1.9952623e-08 0.028622898 0.051593921 0.82031607
3.5 1e-06 0.031431431 0 0.0
3.5 1e-07 0.030473136 0.028991457 0.9106043
3.5 1e-08 0.026821457 0.014210826 0.68953312
3.5 2.5118864e-07 0.02841705 1.6242827e-05 0.99948946
3.5 2.5118864e-08 0.027622098 0.078374216 0.82258871
3.5 3.1622777e-07 0.032445424 1.1525122e-09 1
3.5 3.1622777e-08 0.025851703 0.078802955 0.87303621
3.5 3.1622777e-09 0.022417934 0.0018274673 0.78191991
3.5 3.9810717e-07 0.024629555 9.8668227e-11 0.99978072
3.5 3.9810717e-08 0.026442308 0.084453927 0.85018022
3.5 3.9810717e-09 0.025661588 0.0030107852 0.7520612
3.5 5.0118723e-07 0.026426426 4.2365571e-16 0.94508701
3.5 5.0118723e-08 0.0278334 0.085099398 0.76226046
3.5 5.0118723e-09 0.02543561 0.004744874 0.86012555
3.5 6.3095734e-07 0.026458208 7.060448e-28 1
3.5 6.3095734e-08 0.025430517 0.091835902 0.92689987
3.5 6.3095734e-09 0.025230276 0.0057293252 0.76749943
3.5 7.9432823e-07 0.029623699 0 0.0
3.5 7.9432823e-08 0.026621297 0.061334694 0.8466138
3.5 7.9432823e-09 0.025620496 0.010778392 0.635431
3.6 1.2589254e-07 0.027027027 0.0059309289 0.87768388
3.6 1.2589254e-08 0.025230276 0.024614732 0.92401051
3.6 1.5848932e-07 0.026015609 0.0012197258 0.87524742
3.6 1.5848932e-08 0.021612968 0.03526621 0.95439281
3.6 1.9952623e-07 0.027838975 8.9482652e-05 0.9748862
3.6 1.9952623e-08 0.022035256 0.051885297 0.85495867
3.6 1e-06 0.029835803 0 0.0
3.6 1e-07 0.025020016 0.022531467 0.98035242
3.6 1e-08 0.028702892 0.016957178 0.89563658
3.6 2.5118864e-07 0.028022418 1.5500958e-06 0.89033626
3.6 2.5118864e-08 0.022417934 0.073492197 0.73799699
3.6 3.1622777e-07 0.025220176 1.3330292e-07 0.0077538805
3.6 3.1622777e-08 0.026236731 0.079627904 0.81413835
3.6 3.1622777e-09 0.026442308 0.0019095181 0.77263085
3.6 3.9810717e-07 0.02543561 1.3519839e-11 1
3.6 3.9810717e-08 0.029217531 0.098932687 0.86869369
3.6 3.9810717e-09 0.022658913 0.0028999952 0.74552524
3.6 5.0118723e-07 0.02701621 4.3637076e-17 1
3.6 5.0118723e-08 0.026626627 0.09067849 0.89311889
3.6 5.0118723e-09 0.023623624 0.0049674775 0.68740586
3.6 6.3095734e-07 0.026826827 2.3360746e-32 1
3.6 6.3095734e-08 0.028022418 0.080463912 0.89631606
3.6 6.3095734e-09 0.031650641 0.0082043243 0.74153041
3.6 7.9432823e-07 0.026821457 6.0724328e-43 1
3.6 7.9432823e-08 0.024649299 0.042484717 0.97518633
3.6 7.9432823e-09 0.022622623 0.013499991 0.73967649
3.7 1.2589254e-07 0.024624625 0.0056614147 0.93849591
3.7 1.2589254e-08 0.023018415 0.02631581 0.81745733
3.7 1.5848932e-07 0.027805561 0.00063879841 0.99404198
3.7 1.5848932e-08 0.024033647 0.041548246 0.68292495
3.7 1.9952623e-07 0.022213328 0.0002710838 0.99262414
3.7 1.9952623e-08 0.023018415 0.056768797 0.81442741
3.7 1e-06 0.030018011 0 0.0
3.7 1e-07 0.019811887 0.022970098 0.98206539
3.7 1e-08 0.023428114 0.020892839 0.78406843
3.7 2.5118864e-07 0.028028028 1.1288756e-07 0.96215768
3.7 2.5118864e-08 0.027438414 0.087703034 0.80966741
3.7 3.1622777e-07 0.024819856 1.3768671e-09 0.86503289
3.7 3.1622777e-08 0.030424339 0.10727839 0.75232737
3.7 3.1622777e-09 0.024024024 0.0021718486 0.70211262
3.7 3.9810717e-07 0.02543561 4.8706535e-15 0.99998771
3.7 3.9810717e-08 0.025430517 0.098465123 0.84112609
3.7 3.9810717e-09 0.025010004 0.0033819915 0.87764689
3.7 5.0118723e-07 0.029023219 1.2206155e-18 1
3.7 5.0118723e-08 0.023409364 0.079561334 0.78672032
3.7 5.0118723e-09 0.022618094 0.0049803174 0.71146506
3.7 6.3095734e-07 0.024229075 5.9922007e-31 1
3.7 6.3095734e-08 0.02841705 0.065455703 0.85244546
3.7 6.3095734e-09 0.023814289 0.010056808 0.839211
3.7 7.9432823e-07 0.027822258 2.2178825e-46 1
3.7 7.9432823e-08 0.026421137 0.03298842 0.87108161
3.7 7.9432823e-09 0.024014409 0.012148752 0.71387206
3.8 1.2589254e-07 0.049049049 0.00445716 0.99130608
3.8 1.2589254e-08 0.043835068 0.036058228 0.80336753
3.8 1.5848932e-07 0.043234588 0.00072410444 0.91362747
3.8 1.5848932e-08 0.046446446 0.058269519 0.70817792
3.8 1.9952623e-07 0.048609722 2.5914247e-05 0.98082757
3.8 1.9952623e-08 0.048829298 0.060915148 0.6897189
3.8 1e-06 0.050260312 0 0.0
3.8 1e-07 0.052072902 0.015412917 0.76102149
3.8 1e-08 0.047828697 0.023919924 0.79479475
3.8 2.5118864e-07 0.048848849 8.7552584e-07 0.88662497
3.8 2.5118864e-08 0.042625575 0.091866252 0.79062249
3.8 3.1622777e-07 0.03983984 4.9283494e-10 0.99999838
3.8 3.1622777e-08 0.050650651 0.1041463 0.79369099
3.8 3.1622777e-09 0.047447447 0.0024575375 0.84515848
3.8 3.9810717e-07 0.0446 8.9769527e-15 0.99392014
3.8 3.9810717e-08 0.045027016 0.1027533 0.8351354
3.8 3.9810717e-09 0.041633307 0.0039095784 0.72420519
3.8 5.0118723e-07 0.04586421 3.0005978e-24 1
3.8 5.0118723e-08 0.048409682 0.095097952 0.87070393
3.8 5.0118723e-09 0.04663731 0.0072091275 0.8380635
3.8 6.3095734e-07 0.04185022 2.7242209e-32 0.99993286
3.8 6.3095734e-08 0.050670939 0.062255277 0.92739729
3.8 6.3095734e-09 0.04885863 0.011650618 0.7138791
3.8 7.9432823e-07 0.041808362 0 0.0
3.8 7.9432823e-08 0.047256708 0.042644301 0.8622618
3.8 7.9432823e-09 0.047619048 0.015407286 0.76905398
3.9 1.2589254e-07 0.079447669 0.0034640982 0.84045906
3.9 1.2589254e-08 0.076645988 0.039078721 0.80609626
3.9 1.5848932e-07 0.074074074 0.00019193577 0.93749471
3.9 1.5848932e-08 0.069827931 0.054606148 0.74401378
3.9 1.9952623e-07 0.06629281 1.3424749e-05 0.65106483
3.9 1.9952623e-08 0.073243946 0.073605819 0.76920266
3.9 1e-06 0.072843706 0 0.0
3.9 1e-07 0.071457166 0.011324454 0.79228747
3.9 1e-08 0.074429772 0.031347965 0.77975689
3.9 2.5118864e-07 0.081616323 2.0762222e-08 0.99715909
3.9 2.5118864e-08 0.072014403 0.085054706 0.82043567
3.9 3.1622777e-07 0.074304026 5.5224711e-10 0.98433773
3.9 3.1622777e-08 0.072887465 0.10511925 0.83269397
3.9 3.1622777e-09 0.075615123 0.0034461235 0.73720433
3.9 3.9810717e-07 0.070628251 3.181352e-15 0.19622462
3.9 3.9810717e-08 0.074489387 0.095636988 0.856536
3.9 3.9810717e-09 0.077677678 0.0051385073 0.77232172
3.9 5.0118723e-07 0.070456365 3.8839727e-25 0.88124696
3.9 5.0118723e-08 0.073829532 0.090936138 0.87598039
3.9 5.0118723e-09 0.078431373 0.0073478615 0.69814201
3.9 6.3095734e-07 0.076892271 1.1972419e-36 0.99999983
3.9 6.3095734e-08 0.076476476 0.061298515 0.84224052
3.9 6.3095734e-09 0.073859087 0.012094362 0.73220853
3.9 7.9432823e-07 0.070414083 0 0.0
3.9 7.9432823e-08 0.075430172 0.039082317 0.82074366
3.9 7.9432823e-09 0.073243946 0.017871193 0.71421251
4 1.2589254e-07 0.078647188 0.0017671771 0.83763923
4 1.2589254e-08 0.08304983 0.049628061 0.73382435
4 1.5848932e-07 0.075415083 0.0002083896 0.99710425
4 1.5848932e-08 0.077246348 0.063130075 0.69739675
4 1.9952623e-07 0.08028028 3.8369641e-06 0.86948359
4 1.9952623e-08 0.079110755 0.077770139 0.78471502
4 1e-06 0.078815763 0 0.0
4 1e-07 0.074 0.0100611 0.84925176
4 1e-08 0.079063251 0.027006564 0.74892751
4 2.5118864e-07 0.081297557 7.3493395e-09 0.99527737
4 2.5118864e-08 0.082465973 0.10516759 0.8063719
4 3.1622777e-07 0.084850911 6.8895773e-13 0.25113633
4 3.1622777e-08 0.079263411 0.10961693 0.86160501
4 3.1622777e-09 0.0774 0.0035499247 0.72816365
4 3.9810717e-07 0.083733974 1.0413723e-18 0.72871447
4 3.9810717e-08 0.083683684 0.093888236 0.82639824
4 3.9810717e-09 0.081448869 0.0057120143 0.75120906
4 5.0118723e-07 0.080048029 1.8633321e-22 1
4 5.0118723e-08 0.080032013 0.091706023 0.89382804
4 5.0118723e-09 0.086451871 0.0088135347 0.71938958
4 6.3095734e-07 0.083833533 6.6058549e-40 0.99988927
4 6.3095734e-08 0.074429772 0.05559863 0.82420652
4 6.3095734e-09 0.077061649 0.012490347 0.75827494
4 7.9432823e-07 0.080696836 0 0.0
4 7.9432823e-08 0.077492992 0.02124302 0.91929414
4 7.9432823e-09 0.077646588 0.017655749 0.84701788
4.1 1.2589254e-07 0.1012 0.00074457084 0.8997086
4.1 1.2589254e-08 0.096677342 0.047693919 0.76404263
4.1 1.5848932e-07 0.097819564 3.7610198e-05 0.96511854
4.1 1.5848932e-08 0.096677342 0.068260858 0.76244804
4.1 1.9952623e-07 0.098239296 1.6562396e-06 0.99724654
4.1 1.9952623e-08 0.098098098 0.087332557 0.77972455
4.1 1e-06 0.091673339 0 0.0
4.1 1e-07 0.10106064 0.0052472686 0.82944101
4.1 1e-08 0.095238095 0.037992253 0.69314581
4.1 2.5118864e-07 0.10144058 4.6729783e-10 0.99999946
4.1 2.5118864e-08 0.090472378 0.10488911 0.788527
4.1 3.1622777e-07 0.097497497 7.0794281e-14 0.15699804
4.1 3.1622777e-08 0.093237295 0.10206997 0.79172988
4.1 3.1622777e-09 0.090218044 0.0038148129 0.72648566
4.1 3.9810717e-07 0.090036014 9.719398e-24 0.91136779
4.1 3.9810717e-08 0.094675741 0.094692815 0.81769037
4.1 3.9810717e-09 0.094037615 0.0069305699 0.73555075
4.1 5.0118723e-07 0.092273819 2.6082715e-29 1
4.1 5.0118723e-08 0.10484194 0.071585663 0.83979637
4.1 5.0118723e-09 0.095295295 0.009563686 0.76312365
4.1 6.3095734e-07 0.097736832 0 0.0
4.1 6.3095734e-08 0.1027027 0.033003341 0.89882495
4.1 6.3095734e-09 0.10448359 0.015085287 0.71338793
4.1 7.9432823e-07 0.086469175 0 0.0
4.1 7.9432823e-08 0.087087087 0.01626363 0.90668733
4.1 7.9432823e-09 0.098518222 0.024346456 0.73912139
4.2 1.2589254e-07 0.081632653 0.00059673068 0.75091811
4.2 1.2589254e-08 0.091273018 0.049463301 0.70977895
4.2 1.5848932e-07 0.092292292 4.7860412e-05 0.42700213
4.2 1.5848932e-08 0.098039216 0.065736241 0.71585855
4.2 1.9952623e-07 0.097238896 4.6949378e-07 0.99970603
4.2 1.9952623e-08 0.092273819 0.094947214 0.73099196
4.2 1e-06 0.094418884 0 0.0
4.2 1e-07 0.094018804 0.004234819 0.7997098
4.2 1e-08 0.096858115 0.03980569 0.76626168
4.2 2.5118864e-07 0.098619724 3.0496527e-09 0.97629663
4.2 2.5118864e-08 0.089489489 0.10490808 0.76717225
4.2 3.1622777e-07 0.098839536 1.6826619e-16 0.99999896
4.2 3.1622777e-08 0.099259556 0.1104306 0.81524029
4.2 3.1622777e-09 0.088688689 0.0044715427 0.74955714
4.2 3.9810717e-07 0.088435374 5.7796823e-22 0.99999897
4.2 3.9810717e-08 0.096257755 0.089025426 0.8514104
4.2 3.9810717e-09 0.094618924 0.0067084194 0.80509798
4.2 5.0118723e-07 0.093456074 3.0831144e-32 1
4.2 5.0118723e-08 0.095876701 0.06759132 0.87060989
4.2 5.0118723e-09 0.094837935 0.011121227 0.74639188
4.2 6.3095734e-07 0.097658595 0 0.0
4.2 6.3095734e-08 0.095953526 0.038885698 0.90919891
4.2 6.3095734e-09 0.093456074 0.015135415 0.75870007
4.2 7.9432823e-07 0.089653792 0 0.0
4.2 7.9432823e-08 0.091673339 0.016982334 0.91024965
4.2 7.9432823e-09 0.092711254 0.025141746 0.70073591
4.3 1.2589254e-07 0.079615923 0.00046046587 0.83730198
4.3 1.2589254e-08 0.083633453 0.055758411 0.7629253
4.3 1.5848932e-07 0.081665332 2.5492416e-05 0.96394492
4.3 1.5848932e-08 0.092092092 0.064709526 0.72982468
4.3 1.9952623e-07 0.079247549 1.7238908e-06 0.99953326
4.3 1.9952623e-08 0.078415683 0.090010001 0.72766934
4.3 1e-06 0.096354167 0 0.0
4.3 1e-07 0.081665332 0.0056494804 0.90715969
4.3 1e-08 0.084067254 0.034471528 0.73381288
4.3 2.5118864e-07 0.077030812 2.1845783e-10 0.88303126
4.3 2.5118864e-08 0.086217243 0.099933709 0.76320822
4.3 3.1622777e-07 0.08385031 8.9308564e-15 1
4.3 3.1622777e-08 0.086469175 0.10941444 0.83112927
4.3 3.1622777e-09 0.081648989 0.0040352643 0.77596829
4.3 3.9810717e-07 0.081465172 2.8193642e-23 0.99999993
4.3 3.9810717e-08 0.088670937 0.11250977 0.85178767
4.3 3.9810717e-09 0.085034014 0.0070689804 0.70689918
4.3 5.0118723e-07 0.079847909 6.7373557e-27 1
4.3 5.0118723e-08 0.076261009 0.083109093 0.84249328
4.3 5.0118723e-09 0.082032813 0.009530134 0.74310378
4.3 6.3095734e-07 0.084033613 0 0.0
4.3 6.3095734e-08 0.086834734 0.038641739 0.86776856
4.3 6.3095734e-09 0.081681682 0.015530242 0.71566076
4.3 7.9432823e-07 0.085485485 0 0.0
4.3 7.9432823e-08 0.090454273 0.0149778 0.88415672
4.3 7.9432823e-09 0.088857259 0.024282913 0.73970597
4.4 1.2589254e-07 0.092292292 0.00044855788 0.72047512
4.4 1.2589254e-08 0.092692693 0.06001753 0.79225515
4.4 1.5848932e-07 0.087417483 1.4332359e-05 0.68621478
4.4 1.5848932e-08 0.086034414 0.063337358 0.77794979
4.4 1.9952623e-07 0.092892893 1.0503611e-06 0.48549077
4.4 1.9952623e-08 0.089071257 0.086984353 0.75505249
4.4 1e-06 0.091418284 0 0.0
4.4 1e-07 0.0884 0.0034370221 0.89245841
4.4 1e-08 0.088217644 0.038040117 0.76196435
4.4 2.5118864e-07 0.091636655 2.6372648e-10 0.94450107
4.4 2.5118864e-08 0.088670937 0.10993591 0.7604488
4.4 3.1622777e-07 0.092837135 2.6601155e-14 6.4772164e-05
4.4 3.1622777e-08 0.092128981 0.10375082 0.81398044
4.4 3.1622777e-09 0.092674139 0.0047901721 0.73195479
4.4 3.9810717e-07 0.10082016 6.7357119e-23 0.99999962
4.4 3.9810717e-08 0.086451871 0.085911967 0.85783875
4.4 3.9810717e-09 0.089471577 0.0075747788 0.71560439
4.4 5.0118723e-07 0.087234894 6.6667739e-43 1
4.4 5.0118723e-08 0.085817163 0.06013404 0.86068974
4.4 5.0118723e-09 0.0866 0.012545992 0.7175371
4.4 6.3095734e-07 0.093818764 0 0.0
4.4 6.3095734e-08 0.092236895 0.030566842 0.85122496
4.4 6.3095734e-09 0.09407526 0.017723491 0.76710958
4.4 7.9432823e-07 0.0926 0 0.0
4.4 7.9432823e-08 0.090036014 0.010725594 0.7215212
4.4 7.9432823e-09 0.087234894 0.027069115 0.79319624
4.5 1.2589254e-07 0.087635054 0.0005166798 0.94228558
4.5 1.2589254e-08 0.089235694 0.056827003 0.78210039
4.5 1.5848932e-07 0.086417283 9.5045906e-06 0.69774617
4.5 1.5848932e-08 0.088035214 0.072790482 0.81390892
4.5 1.9952623e-07 0.082216443 1.6411534e-07 0.99496771
4.5 1.9952623e-08 0.090018004 0.095698904 0.77140955
4.5 1e-06 0.088017604 0 0.0
4.5 1e-07 0.0942 0.0026846183 0.86348038
4.5 1e-08 0.0892 0.040638085 0.71129871
4.5 2.5118864e-07 0.083266613 1.3416324e-10 0.99999999
4.5 2.5118864e-08 0.078431373 0.10116168 0.80645763
4.5 3.1622777e-07 0.084884885 9.5173294e-15 0.080316895
4.5 3.1622777e-08 0.0846 0.11039019 0.81098589
4.5 3.1622777e-09 0.091291291 0.0050024 0.81259995
4.5 3.9810717e-07 0.081016203 2.9349164e-27 1
4.5 3.9810717e-08 0.081465172 0.096189006 0.81731832
4.5 3.9810717e-09 0.093237295 0.0072372054 0.71021514
4.5 5.0118723e-07 0.076830732 6.7819808e-38 1
4.5 5.0118723e-08 0.086538462 0.068708571 0.79463549
4.5 5.0118723e-09 0.086651991 0.012255783 0.76765749
4.5 6.3095734e-07 0.082866293 0 0.0
4.5 6.3095734e-08 0.075645387 0.02787926 0.89099147
4.5 6.3095734e-09 0.09005848 0.01647683 0.81913234
4.5 7.9432823e-07 0.087452471 0 0.0
4.5 7.9432823e-08 0.08445067 0.015483971 0.78877711
4.5 7.9432823e-09 0.088617724 0.027784842 0.73419452
4.6 1.2589254e-07 0.084850911 0.00041241559 0.58772797
4.6 1.2589254e-08 0.0802 0.064291259 0.70709048
4.6 1.5848932e-07 0.07846277 4.4189002e-05 0.84159486
4.6 1.5848932e-08 0.080064051 0.081917598 0.77412378
4.6 1.9952623e-07 0.082666133 4.5195851e-08 0.72446425
4.6 1.9952623e-08 0.085834334 0.11015133 0.7663874
4.6 1e-06 0.087234894 0 0.0
4.6 1e-07 0.084016803 0.0034725454 0.97389337
4.6 1e-08 0.079079079 0.043525872 0.7480069
4.6 2.5118864e-07 0.080448269 1.9366185e-11 0.99455475
4.6 2.5118864e-08 0.073658927 0.10266793 0.83193153
4.6 3.1622777e-07 0.082016403 2.0286545e-17 0.56380729
4.6 3.1622777e-08 0.089217844 0.11292022 0.77247385
4.6 3.1622777e-09 0.078015603 0.0050195516 0.78101137
4.6 3.9810717e-07 0.080897076 1.0047776e-20 0.99811478
4.6 3.9810717e-08 0.079094914 0.095819752 0.8050162
4.6 3.9810717e-09 0.08405043 0.0070842694 0.79178122
4.6 5.0118723e-07 0.084267414 3.2128216e-40 0.99781141
4.6 5.0118723e-08 0.078847308 0.060577304 0.81839793
4.6 5.0118723e-09 0.088453072 0.011000898 0.83649493
4.6 6.3095734e-07 0.076615323 1.714121e-44 1
4.6 6.3095734e-08 0.091618324 0.039980085 0.8983223
4.6 6.3095734e-09 0.084501402 0.018953248 0.78227352
4.6 7.9432823e-07 0.085417083 0 0.0
4.6 7.9432823e-08 0.086709887 0.013265892 0.74312779
4.6 7.9432823e-09 0.083867094 0.025243599 0.77419345
4.7 1.2589254e-07 0.083033213 0.0003710555 0.97929079
4.7 1.2589254e-08 0.086034414 0.060572207 0.68976536
4.7 1.5848932e-07 0.082833133 5.4806365e-06 0.97305803
4.7 1.5848932e-08 0.072243346 0.087276391 0.75327314
4.7 1.9952623e-07 0.081416283 2.1208048e-08 0.99999958
4.7 1.9952623e-08 0.0856 0.094000985 0.77004494
4.7 1e-06 0.084033613 0 0.0
4.7 1e-07 0.079815963 0.0017874925 0.9767213
4.7 1e-08 0.072835953 0.044364989 0.76450028
4.7 2.5118864e-07 0.078015603 5.4763253e-10 0.99831626
4.7 2.5118864e-08 0.082682683 0.11314326 0.78461882
4.7 3.1622777e-07 0.081849109 6.7683828e-18 0.84355065
4.7 3.1622777e-08 0.080032013 0.10720957 0.8271963
4.7 3.1622777e-09 0.083770943 0.0049533172 0.70471932
4.7 3.9810717e-07 0.07786229 1.5072668e-26 1
4.7 3.9810717e-08 0.07766213 0.084975863 0.85090817
4.7 3.9810717e-09 0.086051631 0.0078808124 0.68220098
4.7 5.0118723e-07 0.083867094 1.3409639e-39 0.99999946
4.7 5.0118723e-08 0.0858 0.057601901 0.82621846
4.7 5.0118723e-09 0.078015603 0.013025425 0.70405033
4.7 6.3095734e-07 0.085834334 0 0.0
4.7 6.3095734e-08 0.08365019 0.034530207 0.8879214
4.7 6.3095734e-09 0.081281281 0.019206693 0.77241376
4.7 7.9432823e-07 0.085617123 0 0.0
4.7 7.9432823e-08 0.0835002 0.009400617 0.88260088
4.7 7.9432823e-09 0.084816963 0.029859723 0.75030248
4.8 1.2589254e-07 0.085434174 0.00017160971 0.43983527
4.8 1.2589254e-08 0.0778 0.060955157 0.74009861
4.8 1.5848932e-07 0.081416283 1.6525023e-05 0.96581448
4.8 1.5848932e-08 0.07886309 0.084117113 0.75288045
4.8 1.9952623e-07 0.077631052 6.0394225e-07 0.088204458
4.8 1.9952623e-08 0.079415883 0.10137707 0.78820685
4.8 1e-06 0.087852712 0 0.0
4.8 1e-07 0.084901882 0.0018923774 0.89859196
4.8 1e-08 0.083683684 0.047639781 0.73261375
4.8 2.5118864e-07 0.078631453 1.1414828e-11 0.99999999
4.8 2.5118864e-08 0.085 0.11194566 0.82768776
4.8 3.1622777e-07 0.080432173 5.1361961e-17 1
4.8 3.1622777e-08 0.079447669 0.10767099 0.9039294
4.8 3.1622777e-09 0.0818 0.0057745177 0.75997926
4.8 3.9810717e-07 0.0882 2.698149e-27 0.86990339
4.8 3.9810717e-08 0.078278278 0.087712993 0.84307357
4.8 3.9810717e-09 0.078615723 0.0095247032 0.7265148
4.8 5.0118723e-07 0.074214843 6.6745772e-40 1
4.8 5.0118723e-08 0.079895875 0.056226477 0.85063839
4.8 5.0118723e-09 0.080880881 0.014427697 0.78444435
4.8 6.3095734e-07 0.078231293 0 0.0
4.8 6.3095734e-08 0.078231293 0.024587458 0.91399206
4.8 6.3095734e-09 0.0828 0.022817865 0.73519451
4.8 7.9432823e-07 0.070856685 0 0.0
4.8 7.9432823e-08 0.084233693 0.0071818842 0.77969292
4.8 7.9432823e-09 0.080464371 0.034122264 0.72973219
4.9 1.2589254e-07 0.069627851 9.1700276e-05 0.99516778
4.9 1.2589254e-08 0.078847308 0.071246717 0.78080226
4.9 1.5848932e-07 0.073258607 2.3280896e-06 0.83470366
4.9 1.5848932e-08 0.075445267 0.092922368 0.75563708
4.9 1.9952623e-07 0.075090108 2.7707153e-08 0.99558641
4.9 1.9952623e-08 0.070014003 0.11189073 0.76752271
4.9 1e-06 0.071828731 0 0.0
4.9 1e-07 0.071442866 0.0022611311 0.94441254
4.9 1e-08 0.067627051 0.045140059 0.72968592
4.9 2.5118864e-07 0.076645988 4.3987149e-13 0.99999999
4.9 2.5118864e-08 0.071614323 0.12051224 0.81437549
4.9 3.1622777e-07 0.077230892 1.5560029e-19 0.98396723
4.9 3.1622777e-08 0.070614123 0.11300007 0.87327342
4.9 3.1622777e-09 0.072687225 0.0055698612 0.72453988
4.9 3.9810717e-07 0.0752 9.8978473e-28 1
4.9 3.9810717e-08 0.076230492 0.09294861 0.85330375
4.9 3.9810717e-09 0.076415283 0.009289009 0.81387773
4.9 5.0118723e-07 0.078831533 2.1339571e-47 1
4.9 5.0118723e-08 0.0718 0.04692396 0.90149665
4.9 5.0118723e-09 0.078431373 0.014141812 0.73070707
4.9 6.3095734e-07 0.070628251 0 0.0
4.9 6.3095734e-08 0.071657326 0.023368517 0.83668876
4.9 6.3095734e-09 0.072014403 0.021730281 0.73192107
4.9 7.9432823e-07 0.075615123 0 0.0
4.9 7.9432823e-08 0.081648989 0.0096690982 0.93381626
4.9 7.9432823e-09 0.082232893 0.036634611 0.70806716
5 1.2589254e-07 0.0708 0.00012214251 0.96585736
5 1.2589254e-08 0.075415083 0.068559969 0.73904839
5 1.5848932e-07 0.069213843 5.8296732e-06 0.9903785
5 1.5848932e-08 0.072014403 0.08672632 0.77207306
5 1.9952623e-07 0.0724 1.0456525e-08 0.32743734
5 1.9952623e-08 0.074674675 0.11815208 0.7636529
5 1e-06 0.071028411 0 0.0
5 1e-07 0.065639384 0.00087062549 0.78488633
5 1e-08 0.073214643 0.049693911 0.72947526
5 2.5118864e-07 0.072 3.2525511e-13 0.99999993
5 2.5118864e-08 0.069827931 0.1104487 0.81489125
5 3.1622777e-07 0.069227691 9.0677714e-22 0.99999917
5 3.1622777e-08 0.0704 0.1055623 0.86367291
5 3.1622777e-09 0.078478478 0.0064358551 0.71765639
5 3.9810717e-07 0.0718 2.1334528e-27 1
5 3.9810717e-08 0.069441665 0.082437515 0.85444321
5 3.9810717e-09 0.070948012 0.010208344 0.71626014
5 5.0118723e-07 0.071657326 1.3326818e-43 1
5 5.0118723e-08 0.071085302 0.050854852 0.87141961
5 5.0118723e-09 0.079247549 0.014777522 0.75780065
5 6.3095734e-07 0.068254604 0 0.0
5 6.3095734e-08 0.068240945 0.025241945 0.94498262
5 6.3095734e-09 0.0694 0.020276794 0.8228329
5 7.9432823e-07 0.069613923 0 0.0
5 7.9432823e-08 0.070870871 0.0059339817 0.94194491
5 7.9432823e-09 0.076015203 0.03203231 0.81889652
5.5 1.2589254e-07 0.042625575 9.1924642e-05 0.99911384
5.5 1.2589254e-08 0.043217287 0.081634775 0.88855167
5.5 1.5848932e-07 0.043034428 6.8331411e-08 0.93314985
5.5 1.5848932e-08 0.048609722 0.089706323 0.73149004
5.5 1.9952623e-07 0.0424 2.6330272e-09 0.018275208
5.5 1.9952623e-08 0.044235388 0.12624677 0.8696044
5.5 1e-06 0.04623699 0 0.0
5.5 1e-07 0.041624975 0.00050588227 0.72059614
5.5 1e-08 0.047409482 0.059489889 0.72953795
5.5 2.5118864e-07 0.042416967 5.3766044e-13 0.00097309769
5.5 2.5118864e-08 0.047009402 0.13049074 0.81727578
5.5 3.1622777e-07 0.040632506 1.05198e-22 1
5.5 3.1622777e-08 0.04566393 0.10236375 0.81598555
5.5 3.1622777e-09 0.043408682 0.0055498529 0.85120451
5.5 3.9810717e-07 0.051220488 1.2031687e-26 1
5.5 3.9810717e-08 0.042408482 0.094804875 0.90790597
5.5 3.9810717e-09 0.042208442 0.01116634 0.8292964
5.5 5.0118723e-07 0.043608722 1.9283924e-47 1
5.5 5.0118723e-08 0.0494 0.036946637 0.82161533
5.5 5.0118723e-09 0.042617047 0.014810533 0.73843309
5.5 6.3095734e-07 0.042442442 0 0.0
5.5 6.3095734e-08 0.045827496 0.011879884 0.9787582
5.5 6.3095734e-09 0.047428457 0.027804141 0.73546295
5.5 7.9432823e-07 0.0448 0 0.0
5.5 7.9432823e-08 0.045027016 0.0046205602 0.72706932
5.5 7.9432823e-09 0.0368 0.037686774 0.82804729
6 1.2589254e-07 0.024604921 2.0865607e-06 0.99999921
6 1.2589254e-08 0.027811124 0.092566739 0.9210573
6 1.5848932e-07 0.0242 2.2111229e-09 1
6 1.5848932e-08 0.0252 0.1258053 0.80844113
6 1.9952623e-07 0.0282 9.9387863e-14 0.99201739
6 1.9952623e-08 0.025805161 0.13266486 0.85623009
6 1e-06 0.023409364 0 0.0
6 1e-07 0.0262 7.1237242e-05 0.99738871
6 1e-08 0.029011605 0.05875197 0.78477098
6 2.5118864e-07 0.025405081 1.6228202e-15 1
6 2.5118864e-08 0.023404681 0.12947963 0.94934387
6 3.1622777e-07 0.024809924 3.2021249e-31 1
6 3.1622777e-08 0.029005801 0.1171629 0.85030633
6 3.1622777e-09 0.02861717 0.0094538381 0.67811175
6 3.9810717e-07 0.024609844 2.1035427e-43 1
6 3.9810717e-08 0.02681609 0.082652798 0.82768512
6 3.9810717e-09 0.029211685 0.011395007 0.89925991
6 5.0118723e-07 0.026205241 0 0.0
6 5.0118723e-08 0.024004801 0.031410509 0.72939869
6 5.0118723e-09 0.025205041 0.022631139 0.8165941
6 6.3095734e-07 0.021404281 0 0.0
6 6.3095734e-08 0.0258 0.0074173822 0.9373839
6 6.3095734e-09 0.0234 0.034934812 0.83864374
6 7.9432823e-07 0.026405281 0 0.0
6 7.9432823e-08 0.024204841 0.0032023917 0.98754202
6 7.9432823e-09 0.020208083 0.050275964 0.83109675
6.5 1.2589254e-07 0.024804961 2.6823126e-07 0.99993187
6.5 1.2589254e-08 0.022613568 0.12201457 0.7975078
6.5 1.5848932e-07 0.0172 2.7316663e-09 1
6.5 1.5848932e-08 0.0214 0.12814607 0.81174025
6.5 1.9952623e-07 0.022013208 4.7466247e-15 1
6.5 1.9952623e-08 0.021408563 0.14147315 0.86043924
6.5 1e-06 0.021404281 0 0.0
6.5 1e-07 0.016613291 5.0188235e-05 0.99999729
6.5 1e-08 0.022408964 0.084252853 0.88108417
6.5 2.5118864e-07 0.022208884 9.5967596e-24 1
6.5 2.5118864e-08 0.025015009 0.15512128 0.78893583
6.5 3.1622777e-07 0.0234 2.3273261e-39 0.99999782
6.5 3.1622777e-08 0.023004601 0.11214602 0.7998855
6.5 3.1622777e-09 0.022404481 0.010879726 0.94665214
6.5 3.9810717e-07 0.021408563 2.9262255e-43 1
6.5 3.9810717e-08 0.021804361 0.058040122 0.80487928
6.5 3.9810717e-09 0.022404481 0.014466662 0.84912886
6.5 5.0118723e-07 0.023404681 0 0.0
6.5 5.0118723e-08 0.020608243 0.020537109 0.8683281
6.5 5.0118723e-09 0.021804361 0.02594048 0.80567678
6.5 6.3095734e-07 0.021817454 0 0.0
6.5 6.3095734e-08 0.022008804 0.0076665172 0.68107734
6.5 6.3095734e-09 0.020008003 0.043066279 0.89898975
6.5 7.9432823e-07 0.0234 0 0.0
6.5 7.9432823e-08 0.022 0.00093142245 0.98929981
6.5 7.9432823e-09 0.016206483 0.052705404 0.88947332
7 1.2589254e-07 0.023004601 6.3490998e-08 0.99387099
7 1.2589254e-08 0.023604721 0.13332165 0.93736818
7 1.5848932e-07 0.021608643 5.5855957e-13 0.99993542
7 1.5848932e-08 0.021813088 0.13105713 0.85692658
7 1.9952623e-07 0.023004601 1.3741663e-18 1
7 1.9952623e-08 0.024609844 0.15228414 0.77218093
7 1e-06 0.021208483 0 0.0
7 1e-07 0.021212728 1.3821523e-05 0.58519288
7 1e-08 0.021208483 0.085562062 0.77778119
7 2.5118864e-07 0.022344099 2.8311284e-23 1
7 2.5118864e-08 0.023809524 0.12324792 0.90969329
7 3.1622777e-07 0.021 4.6221491e-32 1
7 3.1622777e-08 0.024004801 0.097685126 0.74606639
7 3.1622777e-09 0.025420336 0.012242333 0.82444778
7 3.9810717e-07 0.024404881 0 0.0
7 3.9810717e-08 0.021212728 0.052039241 0.85275789
7 3.9810717e-09 0.018930431 0.021923536 0.85670668
7 5.0118723e-07 0.023614169 0 0.0
7 5.0118723e-08 0.022 0.01174059 0.97170575
7 5.0118723e-09 0.020647084 0.028389669 0.92766783
7 6.3095734e-07 0.021 0 0.0
7 6.3095734e-08 0.0218 0.0046134684 0.58445142
7 6.3095734e-09 0.020331167 0.038764169 0.77936074
7 7.9432823e-07 0.018 0 0.0
7 7.9432823e-08 0.022408964 0.00052521704 0.95117983
7 7.9432823e-09 0.0216 0.060121795 0.79774694
8 1.2589254e-07 0.021404281 3.305098e-10 0.99999339
8 1.2589254e-08 0.0194 0.14189064 0.87487892
8 1.5848932e-07 0.016852599 4.8285762e-14 0.99035381
8 1.5848932e-08 0.022804561 0.15987702 0.91822571
8 1.9952623e-07 0.019603921 7.2605606e-22 1
8 1.9952623e-08 0.018003601 0.15931676 0.8859112
8 1e-06 0.016003201 0 0.0
8 1e-07 0.0176 9.390444e-07 1
8 1e-08 0.023004601 0.10762253 0.88980913
8 2.5118864e-07 0.0228 1.2702984e-31 1
8 2.5118864e-08 0.017807123 0.16398165 0.90194414
8 3.1622777e-07 0.023809524 2.0018549e-46 1
8 3.1622777e-08 0.0202 0.073810094 0.77040169
8 3.1622777e-09 0.017603521 0.016843446 0.82100081
8 3.9810717e-07 0.0218 0 0.0
8 3.9810717e-08 0.019807923 0.045572797 0.87506985
8 3.9810717e-09 0.017013611 0.025360612 0.90084441
8 5.0118723e-07 0.019403881 0 0.0
8 5.0118723e-08 0.0228 0.011093511 0.97858234
8 5.0118723e-09 0.021005251 0.036025144 0.81941169
8 6.3095734e-07 0.0216 0 0.0
8 6.3095734e-08 0.018403681 0.0012488046 0.9421937
8 6.3095734e-09 0.020612367 0.049855482 0.92605752
8 7.9432823e-07 0.022609044 0 0.0
8 7.9432823e-08 0.021008403 0.00017487855 0.96090994
8 7.9432823e-09 0.017603521 0.073129143 0.77990897
9 1.2589254e-07 0.01764831 5.7014245e-11 0.99999963
9 1.2589254e-08 0.0148 0.17063239 0.86272873
9 1.5848932e-07 0.016 2.1818654e-15 1
9 1.5848932e-08 0.0166 0.17501509 0.88523282
9 1.9952623e-07 0.01675 9.846219e-29 1
9 1.9952623e-08 0.01801351 0.14592822 0.96178005
9 1e-06 0.0178 0 0.0
9 1e-07 0.015284854 7.0803005e-09 0.96842422
9 1e-08 0.017254129 0.12609568 0.94689388
9 2.5118864e-07 0.0196 4.8147295e-36 0.07067386
9 2.5118864e-08 0.016 0.12031229 0.87888684
9 3.1622777e-07 0.016803361 0 0.0
9 3.1622777e-08 0.016206483 0.069296181 0.83761255
9 3.1622777e-09 0.013802761 0.020980601 0.73433034
9 3.9810717e-07 0.013 0 0.0
9 3.9810717e-08 0.0174 0.034189512 0.88128247
9 3.9810717e-09 0.015006002 0.024213513 0.7603661
9 5.0118723e-07 0.017403481 0 0.0
9 5.0118723e-08 0.0158 0.0051204426 0.98419228
9 5.0118723e-09 0.01604022 0.045581425 0.82095535
9 6.3095734e-07 0.0152 0 0.0
9 6.3095734e-08 0.016 0.00084864626 0.95096829
9 6.3095734e-09 0.01487524 0.069013906 0.94309244
9 7.9432823e-07 0.0164 0 0.0
9 7.9432823e-08 0.017915309 2.0282167e-05 0.99296586
9 7.9432823e-09 0.015416776 0.10293025 0.87519917
