lowest error 0.002 0.000686484917566
0.002 0.000686484917566 3.20028375622e-06
0.002 0.000686486498258 0.000166747119014
0.002 0.000686483336878 0.000173160244974
0.002 0.000686488078953 0.000336681964452
0.002 0.000686481756194 0.000343132765456
0.002 0.000686489659652 0.000506604253374
0.002 0.000686480175513 0.00051311784609
0.002 0.000686491240355 0.00067651398665
0.002 0.000686478594836 0.000683115487919
0.002 0.000686492821061 0.000846411165377
0.002 0.000686477014162 0.000853125691833
0.002 0.000686494401771 0.00101629579037
lowest error 0.002 9.69399965655e-08
0.002 9.69399965655e-08 9.22549330884e-06
0.002 9.69397733532e-08 1.21988005568e-05
0.002 9.69402197783e-08 3.06499867411e-05
0.002 9.69395501413e-08 3.36228948581e-05
0.002 9.69404429917e-08 5.20746797417e-05
0.002 9.693932693e-08 5.50467895772e-05
0.002 9.69406662056e-08 7.34995723124e-05
0.002 9.69391037192e-08 7.64704847551e-05
0.002 9.694088942e-08 9.49246644364e-05
0.002 9.6938880509e-08 9.78939803735e-05
0.002 9.69411126349e-08 0.000116349956153
0.002 9.69386572992e-08 0.000119317276435
lowest error 0.005 0.00184875346085
0.005 0.00184875346085 1.97818597711e-05
0.005 0.00184875771776 3.48015015983e-05
0.005 0.00184874920394 7.43665164893e-05
0.005 0.00184876197469 8.93835676075e-05
0.005 0.00184874494704 0.000128952468662
0.005 0.00184876623163 0.000143964338263
0.005 0.00184874069015 0.000183539716273
0.005 0.00184877048857 0.000198543813654
0.005 0.00184873643328 0.000238128259344
0.005 0.00184877474553 0.000253121993776
0.005 0.00184873217641 0.000292718097942
0.005 0.00184877900249 0.000307698878647
lowest error 0.005 6.06331316839e-08
0.005 6.06331316839e-08 1.04542211421e-06
0.005 6.06329920711e-08 1.93970610756e-05
0.005 6.0633271297e-08 2.14880869991e-05
0.005 6.06328524587e-08 3.98393625534e-05
0.005 6.06334109104e-08 4.19309335808e-05
0.005 6.06327128465e-08 6.02814823583e-05
0.005 6.06335505242e-08 6.23739618604e-05
0.005 6.06325732347e-08 8.07234204725e-05
0.005 6.06336901383e-08 8.28171718403e-05
0.005 6.06324336232e-08 0.000101165176898
0.005 6.06338297526e-08 0.000103260563503
0.005 6.0632294012e-08 0.000121606751637
lowest error 0.01 0.000348241079175
0.01 0.000348241079175 7.80432570289e-05
0.01 0.000348241881031 8.11797609339e-05
0.01 0.000348240277321 0.000237277297907
0.01 0.000348242682888 0.000240391756678
0.01 0.000348239475469 0.000396522362604
0.01 0.000348243484747 0.000399592730891
0.01 0.000348238673619 0.00055577845181
0.01 0.000348244286609 0.000558782684481
0.01 0.000348237871771 0.000715045566292
0.01 0.000348245088472 0.000717961618136
0.01 0.000348237069925 0.000874323706738
0.01 0.000348245890337 0.000877129532552
lowest error 0.01 4.45169088175e-08
0.01 4.45169088175e-08 9.77610148434e-06
0.01 4.45168063137e-08 1.4507365913e-05
0.01 4.45170113216e-08 3.40598252686e-05
0.01 4.45167038101e-08 3.87905769257e-05
0.01 4.45171138259e-08 5.83438054216e-05
0.01 4.45166013067e-08 6.30735315568e-05
0.01 4.45172163305e-08 8.26280419886e-05
0.01 4.45164988035e-08 8.73562298085e-05
0.01 4.45173188353e-08 0.000106912534951
0.01 4.45163963006e-08 0.000111638671663
0.01 4.45174213403e-08 0.000131197284311
0.01 4.45162937979e-08 0.000135920857165
lowest error 0.05 6.28472096164e-05
0.05 6.28472096164e-05 3.18037411562e-06
0.05 6.28473543277e-05 0.000145079541963
0.05 6.28470649056e-05 0.000151449847754
0.05 6.28474990392e-05 0.000293329901096
0.05 6.2846920195e-05 0.00029972887957
0.05 6.28476437511e-05 0.00044157070377
0.05 6.28467754848e-05 0.000448017470178
0.05 6.28477884633e-05 0.000589801950863
0.05 6.28466307749e-05 0.000596315620064
0.05 6.28479331759e-05 0.000738023642859
0.05 6.28464860654e-05 0.000744623330107
0.05 6.28480778887e-05 0.000886235780375
lowest error 0.05 2.12458445725e-08
0.05 2.12458445725e-08 6.29385700135e-06
0.05 2.12458934929e-08 1.66270191948e-05
0.05 2.12457956522e-08 2.92145047789e-05
0.05 2.12459424135e-08 3.95481238122e-05
0.05 2.1245746732e-08 5.21349241405e-05
0.05 2.12459913341e-08 6.24694568319e-05
0.05 2.12456978119e-08 7.50551150879e-05
0.05 2.12460402549e-08 8.53910182981e-05
0.05 2.12456488919e-08 9.79750776029e-05
0.05 2.12460891757e-08 0.000108312808191
0.05 2.12455999721e-08 0.000120894811729
0.05 2.12461380967e-08 0.000131234826515
lowest error 0.1 3.01183378052e-05
0.1 3.01183378052e-05 6.77062485188e-07
0.1 3.01184071553e-05 0.00016351263562
0.1 3.01182684552e-05 0.00016487848226
0.1 3.01184765056e-05 0.000327690612748
0.1 3.01181991054e-05 0.000329091624832
0.1 3.0118545856e-05 0.000491856869734
0.1 3.01181297558e-05 0.000493316490891
0.1 3.01186152066e-05 0.000656011407417
0.1 3.01180604063e-05 0.000657553081276
0.1 3.01186845573e-05 0.000820154226631
0.1 3.0117991057e-05 0.000821801396824
0.1 3.01187539083e-05 0.000984285328214
lowest error 0.1 2.25974274112e-08
0.1 2.25974274112e-08 6.85588806792e-06
0.1 2.25974794437e-08 1.53434303165e-05
0.1 2.25973753787e-08 2.90549922077e-05
0.1 2.25975314764e-08 3.75429629855e-05
0.1 2.25973233464e-08 5.12538820856e-05
0.1 2.25975835092e-08 5.97427099227e-05
0.1 2.25972713142e-08 7.34525577046e-05
0.1 2.25976355421e-08 8.19426711298e-05
0.1 2.25972192821e-08 9.56510190662e-05
0.1 2.25976875752e-08 0.000104142846609
0.1 2.25971672502e-08 0.000117849266172
0.1 2.25977396083e-08 0.000126343236362
lowest error 0.15 1.95888075709e-05
0.15 1.95888075709e-05 3.01146360107e-05
0.15 1.95888526759e-05 0.000110642925635
0.15 1.95887624661e-05 0.000170880812283
0.15 1.95888977809e-05 0.000251391873179
0.15 1.95887173613e-05 0.000311655603712
0.15 1.95889428861e-05 0.000392132207025
0.15 1.95886722567e-05 0.000452439010822
0.15 1.95889879913e-05 0.000532863927949
0.15 1.95886271522e-05 0.000593231034018
0.15 1.95890330967e-05 0.000673587036355
0.15 1.95885820477e-05 0.000734031674076
0.15 1.95890782022e-05 0.000814301532767
lowest error 0.15 2.5578201245e-08
0.15 2.5578201245e-08 4.98439629171e-06
0.15 2.5578260141e-08 1.93579029659e-05
0.15 2.55781423491e-08 2.93264379216e-05
0.15 2.55783190372e-08 4.3700459853e-05
0.15 2.55780834533e-08 5.36682219274e-05
0.15 2.55783779335e-08 6.80432743727e-05
0.15 2.55780245576e-08 7.80097482904e-05
0.15 2.557843683e-08 9.23863465072e-05
0.15 2.55779656621e-08 0.000102351017055
0.15 2.55784957266e-08 0.0001167296763
0.15 2.55779067667e-08 0.000126692028204
0.15 2.55785546233e-08 0.000141073263734
lowest error 0.2 1.44429863235e-05
0.2 1.44429863235e-05 6.45635115997e-05
0.2 1.44429530673e-05 9.61206755852e-05
0.2 1.44430195797e-05 0.000225236473423
0.2 1.44429198112e-05 0.000256816088914
0.2 1.4443052836e-05 0.000385898210671
0.2 1.44428865552e-05 0.000417522729172
0.2 1.44430860924e-05 0.000546548723982
0.2 1.44428532992e-05 0.000578240597143
0.2 1.44431193489e-05 0.00070718801443
0.2 1.44428200434e-05 0.000738969693468
0.2 1.44431526054e-05 0.000867816082653
0.2 1.44427867876e-05 0.000899710019219
lowest error 0.2 2.24681337235e-08
0.2 2.24681337235e-08 6.20437456123e-06
0.2 2.24681854583e-08 1.26163049803e-05
0.2 2.24680819887e-08 2.50249000957e-05
0.2 2.24682371933e-08 3.14371385133e-05
0.2 2.24680302541e-08 4.38452716245e-05
0.2 2.24682889284e-08 5.02581260724e-05
0.2 2.24679785196e-08 6.26654891489e-05
0.2 2.24683406636e-08 6.90792676421e-05
0.2 2.24679267853e-08 8.14855526698e-05
0.2 2.24683923989e-08 8.79005632242e-05
0.2 2.2467875051e-08 0.000100305462172
0.2 2.24684441344e-08 0.000106722012819
lowest error 0.25 8.66105905847e-06
0.25 8.66105905847e-06 3.09354993462e-05
0.25 8.66107900132e-06 0.000141490929617
0.25 8.66103911567e-06 0.00020337485557
0.25 8.66109894422e-06 0.000313904432286
0.25 8.66101917292e-06 0.000375827140024
0.25 8.66111888716e-06 0.000486305009477
0.25 8.6609992302e-06 0.000548292353679
0.25 8.66113883014e-06 0.000658692662467
0.25 8.66097928754e-06 0.000720770497506
0.25 8.66115877318e-06 0.000831067392071
0.25 8.66095934492e-06 0.000893261572316
0.25 8.66117871625e-06 0.00100342919926
lowest error 0.25 1.80112560398e-08
0.25 1.80112560398e-08 9.18854140863e-06
0.25 1.80112145674e-08 1.12799931244e-05
0.25 1.80112975123e-08 2.96572580822e-05
0.25 1.80111730951e-08 3.17483455023e-05
0.25 1.80113389849e-08 5.01261569332e-05
0.25 1.80111316229e-08 5.22165157251e-05
0.25 1.80113804575e-08 7.05952379447e-05
0.25 1.80110901507e-08 7.26845037948e-05
0.25 1.80114219303e-08 9.10645011198e-05
0.25 1.80110486787e-08 9.31523097134e-05
0.25 1.80114634032e-08 0.000111533946458
0.25 1.80110072068e-08 0.000113619933483
lowest error 0.3 6.6985993041e-06
0.3 6.6985993041e-06 2.59748683216e-05
0.3 6.69858388002e-06 0.000164244047203
0.3 6.69861472821e-06 0.000216178053126
0.3 6.69856845598e-06 0.000354478694745
0.3 6.69863015236e-06 0.000406365508515
0.3 6.69855303198e-06 0.00054472907561
0.3 6.69864557655e-06 0.000596537235615
0.3 6.69853760801e-06 0.000734995190924
0.3 6.69866100076e-06 0.00078669323607
0.3 6.69852218407e-06 0.000925277042331
0.3 6.69867642502e-06 0.000976833511011
0.3 6.69850676017e-06 0.00111557463096
lowest error 0.3 1.72456671601e-08
0.3 1.72456671601e-08 8.55616273743e-06
0.3 1.72457068698e-08 1.39440485545e-05
0.3 1.72456274506e-08 3.10561539183e-05
0.3 1.72457465795e-08 3.64444799597e-05
0.3 1.72455877411e-08 5.35559249695e-05
0.3 1.72457862894e-08 5.89451314816e-05
0.3 1.72455480317e-08 7.60554759336e-05
0.3 1.72458259993e-08 8.14460031209e-05
0.3 1.72455083224e-08 9.85548067924e-05
0.3 1.72458657094e-08 0.000103947094861
0.3 1.72454686132e-08 0.000121053917549
0.3 1.72459054195e-08 0.000126448406742
lowest error 0.35 5.69888640058e-06
0.35 5.69888640058e-06 1.50672090942e-05
0.35 5.69887327842e-06 0.000126011527602
0.35 5.69889952276e-06 0.000156137292696
0.35 5.6988601563e-06 0.000267098917925
0.35 5.69891264498e-06 0.000297198723606
0.35 5.6988470342e-06 0.000408194962406
0.35 5.69892576723e-06 0.000438251502608
0.35 5.69883391214e-06 0.000549299661572
0.35 5.6989388895e-06 0.000579295630107
0.35 5.6988207901e-06 0.000690413015833
0.35 5.69895201181e-06 0.000720331106634
0.35 5.6988076681e-06 0.000831535025969
lowest error 0.35 1.74162239287e-08
0.35 1.74162239287e-08 1.04134627188e-06
0.35 1.74162640311e-08 2.1884483544e-05
0.35 1.74161838264e-08 2.39669475914e-05
0.35 1.74163041335e-08 4.48105418998e-05
0.35 1.74161437242e-08 4.6892320396e-05
0.35 1.74163442361e-08 6.77368287763e-05
0.35 1.74161036221e-08 6.98174646891e-05
0.35 1.74163843388e-08 9.06633441771e-05
0.35 1.74160635201e-08 9.27423804717e-05
0.35 1.74164244415e-08 0.000113590088104
0.35 1.74160234182e-08 0.000115667067747
0.35 1.74164645444e-08 0.000136517060558
lowest error 0.4 4.65517487276e-06
0.4 4.65517487276e-06 5.12688504899e-05
0.4 4.65516415383e-06 7.7006267492e-05
0.4 4.65518559171e-06 0.000179536814578
0.4 4.65515343494e-06 0.000205288539766
0.4 4.65519631068e-06 0.000307797625172
0.4 4.65514271606e-06 0.000333577966731
0.4 4.65520702968e-06 0.000436051282555
0.4 4.65513199721e-06 0.000461874548673
0.4 4.6552177487e-06 0.000564297787356
0.4 4.65512127839e-06 0.000590178286219
0.4 4.65522846775e-06 0.00069253713986
0.4 4.65511055959e-06 0.000718489179653
lowest error 0.4 1.74287804846e-08
0.4 1.74287804846e-08 8.98344453804e-06
0.4 1.74287403534e-08 1.2053735976e-05
0.4 1.74288206159e-08 3.00208174906e-05
0.4 1.74287002223e-08 3.30907240911e-05
0.4 1.74288607473e-08 5.10583828643e-05
0.4 1.74286600913e-08 5.41275197898e-05
0.4 1.74289008788e-08 7.20961406615e-05
0.4 1.74286199604e-08 7.51641230741e-05
0.4 1.74289410104e-08 9.31340908839e-05
0.4 1.74285798295e-08 9.62005339455e-05
0.4 1.7428981142e-08 0.000114172233532
0.4 1.74285396988e-08 0.000117236752406
lowest error 0.45 4.06513525503e-06
0.45 4.06513525503e-06 3.22705799629e-05
0.45 4.06512589472e-06 0.000151999876381
0.45 4.06514461536e-06 0.00021652627398
0.45 4.06511653443e-06 0.000336285096075
0.45 4.06515397571e-06 0.000400767206848
0.45 4.06510717416e-06 0.00052058508063
0.45 4.06516333608e-06 0.000584993379757
0.45 4.06509781392e-06 0.000704899831058
0.45 4.06517269648e-06 0.000769204793879
0.45 4.0650884537e-06 0.00088922934855
0.45 4.06518205689e-06 0.000953401450241
0.45 4.06507909349e-06 0.00107357363428
lowest error 0.45 1.74829211961e-08
0.45 1.74829211961e-08 6.65325124416e-06
0.45 1.7482961452e-08 1.47247270861e-05
0.45 1.74828809402e-08 2.80310308534e-05
0.45 1.74830017081e-08 3.61029041205e-05
0.45 1.74828406844e-08 4.9408611781e-05
0.45 1.74830419642e-08 5.74812798608e-05
0.45 1.74828004288e-08 7.07859940103e-05
0.45 1.74830822205e-08 7.88598543084e-05
0.45 1.74827601732e-08 9.21631775426e-05
0.45 1.74831224768e-08 0.000100238627466
0.45 1.74827199177e-08 0.00011354016238
0.45 1.74831627332e-08 0.000121617599316
lowest error 0.5 3.48628590449e-06
0.5 3.48628590449e-06 5.82290704676e-05
0.5 3.48629393197e-06 8.82622351068e-05
0.5 3.48627787703e-06 0.000204729706703
0.5 3.48630195946e-06 0.00023474421061
0.5 3.48626984958e-06 0.000351239674198
0.5 3.48630998698e-06 0.00038121685664
0.5 3.48626182216e-06 0.000497758973415
0.5 3.48631801452e-06 0.000527680173657
0.5 3.48625379476e-06 0.000644287605207
0.5 3.48632604207e-06 0.000674134162518
0.5 3.48624576737e-06 0.000790825570042
0.5 3.48633406964e-06 0.000820578823685
lowest error 0.5 1.6485229592e-08
0.5 1.6485229592e-08 1.58989277388e-06
0.5 1.64851916334e-08 1.93055089439e-05
0.5 1.64852675507e-08 2.2485484346e-05
0.5 1.64851536749e-08 4.02007208464e-05
0.5 1.64853055095e-08 4.33812657548e-05
0.5 1.64851157165e-08 6.10957429177e-05
0.5 1.64853434684e-08 6.42772370028e-05
0.5 1.64850777582e-08 8.19905751581e-05
0.5 1.64853814273e-08 8.51733980913e-05
0.5 1.64850397999e-08 0.00010288521757
0.5 1.64854193864e-08 0.000106069749022
0.5 1.64850018418e-08 0.000123779670155
lowest error 0.55 2.99369119495e-06
0.55 2.99369119495e-06 1.4363165143e-05
0.55 2.99369808819e-06 0.000119672268117
0.55 2.99368430173e-06 0.000148406409776
0.55 2.99370498144e-06 0.000253699890341
0.55 2.99367740853e-06 0.000282457466477
0.55 2.99371187471e-06 0.000387719701982
0.55 2.99367051534e-06 0.00041651633558
0.55 2.99371876799e-06 0.000521731703497
0.55 2.99366362216e-06 0.000550583017541
0.55 2.99372566129e-06 0.00065573589534
0.55 2.99365672901e-06 0.000684657512815
0.55 2.99373255461e-06 0.000789732277967
lowest error 0.55 1.43313796179e-08
0.55 1.43313796179e-08 2.23116513132e-06
0.55 1.43313466187e-08 1.95442948021e-05
0.55 1.43314126172e-08 2.40068312278e-05
0.55 1.43313136196e-08 4.13195485747e-05
0.55 1.43314456165e-08 4.57827034892e-05
0.55 1.43312806206e-08 6.30945961881e-05
0.55 1.43314786159e-08 6.75587819177e-05
0.55 1.43312476216e-08 8.48694376256e-05
0.55 1.43315116154e-08 8.9335066495e-05
0.55 1.43312146228e-08 0.000106644072927
0.55 1.4331544615e-08 0.000111111557263
0.55 1.4331181624e-08 0.000128418502076
lowest error 0.6 2.50566496162e-06
0.6 2.50566496162e-06 1.60910920908e-05
0.6 2.50567073114e-06 0.000112664642924
0.6 2.50565919212e-06 0.000144854035302
0.6 2.50567650066e-06 0.000241413170146
0.6 2.50565342264e-06 0.000273624187113
0.6 2.5056822702e-06 0.000370154489979
0.6 2.50564765316e-06 0.000402401547813
0.6 2.50568803976e-06 0.000498888602711
0.6 2.5056418837e-06 0.000531186118033
0.6 2.50569380932e-06 0.000627615508976
0.6 2.50563611426e-06 0.000659977898065
0.6 2.5056995789e-06 0.000756335209061
lowest error 0.6 1.20707151118e-08
0.6 1.20707151118e-08 1.0449239142e-05
0.6 1.2070687318e-08 1.09269094613e-05
0.6 1.20707429057e-08 3.18255864151e-05
0.6 1.20706595243e-08 3.23028593763e-05
0.6 1.20707706997e-08 5.32021323609e-05
0.6 1.20706317306e-08 5.3678610644e-05
0.6 1.20707984937e-08 7.45788769807e-05
0.6 1.2070603937e-08 7.5054163247e-05
0.6 1.20708262877e-08 9.59558202758e-05
0.6 1.20705761434e-08 9.64295171868e-05
0.6 1.20708540819e-08 0.000117332962231
0.6 1.20705483499e-08 0.000117804672465
lowest error 0.65 2.07288877606e-06
0.65 2.07288877606e-06 2.86205997124e-07
0.65 2.07289354907e-06 0.000170972883311
0.65 2.07288400306e-06 0.000171558048439
0.65 2.07289832208e-06 0.00034221922074
0.65 2.07287923007e-06 0.000342842644811
0.65 2.07290309511e-06 0.000513452807088
0.65 2.0728744571e-06 0.000514139996062
0.65 2.07290786816e-06 0.000684673643302
0.65 2.07286968413e-06 0.000685450103146
0.65 2.07291264121e-06 0.000855881730335
0.65 2.07286491118e-06 0.000856772967007
0.65 2.07291741427e-06 0.00102707706913
lowest error 0.65 9.38024107456e-09
0.65 9.38024107456e-09 9.18975049835e-07
0.65 9.38026267338e-09 2.07831696177e-05
0.65 9.38021947578e-09 2.26209149052e-05
0.65 9.38028427226e-09 4.24855190215e-05
0.65 9.38019787705e-09 4.43226499889e-05
0.65 9.38030587119e-09 6.41880732415e-05
0.65 9.38017627837e-09 6.60241803421e-05
0.65 9.38032747017e-09 8.58908322021e-05
0.65 9.38015467974e-09 8.77255058889e-05
0.65 9.38034906919e-09 0.000107593795982
0.65 9.38013308116e-09 0.000109426626708
0.65 9.38037066827e-09 0.000129296964507
lowest error 0.7 1.5621113935e-06
0.7 1.5621113935e-06 5.17983796859e-05
0.7 1.56210779661e-06 6.90206655634e-05
0.7 1.5621149904e-06 0.000172611078606
0.7 1.56210419973e-06 0.00018984605769
0.7 1.5621185873e-06 0.000293417431424
0.7 1.56210060285e-06 0.00031067779692
0.7 1.56212218422e-06 0.000414217438472
0.7 1.56209700599e-06 0.000431515883586
0.7 1.56212578114e-06 0.000535011100083
0.7 1.56209340913e-06 0.000552360318022
0.7 1.56212937807e-06 0.000655798416592
0.7 1.56208981228e-06 0.000673211100563
lowest error 0.7 6.65996581528e-09
0.7 6.65996581528e-09 1.43677965703e-06
0.7 6.65998115043e-09 1.88775254397e-05
0.7 6.65995048016e-09 2.17509053693e-05
0.7 6.65999648562e-09 3.91920099596e-05
0.7 6.65993514507e-09 4.20648516268e-05
0.7 6.66001182085e-09 5.95066739386e-05
0.7 6.65991981002e-09 6.23786185026e-05
0.7 6.66002715611e-09 7.9821517307e-05
0.7 6.65990447501e-09 8.26922059263e-05
0.7 6.66004249141e-09 0.000100136540139
0.7 6.65988914003e-09 0.000103005613936
0.7 6.66005782674e-09 0.000120451742363
lowest error 0.75 1.2145852424e-06
0.75 1.2145852424e-06 6.30192635849e-05
0.75 1.21458244571e-06 8.15319610021e-05
0.75 1.21458803909e-06 0.000207561403687
0.75 1.21457964904e-06 0.000226092270645
0.75 1.21459083578e-06 0.000352094459874
0.75 1.21457685237e-06 0.000370661665787
0.75 1.21459363248e-06 0.000496618432719
0.75 1.2145740557e-06 0.000515240147255
0.75 1.21459642919e-06 0.000641133322663
0.75 1.21457125905e-06 0.000659827715493
0.75 1.21459922591e-06 0.000785639130533
0.75 1.2145684624e-06 0.000804424371071
lowest error 0.75 3.48306035464e-09
0.75 3.48306035464e-09 1.89744648083e-06
0.75 3.4830683747e-09 1.84062938384e-05
0.75 3.48305233461e-09 2.22010076016e-05
0.75 3.48307639477e-09 3.87102134294e-05
0.75 3.4830443146e-09 4.25043894543e-05
0.75 3.48308441486e-09 5.90143122214e-05
0.75 3.4830362946e-09 6.28075921116e-05
0.75 3.48309243496e-09 7.93185902528e-05
0.75 3.48302827462e-09 8.31106155035e-05
0.75 3.48310045509e-09 9.96230475603e-05
0.75 3.48302025466e-09 0.000103413459668
0.75 3.48310847523e-09 0.000119927684074
lowest error 0.8 1.20436742371e-06
0.8 1.20436742371e-06 4.63969561393e-05
0.8 1.20436465055e-06 0.000154032388069
0.8 1.20437019687e-06 0.000246808835642
0.8 1.2043618774e-06 0.00035447919886
0.8 1.20437297004e-06 0.000447203251782
0.8 1.20435910426e-06 0.000554943477579
0.8 1.20437574321e-06 0.000647580206083
0.8 1.20435633113e-06 0.000755425225747
0.8 1.20437851639e-06 0.000847939700066
0.8 1.204353558e-06 0.000955924444888
0.8 1.20438128958e-06 0.00104828173525
0.8 1.20435078487e-06 0.00115644113652
lowest error 0.8 4.03667699853e-09
0.8 4.03667699853e-09 8.5030880963e-06
0.8 4.03666770375e-09 1.13929333634e-05
0.8 4.03668629333e-09 2.83992817023e-05
0.8 4.03665840899e-09 3.128878275e-05
0.8 4.03669558815e-09 4.8295647384e-05
0.8 4.03664911425e-09 5.1184459994e-05
0.8 4.036704883e-09 6.81921851791e-05
0.8 4.03663981953e-09 7.10799651675e-05
0.8 4.03671417787e-09 8.80888951245e-05
0.8 4.03663052483e-09 9.0975298201e-05
0.8 4.03672347276e-09 0.00010798577715
0.8 4.03662123016e-09 0.000110870459132
lowest error 0.81 1.25207689086e-06
0.81 1.25207689086e-06 1.6494996157e-05
0.81 1.25207977387e-06 0.000155649968997
0.81 1.25207400785e-06 0.000188652846483
0.81 1.2520826569e-06 0.000327782049944
0.81 1.25207112484e-06 0.000360823582792
0.81 1.25208553993e-06 0.000499901247649
0.81 1.25206824185e-06 0.000533007206354
0.81 1.25208842296e-06 0.000672007563074
0.81 1.25206535886e-06 0.000705203717982
0.81 1.25209130601e-06 0.000844100997033
0.81 1.25206247587e-06 0.000877413118639
0.81 1.25209418906e-06 0.00101618155079
lowest error 0.81 4.62893412157e-09
0.81 4.62893412157e-09 1.01164696127e-05
0.81 4.62894478009e-09 1.12957221625e-05
0.81 4.62892346306e-09 3.152846201e-05
0.81 4.62895543865e-09 3.27081132401e-05
0.81 4.62891280459e-09 5.29402551086e-05
0.81 4.62896609722e-09 5.41207036604e-05
0.81 4.62890214613e-09 7.43518488342e-05
0.81 4.62897675582e-09 7.55334934635e-05
0.81 4.6288914877e-09 9.57632432641e-05
0.81 4.62898741445e-09 9.69464825746e-05
0.81 4.6288808293e-09 0.000117174438325
0.81 4.6289980731e-09 0.000118359671072
lowest error 0.82 1.32285730531e-06
0.82 1.32285730531e-06 4.33608531711e-05
0.82 1.3228603513e-06 0.000143842779496
0.82 1.32285425932e-06 0.000230579723833
0.82 1.3228633973e-06 0.00033103117524
0.82 1.32285121334e-06 0.000417813833733
0.82 1.32286644331e-06 0.000518204335634
0.82 1.32284816736e-06 0.00060506318411
0.82 1.32286948933e-06 0.000705362261752
0.82 1.3228451214e-06 0.000792327776205
0.82 1.32287253535e-06 0.000892504954834
0.82 1.32284207544e-06 0.000979607611093
0.82 1.32287558138e-06 0.00107963241612
lowest error 0.82 5.15768720242e-09
0.82 5.15768720242e-09 1.59009677425e-07
0.82 5.15769907845e-09 2.23853686565e-05
0.82 5.15767532642e-09 2.27031670761e-05
0.82 5.1577109545e-09 4.49299680088e-05
0.82 5.15766345045e-09 4.52471034609e-05
0.82 5.15772283058e-09 6.74747883007e-05
0.82 5.1576515745e-09 6.77908188749e-05
0.82 5.15773470669e-09 9.0019829615e-05
0.82 5.15763969858e-09 9.03343133594e-05
0.82 5.15774658283e-09 0.000112565091874
0.82 5.15762782269e-09 0.000112877586837
0.82 5.15775845899e-09 0.000135110575119
lowest error 0.83 1.35090248322e-06
0.83 1.35090248322e-06 5.32876896102e-05
0.83 1.35089937265e-06 9.75123339275e-05
0.83 1.35090559379e-06 0.00020407782633
0.83 1.3508962621e-06 0.000248322244933
0.83 1.35090870437e-06 0.000354858076879
0.83 1.35089315155e-06 0.000399142044054
0.83 1.35091181495e-06 0.000505628441772
0.83 1.350890041e-06 0.000549971731804
0.83 1.35091492555e-06 0.000656388921925
0.83 1.35088693047e-06 0.0007008113091
0.83 1.35091803615e-06 0.000807139517851
0.83 1.35088381994e-06 0.000851660776457
lowest error 0.83 5.57072859221e-09
0.83 5.57072859221e-09 4.7474348448e-06
0.83 5.5707414193e-09 1.65234540388e-05
0.83 5.57071576515e-09 2.60181270502e-05
0.83 5.57075424642e-09 3.77945396783e-05
0.83 5.57070293811e-09 4.72886225036e-05
0.83 5.57076707357e-09 5.90658220001e-05
0.83 5.57069011111e-09 6.85589212814e-05
0.83 5.57077990075e-09 8.03373010441e-05
0.83 5.57067728414e-09 8.98290233109e-05
0.83 5.57079272796e-09 0.000101608976849
0.83 5.57066445719e-09 0.000111098928631
0.83 5.5708055552e-09 0.000122880849342
lowest error 0.84 1.38304082523e-06
0.84 1.38304082523e-06 3.57918043759e-05
0.84 1.3830440098e-06 0.0001115118816
0.84 1.38303764066e-06 0.000183104924884
0.84 1.38304719438e-06 0.000258806133646
0.84 1.3830344561e-06 0.00033042748053
0.84 1.38305037897e-06 0.000406090952235
0.84 1.38303127155e-06 0.000477759471921
0.84 1.38305356356e-06 0.000553366338233
0.84 1.38302808701e-06 0.000625100899527
0.84 1.38305674816e-06 0.000700632292113
0.84 1.38302490247e-06 0.000772451764213
0.84 1.38305993277e-06 0.000847888814482
lowest error 0.84 6.02024270341e-09
0.84 6.02024270341e-09 9.09126592807e-06
0.84 6.02025656555e-09 1.31677650641e-05
0.84 6.02022884131e-09 3.1350081541e-05
0.84 6.02027042772e-09 3.54270115155e-05
0.84 6.02021497923e-09 5.36086816987e-05
0.84 6.02028428992e-09 5.76864733497e-05
0.84 6.02020111719e-09 7.5867066482e-05
0.84 6.02029815215e-09 7.99461506085e-05
0.84 6.02018725518e-09 9.81252358141e-05
0.84 6.02031201442e-09 0.000102206043333
0.84 6.02017339321e-09 0.000120383189736
0.84 6.02032587671e-09 0.000124466151446
lowest error 0.85 1.45162687498e-06
0.85 1.45162687498e-06 2.46725528186e-05
0.85 1.45163021748e-06 0.000129151717455
0.85 1.45162353249e-06 0.000178507111456
0.85 1.45163355999e-06 0.000282965700054
0.85 1.45162019001e-06 0.000332351959143
0.85 1.4516369025e-06 0.000436769395529
0.85 1.45161684753e-06 0.00048620709657
0.85 1.45164024502e-06 0.000590562804842
0.85 1.45161350507e-06 0.000640072524288
0.85 1.45164358755e-06 0.000744345928544
0.85 1.45161016261e-06 0.000793948243258
0.85 1.45164693009e-06 0.000898118767323
lowest error 0.85 6.43712585072e-09
0.85 6.43712585072e-09 4.74215742496e-06
0.85 6.4371110287e-09 1.67109742035e-05
0.85 6.43714067276e-09 2.61954891192e-05
0.85 6.43709620672e-09 3.81639056912e-05
0.85 6.43715549484e-09 4.76490209205e-05
0.85 6.43708138478e-09 5.96166371167e-05
0.85 6.43717031696e-09 6.91027528679e-05
0.85 6.43706656287e-09 8.10691684046e-05
0.85 6.43718513911e-09 9.05566848872e-05
0.85 6.43705174099e-09 0.000102521499596
0.85 6.43719996129e-09 0.000112010817056
0.85 6.43703691915e-09 0.00012397363073
lowest error 0.86 1.43583984179e-06
0.86 1.43583984179e-06 1.22276794681e-05
0.86 1.43583653565e-06 0.000156577403363
0.86 1.43584314794e-06 0.000181020373944
0.86 1.43583322952e-06 0.000325394875309
0.86 1.43584645409e-06 0.000349800680973
0.86 1.4358299234e-06 0.000494224737578
0.86 1.43584976026e-06 0.000518568601467
0.86 1.43582661728e-06 0.000663066990929
0.86 1.43585306643e-06 0.000687324136335
0.86 1.43582331117e-06 0.000831921636272
0.86 1.4358563726e-06 0.000856067286332
0.86 1.43582000507e-06 0.00100078867452
lowest error 0.86 6.67305954252e-09
0.86 6.67305954252e-09 6.63746588536e-06
0.86 6.67307490782e-09 1.3631922068e-05
0.86 6.67304417725e-09 2.69066752105e-05
0.86 6.67309027316e-09 3.39014886883e-05
0.86 6.67302881201e-09 4.71757059448e-05
0.86 6.67310563854e-09 5.41712339035e-05
0.86 6.67301344681e-09 6.74445580175e-05
0.86 6.67312100395e-09 7.44411577882e-05
0.86 6.67299808165e-09 8.77132315025e-05
0.86 6.6731363694e-09 9.47112602718e-05
0.86 6.67298271652e-09 0.000107981726329
0.86 6.67315173488e-09 0.000114981541428
lowest error 0.87 1.52631790889e-06
0.87 1.52631790889e-06 4.89470758995e-05
0.87 1.52632142337e-06 0.000101833913873
0.87 1.52631439442e-06 0.000199737950852
0.87 1.52632493786e-06 0.00025260501898
0.87 1.52631087995e-06 0.000350538711633
0.87 1.52632845236e-06 0.000403366240338
0.87 1.5263073655e-06 0.000501349358889
0.87 1.52633196686e-06 0.000554117578459
0.87 1.52630385105e-06 0.000652169893269
0.87 1.52633548138e-06 0.000704859033993
0.87 1.52630033661e-06 0.000803000315422
0.87 1.5263389959e-06 0.000855590607586
lowest error 0.87 7.10560399493e-09
0.87 7.10560399493e-09 7.00548781252e-06
0.87 7.10558763369e-09 1.55585356909e-05
0.87 7.10562035621e-09 2.95697326407e-05
0.87 7.10557127249e-09 3.81223377923e-05
0.87 7.10563671752e-09 5.21341988757e-05
0.87 7.10555491133e-09 6.0685918573e-05
0.87 7.10565307888e-09 7.46988864395e-05
0.87 7.1055385502e-09 8.32492779557e-05
0.87 7.10566944027e-09 9.72637953747e-05
0.87 7.10552218912e-09 0.000105812415983
0.87 7.10568580169e-09 0.000119828925723
0.87 7.10550582806e-09 0.000128375332696
lowest error 0.88 1.53715973553e-06
0.88 1.53715973553e-06 1.28811086038e-05
0.88 1.53715619609e-06 0.000133573585352
0.88 1.53716327497e-06 0.000159326477459
0.88 1.53715265666e-06 0.000280037605002
0.88 1.53716681442e-06 0.000305762521807
0.88 1.53714911724e-06 0.000426510950942
0.88 1.53717035389e-06 0.000452189242112
0.88 1.53714557783e-06 0.000572993623632
0.88 1.53717389336e-06 0.000598606639227
0.88 1.53714203842e-06 0.00071948562393
0.88 1.53717743283e-06 0.000745014713616
0.88 1.53713849903e-06 0.000865986952297
lowest error 0.88 7.37656205079e-09
0.88 7.37656205079e-09 4.79640401574e-06
0.88 7.37654506564e-09 1.69340694618e-05
0.88 7.37657903597e-09 2.65270828446e-05
0.88 7.37652808054e-09 3.86643376693e-05
0.88 7.37659602119e-09 4.82579669479e-05
0.88 7.37651109548e-09 6.039440053e-05
0.88 7.37661300645e-09 6.99890564055e-05
0.88 7.37649411045e-09 8.21242580842e-05
0.88 7.37662999175e-09 9.17203511421e-05
0.88 7.37647712547e-09 0.000103853910373
0.88 7.37664697709e-09 0.000113451851198
0.88 7.37646014052e-09 0.000125583357322
lowest error 0.89 1.59414198512e-06
0.89 1.59414198512e-06 8.10198805161e-05
0.89 1.59414565577e-06 0.000110585593073
0.89 1.59413831447e-06 0.000272641316896
0.89 1.59414932643e-06 0.000302175105198
0.89 1.59413464384e-06 0.000464278717398
0.89 1.5941529971e-06 0.00049374865719
0.89 1.59413097321e-06 0.000655932083183
0.89 1.59415666777e-06 0.000685306250208
0.89 1.59412730259e-06 0.00084760141592
0.89 1.59416033846e-06 0.000876847885922
0.89 1.59412363198e-06 0.00103928671677
0.89 1.59416400915e-06 0.00106837356549
lowest error 0.89 7.7173464998e-09
0.89 7.7173464998e-09 4.48842590606e-06
0.89 7.71732872997e-09 1.81720287595e-05
0.89 7.71736426966e-09 2.71491037922e-05
0.89 7.71731096018e-09 4.08322601255e-05
0.89 7.71738203957e-09 4.98100049815e-05
0.89 7.71729319044e-09 6.34922682354e-05
0.89 7.71739980952e-09 7.24711293962e-05
0.89 7.71727542074e-09 8.6152053131e-05
0.89 7.71741757951e-09 9.51324771186e-05
0.89 7.71725765107e-09 0.000108811614735
0.89 7.71743534954e-09 0.000117794048071
0.89 7.71723988145e-09 0.000131470953128
lowest error 0.9 1.59532804528e-06
0.9 1.59532804528e-06 2.06849504059e-05
0.9 1.59532437191e-06 0.000145622725091
0.9 1.59533171867e-06 0.00018698060134
0.9 1.59532069854e-06 0.000311942425872
0.9 1.59533539206e-06 0.000353264228584
0.9 1.59531702519e-06 0.000478274153101
0.9 1.59533906546e-06 0.000519535833004
0.9 1.59531335184e-06 0.000644617907501
0.9 1.59534273887e-06 0.000685795415471
0.9 1.5953096785e-06 0.000810973689939
0.9 1.59534641228e-06 0.000852042976704
0.9 1.59530600516e-06 0.000977341501286
lowest error 0.9 7.89781579072e-09
0.9 7.89781579072e-09 9.93787233794e-06
0.9 7.89779760535e-09 1.1458579467e-05
0.9 7.89783397614e-09 3.13345232281e-05
0.9 7.89777942002e-09 3.2854832225e-05
0.9 7.89785216159e-09 5.27313731311e-05
0.9 7.89776123473e-09 5.42508859773e-05
0.9 7.89787034709e-09 7.41284221233e-05
0.9 7.89774304949e-09 7.56467406493e-05
0.9 7.89788853263e-09 9.55256701309e-05
0.9 7.89772486428e-09 9.70423963182e-05
0.9 7.89790671821e-09 0.000116923117232
0.9 7.89770667912e-09 0.000118437852911
lowest error 0.95 1.6038583149e-06
0.95 1.6038583149e-06 2.63624933567e-05
0.95 1.60385462189e-06 0.000130440574765
0.95 1.60386200793e-06 0.000183154871997
0.95 1.60385092888e-06 0.000287254333097
0.95 1.60386570096e-06 0.000339936561747
0.95 1.60384723588e-06 0.000444078782372
0.95 1.603869394e-06 0.00049670756361
0.95 1.60384354289e-06 0.000600913923311
0.95 1.60387308705e-06 0.000653467878177
0.95 1.60383984991e-06 0.000757759756509
0.95 1.60387678011e-06 0.000810217506178
0.95 1.60383615694e-06 0.000914616282973
lowest error 0.95 9.10066231637e-09
0.95 9.10066231637e-09 7.39241304837e-06
0.95 9.10068327144e-09 1.27151570783e-05
0.95 9.10064136135e-09 2.74998073877e-05
0.95 9.10070422657e-09 3.28229030306e-05
0.95 9.10062040637e-09 4.76070259765e-05
0.95 9.10072518174e-09 5.29308247379e-05
0.95 9.10059945144e-09 6.77140687446e-05
0.95 9.10074613695e-09 7.30389222738e-05
0.95 9.10057849656e-09 8.78209357644e-05
0.95 9.10076709222e-09 9.31471955679e-05
0.95 9.10055754173e-09 0.000107927626968
0.95 9.10078804754e-09 0.000113255644657
lowest error 1.0 1.45322212071e-06
1.0 1.45322212071e-06 5.29254311799e-05
1.0 1.45321877454e-06 5.29717712525e-05
1.0 1.45322546688e-06 0.000158817757977
1.0 1.45321542839e-06 0.000158873849542
1.0 1.45322881306e-06 0.000264705209365
1.0 1.45321208224e-06 0.000264780803917
1.0 1.45323215924e-06 0.000370587785472
1.0 1.4532087361e-06 0.000370692634599
1.0 1.45323550544e-06 0.000476465486714
1.0 1.45320538997e-06 0.00047660934172
1.0 1.45323885164e-06 0.000582338313219
1.0 1.45320204384e-06 0.000582530925692
lowest error 1.0 9.02368652729e-09
1.0 9.02368652729e-09 1.58333782618e-06
1.0 9.02370730512e-09 1.99297972654e-05
1.0 9.02366574951e-09 2.30962717334e-05
1.0 9.023728083e-09 4.14431336191e-05
1.0 9.02364497177e-09 4.4609004382e-05
1.0 9.02374886092e-09 6.29566711603e-05
1.0 9.02362419409e-09 6.61215358511e-05
1.0 9.0237696389e-09 8.44704099294e-05
1.0 9.02360341645e-09 8.76338660651e-05
1.0 9.02379041692e-09 0.000105984349966
1.0 9.02358263886e-09 0.000109145995065
1.0 9.02381119499e-09 0.000127498491197
lowest error 1.1 1.41869814213e-06
1.1 1.41869814213e-06 1.9366980029e-05
1.1 1.4187014088e-06 0.000110102377355
1.1 1.41869487546e-06 0.000148843625725
1.1 1.41870467549e-06 0.000239564446838
1.1 1.4186916088e-06 0.000278327560144
1.1 1.41870794218e-06 0.00036901922883
1.1 1.41868834214e-06 0.000407818783579
1.1 1.41871120888e-06 0.00049846672374
1.1 1.41868507549e-06 0.000537317296672
1.1 1.41871447559e-06 0.000627906931864
1.1 1.41868180886e-06 0.000666823099718
1.1 1.4187177423e-06 0.000757339853844
lowest error 1.1 9.73459751585e-09
1.1 9.73459751585e-09 3.67513469746e-06
1.1 9.73461993062e-09 1.60210956008e-05
1.1 9.73457510114e-09 2.33711962925e-05
1.1 9.73464234543e-09 3.57174945345e-05
1.1 9.73455268648e-09 4.30670892539e-05
1.1 9.7346647603e-09 5.54140621403e-05
1.1 9.73453027187e-09 6.27628135148e-05
1.1 9.73468717522e-09 7.51107984547e-05
1.1 9.73450785731e-09 8.24583691106e-05
1.1 9.73470959019e-09 9.48077034089e-05
1.1 9.7344854428e-09 0.000102153756079
1.1 9.73473200521e-09 0.000114504777074
lowest error 1.2 1.29896963791e-06
1.2 1.29896963791e-06 7.31731313053e-06
1.2 1.2989726289e-06 0.000175299062813
1.2 1.29896664692e-06 0.000189948189632
1.2 1.2989756199e-06 0.000357900939351
1.2 1.29896365594e-06 0.00037259356768
1.2 1.2989786109e-06 0.000540488317633
1.2 1.29896066497e-06 0.000555253448751
1.2 1.29898160191e-06 0.000723061198811
1.2 1.29895767401e-06 0.000737927833837
1.2 1.29898459293e-06 0.000905619583877
1.2 1.29895468305e-06 0.000920616724084
1.2 1.29898758396e-06 0.0010881634743
lowest error 1.2 9.54741938427e-09
1.2 9.54741938427e-09 1.29610066235e-07
1.2 9.54739740055e-09 2.16472528134e-05
1.2 9.54744136804e-09 2.1906679097e-05
1.2 9.54737541688e-09 4.34239094673e-05
1.2 9.54746335186e-09 4.36839543583e-05
1.2 9.54735343326e-09 6.52003599737e-05
1.2 9.54748533573e-09 6.54614357747e-05
1.2 9.54733144969e-09 8.69766042579e-05
1.2 9.54750731965e-09 8.72391233862e-05
1.2 9.54730946617e-09 0.00010875264236
1.2 9.54752930363e-09 0.000109017017234
1.2 9.54728748271e-09 0.000130528474321
lowest error 1.3 1.09007404731e-06
1.3 1.09007404731e-06 2.14523652167e-05
1.3 1.09007153732e-06 0.000117902099758
1.3 1.0900765573e-06 0.00016079838729
1.3 1.09006902734e-06 0.00025726500802
1.3 1.0900790673e-06 0.000300135966974
1.3 1.09006651737e-06 0.00039663636033
1.3 1.0900815773e-06 0.00043946510478
1.3 1.0900640074e-06 0.000536016157075
1.3 1.09008408731e-06 0.000578785801221
1.3 1.09006149744e-06 0.000675404398768
1.3 1.09008659732e-06 0.000718098056807
1.3 1.09005898748e-06 0.000814801085919
lowest error 1.3 1.03867576853e-08
1.3 1.03867576853e-08 1.8894111653e-07
1.3 1.03867816018e-08 1.98052925779e-05
1.3 1.0386733769e-08 2.01830009821e-05
1.3 1.03868055182e-08 3.97997000854e-05
1.3 1.03867098527e-08 4.01768870555e-05
1.3 1.03868294348e-08 5.97942814071e-05
1.3 1.03866859364e-08 6.01705993208e-05
1.3 1.03868533514e-08 7.97890365449e-05
1.3 1.03866620202e-08 8.01641377794e-05
1.3 1.0386877268e-08 9.97839654997e-05
1.3 1.03866381041e-08 0.000100157502432
1.3 1.03869011847e-08 0.000119779068255
lowest error 1.4 8.91353553097e-07
1.4 8.91353553097e-07 2.04255708947e-05
1.4 8.91351500682e-07 9.85920324288e-05
1.4 8.91355605517e-07 0.000139437015703
1.4 8.91349448271e-07 0.000217615794584
1.4 8.91357657941e-07 0.000258442302317
1.4 8.91347395866e-07 0.000336645715892
1.4 8.9135971037e-07 0.000377441430948
1.4 8.91345343465e-07 0.000455681796565
1.4 8.91361762804e-07 0.000496434402125
1.4 8.91343291069e-07 0.000574724037131
1.4 8.91363815243e-07 0.000615421216063
1.4 8.91341238677e-07 0.000693772437805
lowest error 1.4 1.30067262551e-08
1.4 1.30067262551e-08 2.71693638521e-06
1.4 1.3006696306e-08 1.92894875517e-05
1.4 1.30067562042e-08 2.47235708817e-05
1.4 1.3006666357e-08 4.12957009308e-05
1.4 1.30067861534e-08 4.67304159191e-05
1.4 1.30066364081e-08 6.33017037548e-05
1.4 1.30068161027e-08 6.87374715405e-05
1.4 1.30066064593e-08 8.53074960254e-05
1.4 1.3006846052e-08 9.07447377272e-05
1.4 1.30065765105e-08 0.000107313077744
1.4 1.30068760014e-08 0.000112752214481
1.4 1.30065465618e-08 0.000129318448895
lowest error 1.5 7.14173941865e-07
1.5 7.14173941865e-07 1.68193302574e-05
1.5 7.14175586313e-07 7.34471427011e-05
1.5 7.1417229742e-07 0.000107089345954
1.5 7.14177230765e-07 0.000163710072981
1.5 7.1417065298e-07 0.000197362904527
1.5 7.1417887522e-07 0.000253969460882
1.5 7.14169008543e-07 0.000287640006115
1.5 7.1418051968e-07 0.000344225306462
1.5 7.1416736411e-07 0.000377920650859
1.5 7.14182164143e-07 0.000434477609862
1.5 7.14165719681e-07 0.000468204838816
1.5 7.1418380861e-07 0.000524726371217
lowest error 1.5 1.68268181009e-08
1.5 1.68268181009e-08 8.33517850252e-06
1.5 1.68268568461e-08 1.34894585755e-05
1.5 1.68267793558e-08 3.0159608488e-05
1.5 1.68268955914e-08 3.53143027279e-05
1.5 1.68267406107e-08 5.19838313835e-05
1.5 1.68269343368e-08 5.71393539954e-05
1.5 1.68267018657e-08 7.38078471905e-05
1.5 1.68269730823e-08 7.89646123618e-05
1.5 1.68266631209e-08 9.56316559111e-05
1.5 1.68270118279e-08 0.000100790077828
1.5 1.68266243761e-08 0.000117455257548
1.5 1.68270505736e-08 0.000122615750396
lowest error 1.6 6.23107530634e-07
1.6 6.23107530634e-07 1.02819444989e-05
1.6 6.23108965394e-07 5.46029420754e-05
1.6 6.23106095878e-07 7.5168661573e-05
1.6 6.23110400157e-07 0.000119485998202
1.6 6.23104661125e-07 0.000140057209197
1.6 6.23111834923e-07 0.000184367223875
1.6 6.23103226375e-07 0.000204947587425
1.6 6.23113269693e-07 0.000249246619261
1.6 6.23101791628e-07 0.000269839796307
1.6 6.23114704466e-07 0.000314124184355
1.6 6.23100356885e-07 0.000334733835837
1.6 6.23116139242e-07 0.000378999919207
lowest error 1.6 2.09073023589e-08
1.6 2.09073023589e-08 2.08190730078e-06
1.6 2.09072542181e-08 1.79676013254e-05
1.6 2.09073504998e-08 2.21315907036e-05
1.6 2.09072060775e-08 3.80169351772e-05
1.6 2.09073986408e-08 4.21814488671e-05
1.6 2.09071579369e-08 5.80660942551e-05
1.6 2.09074467819e-08 6.22314818277e-05
1.6 2.09071097964e-08 7.81150785616e-05
1.6 2.09074949232e-08 8.22816895694e-05
1.6 2.09070616561e-08 9.81638880795e-05
1.6 2.09075430645e-08 0.000102332072093
1.6 2.09070135159e-08 0.000118212522846
lowest error 1.7 5.25772660979e-07
1.7 5.25772660979e-07 3.10139687341e-05
1.7 5.25773871616e-07 4.95236478497e-05
1.7 5.25771450344e-07 0.000111554405511
1.7 5.25775082257e-07 0.000130058444266
1.7 5.25770239712e-07 0.000192097662584
1.7 5.257762929e-07 0.000210590420758
1.7 5.25769029082e-07 0.000272643740046
1.7 5.25777503546e-07 0.00029111957735
1.7 5.25767818456e-07 0.000353192638001
1.7 5.25778714195e-07 0.000371645914143
1.7 5.25766607832e-07 0.000433744356545
1.7 5.25779924846e-07 0.000452169431236
lowest error 1.7 2.48962536474e-08
1.7 2.48962536474e-08 4.84844456139e-07
1.7 2.48963109732e-08 2.09812449605e-05
1.7 2.48961963217e-08 2.195073353e-05
1.7 2.48963682991e-08 4.24475347218e-05
1.7 2.48961389961e-08 4.34164222627e-05
1.7 2.48964256252e-08 6.391402483e-05
1.7 2.48960816707e-08 6.48819106557e-05
1.7 2.48964829514e-08 8.53807152676e-05
1.7 2.48960243455e-08 8.63471986929e-05
1.7 2.48965402777e-08 0.000106847606074
1.7 2.48959670203e-08 0.000107812286414
1.7 2.48965976042e-08 0.000128314697234
lowest error 1.8 4.79440811749e-07
1.8 4.79440811749e-07 6.0365170893e-06
1.8 4.79441915703e-07 4.97851878203e-05
1.8 4.79439707797e-07 6.18595768884e-05
1.8 4.79443019661e-07 0.000105605537974
1.8 4.79438603847e-07 0.000117683991559
1.8 4.7944412362e-07 0.000161424533354
1.8 4.79437499901e-07 0.000173509761136
1.8 4.79445227582e-07 0.000217242173993
1.8 4.79436395956e-07 0.000229336885649
1.8 4.79446331547e-07 0.000273058459924
1.8 4.79435292014e-07 0.000285165365133
1.8 4.79447435514e-07 0.000328873391181
lowest error 1.8 2.90862009342e-08
1.8 2.90862009342e-08 2.72784958621e-07
1.8 2.90862679077e-08 1.95651494947e-05
1.8 2.90861339608e-08 2.01105483071e-05
1.8 2.90863348814e-08 3.94032550366e-05
1.8 2.90860669876e-08 3.99481405529e-05
1.8 2.90864018552e-08 5.92415317029e-05
1.8 2.90860000145e-08 5.97855616973e-05
1.8 2.90864688292e-08 7.90799794785e-05
1.8 2.90859330416e-08 7.96228117417e-05
1.8 2.90865358034e-08 9.89185983644e-05
1.8 2.90858660688e-08 9.94598906696e-05
1.8 2.90866027777e-08 0.000118757388362
lowest error 1.9 4.51555358174e-07
1.9 4.51555358174e-07 4.58927206815e-06
1.9 4.51554318431e-07 5.10549146577e-05
1.9 4.5155639792e-07 6.02321126175e-05
1.9 4.5155327869e-07 0.000106700447544
1.9 4.51557437668e-07 0.000115873607022
1.9 4.51552238951e-07 0.000162347326721
1.9 4.51558477419e-07 0.000171513755316
1.9 4.51551199215e-07 0.000217995552173
1.9 4.51559517172e-07 0.000227152557529
1.9 4.51550159481e-07 0.000273645123933
1.9 4.51560556927e-07 0.000282790013648
1.9 4.51549119749e-07 0.000329296042032
lowest error 1.9 3.3989361006e-08
1.9 3.3989361006e-08 8.57950695377e-06
1.9 3.39892827427e-08 1.04671244991e-05
1.9 3.39894392695e-08 2.76262961521e-05
1.9 3.39892044796e-08 2.95135982418e-05
1.9 3.39895175331e-08 4.66732430806e-05
1.9 3.39891262166e-08 4.85599142581e-05
1.9 3.3989595797e-08 6.57203477399e-05
1.9 3.39890479539e-08 6.760607255e-05
1.9 3.3989674061e-08 8.47676101321e-05
1.9 3.39889696913e-08 8.66520731186e-05
1.9 3.39897523252e-08 0.000103815030258
1.9 3.39888914289e-08 0.000105697915965
lowest error 2.0 3.9267477178e-07
2.0 3.9267477178e-07 3.76263509239e-07
2.0 3.92673867613e-07 4.01135342236e-05
2.0 3.92675675948e-07 4.0865348498e-05
2.0 3.9267296345e-07 8.06040447854e-05
2.0 3.92676580118e-07 8.13537207183e-05
2.0 3.92672059288e-07 0.000121095268153
2.0 3.9267748429e-07 0.000121841380183
2.0 3.92671155128e-07 0.000161587204339
2.0 3.92678388464e-07 0.000162328326906
2.0 3.9267025097e-07 0.000202079853355
2.0 3.92679292641e-07 0.000202814560898
2.0 3.92669346815e-07 0.000242573215214
lowest error 2.0 3.76189786205e-08
2.0 3.76189786205e-08 6.79467899856e-06
2.0 3.76188919997e-08 1.19287168276e-05
2.0 3.76190652415e-08 2.55182272451e-05
2.0 3.76188053791e-08 3.06519602349e-05
2.0 3.76191518627e-08 4.42419278976e-05
2.0 3.76187187587e-08 4.93750512236e-05
2.0 3.76192384841e-08 6.29657809892e-05
2.0 3.76186321385e-08 6.80979897951e-05
2.0 3.76193251057e-08 8.1689786505e-05
2.0 3.76185455185e-08 8.68207759352e-05
2.0 3.76194117275e-08 0.000100413944447
2.0 3.76184588987e-08 0.000105543409677
lowest error 2.1 3.43770020465e-07
2.1 3.43770020465e-07 1.0042902848e-05
2.1 3.43769228906e-07 3.67598498032e-05
2.1 3.43770812026e-07 5.68447031246e-05
2.1 3.43768437349e-07 8.35635548069e-05
2.1 3.43771603588e-07 0.000103645551045
2.1 3.43767645794e-07 0.000130368212266
2.1 3.43772395152e-07 0.000150445446629
2.1 3.43766854241e-07 0.00017717382216
2.1 3.43773186719e-07 0.000197244389897
2.1 3.43766062689e-07 0.000223980384504
2.1 3.43773978287e-07 0.000244042380866
2.1 3.4376527114e-07 0.000270787899322
lowest error 2.1 4.1210890593e-08
2.1 4.1210890593e-08 1.18387049675e-06
2.1 4.12109854847e-08 1.64359062644e-05
2.1 4.12107957015e-08 1.88035122775e-05
2.1 4.12110803766e-08 3.4055818007e-05
2.1 4.12107008103e-08 3.64230190795e-05
2.1 4.12111752687e-08 5.16758647158e-05
2.1 4.12106059192e-08 5.40423909032e-05
2.1 4.12112701611e-08 6.92960464237e-05
2.1 4.12105110284e-08 7.16616277345e-05
2.1 4.12113650536e-08 8.69163631161e-05
2.1 4.12104161378e-08 8.92807296053e-05
2.1 4.12114599464e-08 0.000104536814793
lowest error 2.2 3.01066199292e-07
2.2 3.01066199292e-07 1.20052636992e-05
2.2 3.01066892524e-07 1.89482104114e-05
2.2 3.01065506062e-07 4.29591543853e-05
2.2 3.01067585756e-07 4.99012679511e-05
2.2 3.01064812834e-07 7.39134616543e-05
2.2 3.01068278991e-07 8.08539089259e-05
2.2 3.01064119608e-07 0.000104868185483
2.2 3.01068972227e-07 0.000111806133314
2.2 3.01063426383e-07 0.000135823325932
2.2 3.01069665465e-07 0.000142757941175
2.2 3.01062733159e-07 0.00016677888298
2.2 3.01070358704e-07 0.000173709332488
lowest error 2.2 4.44976422415e-08
2.2 4.44976422415e-08 2.24936586646e-06
2.2 4.4497539782e-08 1.51217071389e-05
2.2 4.44977447012e-08 1.962057007e-05
2.2 4.44974373227e-08 3.24926489315e-05
2.2 4.44978471611e-08 3.69919054735e-05
2.2 4.44973348637e-08 4.98634595432e-05
2.2 4.44979496213e-08 5.43633720769e-05
2.2 4.44972324049e-08 6.72341389598e-05
2.2 4.44980520818e-08 7.17349698811e-05
2.2 4.44971299464e-08 8.46046871819e-05
2.2 4.44981545424e-08 8.91066988884e-05
2.2 4.44970274881e-08 0.000101975104211
lowest error 2.3 2.64083945578e-07
2.3 2.64083945578e-07 1.6379881417e-05
2.3 2.64083337503e-07 1.65204326792e-05
2.3 2.64084553655e-07 4.92797248945e-05
2.3 2.64082729429e-07 4.94212174003e-05
2.3 2.64085161732e-07 8.21790977605e-05
2.3 2.64082121357e-07 8.23224727542e-05
2.3 2.64085769812e-07 0.000115077999991
2.3 2.64081513286e-07 0.000115224198717
2.3 2.64086377892e-07 0.000147976431653
2.3 2.64080905217e-07 0.000148126395355
2.3 2.64086985974e-07 0.000180874392723
2.3 2.64080297149e-07 0.000181029062646
lowest error 2.3 4.87096489919e-08
2.3 4.87096489919e-08 1.23834234733e-06
2.3 4.87097611501e-08 1.497371631e-05
2.3 4.87095368339e-08 1.74502867316e-05
2.3 4.87098733086e-08 3.11858892421e-05
2.3 4.87094246762e-08 3.36621168429e-05
2.3 4.87099854674e-08 4.73981764348e-05
2.3 4.87093125187e-08 4.98738326824e-05
2.3 4.87100976264e-08 6.36105779179e-05
2.3 4.87092003615e-08 6.6085434236e-05
2.3 4.87102097857e-08 7.98230936776e-05
2.3 4.87090882045e-08 8.22969215339e-05
2.3 4.87103219452e-08 9.60357237147e-05
lowest error 2.4 2.31662639358e-07
2.4 2.31662639358e-07 3.52492041777e-06
2.4 2.31663172781e-07 1.98640866453e-05
2.4 2.31662105935e-07 2.69141653084e-05
2.4 2.31663706206e-07 4.32528558632e-05
2.4 2.31661572514e-07 5.03036480701e-05
2.4 2.31664239632e-07 6.66413872383e-05
2.4 2.31661039094e-07 7.36933686851e-05
2.4 2.31664773059e-07 9.00296807722e-05
2.4 2.31660505676e-07 9.70833271552e-05
2.4 2.31665306488e-07 0.000113417736468
2.4 2.31659972258e-07 0.000120473523483
2.4 2.31665839917e-07 0.000136805554307
lowest error 2.4 5.38878677931e-08
2.4 5.38878677931e-08 5.52560719402e-07
2.4 5.38879918747e-08 1.34545325956e-05
2.4 5.38877437119e-08 1.45595687306e-05
2.4 5.38881159565e-08 2.74617112139e-05
2.4 5.38876196309e-08 2.8566491439e-05
2.4 5.38882400386e-08 4.14689751245e-05
2.4 5.38874955502e-08 4.25733288458e-05
2.4 5.3888364121e-08 5.54763243521e-05
2.4 5.38873714698e-08 5.65800809382e-05
2.4 5.38884882037e-08 6.94837588848e-05
2.4 5.38872473897e-08 7.05867477415e-05
2.4 5.38886122867e-08 8.3491278724e-05
lowest error 2.5 2.03950605964e-07
2.5 2.03950605964e-07 4.52454416999e-06
2.5 2.0395013635e-07 1.98466198973e-05
2.5 2.03951075578e-07 2.88954499981e-05
2.5 2.03949666738e-07 4.42180421834e-05
2.5 2.03951545193e-07 5.32660975905e-05
2.5 2.03949197128e-07 6.85897227357e-05
2.5 2.03952014809e-07 7.76364869508e-05
2.5 2.03948727518e-07 9.29616615344e-05
2.5 2.03952484427e-07 0.000102006618079
2.5 2.03948257909e-07 0.000117333858582
2.5 2.03952954045e-07 0.00012637649096
2.5 2.03947788301e-07 0.000141706313883
lowest error 2.5 5.75083622854e-08
2.5 5.75083622854e-08 4.6696283551e-07
2.5 5.75082298676e-08 1.18456115485e-05
2.5 5.75084947034e-08 1.27796031215e-05
2.5 5.75080974502e-08 2.41581200195e-05
2.5 5.75086271218e-08 2.50923093321e-05
2.5 5.75079650331e-08 3.64705625779e-05
2.5 5.75087595405e-08 3.74050814562e-05
2.5 5.75078326162e-08 4.87829392246e-05
2.5 5.75088919594e-08 4.97179194952e-05
2.5 5.75077001997e-08 6.10952499591e-05
2.5 5.75090243787e-08 6.2030823448e-05
2.5 5.75075677835e-08 7.34074947717e-05
lowest error 2.6 1.75709401719e-07
2.6 1.75709401719e-07 5.18069058542e-06
2.6 1.75709806305e-07 1.11258896065e-05
2.6 1.75708997133e-07 2.14873863875e-05
2.6 1.75710210892e-07 2.74323541873e-05
2.6 1.75708592549e-07 3.77941978025e-05
2.6 1.7571061548e-07 4.37387031589e-05
2.6 1.75708187965e-07 5.41011248156e-05
2.6 1.75711020069e-07 6.00449365216e-05
2.6 1.75707783383e-07 7.04081674572e-05
2.6 1.7571142466e-07 7.63510542616e-05
2.6 1.75707378801e-07 8.67153257129e-05
2.6 1.7571182925e-07 9.26570564093e-05
lowest error 2.6 6.28981685539e-08
2.6 6.28981685539e-08 4.21414386187e-06
2.6 6.28983133825e-08 8.91783712342e-06
2.6 6.28980237257e-08 1.73460498818e-05
2.6 6.28984582114e-08 2.2049893099e-05
2.6 6.28978788978e-08 3.04778809244e-05
2.6 6.28986030406e-08 3.51820240523e-05
2.6 6.28977340703e-08 4.360963699e-05
2.6 6.28987478701e-08 4.83142299847e-05
2.6 6.2897589243e-08 5.67413180801e-05
2.6 6.28988927e-08 6.14465108959e-05
2.6 6.28974444162e-08 6.98729241937e-05
2.6 6.28990375302e-08 7.45788667871e-05
lowest error 2.7 1.53525316014e-07
2.7 1.53525316014e-07 4.39896858939e-06
2.7 1.53524962509e-07 4.64705716752e-06
2.7 1.5352566952e-07 1.34449587676e-05
2.7 1.53524609005e-07 1.36931185026e-05
2.7 1.53526023026e-07 2.24909133597e-05
2.7 1.53524255502e-07 2.27392154164e-05
2.7 1.53526376533e-07 3.15368323811e-05
2.7 1.53523902e-07 3.17853479093e-05
2.7 1.53526730041e-07 4.05827158247e-05
2.7 1.53523548499e-07 4.08315159732e-05
2.7 1.5352708355e-07 4.96285636911e-05
2.7 1.53523194998e-07 4.98777196243e-05
lowest error 2.7 7.15296335274e-08
2.7 7.15296335274e-08 4.1238205486e-06
2.7 7.15297982307e-08 4.74858238997e-06
2.7 7.15294688245e-08 1.29961892532e-05
2.7 7.15299629343e-08 1.36210195545e-05
2.7 7.1529304122e-08 2.18685237399e-05
2.7 7.15301276383e-08 2.2493490945e-05
2.7 7.15291394199e-08 3.07408240015e-05
2.7 7.15302923427e-08 3.13659965614e-05
2.7 7.15289747182e-08 3.96130900375e-05
2.7 7.15304570475e-08 4.02385364047e-05
2.7 7.15288100168e-08 4.84853218481e-05
2.7 7.15306217527e-08 4.91111104663e-05
lowest error 2.8 1.2590297723e-07
2.8 1.2590297723e-07 9.37116230837e-07
2.8 1.25902687328e-07 8.70733907554e-06
2.8 1.25903267133e-07 1.05815310949e-05
2.8 1.25902397427e-07 1.83518348233e-05
2.8 1.25903557036e-07 2.022590551e-05
2.8 1.25902107526e-07 2.79963710126e-05
2.8 1.2590384694e-07 2.98702394925e-05
2.8 1.25901817626e-07 3.76409476441e-05
2.8 1.25904136845e-07 3.95145330341e-05
2.8 1.25901527727e-07 4.72855647087e-05
2.8 1.2590442675e-07 4.91587861351e-05
2.8 1.25901237828e-07 5.6930222224e-05
lowest error 2.8 9.12512873315e-08
2.8 9.12512873315e-08 1.90138309586e-06
2.8 9.12510772179e-08 2.20762023861e-06
2.8 9.12514974456e-08 6.01039377468e-06
2.8 9.12508671048e-08 6.31661623585e-06
2.8 9.12517075602e-08 1.01194117943e-05
2.8 9.12506569921e-08 1.04256048918e-05
2.8 9.12519176752e-08 1.42284371547e-05
2.8 9.125044688e-08 1.45345862075e-05
2.8 9.12521277908e-08 1.83374698564e-05
2.8 9.12502367683e-08 1.86435601819e-05
2.8 9.12523379068e-08 2.24465098984e-05
2.8 9.12500266571e-08 2.27525268159e-05
