2.00000E-03 1.258925400E-04 6.920435389E+11
2.00000E-03 1.584893200E-04 7.458651432E+11
2.00000E-03 1.995262300E-04 6.343076930E+11
2.00000E-03 1.000000000E-04 5.973518236E+11
2.00000E-03 2.511886400E-04 4.661290058E+11
2.00000E-03 3.162277700E-04 3.052056337E+11
2.00000E-03 3.162277700E-03 2.321182900E-21
2.00000E-03 1.258925400E-05 2.326199764E+09
2.00000E-03 1.258925400E-06 2.683586372E+05
2.00000E-03 1.258925400E-07 3.001466990E+01
2.00000E-03 1.258925400E-08 2.914031516E-03
2.00000E-03 1.258925400E-09 2.696841442E-07
2.00000E-03 1.584893200E-05 6.309352185E+09
2.00000E-03 1.584893200E-06 6.037052050E+05
2.00000E-03 1.584893200E-07 6.958264797E+01
2.00000E-03 1.584893200E-08 6.792037447E-03
2.00000E-03 1.584893200E-09 6.215825279E-07
2.00000E-03 1.995262300E-05 1.349861639E+10
2.00000E-03 1.995262300E-06 1.822291164E+06
2.00000E-03 1.995262300E-07 1.578944884E+02
2.00000E-03 1.995262300E-08 1.723681598E-02
2.00000E-03 1.995262300E-09 1.661947727E-06
2.00000E-03 1.000000000E-05 1.110946776E+09
2.00000E-03 1.000000000E-06 1.118121403E+05
2.00000E-03 1.000000000E-07 1.031642385E+01
2.00000E-03 1.000000000E-08 1.040938633E-03
2.00000E-03 1.000000000E-09 1.002618792E-07
2.00000E-03 2.511886400E-05 3.280975923E+10
2.00000E-03 2.511886400E-06 4.513732834E+06
2.00000E-03 2.511886400E-08 3.872499172E-02
2.00000E-03 2.511886400E-09 4.145744752E-06
2.00000E-03 3.162277700E-05 6.506461064E+10
2.00000E-03 3.162277700E-06 9.816599332E+06
2.00000E-03 3.162277700E-07 1.159815797E+03
2.00000E-03 3.162277700E-08 9.925854492E-02
2.00000E-03 3.162277700E-09 9.877212065E-06
2.00000E-03 3.981071700E-05 1.223287323E+11
2.00000E-03 3.981071700E-07 2.859787189E+03
2.00000E-03 3.981071700E-08 2.621810425E-01
2.00000E-03 3.981071700E-09 2.692429719E-05
2.00000E-03 5.011872300E-05 2.144554686E+11
2.00000E-03 5.011872300E-06 6.650995831E+07
2.00000E-03 5.011872300E-07 5.366169147E+03
2.00000E-03 5.011872300E-08 6.374648132E-01
2.00000E-03 5.011872300E-09 6.675667639E-05
2.00000E-03 6.309573400E-05 3.440541015E+11
2.00000E-03 6.309573400E-06 1.730000335E+08
2.00000E-03 6.309573400E-07 1.682610627E+04
2.00000E-03 6.309573400E-08 1.709442348E+00
2.00000E-03 6.309573400E-09 1.575908029E-04
2.00000E-03 7.943282300E-05 4.748843659E+11
2.00000E-03 7.943282300E-06 4.094223651E+08
2.00000E-03 7.943282300E-07 3.666282182E+04
2.00000E-03 7.943282300E-08 4.092080925E+00
2.00000E-03 7.943282300E-09 4.264378967E-04
5.00000E-03 1.258925400E-04 4.532061532E+10
5.00000E-03 1.584893200E-04 2.054693938E+10
5.00000E-03 1.995262300E-04 1.098678242E+10
5.00000E-03 1.000000000E-04 7.321979097E+10
5.00000E-03 2.511886400E-04 3.968667133E+09
5.00000E-03 3.162277700E-04 3.625133605E+08
5.00000E-03 1.258925400E-05 8.574519022E+09
5.00000E-03 1.258925400E-06 1.386624988E+06
5.00000E-03 1.258925400E-07 1.525559132E+02
5.00000E-03 1.258925400E-08 1.697809479E-02
5.00000E-03 1.258925400E-09 1.650610782E-06
5.00000E-03 1.584893200E-05 1.583261936E+10
5.00000E-03 1.584893200E-06 4.125573471E+06
5.00000E-03 1.584893200E-07 4.142819326E+02
5.00000E-03 1.584893200E-08 3.860379366E-02
5.00000E-03 1.584893200E-09 4.137857116E-06
5.00000E-03 1.995262300E-05 3.018689924E+10
5.00000E-03 1.995262300E-06 1.096070786E+07
5.00000E-03 1.995262300E-07 9.881125697E+02
5.00000E-03 1.995262300E-08 1.037982516E-01
5.00000E-03 1.995262300E-09 9.865926725E-06
5.00000E-03 1.000000000E-05 4.554939089E+09
5.00000E-03 1.000000000E-06 6.780042996E+05
5.00000E-03 1.000000000E-07 6.541894558E+01
5.00000E-03 1.000000000E-09 6.723408250E-07
5.00000E-03 2.511886400E-05 4.880049112E+10
5.00000E-03 2.511886400E-06 2.923853808E+07
5.00000E-03 2.511886400E-07 2.424135990E+03
5.00000E-03 2.511886400E-08 2.809204476E-01
5.00000E-03 2.511886400E-09 2.576365212E-05
5.00000E-03 3.162277700E-05 7.088689624E+10
5.00000E-03 3.162277700E-06 6.356443133E+07
5.00000E-03 3.162277700E-07 6.245109103E+03
5.00000E-03 3.162277700E-08 6.541912343E-01
5.00000E-03 3.162277700E-09 6.745197845E-05
5.00000E-03 3.981071700E-05 9.426722246E+10
5.00000E-03 3.981071700E-06 1.506458005E+08
5.00000E-03 3.981071700E-07 1.671722201E+04
5.00000E-03 3.981071700E-08 1.558960074E+00
5.00000E-03 3.981071700E-09 1.498903398E-04
5.00000E-03 5.011872300E-05 1.041306979E+11
5.00000E-03 5.011872300E-06 3.538477512E+08
5.00000E-03 5.011872300E-07 3.977832932E+04
5.00000E-03 5.011872300E-08 4.524321889E+00
5.00000E-03 5.011872300E-09 4.452479987E-04
5.00000E-03 6.309573400E-05 1.037322129E+11
5.00000E-03 6.309573400E-06 8.731294575E+08
5.00000E-03 6.309573400E-07 1.134315975E+05
5.00000E-03 6.309573400E-08 1.104359205E+01
5.00000E-03 6.309573400E-09 9.622114853E-04
5.00000E-03 7.943282300E-05 8.926882691E+10
5.00000E-03 7.943282300E-06 1.876437178E+09
5.00000E-03 7.943282300E-07 2.659484727E+05
5.00000E-03 7.943282300E-08 2.689268410E+01
5.00000E-03 7.943282300E-09 2.526913287E-03
1.00000E-02 1.258925400E-04 5.807496051E+08
1.00000E-02 1.584893200E-04 8.206218688E+07
1.00000E-02 1.995262300E-04 6.966375522E+06
1.00000E-02 1.000000000E-04 1.741907014E+09
1.00000E-02 2.511886400E-04 8.308132928E+04
1.00000E-02 3.162277700E-04 8.184610609E+01
1.00000E-02 1.258925400E-05 1.229141098E+10
1.00000E-02 1.258925400E-06 5.938797284E+06
1.00000E-02 1.258925400E-07 6.147034721E+02
1.00000E-02 1.258925400E-08 6.497688434E-02
1.00000E-02 1.258925400E-09 7.258320825E-06
1.00000E-02 1.584893200E-05 1.655756413E+10
1.00000E-02 1.584893200E-06 1.608575130E+07
1.00000E-02 1.584893200E-07 1.592033605E+03
1.00000E-02 1.584893200E-08 1.570985354E-01
1.00000E-02 1.584893200E-09 1.732876713E-05
1.00000E-02 1.995262300E-05 2.239046901E+10
1.00000E-02 1.995262300E-06 4.011818330E+07
1.00000E-02 1.995262300E-07 4.520032210E+03
1.00000E-02 1.995262300E-08 3.514952070E-01
1.00000E-02 1.995262300E-09 4.320364025E-05
1.00000E-02 1.000000000E-05 8.079815286E+09
1.00000E-02 1.000000000E-06 2.559776424E+06
1.00000E-02 1.000000000E-07 3.305118315E+02
1.00000E-02 1.000000000E-08 2.845912570E-02
1.00000E-02 1.000000000E-09 2.800846847E-06
1.00000E-02 2.511886400E-06 1.001064345E+08
1.00000E-02 2.511886400E-07 8.755692985E+03
1.00000E-02 2.511886400E-08 1.330523614E+00
1.00000E-02 2.511886400E-09 1.045500070E-04
1.00000E-02 3.162277700E-05 2.860665227E+10
1.00000E-02 3.162277700E-06 2.168936213E+08
1.00000E-02 3.162277700E-07 2.699283977E+04
1.00000E-02 3.162277700E-08 1.476753321E-01
1.00000E-02 3.162277700E-09 2.298506691E-04
1.00000E-02 3.981071700E-05 2.311951068E+10
1.00000E-02 3.981071700E-06 4.936675587E+08
1.00000E-02 3.981071700E-07 6.373846568E+04
1.00000E-02 3.981071700E-08 5.471465088E+00
1.00000E-02 3.981071700E-09 6.353027673E-04
1.00000E-02 5.011872300E-05 1.833823345E+10
1.00000E-02 5.011872300E-06 1.157592500E+09
1.00000E-02 5.011872300E-07 1.562576889E+05
1.00000E-02 5.011872300E-08 1.633796945E+01
1.00000E-02 5.011872300E-09 1.679433602E-03
1.00000E-02 6.309573400E-05 1.425411512E+10
1.00000E-02 6.309573400E-06 2.148721268E+09
1.00000E-02 6.309573400E-07 3.893876076E+05
1.00000E-02 6.309573400E-08 4.127236380E+01
1.00000E-02 6.309573400E-09 4.209129117E-03
1.00000E-02 7.943282300E-05 7.540279579E+09
1.00000E-02 7.943282300E-06 4.267056595E+09
1.00000E-02 7.943282300E-07 9.894283857E+05
1.00000E-02 7.943282300E-08 1.046578052E+02
1.00000E-02 7.943282300E-09 1.044921513E-02
5.00000E-02 1.000000000E-04 4.211911052E-12
5.00000E-02 1.258925400E-05 2.581530023E+08
5.00000E-02 1.258925400E-06 7.086171203E+07
5.00000E-02 1.258925400E-07 1.169348188E+04
5.00000E-02 1.258925400E-08 1.102776282E+00
5.00000E-02 1.258925400E-09 1.111913277E-04
5.00000E-02 1.584893200E-05 1.753378893E+08
5.00000E-02 1.584893200E-06 1.239588903E+08
5.00000E-02 1.584893200E-07 2.597801826E+04
5.00000E-02 1.584893200E-08 2.747841408E+00
5.00000E-02 1.584893200E-09 2.576766158E-04
5.00000E-02 1.995262300E-05 6.924360518E+07
5.00000E-02 1.995262300E-06 2.190406776E+08
5.00000E-02 1.995262300E-07 7.357501279E+04
5.00000E-02 1.995262300E-08 7.172559850E+00
5.00000E-02 1.995262300E-09 7.115933357E-04
5.00000E-02 1.000000000E-05 5.447649280E+08
5.00000E-02 1.000000000E-06 3.242838809E+07
5.00000E-02 1.000000000E-07 4.219202115E+03
5.00000E-02 1.000000000E-08 3.992501568E-01
5.00000E-02 1.000000000E-09 4.265966739E-05
5.00000E-02 2.511886400E-05 2.652006269E+07
5.00000E-02 2.511886400E-06 3.584737251E+08
5.00000E-02 2.511886400E-07 1.725481645E+05
5.00000E-02 2.511886400E-08 2.047512495E+01
5.00000E-02 2.511886400E-09 1.842381623E-03
5.00000E-02 3.162277700E-05 3.713198951E+06
5.00000E-02 3.162277700E-06 5.354502747E+08
5.00000E-02 3.162277700E-07 3.929215935E+05
5.00000E-02 3.162277700E-08 3.709769038E+01
5.00000E-02 3.162277700E-09 4.838834034E-03
5.00000E-02 3.981071700E-05 2.167364410E+05
5.00000E-02 3.981071700E-06 6.719798059E+08
5.00000E-02 3.981071700E-07 1.050091215E+06
5.00000E-02 3.981071700E-08 1.023447632E+02
5.00000E-02 3.981071700E-09 1.235833688E-02
5.00000E-02 5.011872300E-05 2.349499562E+03
5.00000E-02 5.011872300E-06 8.037939132E+08
5.00000E-02 5.011872300E-07 2.538263660E+06
5.00000E-02 5.011872300E-08 3.169585518E+02
5.00000E-02 5.011872300E-09 2.756327339E-02
5.00000E-02 6.309573400E-05 3.991545701E+00
5.00000E-02 6.309573400E-07 5.889740882E+06
5.00000E-02 6.309573400E-08 7.282000645E+02
5.00000E-02 6.309573400E-09 6.317714494E-02
5.00000E-02 7.943282300E-05 1.712377735E-04
5.00000E-02 7.943282300E-06 6.448785688E+08
5.00000E-02 7.943282300E-07 1.320565780E+07
5.00000E-02 7.943282300E-08 1.849957651E+03
5.00000E-02 7.943282300E-09 1.914427510E-01
1.00000E-01 1.258925400E-05 4.431134798E+06
1.00000E-01 1.258925400E-06 2.319391422E+07
1.00000E-01 1.258925400E-07 2.538576505E+03
1.00000E-01 1.258925400E-08 1.037872778E+00
1.00000E-01 1.258925400E-09 1.005706028E-04
1.00000E-01 1.584893200E-05 1.066958308E+06
1.00000E-01 1.584893200E-06 3.625047278E+07
1.00000E-01 1.584893200E-07 2.158366048E+04
1.00000E-01 1.584893200E-08 2.450103135E+00
1.00000E-01 1.584893200E-09 2.620318563E-04
1.00000E-01 1.995262300E-05 7.750328325E+04
1.00000E-01 1.995262300E-06 4.897824409E+07
1.00000E-01 1.995262300E-07 5.221157572E+04
1.00000E-01 1.995262300E-08 5.995221636E+00
1.00000E-01 1.995262300E-09 6.165781437E-04
1.00000E-01 1.000000000E-05 1.201363799E+07
1.00000E-01 1.000000000E-06 1.445396302E+07
1.00000E-01 1.000000000E-07 3.688967697E+03
1.00000E-01 1.000000000E-08 3.829837145E-01
1.00000E-01 1.000000000E-09 3.904992149E-05
1.00000E-01 2.511886400E-05 1.078618440E+03
1.00000E-01 2.511886400E-06 6.095942639E+07
1.00000E-01 2.511886400E-08 1.596898178E+01
1.00000E-01 2.511886400E-09 1.491221787E-03
1.00000E-01 3.162277700E-05 9.504600726E-01
1.00000E-01 3.162277700E-06 6.827404161E+07
1.00000E-01 3.162277700E-07 3.439717500E+05
1.00000E-01 3.162277700E-08 3.966087450E+01
1.00000E-01 3.162277700E-09 3.795138538E-03
1.00000E-01 3.981071700E-05 2.034676588E-05
1.00000E-01 3.981071700E-06 6.240196309E+07
1.00000E-01 3.981071700E-07 7.520464854E+05
1.00000E-01 3.981071700E-08 9.977295344E+01
1.00000E-01 3.981071700E-09 9.368391449E-03
1.00000E-01 5.011872300E-05 2.448491600E-13
1.00000E-01 5.011872300E-06 5.588486237E+07
1.00000E-01 5.011872300E-07 1.878040242E+06
1.00000E-01 5.011872300E-08 2.166055427E+02
1.00000E-01 5.011872300E-09 2.270485148E-02
1.00000E-01 6.309573400E-06 4.410340179E+07
1.00000E-01 6.309573400E-07 3.763036394E+06
1.00000E-01 6.309573400E-08 5.705794017E+02
1.00000E-01 6.309573400E-09 6.326217448E-02
1.00000E-01 7.943282300E-06 2.591421934E+07
1.00000E-01 7.943282300E-07 7.900134910E+06
1.00000E-01 7.943282300E-08 1.692246826E+03
1.00000E-01 7.943282300E-09 5.137632243E-02
1.50000E-01 1.258925400E-05 6.681933464E+04
1.50000E-01 1.258925400E-06 8.485131843E+06
1.50000E-01 1.258925400E-07 4.939664951E+03
1.50000E-01 1.258925400E-08 5.686412941E-01
1.50000E-01 1.258925400E-09 6.428242313E-05
1.50000E-01 1.584893200E-05 1.134017995E+03
1.50000E-01 1.584893200E-06 1.090353520E+07
1.50000E-01 1.584893200E-07 1.471812502E+04
1.50000E-01 1.584893200E-08 1.451595508E+00
1.50000E-01 1.584893200E-09 1.478897775E-04
1.50000E-01 1.995262300E-05 2.493046234E+00
1.50000E-01 1.995262300E-06 1.351452280E+07
1.50000E-01 1.995262300E-07 3.865204272E+04
1.50000E-01 1.995262300E-08 3.439551763E+00
1.50000E-01 1.995262300E-09 3.302135660E-04
1.50000E-01 1.000000000E-05 7.024365563E+05
1.50000E-01 1.000000000E-06 5.741167927E+06
1.50000E-01 1.000000000E-07 2.692463737E+03
1.50000E-01 1.000000000E-08 2.384408264E-01
1.50000E-01 1.000000000E-09 2.373827473E-05
1.50000E-01 2.511886400E-05 2.547242638E-04
1.50000E-01 2.511886400E-06 1.510899584E+07
1.50000E-01 2.511886400E-07 8.636934910E+04
1.50000E-01 2.511886400E-08 9.117253118E+00
1.50000E-01 2.511886400E-09 9.676562432E-04
1.50000E-01 3.162277700E-05 4.836559300E-12
1.50000E-01 3.162277700E-06 1.509739059E+07
1.50000E-01 3.162277700E-07 1.883874439E+05
1.50000E-01 3.162277700E-08 2.772325544E+01
1.50000E-01 3.162277700E-09 2.546132237E-03
1.50000E-01 3.981071700E-05 1.387261300E-21
1.50000E-01 3.981071700E-06 1.330334160E+07
1.50000E-01 3.981071700E-07 4.274528292E+05
1.50000E-01 3.981071700E-09 6.819230967E-03
1.50000E-01 5.011872300E-06 9.708793909E+06
1.50000E-01 5.011872300E-07 9.010102318E+05
1.50000E-01 5.011872300E-08 1.599252506E+02
1.50000E-01 5.011872300E-09 1.388805679E-02
1.50000E-01 6.309573400E-06 6.432988293E+06
1.50000E-01 6.309573400E-07 1.832741789E+06
1.50000E-01 6.309573400E-08 3.676896989E+02
1.50000E-01 6.309573400E-09 3.799020408E-02
1.50000E-01 7.943282300E-06 2.515248138E+06
1.50000E-01 7.943282300E-07 3.352087291E+06
1.50000E-01 7.943282300E-08 9.595026282E+02
1.50000E-01 7.943282300E-09 9.901678567E-02
2.00000E-01 1.258925400E-05 2.416983015E+02
2.00000E-01 1.258925400E-06 5.614284051E+06
2.00000E-01 1.258925400E-07 8.098865012E+03
2.00000E-01 1.258925400E-08 9.755038310E-01
2.00000E-01 1.258925400E-09 1.001541451E-04
2.00000E-01 1.584893200E-05 2.234547664E-01
2.00000E-01 1.584893200E-06 7.216680253E+06
2.00000E-01 1.584893200E-07 1.888815761E+04
2.00000E-01 1.584893200E-08 2.686166182E+00
2.00000E-01 1.995262300E-05 5.195494560E-06
2.00000E-01 1.995262300E-06 8.143285984E+06
2.00000E-01 1.995262300E-07 4.915067580E+04
2.00000E-01 1.995262300E-08 6.770509851E+00
2.00000E-01 1.995262300E-09 5.389719320E-04
2.00000E-01 1.000000000E-05 1.382428383E+04
2.00000E-01 1.000000000E-06 1.077124581E+06
2.00000E-01 1.000000000E-07 3.089383304E+02
2.00000E-01 1.000000000E-09 3.506245177E-05
2.00000E-01 2.511886400E-05 3.204377800E-14
2.00000E-01 2.511886400E-06 7.783486715E+06
2.00000E-01 2.511886400E-07 1.066882192E+05
2.00000E-01 2.511886400E-08 1.491458815E+01
2.00000E-01 2.511886400E-09 1.624996351E-03
2.00000E-01 3.162277700E-05 6.039233700E-26
2.00000E-01 3.162277700E-06 6.979758864E+06
2.00000E-01 3.162277700E-07 2.462795329E+05
2.00000E-01 3.162277700E-08 3.772621737E+01
2.00000E-01 3.162277700E-09 3.517297114E-03
2.00000E-01 3.981071700E-06 4.666369930E+06
2.00000E-01 3.981071700E-07 5.476972300E+05
2.00000E-01 3.981071700E-08 1.041394600E+02
2.00000E-01 3.981071700E-09 9.237091865E-03
2.00000E-01 5.011872300E-06 2.768885496E+06
2.00000E-01 5.011872300E-07 9.598677329E+05
2.00000E-01 5.011872300E-08 2.157856693E+02
2.00000E-01 5.011872300E-09 2.227643112E-02
2.00000E-01 6.309573400E-06 1.041354096E+06
2.00000E-01 6.309573400E-07 1.689631326E+06
2.00000E-01 6.309573400E-08 6.759033957E+02
2.00000E-01 6.309573400E-09 5.977443450E-02
2.00000E-01 7.943282300E-06 1.957831353E+05
2.00000E-01 7.943282300E-07 2.967112263E+06
2.00000E-01 7.943282300E-08 1.456529286E+03
2.00000E-01 7.943282300E-09 1.408103977E-01
2.50000E-01 1.122018454E-05 1.489276212E-04
2.50000E-01 1.122018454E-05 1.489276212E-04
2.50000E-01 1.258925400E-05 2.317881201E-07
2.50000E-01 1.258925400E-07 2.035581754E+04
2.50000E-01 1.258925400E-08 2.416415514E+00
2.50000E-01 1.258925400E-09 2.578502091E-04
2.50000E-01 1.584893200E-05 4.361543900E-16
2.50000E-01 1.584893200E-06 2.687038579E+06
2.50000E-01 1.584893200E-07 4.664231843E+04
2.50000E-01 1.584893200E-08 6.624410975E+00
2.50000E-01 1.584893200E-09 5.842966154E-04
2.50000E-01 1.778279410E-05 3.527903400E-21
2.50000E-01 1.778279410E-05 3.527903400E-21
2.50000E-01 1.995262300E-05 7.563358356E-29
2.50000E-01 1.995262300E-06 2.305488838E+06
2.50000E-01 1.995262300E-07 9.885239679E+04
2.50000E-01 1.995262300E-08 1.427630930E+01
2.50000E-01 1.995262300E-09 1.591527786E-03
2.50000E-01 1.000000000E-05 3.112441684E-02
2.50000E-01 1.000000000E-06 2.530319527E+06
2.50000E-01 1.000000000E-07 8.520540754E+03
2.50000E-01 1.000000000E-08 9.509131988E-01
2.50000E-01 1.000000000E-09 1.021340136E-04
2.50000E-01 2.511886400E-06 1.814348002E+06
2.50000E-01 2.511886400E-07 2.224678170E+05
2.50000E-01 2.511886400E-08 3.946354159E+01
2.50000E-01 2.511886400E-09 3.975839267E-03
2.50000E-01 3.162277700E-06 1.034776073E+06
2.50000E-01 3.162277700E-07 4.142228913E+05
2.50000E-01 3.162277700E-08 1.089789045E+02
2.50000E-01 3.162277700E-09 1.016853071E-02
2.50000E-01 3.981071700E-06 3.494705240E+05
2.50000E-01 3.981071700E-07 7.265271910E+05
2.50000E-01 3.981071700E-08 2.546589748E+02
2.50000E-01 3.981071700E-09 2.455756802E-02
2.50000E-01 5.011872300E-06 6.082472785E+04
2.50000E-01 5.011872300E-07 1.066630700E+06
2.50000E-01 5.011872300E-08 5.964096125E+02
2.50000E-01 5.011872300E-09 6.551032467E-02
2.50000E-01 6.309573400E-06 3.344744548E+03
2.50000E-01 6.309573400E-07 1.680527075E+06
2.50000E-01 6.309573400E-08 1.443677923E+03
2.50000E-01 6.309573400E-09 1.730613785E-01
2.50000E-01 7.943282300E-06 5.611118261E+01
2.50000E-01 7.943282300E-07 2.203121749E+06
2.50000E-01 7.943282300E-08 3.306554891E+03
2.50000E-01 7.943282300E-09 4.254468681E-01
3.00000E-01 1.258925400E-05 3.262778820E-15
3.00000E-01 1.258925400E-06 1.616295404E+06
3.00000E-01 1.258925400E-07 2.095680611E+04
3.00000E-01 1.258925400E-08 3.287146582E+00
3.00000E-01 1.258925400E-09 2.794646782E-04
3.00000E-01 1.584893200E-06 1.402846011E+06
3.00000E-01 1.584893200E-07 5.326040292E+04
3.00000E-01 1.584893200E-08 6.542545353E+00
3.00000E-01 1.584893200E-09 6.803080696E-04
3.00000E-01 1.995262300E-06 1.100134382E+06
3.00000E-01 1.995262300E-07 9.635404124E+04
3.00000E-01 1.995262300E-08 1.855196007E+01
3.00000E-01 1.995262300E-09 1.755412728E-03
3.00000E-01 1.000000000E-05 1.430965063E-07
3.00000E-01 1.000000000E-06 1.565287108E+06
3.00000E-01 1.000000000E-07 9.620451588E+03
3.00000E-01 1.000000000E-08 1.062872896E+00
3.00000E-01 1.000000000E-09 1.242060668E-04
3.00000E-01 2.511886400E-06 6.396063802E+05
3.00000E-01 2.511886400E-07 1.837349323E+05
3.00000E-01 2.511886400E-09 4.378705635E-03
3.00000E-01 3.162277700E-06 2.202114326E+05
3.00000E-01 3.162277700E-07 3.376130019E+05
3.00000E-01 3.162277700E-08 1.082149377E+02
3.00000E-01 3.162277700E-09 1.048790493E-02
3.00000E-01 3.981071700E-06 3.841721140E+04
3.00000E-01 3.981071700E-07 5.559723541E+05
3.00000E-01 3.981071700E-08 3.042468224E+02
3.00000E-01 3.981071700E-09 2.963230607E-02
3.00000E-01 5.011872300E-06 1.698165505E+03
3.00000E-01 5.011872300E-07 8.003256452E+05
3.00000E-01 5.011872300E-08 6.826208225E+02
3.00000E-01 6.309573400E-06 2.504828713E+01
3.00000E-01 6.309573400E-07 1.113364866E+06
3.00000E-01 6.309573400E-08 1.667730600E+03
3.00000E-01 6.309573400E-09 1.899474047E-01
3.00000E-01 7.943282300E-06 6.413510422E-03
3.00000E-01 7.943282300E-07 1.401397106E+06
3.00000E-01 7.943282300E-08 4.310192541E+03
3.00000E-01 7.943282300E-09 4.459420814E-01
3.50000E-01 1.258925400E-06 9.773317500E+05
3.50000E-01 1.258925400E-07 1.878730660E+04
3.50000E-01 1.258925400E-08 2.694074601E+00
3.50000E-01 1.258925400E-09 2.873907760E-04
3.50000E-01 1.584893200E-06 7.872965688E+05
3.50000E-01 1.584893200E-07 3.829536467E+04
3.50000E-01 1.584893200E-08 5.712275073E+00
3.50000E-01 1.584893200E-09 6.101670008E-04
3.50000E-01 1.995262300E-06 4.998111425E+05
3.50000E-01 1.995262300E-07 7.792686890E+04
3.50000E-01 1.995262300E-08 1.735658232E+01
3.50000E-01 1.995262300E-09 1.535471164E-03
3.50000E-01 1.000000000E-05 2.200586300E-13
3.50000E-01 1.000000000E-06 1.013249584E+06
3.50000E-01 1.000000000E-07 1.353270143E+03
3.50000E-01 1.000000000E-08 9.582207452E-01
3.50000E-01 1.000000000E-09 9.506561497E-05
3.50000E-01 2.511886400E-07 1.345368170E+05
3.50000E-01 2.511886400E-08 3.900198079E+01
3.50000E-01 2.511886400E-09 3.936335980E-03
3.50000E-01 3.162277700E-06 4.399979227E+04
3.50000E-01 3.162277700E-07 2.510682053E+05
3.50000E-01 3.162277700E-08 1.066691027E+02
3.50000E-01 3.162277700E-09 9.798271844E-03
3.50000E-01 3.981071700E-06 3.595707057E+03
3.50000E-01 3.981071700E-07 3.638671808E+05
3.50000E-01 3.981071700E-08 2.398323270E+02
3.50000E-01 3.981071700E-09 2.515956268E-02
3.50000E-01 5.011872300E-06 7.544315809E+01
3.50000E-01 5.011872300E-07 5.652938033E+05
3.50000E-01 5.011872300E-08 5.874368379E+02
3.50000E-01 5.011872300E-09 6.481704128E-02
3.50000E-01 6.309573400E-06 1.634370784E-01
3.50000E-01 6.309573400E-07 7.318982561E+05
3.50000E-01 6.309573400E-08 1.434335839E+03
3.50000E-01 6.309573400E-09 1.618286599E-01
3.50000E-01 7.943282300E-07 9.285539545E+05
3.50000E-01 7.943282300E-08 3.332882937E+03
3.50000E-01 7.943282300E-09 3.893052264E-01
4.00000E-01 1.258925400E-06 5.479759400E+05
4.00000E-01 1.258925400E-07 1.250852497E+04
4.00000E-01 1.258925400E-08 1.942253377E+00
4.00000E-01 1.258925400E-09 1.941308391E-04
4.00000E-01 1.584893200E-06 3.791526017E+05
4.00000E-01 1.584893200E-07 2.740050544E+04
4.00000E-01 1.584893200E-08 5.025989505E+00
4.00000E-01 1.584893200E-09 4.801747775E-04
4.00000E-01 1.995262300E-06 1.830156522E+05
4.00000E-01 1.995262300E-07 5.130104959E+04
4.00000E-01 1.995262300E-08 1.341084328E+01
4.00000E-01 1.995262300E-09 1.259908485E-03
4.00000E-01 1.000000000E-05 4.026619087E-21
4.00000E-01 1.000000000E-06 5.902645296E+05
4.00000E-01 1.000000000E-07 6.140626144E+03
4.00000E-01 1.000000000E-08 7.038362551E-01
4.00000E-01 1.000000000E-09 7.324283774E-05
4.00000E-01 2.511886400E-06 5.030227679E+04
4.00000E-01 2.511886400E-07 9.552144411E+04
4.00000E-01 2.511886400E-08 3.099627322E+01
4.00000E-01 2.511886400E-09 2.767161435E-03
4.00000E-01 3.162277700E-06 4.587051622E+03
4.00000E-01 3.162277700E-07 1.601043447E+05
4.00000E-01 3.162277700E-08 6.990166830E+01
4.00000E-01 3.162277700E-09 7.494134658E-03
4.00000E-01 3.981071700E-06 9.013514856E+01
4.00000E-01 3.981071700E-07 2.456161651E+05
4.00000E-01 3.981071700E-08 1.851583390E+02
4.00000E-01 3.981071700E-09 2.027450439E-02
4.00000E-01 5.011872300E-06 3.334998257E-01
4.00000E-01 5.011872300E-07 3.650340060E+05
4.00000E-01 5.011872300E-08 4.331139097E+02
4.00000E-01 5.011872300E-09 5.489780629E-02
4.00000E-01 6.309573400E-06 3.634575818E-05
4.00000E-01 6.309573400E-07 4.838793022E+05
4.00000E-01 6.309573400E-08 1.096808622E+03
4.00000E-01 6.309573400E-09 1.197028887E-01
4.00000E-01 7.943282300E-06 2.225760863E-11
4.00000E-01 7.943282300E-07 5.948014619E+05
4.00000E-01 7.943282300E-08 6.473644570E+02
4.00000E-01 7.943282300E-09 2.904286902E-01
4.50000E-01 1.258925400E-06 3.163914502E+05
4.50000E-01 1.258925400E-07 7.489092140E+03
4.50000E-01 1.258925400E-08 1.115983049E+00
4.50000E-01 1.258925400E-09 1.115540350E-04
4.50000E-01 1.584893200E-06 1.757493057E+05
4.50000E-01 1.584893200E-07 1.582648761E+04
4.50000E-01 1.584893200E-08 2.732499969E+00
4.50000E-01 1.584893200E-09 2.830589843E-04
4.50000E-01 1.995262300E-06 5.753160665E+04
4.50000E-01 1.995262300E-07 3.032711836E+04
4.50000E-01 1.995262300E-08 7.264680470E+00
4.50000E-01 1.995262300E-09 7.613394280E-04
4.50000E-01 1.000000000E-06 3.938708574E+05
4.50000E-01 1.000000000E-07 3.461565738E+03
4.50000E-01 1.000000000E-08 4.777112484E-01
4.50000E-01 1.000000000E-09 4.746947559E-05
4.50000E-01 2.511886400E-06 9.770150316E+03
4.50000E-01 2.511886400E-07 5.791298711E+04
4.50000E-01 2.511886400E-08 1.816429701E+01
4.50000E-01 2.511886400E-09 1.890544850E-03
4.50000E-01 3.162277700E-06 4.246539035E+02
4.50000E-01 3.162277700E-07 1.022399706E+05
4.50000E-01 3.162277700E-08 4.521786311E+01
4.50000E-01 3.162277700E-09 4.477060378E-03
4.50000E-01 3.981071700E-06 3.194953645E+00
4.50000E-01 3.981071700E-07 1.715469058E+05
4.50000E-01 3.981071700E-08 1.070399489E+02
4.50000E-01 3.981071700E-09 1.125651990E-02
4.50000E-01 5.011872300E-06 1.059437127E-03
4.50000E-01 5.011872300E-07 2.552883522E+05
4.50000E-01 5.011872300E-08 2.744738001E+02
4.50000E-01 5.011872300E-09 3.050007835E-02
4.50000E-01 6.309573400E-06 3.797513443E-09
4.50000E-01 6.309573400E-07 3.512771392E+05
4.50000E-01 6.309573400E-08 6.370034930E+02
4.50000E-01 6.309573400E-09 7.143535800E-02
4.50000E-01 7.943282300E-06 1.285370106E-17
4.50000E-01 7.943282300E-07 4.183489822E+05
4.50000E-01 7.943282300E-08 1.466996913E+03
4.50000E-01 7.943282300E-09 1.812081515E-01
5.00000E-01 1.258925400E-06 1.643879064E+05
5.00000E-01 1.258925400E-07 4.671908890E+03
5.00000E-01 1.258925400E-08 6.167984740E-01
5.00000E-01 1.258925400E-09 6.344777560E-05
5.00000E-01 1.584893200E-06 6.972624922E+04
5.00000E-01 1.584893200E-07 1.017604719E+04
5.00000E-01 1.584893200E-08 1.592084365E+00
5.00000E-01 1.584893200E-09 1.562439294E-04
5.00000E-01 1.995262300E-06 1.472135589E+04
5.00000E-01 1.995262300E-07 2.192192823E+04
5.00000E-01 1.995262300E-08 3.948460460E+00
5.00000E-01 1.995262300E-09 3.882161090E-04
5.00000E-01 1.000000000E-06 2.484671066E+05
5.00000E-01 1.000000000E-07 2.062176087E+03
5.00000E-01 1.000000000E-08 2.517885760E-01
5.00000E-01 1.000000000E-09 2.430678400E-05
5.00000E-01 2.511886400E-06 1.250724144E+03
5.00000E-01 2.511886400E-07 4.177400853E+04
5.00000E-01 2.511886400E-08 9.710030930E+00
5.00000E-01 2.511886400E-09 1.008246319E-03
5.00000E-01 3.162277700E-06 1.678636313E+01
5.00000E-01 3.162277700E-07 7.876618760E+04
5.00000E-01 3.162277700E-08 2.398494801E+01
5.00000E-01 3.162277700E-09 2.528935381E-03
5.00000E-01 3.981071700E-06 2.876190920E-02
5.00000E-01 3.981071700E-07 1.374190625E+05
5.00000E-01 3.981071700E-08 6.225803770E+01
5.00000E-01 3.981071700E-09 6.415031030E-03
5.00000E-01 5.011872300E-06 9.127858040E-07
5.00000E-01 5.011872300E-08 1.481520502E+02
5.00000E-01 5.011872300E-09 1.602286554E-02
5.00000E-01 6.309573400E-06 8.213436739E-14
5.00000E-01 6.309573400E-07 2.597817822E+05
5.00000E-01 6.309573400E-08 3.632688600E+02
5.00000E-01 6.309573400E-09 3.893352550E-02
5.00000E-01 7.943282300E-06 6.798836000E-26
5.00000E-01 7.943282300E-07 2.881682966E+05
5.00000E-01 7.943282300E-08 8.498526360E+02
5.00000E-01 7.943282300E-09 9.984930840E-02
5.50000E-01 1.258925400E-06 7.916035685E+04
5.50000E-01 1.258925400E-07 4.283710290E+03
5.50000E-01 1.584893200E-06 1.916718498E+04
5.50000E-01 1.584893200E-07 9.500688370E+03
5.50000E-01 1.584893200E-08 1.422462254E+00
5.50000E-01 1.995262300E-06 2.331730155E+03
5.50000E-01 1.995262300E-07 2.082412216E+04
5.50000E-01 1.995262300E-08 3.465018910E+00
5.50000E-01 1.000000000E-06 1.568141992E+05
5.50000E-01 1.000000000E-07 1.842187376E+03
5.50000E-01 1.000000000E-08 2.176770158E-01
5.50000E-01 2.511886400E-06 6.523708105E+01
5.50000E-01 2.511886400E-07 4.096566040E+04
5.50000E-01 2.511886400E-08 8.680210380E+00
5.50000E-01 3.162277700E-06 1.920987942E-01
5.50000E-01 3.162277700E-07 7.518163559E+04
5.50000E-01 3.162277700E-08 2.103854730E+01
5.50000E-01 3.162277700E-09 2.242035618E-03
5.50000E-01 3.981071700E-06 4.002948400E-05
5.50000E-01 3.981071700E-07 1.189006315E+05
5.50000E-01 3.981071700E-08 5.271202820E+01
5.50000E-01 3.981071700E-09 5.568807860E-03
5.50000E-01 5.011872300E-06 1.178298100E-11
5.50000E-01 5.011872300E-07 1.719787030E+05
5.50000E-01 5.011872300E-08 1.352318916E+02
5.50000E-01 5.011872300E-09 1.368581943E-02
5.50000E-01 6.309573400E-06 4.366118100E-21
5.50000E-01 6.309573400E-07 2.009011257E+05
5.50000E-01 6.309573400E-08 2.686172180E+02
5.50000E-01 6.309573400E-09 3.432806450E-02
5.50000E-01 7.943282300E-07 2.028799618E+05
5.50000E-01 7.943282300E-08 7.752074600E+02
5.50000E-01 7.943282300E-09 8.642591730E-02
6.00000E-01 1.258925400E-06 2.249618827E+04
6.00000E-01 1.258925400E-07 4.731122950E+03
6.00000E-01 1.258925400E-08 6.180108480E-01
6.00000E-01 1.584893200E-06 3.411061762E+03
6.00000E-01 1.584893200E-07 1.061800097E+04
6.00000E-01 1.584893200E-08 1.498198520E+00
6.00000E-01 1.995262300E-06 1.201258715E+02
6.00000E-01 1.995262300E-07 2.174636605E+04
6.00000E-01 1.995262300E-08 3.911758940E+00
6.00000E-01 1.000000000E-06 5.926658888E+04
6.00000E-01 1.000000000E-07 2.014225160E+03
6.00000E-01 1.000000000E-08 2.443521395E-01
6.00000E-01 2.511886400E-06 4.449816516E-01
6.00000E-01 2.511886400E-07 4.215915757E+04
6.00000E-01 2.511886400E-08 9.439699200E+00
6.00000E-01 3.162277700E-06 3.868452601E-04
6.00000E-01 3.162277700E-07 6.930481265E+04
6.00000E-01 3.162277700E-08 2.404049107E+01
6.00000E-01 3.162277700E-09 2.468620772E-03
6.00000E-01 3.981071700E-06 4.369796600E-10
6.00000E-01 3.981071700E-07 1.046038922E+05
6.00000E-01 3.981071700E-08 6.246336920E+01
6.00000E-01 3.981071700E-09 6.037931180E-03
6.00000E-01 5.011872300E-06 3.719220200E-18
6.00000E-01 5.011872300E-07 1.308657108E+05
6.00000E-01 5.011872300E-08 1.467331231E+02
6.00000E-01 5.011872300E-09 1.574334303E-02
6.00000E-01 6.309573400E-06 4.339082700E-32
6.00000E-01 6.309573400E-08 3.599256026E+02
6.00000E-01 6.309573400E-09 3.931570140E-02
6.00000E-01 7.943282300E-07 1.081242759E+05
6.00000E-01 7.943282300E-08 8.374087710E+02
6.00000E-01 7.943282300E-09 9.660380950E-02
6.50000E-01 1.122018454E-06 4.990268046E+03
6.50000E-01 1.122018454E-06 4.990268046E+03
6.50000E-01 1.258925400E-06 1.902033847E+03
6.50000E-01 1.258925400E-07 5.643980849E+03
6.50000E-01 1.258925400E-08 8.285539700E-01
6.50000E-01 1.412537545E-06 4.659370437E+02
6.50000E-01 1.412537545E-06 4.659370437E+02
6.50000E-01 1.584893200E-07 1.198933700E+04
6.50000E-01 1.584893200E-08 2.110178066E+00
6.50000E-01 1.778279410E-06 9.267439240E+00
6.50000E-01 1.778279410E-06 9.267439240E+00
6.50000E-01 1.995262300E-06 8.575799641E-01
6.50000E-01 1.995262300E-07 2.315797231E+04
6.50000E-01 1.995262300E-08 5.106454340E+00
6.50000E-01 1.000000000E-06 1.333543388E+04
6.50000E-01 1.000000000E-08 3.325482372E-01
6.50000E-01 2.238721139E-06 2.071868839E-02
6.50000E-01 2.238721139E-06 2.071868839E-02
6.50000E-01 2.511886400E-06 1.278533236E-04
6.50000E-01 2.511886400E-07 4.125194526E+04
6.50000E-01 2.511886400E-08 1.203820430E+01
6.50000E-01 2.818382931E-06 1.401405886E-06
6.50000E-01 2.818382931E-06 1.401405886E-06
6.50000E-01 3.162277700E-06 1.742237600E-09
6.50000E-01 3.162277700E-07 5.785175049E+04
6.50000E-01 3.162277700E-08 3.287033380E+01
6.50000E-01 3.162277700E-09 3.367921455E-03
6.50000E-01 3.548133892E-06 2.010393100E-13
6.50000E-01 3.548133892E-06 2.010393100E-13
6.50000E-01 3.981071700E-06 3.005525300E-18
6.50000E-01 3.981071700E-07 7.464494172E+04
6.50000E-01 3.981071700E-08 8.223964310E+01
6.50000E-01 3.981071700E-09 8.117031990E-03
6.50000E-01 5.011872300E-07 8.279237159E+04
6.50000E-01 5.011872300E-08 1.945944736E+02
6.50000E-01 5.011872300E-09 2.055871532E-02
6.50000E-01 6.309573400E-07 6.596137039E+04
6.50000E-01 6.309573400E-08 4.606024860E+02
6.50000E-01 6.309573400E-09 5.165912940E-02
6.50000E-01 7.943282300E-07 4.087956390E+04
6.50000E-01 7.943282300E-08 1.136331507E+03
6.50000E-01 7.943282300E-09 1.298546139E-01
7.00000E-01 1.258925400E-06 1.361760048E+01
7.00000E-01 1.258925400E-07 7.155527280E+03
7.00000E-01 1.258925400E-08 1.251797451E+00
7.00000E-01 1.584893200E-06 7.124570454E-02
7.00000E-01 1.584893200E-07 1.333508150E+04
7.00000E-01 1.584893200E-08 3.040528463E+00
7.00000E-01 1.995262300E-06 9.167681900E-06
7.00000E-01 1.995262300E-07 2.300077441E+04
7.00000E-01 1.995262300E-08 7.696851620E+00
7.00000E-01 1.000000000E-06 4.756054953E+02
7.00000E-01 1.000000000E-07 3.455115800E+03
7.00000E-01 1.000000000E-08 4.915367267E-01
7.00000E-01 2.511886400E-07 3.303373030E+04
7.00000E-01 2.511886400E-08 1.941484689E+01
7.00000E-01 3.162277700E-06 3.362240800E-22
7.00000E-01 3.162277700E-07 3.917710004E+04
7.00000E-01 3.162277700E-08 4.777676443E+01
7.00000E-01 3.162277700E-09 4.863188994E-03
7.00000E-01 3.981071700E-07 3.918092635E+04
7.00000E-01 3.981071700E-08 1.174076855E+02
7.00000E-01 3.981071700E-09 1.251210981E-02
7.00000E-01 5.011872300E-07 2.998071931E+04
7.00000E-01 5.011872300E-08 2.711117717E+02
7.00000E-01 5.011872300E-09 3.133742818E-02
7.00000E-01 6.309573400E-07 1.726694034E+04
7.00000E-01 6.309573400E-08 6.676144417E+02
7.00000E-01 6.309573400E-09 8.188198260E-02
7.00000E-01 7.943282300E-07 4.079053799E+03
7.00000E-01 7.943282300E-08 1.543653277E+03
7.00000E-01 7.943282300E-09 1.983170635E-01
7.00000E-01 2.511886400E-07 3.303373030E+04
7.50000E-01 1.122018454E-06 1.008094794E-01
7.50000E-01 1.122018454E-06 1.008094794E-01
7.50000E-01 1.258925400E-06 4.352831403E-03
7.50000E-01 1.258925400E-07 7.790320299E+03
7.50000E-01 1.258925400E-08 2.077575092E+00
7.50000E-01 1.412537545E-06 7.224414901E-05
7.50000E-01 1.412537545E-06 7.224414901E-05
7.50000E-01 1.584893200E-06 1.094620514E-07
7.50000E-01 1.584893200E-07 1.310268389E+04
7.50000E-01 1.584893200E-08 4.760647308E+00
7.50000E-01 1.778279410E-06 4.812808600E-11
7.50000E-01 1.778279410E-06 4.812808600E-11
7.50000E-01 1.995262300E-06 1.441529100E-14
7.50000E-01 1.995262300E-07 1.867124084E+04
7.50000E-01 1.995262300E-08 1.272321139E+01
7.50000E-01 1.000000000E-06 1.600364999E+00
7.50000E-01 1.000000000E-07 4.426757776E+03
7.50000E-01 1.000000000E-08 7.993089976E-01
7.50000E-01 2.238721139E-06 4.149134400E-19
7.50000E-01 2.238721139E-06 4.149134400E-19
7.50000E-01 2.511886400E-06 1.556418500E-25
7.50000E-01 2.511886400E-07 2.136064968E+04
7.50000E-01 2.511886400E-08 3.176072303E+01
7.50000E-01 3.162277700E-07 2.098567281E+04
7.50000E-01 3.162277700E-08 7.123607155E+01
7.50000E-01 3.162277700E-09 8.082489725E-03
7.50000E-01 3.981071700E-07 1.578362796E+04
7.50000E-01 3.981071700E-08 1.791015776E+02
7.50000E-01 3.981071700E-09 1.953555412E-02
7.50000E-01 5.011872300E-07 6.331469501E+03
7.50000E-01 5.011872300E-08 4.266996469E+02
7.50000E-01 5.011872300E-09 4.953769019E-02
7.50000E-01 6.309573400E-07 1.393067675E+03
7.50000E-01 6.309573400E-08 9.997581039E+02
7.50000E-01 6.309573400E-09 1.279181820E-01
7.50000E-01 7.943282300E-08 2.194518896E+03
7.50000E-01 7.943282300E-09 3.198715869E-01
8.00000E-01 1.122018454E-06 2.949233455E-01
8.00000E-01 1.258925400E-06 3.779750437E-03
8.00000E-01 1.258925400E-07 7.897366134E+03
8.00000E-01 1.258925400E-08 1.906014131E+00
8.00000E-01 1.412537545E-06 1.610177851E-04
8.00000E-01 1.584893200E-06 5.913201732E-07
8.00000E-01 1.584893200E-07 1.284390823E+04
8.00000E-01 1.584893200E-08 4.752403005E+00
8.00000E-01 1.778279410E-06 4.772117800E-10
8.00000E-01 1.995262300E-06 2.518853200E-13
8.00000E-01 1.995262300E-07 1.805250869E+04
8.00000E-01 1.995262300E-08 1.232465408E+01
8.00000E-01 1.000000000E-06 2.789349266E+00
8.00000E-01 1.000000000E-07 4.116081129E+03
8.00000E-01 1.000000000E-08 7.574165330E-01
8.00000E-01 2.238721139E-06 2.425353300E-18
8.00000E-01 2.511886400E-06 3.618228000E-24
8.00000E-01 2.511886400E-07 2.184117609E+04
8.00000E-01 2.511886400E-08 2.818240776E+01
8.00000E-01 2.818382931E-06 1.049594903E-31
8.00000E-01 3.162277700E-07 2.162644604E+04
8.00000E-01 3.162277700E-08 7.402456657E+01
8.00000E-01 3.162277700E-09 7.654643562E-03
8.00000E-01 3.981071700E-07 1.533387687E+04
8.00000E-01 3.981071700E-08 1.690169483E+02
8.00000E-01 3.981071700E-09 1.927793535E-02
8.00000E-01 5.011872300E-07 6.925156639E+03
8.00000E-01 5.011872300E-08 4.068056453E+02
8.00000E-01 5.011872300E-09 4.580694466E-02
8.00000E-01 6.309573400E-07 1.823262028E+03
8.00000E-01 6.309573400E-08 9.388958208E+02
8.00000E-01 6.309573400E-09 1.215868817E-01
8.00000E-01 7.943282300E-07 1.713131351E+02
8.00000E-01 7.943282300E-08 2.025989040E+03
8.00000E-01 7.943282300E-09 3.142468709E-01
8.00000E-01 1.122018454E-06 2.949233455E-01
8.00000E-01 1.412537545E-06 1.610177851E-04
8.00000E-01 1.778279410E-06 4.772117800E-10
8.00000E-01 2.238721139E-06 2.425353300E-18
8.00000E-01 2.818382931E-06 1.049594903E-31
8.10000E-01 1.122018454E-06 1.120817489E+00
8.10000E-01 1.122018454E-06 1.120817489E+00
8.10000E-01 1.258925400E-06 2.656006880E-02
8.10000E-01 1.258925400E-07 7.744232307E+03
8.10000E-01 1.258925400E-08 1.719429212E+00
8.10000E-01 1.412537545E-06 1.662783708E-03
8.10000E-01 1.412537545E-06 1.662783708E-03
8.10000E-01 1.584893200E-06 5.881084593E-06
8.10000E-01 1.584893200E-07 1.337509756E+04
8.10000E-01 1.584893200E-08 4.166136317E+00
8.10000E-01 1.778279410E-06 4.184751310E-08
8.10000E-01 1.778279410E-06 4.184751310E-08
8.10000E-01 1.995262300E-06 2.036070825E-12
8.10000E-01 1.995262300E-07 1.898701075E+04
8.10000E-01 1.995262300E-08 1.100010290E+01
8.10000E-01 1.000000000E-06 1.144006141E+01
8.10000E-01 1.000000000E-07 4.003837777E+03
8.10000E-01 1.000000000E-08 6.823252556E-01
8.10000E-01 2.238721139E-06 1.086204300E-15
8.10000E-01 2.238721139E-06 1.086204300E-15
8.10000E-01 2.511886400E-06 1.077058600E-20
8.10000E-01 2.511886400E-07 2.421814830E+04
8.10000E-01 2.511886400E-08 2.546903638E+01
8.10000E-01 3.162277700E-07 2.609302260E+04
8.10000E-01 3.162277700E-08 6.579385393E+01
8.10000E-01 3.162277700E-09 6.843655082E-03
8.10000E-01 3.981071700E-07 1.829014843E+04
8.10000E-01 3.981071700E-08 1.637672375E+02
8.10000E-01 3.981071700E-09 1.731121933E-02
8.10000E-01 5.011872300E-07 1.147043618E+04
8.10000E-01 5.011872300E-08 3.859748250E+02
8.10000E-01 5.011872300E-09 4.391291211E-02
8.10000E-01 6.309573400E-07 2.692577524E+03
8.10000E-01 6.309573400E-08 8.749084721E+02
8.10000E-01 6.309573400E-09 1.138969298E-01
8.10000E-01 7.943282300E-07 3.800392740E+02
8.10000E-01 7.943282300E-08 1.957776536E+03
8.10000E-01 7.943282300E-09 2.749384751E-01
8.20000E-01 1.122018454E-06 2.768759969E+00
8.20000E-01 1.122018454E-06 2.768759969E+00
8.20000E-01 1.258925400E-06 2.547967374E-01
8.20000E-01 1.258925400E-07 7.788955371E+03
8.20000E-01 1.258925400E-08 1.588678428E+00
8.20000E-01 1.412537545E-06 4.352422761E-03
8.20000E-01 1.412537545E-06 4.352422761E-03
8.20000E-01 1.584893200E-06 5.581765855E-05
8.20000E-01 1.584893200E-07 1.350087302E+04
8.20000E-01 1.584893200E-08 3.955474572E+00
8.20000E-01 1.778279410E-06 3.147354400E-07
8.20000E-01 1.778279410E-06 3.147354400E-07
8.20000E-01 1.995262300E-06 2.052452701E-10
8.20000E-01 1.995262300E-07 1.965689950E+04
8.20000E-01 1.995262300E-08 1.011583817E+01
8.20000E-01 1.000000000E-06 3.449911776E+01
8.20000E-01 1.000000000E-07 3.888270101E+03
8.20000E-01 1.000000000E-08 6.530490704E-01
8.20000E-01 2.238721139E-06 7.928079100E-15
8.20000E-01 2.238721139E-06 7.928079100E-15
8.20000E-01 2.511886400E-06 4.619297000E-19
8.20000E-01 2.511886400E-07 2.745774338E+04
8.20000E-01 2.511886400E-08 2.572227102E+01
8.20000E-01 2.818382931E-06 5.655568900E-26
8.20000E-01 2.818382931E-06 5.655568900E-26
8.20000E-01 3.162277700E-07 2.838124178E+04
8.20000E-01 3.162277700E-08 6.010130355E+01
8.20000E-01 3.162277700E-09 6.517994191E-03
8.20000E-01 3.981071700E-07 2.279990004E+04
8.20000E-01 3.981071700E-08 1.468612959E+02
8.20000E-01 3.981071700E-09 1.470991544E-02
8.20000E-01 5.011872300E-07 1.412972125E+04
8.20000E-01 5.011872300E-08 3.552991844E+02
8.20000E-01 5.011872300E-09 3.928767186E-02
8.20000E-01 6.309573400E-07 4.367212112E+03
8.20000E-01 6.309573400E-08 7.781927041E+02
8.20000E-01 6.309573400E-09 1.046620394E-01
8.20000E-01 7.943282300E-07 6.081916270E+02
8.20000E-01 7.943282300E-08 1.841630092E+03
8.20000E-01 7.943282300E-09 2.603224652E-01
8.30000E-01 1.122018454E-06 4.596072417E+00
8.30000E-01 1.122018454E-06 4.596072417E+00
8.30000E-01 1.258925400E-06 4.290060674E-01
8.30000E-01 1.258925400E-07 7.365072046E+03
8.30000E-01 1.258925400E-08 1.432053947E+00
8.30000E-01 1.412537545E-06 1.617134101E-02
8.30000E-01 1.412537545E-06 1.617134101E-02
8.30000E-01 1.584893200E-07 1.336666986E+04
8.30000E-01 1.584893200E-08 3.824351775E+00
8.30000E-01 1.778279410E-06 9.969885050E-07
8.30000E-01 1.778279410E-06 9.969885050E-07
8.30000E-01 1.995262300E-06 4.362046608E-10
8.30000E-01 1.995262300E-07 2.014606188E+04
8.30000E-01 1.995262300E-08 9.456575351E+00
8.30000E-01 1.000000000E-06 6.594930483E+01
8.30000E-01 1.000000000E-07 3.834509817E+03
8.30000E-01 1.000000000E-08 5.869781702E-01
8.30000E-01 2.238721139E-06 4.218485050E-13
8.30000E-01 2.238721139E-06 4.218485050E-13
8.30000E-01 2.511886400E-06 5.102705400E-18
8.30000E-01 2.511886400E-07 2.717149760E+04
8.30000E-01 2.511886400E-08 2.395711801E+01
8.30000E-01 2.818382931E-06 1.769040100E-24
8.30000E-01 2.818382931E-06 1.769040100E-24
8.30000E-01 3.162277700E-07 2.966602893E+04
8.30000E-01 3.162277700E-08 5.574941486E+01
8.30000E-01 3.981071700E-07 2.502128720E+04
8.30000E-01 3.981071700E-08 1.418200063E+02
8.30000E-01 3.981071700E-09 1.498376921E-02
8.30000E-01 5.011872300E-07 1.463554395E+04
8.30000E-01 5.011872300E-08 3.299454099E+02
8.30000E-01 5.011872300E-09 3.778116828E-02
8.30000E-01 6.309573400E-07 5.590398523E+03
8.30000E-01 6.309573400E-08 7.768218947E+02
8.30000E-01 6.309573400E-09 9.523981014E-02
8.30000E-01 7.943282300E-07 9.724251765E+02
8.30000E-01 7.943282300E-08 1.773732534E+03
8.30000E-01 7.943282300E-09 2.325094492E-01
8.40000E-01 1.258925400E-06 9.822118403E-01
8.40000E-01 1.258925400E-07 7.406826082E+03
8.40000E-01 1.258925400E-08 1.368543279E+00
8.40000E-01 1.584893200E-06 1.624487403E-03
8.40000E-01 1.584893200E-07 1.293585110E+04
8.40000E-01 1.584893200E-08 3.365600496E+00
8.40000E-01 1.995262300E-06 2.485945719E-08
8.40000E-01 1.995262300E-07 2.034117048E+04
8.40000E-01 1.995262300E-08 8.420609678E+00
8.40000E-01 1.000000000E-06 8.765792983E+01
8.40000E-01 1.000000000E-07 3.676660295E+03
8.40000E-01 1.000000000E-08 5.650754505E-01
8.40000E-01 2.511886400E-06 2.209990600E-16
8.40000E-01 2.511886400E-07 2.843881978E+04
8.40000E-01 2.511886400E-08 2.131934222E+01
8.40000E-01 3.162277700E-07 3.290488662E+04
8.40000E-01 3.162277700E-08 5.513796437E+01
8.40000E-01 3.162277700E-09 5.549547298E-03
8.40000E-01 3.981071700E-07 3.087173698E+04
8.40000E-01 3.981071700E-08 1.342122562E+02
8.40000E-01 3.981071700E-09 1.392678020E-02
8.40000E-01 5.011872300E-07 1.929560867E+04
8.40000E-01 5.011872300E-08 3.108727251E+02
8.40000E-01 5.011872300E-09 3.332419488E-02
8.40000E-01 6.309573400E-07 7.811322545E+03
8.40000E-01 6.309573400E-08 7.539496331E+02
8.40000E-01 6.309573400E-09 8.769359358E-02
8.40000E-01 7.943282300E-07 1.248459118E+03
8.40000E-01 7.943282300E-08 1.697437602E+03
8.40000E-01 7.943282300E-09 2.199492781E-01
8.50000E-01 1.258925400E-06 5.077437569E+00
8.50000E-01 1.258925400E-07 6.607585386E+03
8.50000E-01 1.258925400E-08 1.129013544E+00
8.50000E-01 1.584893200E-06 6.324296395E-03
8.50000E-01 1.584893200E-07 1.166441801E+04
8.50000E-01 1.584893200E-08 3.000373389E+00
8.50000E-01 1.995262300E-06 4.872626400E-07
8.50000E-01 1.995262300E-08 7.298070080E+00
8.50000E-01 1.000000000E-06 1.757998670E+02
8.50000E-01 1.000000000E-07 3.287263546E+03
8.50000E-01 1.000000000E-08 4.662711018E-01
8.50000E-01 2.511886400E-06 1.744742700E-14
8.50000E-01 2.511886400E-07 2.721954297E+04
8.50000E-01 2.511886400E-08 1.823110254E+01
8.50000E-01 3.162277700E-06 1.000154900E-24
8.50000E-01 3.162277700E-07 3.431095773E+04
8.50000E-01 3.162277700E-08 4.582659211E+01
8.50000E-01 3.162277700E-09 4.989490024E-03
8.50000E-01 3.981071700E-07 3.228452323E+04
8.50000E-01 3.981071700E-08 1.113862946E+02
8.50000E-01 3.981071700E-09 1.197400492E-02
8.50000E-01 5.011872300E-07 2.254903589E+04
8.50000E-01 5.011872300E-08 2.694468898E+02
8.50000E-01 5.011872300E-09 2.983581213E-02
8.50000E-01 6.309573400E-07 9.967826433E+03
8.50000E-01 6.309573400E-08 6.567959508E+02
8.50000E-01 6.309573400E-09 7.491955513E-02
8.50000E-01 7.943282300E-07 2.302616228E+03
8.50000E-01 7.943282300E-08 1.465936676E+03
8.50000E-01 7.943282300E-09 1.904110397E-01
8.60000E-01 1.122018454E-06 1.997573608E+01
8.60000E-01 1.122018454E-06 1.997573608E+01
8.60000E-01 1.258925400E-06 2.499443334E+00
8.60000E-01 1.258925400E-07 5.935207872E+03
8.60000E-01 1.258925400E-08 1.098088638E+00
8.60000E-01 1.412537545E-06 1.472743289E-01
8.60000E-01 1.412537545E-06 1.472743289E-01
8.60000E-01 1.584893200E-06 3.753674191E-03
8.60000E-01 1.584893200E-07 1.092456696E+04
8.60000E-01 1.584893200E-08 2.906597587E+00
8.60000E-01 1.778279410E-06 3.197282102E-05
8.60000E-01 1.778279410E-06 3.197282102E-05
8.60000E-01 1.995262300E-06 1.616752010E-07
8.60000E-01 1.995262300E-07 1.846583295E+04
8.60000E-01 1.995262300E-08 6.923459370E+00
8.60000E-01 1.000000000E-06 1.483146891E+02
8.60000E-01 1.000000000E-07 2.935707086E+03
8.60000E-01 1.000000000E-08 4.561949862E-01
8.60000E-01 2.238721139E-06 9.149107000E-11
8.60000E-01 2.238721139E-06 9.149107000E-11
8.60000E-01 2.511886400E-06 5.525160602E-15
8.60000E-01 2.511886400E-07 2.583759938E+04
8.60000E-01 2.511886400E-08 1.725487948E+01
8.60000E-01 2.818382931E-06 9.395655500E-20
8.60000E-01 2.818382931E-06 9.395655500E-20
8.60000E-01 3.162277700E-07 2.912840287E+04
8.60000E-01 3.162277700E-08 4.202204300E+01
8.60000E-01 3.162277700E-09 4.484505506E-03
8.60000E-01 3.981071700E-07 2.831480552E+04
8.60000E-01 3.981071700E-08 1.009317131E+02
8.60000E-01 3.981071700E-09 1.154488825E-02
8.60000E-01 5.011872300E-07 1.959542442E+04
8.60000E-01 5.011872300E-08 2.550519126E+02
8.60000E-01 5.011872300E-09 2.735356044E-02
8.60000E-01 6.309573400E-07 8.077378213E+03
8.60000E-01 6.309573400E-08 5.951190247E+02
8.60000E-01 6.309573400E-09 7.066098650E-02
8.60000E-01 7.943282300E-07 1.864367647E+03
8.60000E-01 7.943282300E-08 1.412462671E+03
8.60000E-01 7.943282300E-09 1.705947346E-01
8.70000E-01 1.122018454E-06 8.029051233E+01
8.70000E-01 1.122018454E-06 8.029051233E+01
8.70000E-01 1.258925400E-06 1.068822793E+01
8.70000E-01 1.258925400E-07 5.139965797E+03
8.70000E-01 1.258925400E-08 9.197702011E-01
8.70000E-01 1.412537545E-06 8.416064728E-01
8.70000E-01 1.412537545E-06 8.416064728E-01
8.70000E-01 1.584893200E-06 3.173521701E-02
8.70000E-01 1.584893200E-07 9.887878478E+03
8.70000E-01 1.584893200E-08 2.214415512E+00
8.70000E-01 1.778279410E-06 4.878668051E-04
8.70000E-01 1.778279410E-06 4.878668051E-04
8.70000E-01 1.995262300E-06 3.287299102E-06
8.70000E-01 1.995262300E-07 1.721493295E+04
8.70000E-01 1.995262300E-08 5.744168646E+00
8.70000E-01 1.000000000E-06 3.090567519E+02
8.70000E-01 1.000000000E-07 2.686678000E+03
8.70000E-01 1.000000000E-08 3.654197944E-01
8.70000E-01 2.238721139E-06 2.409778700E-09
8.70000E-01 2.238721139E-06 2.409778700E-09
8.70000E-01 2.511886400E-06 1.766792200E-12
8.70000E-01 2.511886400E-07 2.486993184E+04
8.70000E-01 2.511886400E-08 1.432298096E+01
8.70000E-01 2.818382931E-06 2.452797600E-17
8.70000E-01 2.818382931E-06 2.452797600E-17
8.70000E-01 3.162277700E-06 2.750292400E-22
8.70000E-01 3.162277700E-07 3.061273876E+04
8.70000E-01 3.162277700E-08 3.703901995E+01
8.70000E-01 3.162277700E-09 3.624239863E-03
8.70000E-01 3.981071700E-07 3.200849115E+04
8.70000E-01 3.981071700E-08 8.788288101E+01
8.70000E-01 3.981071700E-09 9.381113557E-03
8.70000E-01 5.011872300E-07 2.281774100E+04
8.70000E-01 5.011872300E-08 2.046752620E+02
8.70000E-01 5.011872300E-09 2.340981834E-02
8.70000E-01 6.309573400E-07 1.043155237E+04
8.70000E-01 6.309573400E-08 5.099185677E+02
8.70000E-01 6.309573400E-09 5.595731204E-02
8.70000E-01 7.943282300E-07 3.231391260E+03
8.70000E-01 7.943282300E-08 1.100671508E+03
8.70000E-01 7.943282300E-09 1.492570890E-01
8.80000E-01 1.122018454E-06 9.784542075E+01
8.80000E-01 1.122018454E-06 9.784542075E+01
8.80000E-01 1.258925400E-06 7.850720942E+00
8.80000E-01 1.258925400E-07 4.732657829E+03
8.80000E-01 1.258925400E-08 8.090879005E-01
8.80000E-01 1.412537545E-06 1.005377441E+00
8.80000E-01 1.412537545E-06 1.005377441E+00
8.80000E-01 1.584893200E-06 4.165442769E-02
8.80000E-01 1.584893200E-07 9.068994328E+03
8.80000E-01 1.584893200E-08 2.057095746E+00
8.80000E-01 1.778279410E-06 6.128319257E-04
8.80000E-01 1.778279410E-06 6.128319257E-04
8.80000E-01 1.995262300E-06 1.091813400E-05
8.80000E-01 1.995262300E-07 1.555045653E+04
8.80000E-01 1.995262300E-08 5.092624532E+00
8.80000E-01 1.000000000E-06 3.036538479E+02
8.80000E-01 1.000000000E-07 2.237455451E+03
8.80000E-01 1.000000000E-08 3.353303919E-01
8.80000E-01 2.238721139E-06 5.391819816E-09
8.80000E-01 2.238721139E-06 5.391819816E-09
8.80000E-01 2.511886400E-06 1.479316300E-12
8.80000E-01 2.511886400E-07 2.289571347E+04
8.80000E-01 2.511886400E-08 1.240050962E+01
8.80000E-01 2.818382931E-06 1.914283600E-16
8.80000E-01 2.818382931E-06 1.914283600E-16
8.80000E-01 3.162277700E-06 2.335339000E-22
8.80000E-01 3.162277700E-07 2.820763256E+04
8.80000E-01 3.162277700E-08 3.165749853E+01
8.80000E-01 3.162277700E-09 3.244073152E-03
8.80000E-01 3.548133892E-06 3.563735827E-29
8.80000E-01 3.548133892E-06 3.563735827E-29
8.80000E-01 3.981071700E-07 2.909505228E+04
8.80000E-01 3.981071700E-08 7.962858427E+01
8.80000E-01 3.981071700E-09 8.274143716E-03
8.80000E-01 5.011872300E-07 2.256035729E+04
8.80000E-01 5.011872300E-08 1.863121484E+02
8.80000E-01 5.011872300E-09 2.033251454E-02
8.80000E-01 6.309573400E-07 1.144106252E+04
8.80000E-01 6.309573400E-08 4.453046266E+02
8.80000E-01 6.309573400E-09 5.116113528E-02
8.80000E-01 7.943282300E-07 3.155986301E+03
8.80000E-01 7.943282300E-08 1.032910222E+03
8.80000E-01 7.943282300E-09 1.315920285E-01
8.90000E-01 1.122018454E-06 1.538482387E+02
8.90000E-01 1.122018454E-06 1.538482387E+02
8.90000E-01 1.258925400E-06 2.451685343E+01
8.90000E-01 1.258925400E-07 4.283364789E+03
8.90000E-01 1.258925400E-08 7.252728325E-01
8.90000E-01 1.412537545E-06 2.516153086E+00
8.90000E-01 1.412537545E-06 2.516153086E+00
8.90000E-01 1.584893200E-06 1.239424763E-01
8.90000E-01 1.584893200E-07 8.189780953E+03
8.90000E-01 1.584893200E-08 1.824134669E+00
8.90000E-01 1.778279410E-06 1.924092710E-03
8.90000E-01 1.778279410E-06 1.924092710E-03
8.90000E-01 1.995262300E-06 2.955823554E-05
8.90000E-01 1.995262300E-07 1.423980221E+04
8.90000E-01 1.000000000E-06 4.494939144E+02
8.90000E-01 1.000000000E-07 2.002000648E+03
8.90000E-01 1.000000000E-08 2.885520379E-01
8.90000E-01 2.238721139E-06 2.835319201E-08
8.90000E-01 2.238721139E-06 2.835319201E-08
8.90000E-01 2.511886400E-06 4.324595100E-11
8.90000E-01 2.511886400E-07 2.200637948E+04
8.90000E-01 2.511886400E-08 1.103310049E+01
8.90000E-01 2.818382931E-06 2.045941500E-16
8.90000E-01 2.818382931E-06 2.045941500E-16
8.90000E-01 3.162277700E-06 1.891376603E-20
8.90000E-01 3.162277700E-07 2.847642890E+04
8.90000E-01 3.162277700E-08 2.789911466E+01
8.90000E-01 3.162277700E-09 2.833839775E-03
8.90000E-01 3.548133892E-06 6.091982600E-27
8.90000E-01 3.548133892E-06 6.091982600E-27
8.90000E-01 3.981071700E-07 2.941170380E+04
8.90000E-01 3.981071700E-08 6.739602027E+01
8.90000E-01 3.981071700E-09 7.092992081E-03
8.90000E-01 5.011872300E-07 2.339791104E+04
8.90000E-01 5.011872300E-08 1.650293911E+02
8.90000E-01 5.011872300E-09 1.762517095E-02
8.90000E-01 6.309573400E-07 1.409071763E+04
8.90000E-01 6.309573400E-08 3.813117745E+02
8.90000E-01 6.309573400E-09 4.244599552E-02
8.90000E-01 7.943282300E-07 3.850874583E+03
8.90000E-01 7.943282300E-08 8.738379654E+02
8.90000E-01 7.943282300E-09 1.136878257E-01
9.00000E-01 1.122018454E-06 1.165557150E+02
9.00000E-01 1.258925400E-06 1.898891981E+01
9.00000E-01 1.258925400E-07 3.762809507E+03
9.00000E-01 1.258925400E-08 6.307738123E-01
9.00000E-01 1.412537545E-06 2.131786009E+00
9.00000E-01 1.584893200E-06 1.264404080E-01
9.00000E-01 1.584893200E-07 7.477178382E+03
9.00000E-01 1.584893200E-08 1.552013492E+00
9.00000E-01 1.778279410E-06 3.402413710E-03
9.00000E-01 1.995262300E-06 3.662917935E-05
9.00000E-01 1.995262300E-07 1.286953816E+04
9.00000E-01 1.995262300E-08 3.880070359E+00
9.00000E-01 1.000000000E-06 5.139968863E+02
9.00000E-01 1.000000000E-07 1.828411065E+03
9.00000E-01 1.000000000E-08 2.411632756E-01
9.00000E-01 2.238721139E-06 9.326304701E-08
9.00000E-01 2.511886400E-06 3.593184035E-11
9.00000E-01 2.511886400E-07 2.024022645E+04
9.00000E-01 2.511886400E-08 9.956258980E+00
9.00000E-01 2.818382931E-06 3.406723800E-15
9.00000E-01 3.162277700E-06 1.127108088E-19
9.00000E-01 3.162277700E-07 2.528086878E+04
9.00000E-01 3.162277700E-08 2.384077069E+01
9.00000E-01 3.162277700E-09 2.646403030E-03
9.00000E-01 3.548133892E-06 4.207456500E-26
9.00000E-01 3.981071700E-07 2.764816466E+04
9.00000E-01 3.981071700E-08 5.942571408E+01
9.00000E-01 3.981071700E-09 6.260629152E-03
9.00000E-01 5.011872300E-07 2.249562844E+04
9.00000E-01 5.011872300E-08 1.468773569E+02
9.00000E-01 5.011872300E-09 1.632922011E-02
9.00000E-01 6.309573400E-07 1.266488612E+04
9.00000E-01 6.309573400E-08 3.358101064E+02
9.00000E-01 6.309573400E-09 4.155794820E-02
9.00000E-01 7.943282300E-07 4.083994850E+03
9.00000E-01 7.943282300E-08 8.059313372E+02
9.00000E-01 7.943282300E-09 1.053605690E-01
9.00000E-01 1.122018454E-06 1.165557150E+02
9.00000E-01 1.412537545E-06 2.131786009E+00
9.00000E-01 1.778279410E-06 3.402413710E-03
9.00000E-01 2.238721139E-06 9.326304701E-08
9.00000E-01 2.818382931E-06 3.406723800E-15
9.00000E-01 3.548133892E-06 4.207456500E-26
9.50000E-01 1.122018454E-06 1.236525237E+02
9.50000E-01 1.122018454E-06 1.236525237E+02
9.50000E-01 1.258925400E-06 2.617428310E+01
9.50000E-01 1.258925400E-07 2.385824118E+03
9.50000E-01 1.258925400E-08 3.919445100E-01
9.50000E-01 1.412537545E-06 3.425469810E+00
9.50000E-01 1.412537545E-06 3.425469810E+00
9.50000E-01 1.584893200E-06 1.477209605E-01
9.50000E-01 1.584893200E-07 4.663837127E+03
9.50000E-01 1.584893200E-08 1.011434896E+00
9.50000E-01 1.778279410E-06 4.887299900E-03
9.50000E-01 1.778279410E-06 4.887299900E-03
9.50000E-01 1.995262300E-06 8.838897019E-05
9.50000E-01 1.995262300E-07 8.423994571E+03
9.50000E-01 1.995262300E-08 2.355199765E+00
9.50000E-01 1.000000000E-06 4.990140902E+02
9.50000E-01 1.000000000E-07 1.158199990E+03
9.50000E-01 1.000000000E-08 1.485543353E-01
9.50000E-01 2.238721139E-06 3.362003829E-07
9.50000E-01 2.238721139E-06 3.362003829E-07
9.50000E-01 2.511886400E-06 4.192868300E-10
9.50000E-01 2.511886400E-07 1.311769066E+04
9.50000E-01 2.511886400E-08 5.876083926E+00
9.50000E-01 2.818382931E-06 1.412761001E-14
9.50000E-01 2.818382931E-06 1.412761001E-14
9.50000E-01 3.162277700E-06 6.826923000E-19
9.50000E-01 3.162277700E-07 1.688235215E+04
9.50000E-01 3.162277700E-08 1.499223240E+01
9.50000E-01 3.162277700E-09 1.562480305E-03
9.50000E-01 3.548133892E-06 8.592502400E-24
9.50000E-01 3.548133892E-06 8.592502400E-24
9.50000E-01 3.981071700E-06 4.532517400E-32
9.50000E-01 3.981071700E-07 1.852318193E+04
9.50000E-01 3.981071700E-08 3.612100198E+01
9.50000E-01 3.981071700E-09 3.945042445E-03
9.50000E-01 5.011872300E-07 1.727321136E+04
9.50000E-01 5.011872300E-08 8.938914920E+01
9.50000E-01 5.011872300E-09 9.606883483E-03
9.50000E-01 6.309573400E-07 9.904433743E+03
9.50000E-01 6.309573400E-08 2.135811587E+02
9.50000E-01 6.309573400E-09 2.431307954E-02
9.50000E-01 7.943282300E-07 3.299649081E+03
9.50000E-01 7.943282300E-08 4.942743516E+02
9.50000E-01 7.943282300E-09 6.197366680E-02
1.00000E+00 1.258925400E-07 6.197366680E-02
1.00000E+00 1.258925400E-08 6.197366680E-02
1.00000E+00 1.584893200E-06 6.197366680E-02
1.00000E+00 1.584893200E-07 6.197366680E-02
1.00000E+00 1.584893200E-08 6.197366680E-02
1.00000E+00 1.995262300E-06 6.197366680E-02
1.00000E+00 1.995262300E-07 6.197366680E-02
1.00000E+00 1.995262300E-08 6.197366680E-02
1.00000E+00 1.000000000E-06 6.197366680E-02
1.00000E+00 1.000000000E-07 6.197366680E-02
1.00000E+00 1.000000000E-08 6.197366680E-02
1.00000E+00 2.511886400E-06 6.197366680E-02
1.00000E+00 2.511886400E-07 6.197366680E-02
1.00000E+00 2.511886400E-08 6.197366680E-02
1.00000E+00 3.162277700E-06 6.197366680E-02
1.00000E+00 3.162277700E-07 6.197366680E-02
1.00000E+00 3.162277700E-08 6.197366680E-02
1.00000E+00 3.162277700E-09 6.197366680E-02
1.00000E+00 3.981071700E-06 6.197366680E-02
1.00000E+00 3.981071700E-07 6.197366680E-02
1.00000E+00 3.981071700E-09 6.197366680E-02
1.00000E+00 5.011872300E-07 6.197366680E-02
1.00000E+00 5.011872300E-08 6.197366680E-02
1.00000E+00 5.011872300E-09 6.197366680E-02
1.00000E+00 6.309573400E-07 6.197366680E-02
1.00000E+00 6.309573400E-08 6.197366680E-02
1.00000E+00 6.309573400E-09 6.197366680E-02
1.00000E+00 7.943282300E-07 6.197366680E-02
1.00000E+00 7.943282300E-08 6.197366680E-02
1.00000E+00 7.943282300E-09 6.197366680E-02
1.10000E+00 1.258925400E-06 6.197366680E-02
1.10000E+00 1.258925400E-07 6.197366680E-02
1.10000E+00 1.258925400E-08 6.197366680E-02
1.10000E+00 1.584893200E-06 6.197366680E-02
1.10000E+00 1.584893200E-07 6.197366680E-02
1.10000E+00 1.584893200E-08 6.197366680E-02
1.10000E+00 1.995262300E-06 6.197366680E-02
1.10000E+00 1.995262300E-07 6.197366680E-02
1.10000E+00 1.995262300E-08 6.197366680E-02
1.10000E+00 1.000000000E-06 6.197366680E-02
1.10000E+00 1.000000000E-07 6.197366680E-02
1.10000E+00 1.000000000E-08 6.197366680E-02
1.10000E+00 2.511886400E-06 6.197366680E-02
1.10000E+00 2.511886400E-07 6.197366680E-02
1.10000E+00 2.511886400E-08 6.197366680E-02
1.10000E+00 3.162277700E-06 6.197366680E-02
1.10000E+00 3.162277700E-07 6.197366680E-02
1.10000E+00 3.162277700E-08 6.197366680E-02
1.10000E+00 3.162277700E-09 6.197366680E-02
1.10000E+00 3.981071700E-06 6.197366680E-02
1.10000E+00 3.981071700E-07 6.197366680E-02
1.10000E+00 3.981071700E-08 6.197366680E-02
1.10000E+00 3.981071700E-09 6.197366680E-02
1.10000E+00 5.011872300E-07 6.197366680E-02
1.10000E+00 5.011872300E-08 6.197366680E-02
1.10000E+00 5.011872300E-09 6.197366680E-02
1.10000E+00 6.309573400E-07 6.197366680E-02
1.10000E+00 6.309573400E-08 6.197366680E-02
1.10000E+00 6.309573400E-09 6.197366680E-02
1.10000E+00 7.943282300E-07 6.197366680E-02
1.10000E+00 7.943282300E-08 6.197366680E-02
1.10000E+00 7.943282300E-09 6.197366680E-02
1.20000E+00 1.258925400E-06 6.197366680E-02
1.20000E+00 1.258925400E-07 6.197366680E-02
1.20000E+00 1.258925400E-08 6.197366680E-02
1.20000E+00 1.584893200E-06 6.197366680E-02
1.20000E+00 1.584893200E-07 6.197366680E-02
1.20000E+00 1.584893200E-08 6.197366680E-02
1.20000E+00 1.995262300E-06 6.197366680E-02
1.20000E+00 1.995262300E-07 6.197366680E-02
1.20000E+00 1.995262300E-08 6.197366680E-02
1.20000E+00 1.000000000E-06 6.197366680E-02
1.20000E+00 1.000000000E-07 6.197366680E-02
1.20000E+00 1.000000000E-08 6.197366680E-02
1.20000E+00 2.511886400E-06 6.197366680E-02
1.20000E+00 2.511886400E-07 6.197366680E-02
1.20000E+00 2.511886400E-08 6.197366680E-02
1.20000E+00 3.162277700E-06 6.197366680E-02
1.20000E+00 3.162277700E-07 6.197366680E-02
1.20000E+00 3.162277700E-08 6.197366680E-02
1.20000E+00 3.162277700E-09 6.197366680E-02
1.20000E+00 3.981071700E-07 6.197366680E-02
1.20000E+00 3.981071700E-08 6.197366680E-02
1.20000E+00 3.981071700E-09 6.197366680E-02
1.20000E+00 5.011872300E-07 6.197366680E-02
1.20000E+00 5.011872300E-08 6.197366680E-02
1.20000E+00 5.011872300E-09 6.197366680E-02
1.20000E+00 6.309573400E-07 6.197366680E-02
1.20000E+00 6.309573400E-08 6.197366680E-02
1.20000E+00 6.309573400E-09 6.197366680E-02
1.20000E+00 7.943282300E-07 6.197366680E-02
1.20000E+00 7.943282300E-08 6.197366680E-02
1.20000E+00 7.943282300E-09 6.197366680E-02
1.30000E+00 1.258925400E-06 6.197366680E-02
1.30000E+00 1.258925400E-07 6.197366680E-02
1.30000E+00 1.258925400E-08 6.197366680E-02
1.30000E+00 1.584893200E-06 6.197366680E-02
1.30000E+00 1.584893200E-07 6.197366680E-02
1.30000E+00 1.584893200E-08 6.197366680E-02
1.30000E+00 1.995262300E-06 6.197366680E-02
1.30000E+00 1.995262300E-07 6.197366680E-02
1.30000E+00 1.995262300E-08 6.197366680E-02
1.30000E+00 1.000000000E-06 6.197366680E-02
1.30000E+00 1.000000000E-07 6.197366680E-02
1.30000E+00 1.000000000E-08 6.197366680E-02
1.30000E+00 2.511886400E-06 6.197366680E-02
1.30000E+00 2.511886400E-07 6.197366680E-02
1.30000E+00 2.511886400E-08 6.197366680E-02
1.30000E+00 3.162277700E-06 6.197366680E-02
1.30000E+00 3.162277700E-07 6.197366680E-02
1.30000E+00 3.162277700E-08 6.197366680E-02
1.30000E+00 3.162277700E-09 6.197366680E-02
1.30000E+00 3.981071700E-07 6.197366680E-02
1.30000E+00 3.981071700E-08 6.197366680E-02
1.30000E+00 3.981071700E-09 6.197366680E-02
1.30000E+00 5.011872300E-07 6.197366680E-02
1.30000E+00 5.011872300E-08 6.197366680E-02
1.30000E+00 5.011872300E-09 6.197366680E-02
1.30000E+00 6.309573400E-07 6.197366680E-02
1.30000E+00 6.309573400E-08 6.197366680E-02
1.30000E+00 6.309573400E-09 6.197366680E-02
1.30000E+00 7.943282300E-07 6.197366680E-02
1.30000E+00 7.943282300E-08 6.197366680E-02
1.30000E+00 7.943282300E-09 6.197366680E-02
1.40000E+00 1.122018454E-06 6.197366680E-02
1.40000E+00 1.258925400E-06 6.197366680E-02
1.40000E+00 1.258925400E-07 6.197366680E-02
1.40000E+00 1.258925400E-08 6.197366680E-02
1.40000E+00 1.412537545E-06 6.197366680E-02
1.40000E+00 1.584893200E-06 6.197366680E-02
1.40000E+00 1.584893200E-07 6.197366680E-02
1.40000E+00 1.584893200E-08 6.197366680E-02
1.40000E+00 1.778279410E-06 6.197366680E-02
1.40000E+00 1.995262300E-06 6.197366680E-02
1.40000E+00 1.995262300E-07 6.197366680E-02
1.40000E+00 1.995262300E-08 6.197366680E-02
1.40000E+00 1.000000000E-06 6.197366680E-02
1.40000E+00 1.000000000E-07 6.197366680E-02
1.40000E+00 1.000000000E-08 6.197366680E-02
1.40000E+00 2.238721139E-06 6.197366680E-02
1.40000E+00 2.511886400E-06 6.197366680E-02
1.40000E+00 2.511886400E-07 6.197366680E-02
1.40000E+00 2.511886400E-08 6.197366680E-02
1.40000E+00 3.162277700E-07 6.197366680E-02
1.40000E+00 3.162277700E-08 6.197366680E-02
1.40000E+00 3.162277700E-09 6.197366680E-02
1.40000E+00 3.981071700E-07 6.197366680E-02
1.40000E+00 3.981071700E-08 6.197366680E-02
1.40000E+00 3.981071700E-09 6.197366680E-02
1.40000E+00 5.011872300E-07 6.197366680E-02
1.40000E+00 5.011872300E-08 6.197366680E-02
1.40000E+00 5.011872300E-09 6.197366680E-02
1.40000E+00 6.309573400E-07 6.197366680E-02
1.40000E+00 6.309573400E-08 6.197366680E-02
1.40000E+00 6.309573400E-09 6.197366680E-02
1.40000E+00 7.943282300E-07 6.197366680E-02
1.40000E+00 7.943282300E-08 6.197366680E-02
1.40000E+00 7.943282300E-09 6.197366680E-02
1.50000E+00 1.258925400E-06 7.605188587E-10
1.50000E+00 1.258925400E-07 1.667499340E+02
1.50000E+00 1.258925400E-08 7.667338700E-02
1.50000E+00 1.584893200E-06 1.007675700E-16
1.50000E+00 1.584893200E-08 1.883458720E-01
1.50000E+00 1.995262300E-06 3.585474030E-29
1.50000E+00 1.995262300E-07 2.520974300E+02
1.50000E+00 1.995262300E-08 4.613490000E-01
1.50000E+00 1.000000000E-06 2.396687600E-05
1.50000E+00 1.000000000E-08 2.943735250E-02
1.50000E+00 2.511886400E-07 2.217462200E+02
1.50000E+00 2.511886400E-08 1.129021890E+00
1.50000E+00 3.162277700E-07 1.414889560E+02
1.50000E+00 3.162277700E-08 2.789856330E+00
1.50000E+00 3.162277700E-09 3.039822600E-04
1.50000E+00 3.981071700E-07 5.444951300E+01
1.50000E+00 3.981071700E-08 6.299164100E+00
1.50000E+00 3.981071700E-09 7.635848700E-04
1.50000E+00 5.011872300E-07 1.166613870E+01
1.50000E+00 5.011872300E-08 1.387980360E+01
1.50000E+00 5.011872300E-09 1.929950700E-03
1.50000E+00 6.309573400E-07 7.672404200E-01
1.50000E+00 6.309573400E-08 3.081257500E+01
1.50000E+00 6.309573400E-09 4.831340700E-03
1.50000E+00 7.943282300E-07 1.391699110E-02
1.50000E+00 7.943282300E-08 5.889861200E+01
1.50000E+00 7.943282300E-09 1.249132340E-02
1.60000E+00 1.258925400E-06 1.036950690E-12
1.60000E+00 1.258925400E-07 1.176934730E+02
1.60000E+00 1.258925400E-08 6.448500600E-02
1.60000E+00 1.584893200E-06 9.514438296E-21
1.60000E+00 1.584893200E-07 1.448231500E+02
1.60000E+00 1.584893200E-08 1.658426820E-01
1.60000E+00 1.995262300E-06 4.145858863E-34
1.60000E+00 1.995262300E-07 1.471502560E+02
1.60000E+00 1.995262300E-08 3.942648870E-01
1.60000E+00 1.000000000E-06 4.421455310E-07
1.60000E+00 1.000000000E-07 7.933860400E+01
1.60000E+00 1.000000000E-08 2.508506340E-02
1.60000E+00 2.511886400E-07 1.114448430E+02
1.60000E+00 2.511886400E-08 9.977345100E-01
1.60000E+00 3.162277700E-07 5.746692200E+01
1.60000E+00 3.162277700E-08 2.347080550E+00
1.60000E+00 3.162277700E-09 2.720808200E-04
1.60000E+00 3.981071700E-07 1.737256770E+01
1.60000E+00 3.981071700E-08 5.259896400E+00
1.60000E+00 5.011872300E-07 2.580759230E+00
1.60000E+00 5.011872300E-08 1.128108370E+01
1.60000E+00 6.309573400E-07 1.763829160E-01
1.60000E+00 6.309573400E-08 2.337836940E+01
1.60000E+00 6.309573400E-09 4.302741630E-03
1.60000E+00 7.943282300E-07 5.980466010E-04
1.60000E+00 7.943282300E-08 4.467508700E+01
1.60000E+00 7.943282300E-09 1.090014770E-02
1.70000E+00 1.258925400E-06 2.384609604E-15
1.70000E+00 1.258925400E-07 7.787177800E+01
1.70000E+00 1.258925400E-08 5.835598500E-02
1.70000E+00 1.584893200E-06 2.792063530E-25
1.70000E+00 1.584893200E-07 9.426978400E+01
1.70000E+00 1.584893200E-08 1.437169440E-01
1.70000E+00 1.995262300E-07 8.614067600E+01
1.70000E+00 1.995262300E-08 3.450939640E-01
1.70000E+00 1.000000000E-06 4.070645690E-09
1.70000E+00 1.000000000E-07 5.716369800E+01
1.70000E+00 1.000000000E-08 2.441716040E-02
1.70000E+00 2.511886400E-07 5.523056900E+01
1.70000E+00 2.511886400E-08 8.868389900E-01
1.70000E+00 3.162277700E-07 2.418796300E+01
1.70000E+00 3.162277700E-08 1.965815190E+00
1.70000E+00 3.162277700E-09 2.383888430E-04
1.70000E+00 3.981071700E-07 5.818362700E+00
1.70000E+00 3.981071700E-08 4.281644600E+00
1.70000E+00 3.981071700E-09 5.914450580E-04
1.70000E+00 5.011872300E-07 5.095459900E-01
1.70000E+00 5.011872300E-08 9.403736100E+00
1.70000E+00 5.011872300E-09 1.470332800E-03
1.70000E+00 6.309573400E-07 1.790593600E-02
1.70000E+00 6.309573400E-08 1.932486140E+01
1.70000E+00 6.309573400E-09 3.947474490E-03
1.70000E+00 7.943282300E-07 5.044650400E-05
1.70000E+00 7.943282300E-08 3.449631770E+01
1.70000E+00 7.943282300E-09 9.661359600E-03
1.80000E+00 1.258925400E-06 3.086819700E-17
1.80000E+00 1.258925400E-07 6.227355400E+01
1.80000E+00 1.258925400E-08 4.630134200E-02
1.80000E+00 1.584893200E-06 1.217818762E-27
1.80000E+00 1.584893200E-07 6.339352800E+01
1.80000E+00 1.584893200E-08 1.187700650E-01
1.80000E+00 1.995262300E-07 5.653734100E+01
1.80000E+00 1.995262300E-08 2.969873870E-01
1.80000E+00 1.000000000E-06 9.819343200E-10
1.80000E+00 1.000000000E-07 4.509414640E+01
1.80000E+00 1.000000000E-08 1.995303530E-02
1.80000E+00 2.511886400E-07 3.625985100E+01
1.80000E+00 2.511886400E-08 7.429231650E-01
1.80000E+00 3.162277700E-07 1.367839480E+01
1.80000E+00 3.162277700E-08 1.630660010E+00
1.80000E+00 3.162277700E-09 1.944014500E-04
1.80000E+00 3.981071700E-07 2.717923800E+00
1.80000E+00 3.981071700E-08 3.523937820E+00
1.80000E+00 3.981071700E-09 5.280492060E-04
1.80000E+00 5.011872300E-07 2.228147900E-01
1.80000E+00 5.011872300E-08 7.605332200E+00
1.80000E+00 5.011872300E-09 1.245903010E-03
1.80000E+00 6.309573400E-07 4.085819500E-03
1.80000E+00 6.309573400E-08 1.512967640E+01
1.80000E+00 6.309573400E-09 3.168215330E-03
1.80000E+00 7.943282300E-07 9.164729400E-06
1.80000E+00 7.943282300E-08 2.829944290E+01
1.80000E+00 7.943282300E-09 8.143395490E-03
1.90000E+00 1.258925400E-06 3.539812640E-17
1.90000E+00 1.258925400E-07 4.815646630E+01
1.90000E+00 1.258925400E-08 3.725656470E-02
1.90000E+00 1.584893200E-06 9.782341800E-27
1.90000E+00 1.584893200E-07 5.545826400E+01
1.90000E+00 1.584893200E-08 9.139272690E-02
1.90000E+00 1.995262300E-07 4.466469600E+01
1.90000E+00 1.995262300E-08 2.338666250E-01
1.90000E+00 1.000000000E-06 1.540558962E-10
1.90000E+00 1.000000000E-07 3.610341860E+01
1.90000E+00 1.000000000E-08 1.529796570E-02
1.90000E+00 2.511886400E-07 2.721115410E+01
1.90000E+00 2.511886400E-08 5.520021320E-01
1.90000E+00 3.162277700E-07 1.103553490E+01
1.90000E+00 3.162277700E-08 1.271264380E+00
1.90000E+00 3.162277700E-09 1.528879430E-04
1.90000E+00 3.981071700E-07 2.075178180E+00
1.90000E+00 3.981071700E-08 2.945418320E+00
1.90000E+00 3.981071700E-09 4.101960450E-04
1.90000E+00 5.011872300E-07 1.778460980E-01
1.90000E+00 5.011872300E-08 6.088108890E+00
1.90000E+00 5.011872300E-09 9.496221740E-04
1.90000E+00 6.309573400E-07 2.897223450E-03
1.90000E+00 6.309573400E-08 1.276171900E+01
1.90000E+00 6.309573400E-09 2.519866640E-03
1.90000E+00 7.943282300E-07 1.497918410E-05
1.90000E+00 7.943282300E-08 2.222945720E+01
1.90000E+00 7.943282300E-09 6.015123910E-03
2.00000E+00 1.258925400E-06 2.963920476E-20
2.00000E+00 1.258925400E-07 3.483965860E+01
2.00000E+00 1.258925400E-08 3.589880530E-02
2.00000E+00 1.584893200E-06 2.266578758E-32
2.00000E+00 1.584893200E-07 3.604936410E+01
2.00000E+00 1.584893200E-08 8.417557520E-02
2.00000E+00 1.995262300E-07 2.727093450E+01
2.00000E+00 1.995262300E-08 2.170300560E-01
2.00000E+00 1.000000000E-06 5.643047900E-12
2.00000E+00 1.000000000E-07 2.683846920E+01
2.00000E+00 1.000000000E-08 1.453874360E-02
2.00000E+00 2.511886400E-07 1.339930780E+01
2.00000E+00 2.511886400E-08 5.056439460E-01
2.00000E+00 3.162277700E-07 4.878853800E+00
2.00000E+00 3.162277700E-08 1.137049970E+00
2.00000E+00 3.162277700E-09 1.436669170E-04
2.00000E+00 3.981071700E-07 7.365537300E-01
2.00000E+00 3.981071700E-08 2.550346860E+00
2.00000E+00 3.981071700E-09 3.582148420E-04
2.00000E+00 5.011872300E-07 3.433331200E-02
2.00000E+00 5.011872300E-08 5.602882050E+00
2.00000E+00 5.011872300E-09 9.310281840E-04
2.00000E+00 6.309573400E-07 4.585188000E-04
2.00000E+00 6.309573400E-08 9.845349300E+00
2.00000E+00 6.309573400E-09 2.280861540E-03
2.00000E+00 7.943282300E-07 1.842911100E-07
2.00000E+00 7.943282300E-08 1.722821060E+01
2.00000E+00 7.943282300E-09 5.418035690E-03
2.10000E+00 1.258925400E-06 1.785300590E-22
2.10000E+00 1.258925400E-07 2.639740270E+01
2.10000E+00 1.258925400E-08 3.175445120E-02
2.10000E+00 1.584893200E-06 2.940661920E-36
2.10000E+00 1.584893200E-07 2.322172800E+01
2.10000E+00 1.584893200E-08 7.962842410E-02
2.10000E+00 1.995262300E-07 1.645881460E+01
2.10000E+00 1.995262300E-08 1.892906090E-01
2.10000E+00 1.000000000E-06 7.294795200E-14
2.10000E+00 1.000000000E-07 2.137438890E+01
2.10000E+00 1.000000000E-08 1.364292006E-02
2.10000E+00 2.511886400E-07 7.475418800E+00
2.10000E+00 2.511886400E-08 4.459146430E-01
2.10000E+00 3.162277700E-07 2.283443770E+00
2.10000E+00 3.162277700E-08 9.920428290E-01
2.10000E+00 3.162277700E-09 1.324544581E-04
2.10000E+00 3.981071700E-07 2.811032440E-01
2.10000E+00 3.981071700E-08 2.168057310E+00
2.10000E+00 3.981071700E-09 3.318054350E-04
2.10000E+00 5.011872300E-07 7.771046300E-03
2.10000E+00 5.011872300E-08 4.563252200E+00
2.10000E+00 5.011872300E-09 8.152056830E-04
2.10000E+00 6.309573400E-07 4.303294500E-05
2.10000E+00 6.309573400E-08 8.957093810E+00
2.10000E+00 6.309573400E-09 2.117394170E-03
2.10000E+00 7.943282300E-07 1.174562220E-08
2.10000E+00 7.943282300E-08 1.488642190E+01
2.20000E+00 1.258925400E-06 1.039259628E-26
2.20000E+00 1.258925400E-07 1.863267010E+01
2.20000E+00 1.258925400E-08 2.743160470E-02
2.20000E+00 1.584893200E-06 4.183843900E-42
2.20000E+00 1.584893200E-07 1.690380440E+01
2.20000E+00 1.584893200E-08 7.400223350E-02
2.20000E+00 1.995262300E-07 9.798069000E+00
2.20000E+00 1.995262300E-08 1.725217408E-01
2.20000E+00 1.000000000E-06 2.444690150E-16
2.20000E+00 1.000000000E-07 1.657228410E+01
2.20000E+00 1.000000000E-08 1.159248264E-02
2.20000E+00 2.511886400E-07 3.661112910E+00
2.20000E+00 2.511886400E-08 3.858999490E-01
2.20000E+00 3.162277700E-07 8.714924300E-01
2.20000E+00 3.162277700E-08 8.813715910E-01
2.20000E+00 3.162277700E-09 1.157703532E-04
2.20000E+00 3.981071700E-07 7.697392500E-02
2.20000E+00 3.981071700E-08 1.902193190E+00
2.20000E+00 3.981071700E-09 2.988931420E-04
2.20000E+00 5.011872300E-07 1.978420390E-03
2.20000E+00 5.011872300E-08 4.003528990E+00
2.20000E+00 5.011872300E-09 7.587207980E-04
2.20000E+00 6.309573400E-07 6.661921900E-06
2.20000E+00 6.309573400E-08 7.282145480E+00
2.20000E+00 6.309573400E-09 1.858122304E-03
2.20000E+00 7.943282300E-07 5.663047620E-10
2.20000E+00 7.943282300E-08 1.148132346E+01
2.20000E+00 7.943282300E-09 4.651291830E-03
2.30000E+00 1.258925400E-06 2.139791788E-28
2.30000E+00 1.258925400E-07 1.370694370E+01
2.30000E+00 1.258925400E-08 2.556202120E-02
2.30000E+00 1.584893200E-07 1.167133130E+01
2.30000E+00 1.584893200E-08 6.235509260E-02
2.30000E+00 1.995262300E-07 6.667082600E+00
2.30000E+00 1.995262300E-08 1.482077765E-01
2.30000E+00 1.000000000E-06 2.694424600E-18
2.30000E+00 1.000000000E-07 1.257352460E+01
2.30000E+00 1.000000000E-08 1.080814758E-02
2.30000E+00 2.511886400E-07 2.251391680E+00
2.30000E+00 2.511886400E-08 3.635412630E-01
2.30000E+00 3.162277700E-07 4.677659200E-01
2.30000E+00 3.162277700E-08 7.863537490E-01
2.30000E+00 3.162277700E-09 1.119355176E-04
2.30000E+00 3.981071700E-07 3.116323140E-02
2.30000E+00 3.981071700E-08 1.599865257E+00
2.30000E+00 3.981071700E-09 2.644119520E-04
2.30000E+00 5.011872300E-07 5.720668100E-04
2.30000E+00 5.011872300E-08 3.213107140E+00
2.30000E+00 5.011872300E-09 6.698725400E-04
2.30000E+00 6.309573400E-07 1.015303500E-06
2.30000E+00 6.309573400E-08 5.902786580E+00
2.30000E+00 6.309573400E-09 1.717591612E-03
2.30000E+00 7.943282300E-07 1.853089610E-11
2.30000E+00 7.943282300E-08 9.976981800E+00
2.30000E+00 7.943282300E-09 4.172561170E-03
2.40000E+00 1.258925400E-06 2.107981711E-31
2.40000E+00 1.258925400E-07 1.001096195E+01
2.40000E+00 1.258925400E-08 2.264177973E-02
2.40000E+00 1.584893200E-07 7.836316600E+00
2.40000E+00 1.584893200E-08 5.554310180E-02
2.40000E+00 1.995262300E-07 3.950747740E+00
2.40000E+00 1.995262300E-08 1.300417183E-01
2.40000E+00 1.000000000E-06 4.973916300E-20
2.40000E+00 1.000000000E-07 9.649756940E+00
2.40000E+00 1.000000000E-08 9.327028060E-03
2.40000E+00 2.511886400E-07 1.239365970E+00
2.40000E+00 2.511886400E-08 3.008092170E-01
2.40000E+00 3.162277700E-07 1.918146830E-01
2.40000E+00 3.162277700E-08 6.907827430E-01
2.40000E+00 3.162277700E-09 9.834961520E-05
2.40000E+00 3.981071700E-07 1.408614410E-02
2.40000E+00 3.981071700E-08 1.453201047E+00
2.40000E+00 3.981071700E-09 2.430255773E-04
2.40000E+00 5.011872300E-07 1.049873850E-04
2.40000E+00 5.011872300E-09 5.904457410E-04
2.40000E+00 6.309573400E-07 1.063648840E-07
2.40000E+00 6.309573400E-08 4.674274200E+00
2.40000E+00 6.309573400E-09 1.502837267E-03
2.40000E+00 7.943282300E-07 4.664141910E-12
2.40000E+00 7.943282300E-08 7.300455100E+00
2.40000E+00 7.943282300E-09 3.470847740E-03
2.50000E+00 1.258925400E-06 2.011492731E-34
2.50000E+00 1.258925400E-07 7.447503710E+00
2.50000E+00 1.258925400E-08 2.012062277E-02
2.50000E+00 1.584893200E-07 5.388368340E+00
2.50000E+00 1.584893200E-08 4.975766600E-02
2.50000E+00 1.995262300E-07 2.675653920E+00
2.50000E+00 1.995262300E-08 1.165386780E-01
2.50000E+00 1.000000000E-06 5.481076906E-22
2.50000E+00 1.000000000E-07 7.758640410E+00
2.50000E+00 1.000000000E-08 7.985496430E-03
2.50000E+00 2.511886400E-07 7.672784600E-01
2.50000E+00 2.511886400E-08 2.641617416E-01
2.50000E+00 3.162277700E-07 7.621174600E-02
2.50000E+00 3.162277700E-08 5.923824600E-01
2.50000E+00 3.162277700E-09 8.243472220E-05
2.50000E+00 3.981071700E-07 4.439215400E-03
2.50000E+00 3.981071700E-08 1.250528167E+00
2.50000E+00 3.981071700E-09 2.185261444E-04
2.50000E+00 5.011872300E-07 1.795432600E-05
2.50000E+00 5.011872300E-08 2.460816734E+00
2.50000E+00 5.011872300E-09 5.438526860E-04
2.50000E+00 6.309573400E-07 2.506067700E-08
2.50000E+00 6.309573400E-08 4.105708280E+00
2.50000E+00 6.309573400E-09 1.358476447E-03
2.50000E+00 7.943282300E-07 3.937234370E-14
2.50000E+00 7.943282300E-08 6.206490710E+00
2.50000E+00 7.943282300E-09 3.079345710E-03
2.60000E+00 1.258925400E-06 6.696991128E-38
2.60000E+00 1.258925400E-07 5.697926770E+00
2.60000E+00 1.258925400E-08 1.764264372E-02
2.60000E+00 1.584893200E-07 3.845763260E+00
2.60000E+00 1.584893200E-08 4.252164460E-02
2.60000E+00 1.995262300E-07 1.672422230E+00
2.60000E+00 1.995262300E-08 1.013454023E-01
2.60000E+00 1.000000000E-06 8.115011300E-24
2.60000E+00 1.000000000E-07 5.848245000E+00
2.60000E+00 1.000000000E-08 7.257146000E-03
2.60000E+00 2.511886400E-07 4.568762400E-01
2.60000E+00 2.511886400E-08 2.228086925E-01
2.60000E+00 3.162277700E-07 4.954166300E-02
2.60000E+00 3.162277700E-08 4.911439950E-01
2.60000E+00 3.162277700E-09 7.825653250E-05
2.60000E+00 3.981071700E-07 2.050561000E-03
2.60000E+00 3.981071700E-08 1.100997710E+00
2.60000E+00 3.981071700E-09 1.907459380E-04
2.60000E+00 5.011872300E-07 9.032835400E-06
2.60000E+00 5.011872300E-08 1.975454757E+00
2.60000E+00 5.011872300E-09 4.701315570E-04
2.60000E+00 6.309573400E-07 1.732236530E-09
2.60000E+00 6.309573400E-08 3.472767520E+00
2.60000E+00 6.309573400E-09 1.251910403E-03
2.60000E+00 7.943282300E-07 3.188122106E-15
2.60000E+00 7.943282300E-08 5.089325700E+00
2.60000E+00 7.943282300E-09 2.978170462E-03
2.70000E+00 1.258925400E-06 1.075845084E-40
2.70000E+00 1.258925400E-07 4.464481540E+00
2.70000E+00 1.258925400E-08 1.534760869E-02
2.70000E+00 1.584893200E-07 2.787212270E+00
2.70000E+00 1.584893200E-08 3.608413482E-02
2.70000E+00 1.995262300E-07 1.117968980E+00
2.70000E+00 1.995262300E-08 8.641413780E-02
2.70000E+00 1.000000000E-06 1.574427870E-25
2.70000E+00 1.000000000E-07 4.655475870E+00
2.70000E+00 1.000000000E-08 6.527442250E-03
2.70000E+00 2.511886400E-07 2.491687420E-01
2.70000E+00 2.511886400E-08 2.065258461E-01
2.70000E+00 3.162277700E-07 2.195325540E-02
2.70000E+00 3.162277700E-08 4.327014930E-01
2.70000E+00 3.162277700E-09 7.124322270E-05
2.70000E+00 3.981071700E-07 5.788380700E-04
2.70000E+00 3.981071700E-08 9.012141710E-01
2.70000E+00 3.981071700E-09 1.632404493E-04
2.70000E+00 5.011872300E-07 2.299845490E-06
2.70000E+00 5.011872300E-08 1.753741505E+00
2.70000E+00 5.011872300E-09 4.072244710E-04
2.70000E+00 6.309573400E-07 1.677960730E-09
2.70000E+00 6.309573400E-08 2.876169624E+00
2.70000E+00 6.309573400E-09 1.039244591E-03
2.70000E+00 7.943282300E-07 2.118636360E-15
2.70000E+00 7.943282300E-08 4.106218550E+00
2.70000E+00 7.943282300E-09 2.547250655E-03
2.80000E+00 1.258925400E-06 3.302111850E-41
2.80000E+00 1.258925400E-07 3.270646510E+00
2.80000E+00 1.258925400E-08 1.342249118E-02
2.80000E+00 1.584893200E-07 1.962468960E+00
2.80000E+00 1.584893200E-08 3.143022468E-02
2.80000E+00 1.995262300E-07 8.303461740E-01
2.80000E+00 1.995262300E-08 7.849940530E-02
2.80000E+00 1.000000000E-06 1.162448375E-26
2.80000E+00 1.000000000E-07 3.708634380E+00
2.80000E+00 1.000000000E-08 5.471671363E-03
2.80000E+00 2.511886400E-07 2.009938890E-01
2.80000E+00 2.511886400E-08 1.753077278E-01
2.80000E+00 3.162277700E-07 1.162717460E-02
2.80000E+00 3.162277700E-08 3.774181905E-01
2.80000E+00 3.162277700E-09 5.768470323E-05
2.80000E+00 3.981071700E-07 4.480179850E-04
2.80000E+00 3.981071700E-08 7.702322190E-01
2.80000E+00 3.981071700E-09 1.510200416E-04
2.80000E+00 5.011872300E-07 1.669932850E-06
2.80000E+00 5.011872300E-08 1.412908833E+00
2.80000E+00 5.011872300E-09 3.587798690E-04
2.80000E+00 6.309573400E-07 1.835828940E-10
2.80000E+00 6.309573400E-08 2.322455689E+00
2.80000E+00 6.309573400E-09 8.715312330E-04
2.80000E+00 7.943282300E-07 3.478616110E-16
2.80000E+00 7.943282300E-08 3.180443750E+00
2.80000E+00 7.943282300E-09 2.278651860E-03
2.90000E+00 1.258925400E-07 2.412803450E+00
2.90000E+00 1.258925400E-08 1.194398859E-02
2.90000E+00 1.584893200E-07 1.452822757E+00
2.90000E+00 1.584893200E-08 2.705622459E-02
2.90000E+00 1.995262300E-07 4.886733330E-01
2.90000E+00 1.995262300E-08 6.492681800E-02
2.90000E+00 1.000000000E-06 2.387859750E-29
2.90000E+00 1.000000000E-07 2.751633410E+00
2.90000E+00 1.000000000E-08 4.978628047E-03
2.90000E+00 2.511886400E-07 9.092595800E-02
2.90000E+00 2.511886400E-08 1.595728269E-01
2.90000E+00 3.162277700E-07 5.703746900E-03
2.90000E+00 3.162277700E-08 3.224652862E-01
2.90000E+00 3.162277700E-09 5.541504355E-05
2.90000E+00 3.981071700E-07 1.442429770E-04
2.90000E+00 3.981071700E-08 6.663478440E-01
2.90000E+00 3.981071700E-09 1.328309413E-04
2.90000E+00 5.011872300E-07 3.098085910E-07
2.90000E+00 5.011872300E-08 1.164295082E+00
2.90000E+00 5.011872300E-09 3.310616734E-04
2.90000E+00 6.309573400E-07 1.078005360E-11
2.90000E+00 6.309573400E-08 1.977296117E+00
2.90000E+00 6.309573400E-09 7.638552560E-04
2.90000E+00 7.943282300E-07 1.763141787E-18
2.90000E+00 7.943282300E-08 2.661304170E+00
2.90000E+00 7.943282300E-09 2.044586690E-03
3.00000E+00 1.258925400E-07 1.756766047E+00
3.00000E+00 1.258925400E-08 1.075972794E-02
3.00000E+00 1.584893200E-07 1.036663278E+00
3.00000E+00 1.584893200E-08 2.386073409E-02
3.00000E+00 1.995262300E-07 3.139501040E-01
3.00000E+00 1.995262300E-08 5.756343031E-02
3.00000E+00 1.000000000E-06 4.325000659E-32
3.00000E+00 1.000000000E-07 2.141635001E+00
3.00000E+00 1.000000000E-08 4.237649006E-03
3.00000E+00 2.511886400E-07 3.736707040E-02
3.00000E+00 2.511886400E-08 1.233477660E-01
3.00000E+00 3.162277700E-07 2.778713130E-03
3.00000E+00 3.162277700E-08 2.696952222E-01
3.00000E+00 3.162277700E-09 4.799391742E-05
3.00000E+00 3.981071700E-07 3.127655200E-05
3.00000E+00 3.981071700E-08 5.433020324E-01
3.00000E+00 3.981071700E-09 1.065253181E-04
3.00000E+00 5.011872300E-07 2.440798800E-08
3.00000E+00 5.011872300E-08 1.023878691E+00
3.00000E+00 5.011872300E-09 2.783042362E-04
3.00000E+00 6.309573400E-07 7.341535400E-13
3.00000E+00 6.309573400E-08 1.585780946E+00
3.00000E+00 6.309573400E-09 6.873652973E-04
3.00000E+00 7.943282300E-07 5.981157300E-20
3.00000E+00 7.943282300E-08 2.028087048E+00
3.00000E+00 7.943282300E-09 1.654285771E-03
3.10000E+00 1.258925400E-07 1.329435461E+00
3.10000E+00 1.258925400E-08 9.876535520E-03
3.10000E+00 1.584893200E-07 7.372440280E-01
3.10000E+00 1.584893200E-08 2.400146395E-02
3.10000E+00 1.995262300E-07 2.308362640E-01
3.10000E+00 1.995262300E-08 5.317385687E-02
3.10000E+00 1.000000000E-06 1.376752676E-31
3.10000E+00 1.000000000E-07 1.839989417E+00
3.10000E+00 1.000000000E-08 3.971627879E-03
3.10000E+00 2.511886400E-07 2.873522760E-02
3.10000E+00 2.511886400E-08 1.197483050E-01
3.10000E+00 3.162277700E-07 2.358539100E-03
3.10000E+00 3.162277700E-08 2.526051880E-01
3.10000E+00 3.162277700E-09 4.631272567E-05
3.10000E+00 3.981071700E-07 3.019311770E-05
3.10000E+00 3.981071700E-08 5.289908724E-01
3.10000E+00 3.981071700E-09 1.098859812E-04
3.10000E+00 5.011872300E-07 1.553606830E-08
3.10000E+00 5.011872300E-08 9.289073190E-01
3.10000E+00 5.011872300E-09 2.728628888E-04
3.10000E+00 6.309573400E-07 2.376460800E-13
3.10000E+00 6.309573400E-08 1.356320538E+00
3.10000E+00 6.309573400E-09 6.981418900E-04
3.10000E+00 7.943282300E-07 3.259687589E-19
3.10000E+00 7.943282300E-08 1.796421593E+00
3.10000E+00 7.943282300E-09 1.706535868E-03
3.20000E+00 1.258925400E-07 1.204404676E+00
3.20000E+00 1.258925400E-08 9.445248986E-03
3.20000E+00 1.584893200E-07 4.886770290E-01
3.20000E+00 1.584893200E-08 2.335139990E-02
3.20000E+00 1.995262300E-07 1.522906290E-01
3.20000E+00 1.995262300E-08 5.170357753E-02
3.20000E+00 1.000000000E-06 2.592282908E-35
3.20000E+00 1.000000000E-07 1.606892426E+00
3.20000E+00 1.000000000E-08 4.183553975E-03
3.20000E+00 2.511886400E-07 1.474556030E-02
3.20000E+00 2.511886400E-08 1.189257901E-01
3.20000E+00 3.162277700E-07 4.656580750E-04
3.20000E+00 3.162277700E-08 2.514401777E-01
3.20000E+00 3.162277700E-09 4.446976282E-05
3.20000E+00 3.981071700E-07 9.581866800E-06
3.20000E+00 3.981071700E-08 4.913936146E-01
3.20000E+00 3.981071700E-09 1.077098696E-04
3.20000E+00 5.011872300E-07 4.048246020E-09
3.20000E+00 5.011872300E-08 8.417545580E-01
3.20000E+00 5.011872300E-09 2.671549857E-04
3.20000E+00 6.309573400E-07 1.127650750E-14
3.20000E+00 6.309573400E-08 1.259373408E+00
3.20000E+00 6.309573400E-09 6.681299767E-04
3.20000E+00 7.943282300E-07 3.376990070E-23
3.20000E+00 7.943282300E-08 1.595951816E+00
3.20000E+00 7.943282300E-09 1.676843647E-03
3.30000E+00 1.258925400E-07 8.600285200E-01
3.30000E+00 1.258925400E-08 9.684957345E-03
3.30000E+00 1.584893200E-07 4.076682650E-01
3.30000E+00 1.584893200E-08 2.284544812E-02
3.30000E+00 1.995262300E-07 1.055659368E-01
3.30000E+00 1.995262300E-08 5.296719598E-02
3.30000E+00 1.000000000E-06 1.908361560E-37
3.30000E+00 1.000000000E-07 1.297211985E+00
3.30000E+00 1.000000000E-08 3.974934882E-03
3.30000E+00 2.511886400E-07 1.049244480E-02
3.30000E+00 2.511886400E-08 1.146303138E-01
3.30000E+00 3.162277700E-07 3.420249710E-04
3.30000E+00 3.162277700E-08 2.367143452E-01
3.30000E+00 3.162277700E-09 4.275091401E-05
3.30000E+00 3.981071700E-07 1.405362980E-06
3.30000E+00 3.981071700E-08 4.644281881E-01
3.30000E+00 3.981071700E-09 1.086840087E-04
3.30000E+00 5.011872300E-07 2.281211820E-10
3.30000E+00 5.011872300E-08 7.711679193E-01
3.30000E+00 5.011872300E-09 2.536780122E-04
3.30000E+00 6.309573400E-07 6.206671200E-16
3.30000E+00 6.309573400E-08 1.142837022E+00
3.30000E+00 6.309573400E-09 6.544205852E-04
3.30000E+00 7.943282300E-07 2.404349200E-24
3.30000E+00 7.943282300E-08 1.406227312E+00
3.30000E+00 7.943282300E-09 1.545866686E-03
3.40000E+00 1.258925400E-07 7.257307670E-01
3.40000E+00 1.258925400E-08 9.543792914E-03
3.40000E+00 1.584893200E-07 3.162540840E-01
3.40000E+00 1.584893200E-08 2.143641078E-02
3.40000E+00 1.995262300E-07 5.634248560E-02
3.40000E+00 1.995262300E-08 5.055604265E-02
3.40000E+00 1.000000000E-06 8.103884168E-41
3.40000E+00 1.000000000E-07 1.054459522E+00
3.40000E+00 1.000000000E-08 3.754886543E-03
3.40000E+00 2.511886400E-07 6.158442620E-03
3.40000E+00 2.511886400E-08 1.129553214E-01
3.40000E+00 3.162277700E-07 1.681198580E-04
3.40000E+00 3.162277700E-08 2.339288984E-01
3.40000E+00 3.162277700E-09 4.059145987E-05
3.40000E+00 3.981071700E-07 2.485271050E-07
3.40000E+00 3.981071700E-08 4.169895511E-01
3.40000E+00 3.981071700E-09 1.064654287E-04
3.40000E+00 5.011872300E-07 1.049433610E-10
3.40000E+00 5.011872300E-08 7.165432301E-01
3.40000E+00 5.011872300E-09 2.494024971E-04
3.40000E+00 6.309573400E-07 5.358498700E-17
3.40000E+00 6.309573400E-08 1.050905768E+00
3.40000E+00 6.309573400E-09 6.161553357E-04
3.40000E+00 7.943282300E-07 6.185632137E-25
3.40000E+00 7.943282300E-08 1.223274501E+00
3.40000E+00 7.943282300E-09 1.648279038E-03
3.50000E+00 1.258925400E-07 5.278263640E-01
3.50000E+00 1.258925400E-08 8.600957524E-03
3.50000E+00 1.584893200E-07 2.164674824E-01
3.50000E+00 1.584893200E-08 2.089355378E-02
3.50000E+00 1.995262300E-07 5.092873130E-02
3.50000E+00 1.995262300E-08 4.830308712E-02
3.50000E+00 1.000000000E-07 8.747665920E-01
3.50000E+00 1.000000000E-08 3.676568511E-03
3.50000E+00 2.511886400E-07 3.706111080E-03
3.50000E+00 2.511886400E-08 1.037425251E-01
3.50000E+00 3.162277700E-07 7.297553300E-05
3.50000E+00 3.162277700E-08 2.179188172E-01
3.50000E+00 3.162277700E-09 4.131206074E-05
3.50000E+00 3.981071700E-07 2.432454090E-07
3.50000E+00 3.981071700E-08 4.040438938E-01
3.50000E+00 3.981071700E-09 9.834187463E-05
3.50000E+00 5.011872300E-07 8.151558200E-12
3.50000E+00 5.011872300E-08 6.520103407E-01
3.50000E+00 5.011872300E-09 2.523416950E-04
3.50000E+00 6.309573400E-07 2.297714080E-17
3.50000E+00 6.309573400E-08 8.969726393E-01
3.50000E+00 6.309573400E-09 6.613053636E-04
3.50000E+00 7.943282300E-07 2.457142470E-26
3.50000E+00 7.943282300E-08 1.088474796E+00
3.50000E+00 7.943282300E-09 1.503879275E-03
