lowest error 0.002 0.000701473065411
0.002 0.000701473065411 7.83992880371e-05
0.002 0.000701474680614 9.15536712682e-05
0.002 0.000701471450211 0.00024836480605
0.002 0.000701476295821 0.000261494072756
0.002 0.000701469835015 0.000418342883813
0.002 0.000701477911032 0.000431421917241
0.002 0.000701468219823 0.000588333522214
0.002 0.000701479526246 0.000601337205839
0.002 0.000701466604635 0.00075833672207
0.002 0.000701481141464 0.000771239939366
0.002 0.00070146498945 0.000928352484498
0.002 0.000701482756686 0.000941130118711
lowest error 0.002 8.1675161143e-08
0.002 8.1675161143e-08 7.31117551833e-07
0.002 8.16749730792e-08 2.0693097194e-05
0.002 8.16753492072e-08 2.21555318642e-05
0.002 8.16747850158e-08 4.21171123763e-05
0.002 8.16755372718e-08 4.35801457437e-05
0.002 8.16745969529e-08 6.3540927997e-05
0.002 8.16757253369e-08 6.50049591737e-05
0.002 8.16744088904e-08 8.49645440382e-05
0.002 8.16759134025e-08 8.64299721934e-05
0.002 8.16742208283e-08 0.000106387960539
0.002 8.16761014684e-08 0.000107855184787
0.002 8.16740327667e-08 0.000127811177485
lowest error 0.005 0.00197736571603
0.005 0.00197736571603 1.77315720884e-05
0.005 0.00197736116299 3.68521943797e-05
0.005 0.00197737026909 7.23140432006e-05
0.005 0.00197735660995 9.14372562342e-05
0.005 0.00197737482216 0.00012689521896
0.005 0.00197735205692 0.000146023613534
0.005 0.00197737937524 0.000181475099434
0.005 0.00197734750391 0.000200611266291
0.005 0.00197738392833 0.000236053684635
0.005 0.0019773429509 0.000255200214508
0.005 0.00197738848143 0.000290630974566
0.005 0.00197733839791 0.000309790458272
lowest error 0.005 5.06668611202e-08
0.005 5.06668611202e-08 5.70572332759e-06
0.005 5.06667444556e-08 1.47368012753e-05
0.005 5.06669777851e-08 2.61484296447e-05
0.005 5.06666277912e-08 3.51791442026e-05
0.005 5.06670944502e-08 4.65913176577e-05
0.005 5.06665111271e-08 5.56213054375e-05
0.005 5.06672111157e-08 6.70343873703e-05
0.005 5.06663944633e-08 7.60632849821e-05
0.005 5.06673277814e-08 8.74776387825e-05
0.005 5.06662777997e-08 9.65050828374e-05
0.005 5.06674444473e-08 0.000107921071897
0.005 5.06661611365e-08 0.000116946699006
lowest error 0.01 0.000356363323024
0.01 0.000356363323024 1.53909117842e-05
0.01 0.000356364143582 0.000143827768999
0.01 0.000356362502468 0.00017462061532
0.01 0.000356364964141 0.00030303542793
0.01 0.000356361681914 0.000333861342305
0.01 0.000356365784703 0.000462232065701
0.01 0.000356360861362 0.000493113093428
0.01 0.000356366605266 0.000621417683009
0.01 0.000356360040811 0.000652375869596
0.01 0.000356367425832 0.000780592280754
0.01 0.000356359220263 0.000811649671502
0.01 0.000356368246399 0.000939755859632
lowest error 0.01 3.93745859567e-08
0.01 3.93745859567e-08 3.68964396604e-05
0.01 3.93746766202e-08 5.00454391905e-05
0.01 3.93744952935e-08 0.000123835032109
0.01 3.93747672838e-08 0.000136990604569
0.01 3.93744046305e-08 0.000210770338202
0.01 3.93748579477e-08 0.000223939056597
0.01 3.93743139677e-08 0.000297702358218
0.01 3.93749486117e-08 0.000310890795402
0.01 3.93742233051e-08 0.000384631092205
0.01 3.9375039276e-08 0.000397845821028
0.01 3.93741326427e-08 0.000471556540286
0.01 3.93751299405e-08 0.000484804133756
lowest error 0.05 6.39431460396e-05
0.05 6.39431460396e-05 5.1317133563e-05
0.05 6.39429988053e-05 0.000179991963341
0.05 6.39432932743e-05 0.000282602969925
0.05 6.39428515712e-05 0.000411324323531
0.05 6.39434405094e-05 0.000513865547882
0.05 6.39427043375e-05 0.000642679949144
0.05 6.39435877447e-05 0.000745104869773
0.05 6.39425571042e-05 0.00087405884252
0.05 6.39437349805e-05 0.000976320937936
0.05 6.39424098712e-05 0.001105461006
0.05 6.39438822165e-05 0.00120751375471
0.05 6.39422626385e-05 0.00133688644192
lowest error 0.05 1.79423779211e-08
0.05 1.79423779211e-08 2.62205891399e-06
0.05 1.7942419235e-08 1.83904212894e-05
0.05 1.79423366073e-08 2.36343471336e-05
0.05 1.7942460549e-08 3.94030934605e-05
0.05 1.79422952936e-08 4.46464434081e-05
0.05 1.79425018631e-08 6.04159576008e-05
0.05 1.794225398e-08 6.56583477201e-05
0.05 1.79425431773e-08 8.14290137119e-05
0.05 1.79422126665e-08 8.66700600715e-05
0.05 1.79425844916e-08 0.000102442261795
0.05 1.7942171353e-08 0.000107681580465
0.05 1.79426258059e-08 0.000123455701834
lowest error 0.1 3.07992399992e-05
0.1 3.07992399992e-05 6.4982477292e-05
0.1 3.07993109172e-05 9.92118112166e-05
0.1 3.07991690814e-05 0.000229188488089
0.1 3.07993818353e-05 0.000263394378565
0.1 3.07990981638e-05 0.000393406221865
0.1 3.07994527536e-05 0.000427565225446
0.1 3.07990272464e-05 0.000557635679457
0.1 3.0799523672e-05 0.000591724352693
0.1 3.07989563291e-05 0.000721876861702
0.1 3.07995945906e-05 0.000755871761146
0.1 3.07988854119e-05 0.000886129769438
0.1 3.07996655094e-05 0.00092000745164
lowest error 0.1 1.90895196338e-08
0.1 1.90895196338e-08 8.97921276222e-06
0.1 1.90894756786e-08 1.15441777617e-05
0.1 1.9089563589e-08 2.95027864037e-05
0.1 1.90894317235e-08 3.20673851517e-05
0.1 1.90896075444e-08 5.00265432009e-05
0.1 1.90893877685e-08 5.25904094095e-05
0.1 1.90896514999e-08 7.0550483136e-05
0.1 1.90893438136e-08 7.31132505374e-05
0.1 1.90896954555e-08 9.10746062122e-05
0.1 1.90892998588e-08 9.36359085353e-05
0.1 1.90897394112e-08 0.00011159891243
0.1 1.90892559041e-08 0.000114158383388
lowest error 0.15 2.00549230524e-05
0.15 2.00549230524e-05 7.91369366424e-05
0.15 2.00548768742e-05 0.00013220877559
0.15 2.00549692306e-05 0.000290463229552
0.15 2.00548306962e-05 0.000343573908932
0.15 2.00550154089e-05 0.000501770104737
0.15 2.00547845183e-05 0.000554958465162
0.15 2.00550615873e-05 0.000713057564352
0.15 2.00547383405e-05 0.000766362446073
0.15 2.00551077659e-05 0.00092432561
0.15 2.00546921629e-05 0.000977785853443
0.15 2.00551539445e-05 0.00113557424346
0.15 2.00546459853e-05 0.00118922868887
lowest error 0.15 2.1453344166e-08
0.15 2.1453344166e-08 6.66778207936e-06
0.15 2.14532947679e-08 1.38073857072e-05
0.15 2.14533935642e-08 2.71431321237e-05
0.15 2.14532453699e-08 3.42823712192e-05
0.15 2.14534429625e-08 4.76186644636e-05
0.15 2.1453195972e-08 5.47571744582e-05
0.15 2.14534923609e-08 6.80943790834e-05
0.15 2.14531465743e-08 7.52317954258e-05
0.15 2.14535417595e-08 8.85702759836e-05
0.15 2.14530971767e-08 9.57062341245e-05
0.15 2.14535911582e-08 0.000109046355167
0.15 2.14530477791e-08 0.000116180490537
lowest error 0.2 1.47767185004e-05
0.2 1.47767185004e-05 3.70658728839e-05
0.2 1.47767525251e-05 0.000123614188746
0.2 1.47766844758e-05 0.000197757160226
0.2 1.47767865499e-05 0.000284283025302
0.2 1.47766504513e-05 0.000358459674354
0.2 1.47768205747e-05 0.00044494063757
0.2 1.47766164268e-05 0.000519173415904
0.2 1.47768545997e-05 0.000605587026335
0.2 1.47765824024e-05 0.000679898385665
0.2 1.47768886247e-05 0.000766222192381
0.2 1.47765483781e-05 0.00084063458442
0.2 1.47769226497e-05 0.00092684613649
lowest error 0.2 1.87321229651e-08
0.2 1.87321229651e-08 9.40714594888e-06
0.2 1.87320798328e-08 1.33447510522e-05
0.2 1.87321660974e-08 3.21592680361e-05
0.2 1.87320367006e-08 3.60964230102e-05
0.2 1.87322092299e-08 5.49116151922e-05
0.2 1.87319935686e-08 5.8847869906e-05
0.2 1.87322523624e-08 7.76641874185e-05
0.2 1.87319504366e-08 8.15990917431e-05
0.2 1.87322954951e-08 0.000100416984717
0.2 1.87319073048e-08 0.000104350088522
0.2 1.87323386278e-08 0.000123170007091
0.2 1.8731864173e-08 0.000127100860248
lowest error 0.25 8.84742724515e-06
0.25 8.84742724515e-06 2.36289077815e-05
0.25 8.84740687322e-06 0.000148806357605
0.25 8.84744761712e-06 0.000196051246214
0.25 8.84738650133e-06 0.000321254550916
0.25 8.84746798915e-06 0.000368460658507
0.25 8.8473661295e-06 0.000493715673121
0.25 8.84748836122e-06 0.000540857145933
0.25 8.84734575771e-06 0.00066618972519
0.25 8.84750873334e-06 0.000713240709314
0.25 8.84732538596e-06 0.000838676707936
0.25 8.8475291055e-06 0.000885611349616
0.25 8.84730501427e-06 0.00101117662264
lowest error 0.25 1.50618736465e-08
0.25 1.50618736465e-08 2.16012495446e-07
0.25 1.50618389653e-08 2.04584902472e-05
0.25 1.50619083278e-08 2.0890701081e-05
0.25 1.50618042842e-08 4.11328071483e-05
0.25 1.50619430091e-08 4.15655755108e-05
0.25 1.50617696031e-08 6.18069381915e-05
0.25 1.50619776906e-08 6.22406357875e-05
0.25 1.50617349221e-08 8.24808834152e-05
0.25 1.50620123721e-08 8.29158818934e-05
0.25 1.50617002413e-08 0.000103154642802
0.25 1.50620470537e-08 0.000103591313868
0.25 1.50616655605e-08 0.000123828216355
lowest error 0.3 6.82912402353e-06
0.3 6.82912402353e-06 3.57276810514e-05
0.3 6.82913974819e-06 0.00015448060644
0.3 6.82910829891e-06 0.000225951699683
0.3 6.82915547288e-06 0.000344673164092
0.3 6.82909257433e-06 0.000416191450754
0.3 6.82917119761e-06 0.000534849993203
0.3 6.82907684978e-06 0.00060644693557
0.3 6.82918692238e-06 0.00072501109491
0.3 6.82906112526e-06 0.00079671815526
0.3 6.82920264718e-06 0.000915156470848
0.3 6.82904540079e-06 0.000987005111465
0.3 6.82921837202e-06 0.00110528612215
lowest error 0.3 1.44918890362e-08
0.3 1.44918890362e-08 5.72364206208e-06
0.3 1.44918556674e-08 1.40555493218e-05
0.3 1.4491922405e-08 2.55030035414e-05
0.3 1.44918222987e-08 3.38345706123e-05
0.3 1.4491955774e-08 4.52825350994e-05
0.3 1.44917889301e-08 5.36134218105e-05
0.3 1.4491989143e-08 6.50622367733e-05
0.3 1.44917555616e-08 7.33921029177e-05
0.3 1.4492022512e-08 8.48421085462e-05
0.3 1.44917221931e-08 9.31706139182e-05
0.3 1.44920558812e-08 0.00010462215042
0.3 1.44916888247e-08 0.000112948954849
lowest error 0.35 5.84912631116e-06
0.35 5.84912631116e-06 6.89028458272e-05
0.35 5.84911284306e-06 7.21725886494e-05
0.35 5.84913977928e-06 0.00020996962741
0.35 5.849099375e-06 0.000213256676425
0.35 5.84915324744e-06 0.000351027756632
0.35 5.84908590696e-06 0.000354349418278
0.35 5.84916671563e-06 0.000492077234023
0.35 5.84907243896e-06 0.000495450814619
0.35 5.84918018385e-06 0.000633118060111
0.35 5.84905897099e-06 0.000636560865975
0.35 5.8491936521e-06 0.000774150235305
0.35 5.84904550305e-06 0.000777679572878
lowest error 0.35 1.46586170758e-08
0.35 1.46586170758e-08 5.52971155221e-06
0.35 1.46586508286e-08 1.37979791432e-05
0.35 1.46585833231e-08 2.48572398309e-05
0.35 1.46586845814e-08 3.31258322559e-05
0.35 1.46585495705e-08 4.41846056947e-05
0.35 1.46587183343e-08 5.24538477706e-05
0.35 1.4658515818e-08 6.35118091452e-05
0.35 1.46587520873e-08 7.17820257226e-05
0.35 1.46584820656e-08 8.28388501666e-05
0.35 1.46587858404e-08 9.11103660961e-05
0.35 1.46584483132e-08 0.000102165728794
0.35 1.46588195935e-08 0.000110438868893
lowest error 0.4 4.79031419975e-06
0.4 4.79031419975e-06 7.00092547712e-06
0.4 4.79030316966e-06 0.000121276661461
0.4 4.79032522987e-06 0.000135271358384
0.4 4.79029213959e-06 0.000249561402829
0.4 4.79033626002e-06 0.000263534637658
0.4 4.79028110955e-06 0.000377853298912
0.4 4.79034729019e-06 0.0003917907637
0.4 4.79027007953e-06 0.000506152350338
0.4 4.79035832038e-06 0.000520039736793
0.4 4.79025904954e-06 0.000634458557391
0.4 4.7903693506e-06 0.000648281557564
0.4 4.79024801957e-06 0.00076277192047
lowest error 0.4 1.464252587e-08
0.4 1.464252587e-08 9.33630184319e-06
0.4 1.46425595857e-08 1.17815236735e-05
0.4 1.46424921544e-08 3.04539334643e-05
0.4 1.46425933015e-08 3.28995430876e-05
0.4 1.46424584388e-08 5.15713711917e-05
0.4 1.46426270173e-08 5.40177564017e-05
0.4 1.46424247234e-08 7.26886150266e-05
0.4 1.46426607333e-08 7.51361635976e-05
0.4 1.4642391008e-08 9.38056649522e-05
0.4 1.46426944493e-08 9.62547647152e-05
0.4 1.46423572927e-08 0.000114922521008
0.4 1.46427281654e-08 0.000117373559737
lowest error 0.45 4.14693282112e-06
0.45 4.14693282112e-06 6.0247851053e-05
0.45 4.14692327246e-06 0.0001240203638
0.45 4.14694236979e-06 0.000244501303591
0.45 4.14691372383e-06 0.000308303341985
0.45 4.14695191849e-06 0.000428739995328
0.45 4.14690417522e-06 0.000492601084685
0.45 4.14696146721e-06 0.000612963927279
0.45 4.14689462663e-06 0.000676913593081
0.45 4.14697101596e-06 0.000797173100628
0.45 4.14688507806e-06 0.000861240868361
0.45 4.14698056472e-06 0.000981367516556
0.45 4.14687552952e-06 0.00104558291154
lowest error 0.45 1.47090288573e-08
0.45 1.47090288573e-08 3.67889001751e-06
0.45 1.47090627262e-08 1.73982943568e-05
0.45 1.47089949886e-08 2.47558812423e-05
0.45 1.47090965951e-08 3.84756718828e-05
0.45 1.47089611199e-08 4.58326793007e-05
0.45 1.47091304641e-08 5.95532425622e-05
0.45 1.47089272513e-08 6.69092842314e-05
0.45 1.47091643331e-08 8.06310063961e-05
0.45 1.47088933828e-08 8.79856960174e-05
0.45 1.47091982023e-08 0.000101708963387
0.45 1.47088595144e-08 0.000109061914661
0.45 1.47092320715e-08 0.000122787113518
lowest error 0.5 3.57475267652e-06
0.5 3.57475267652e-06 2.14553358977e-05
0.5 3.5747609077e-06 0.00012503362755
0.5 3.57474444535e-06 0.000167953629731
0.5 3.5747691389e-06 0.00027151326108
0.5 3.57473621421e-06 0.000314461254803
0.5 3.57477737012e-06 0.000417983565282
0.5 3.57472798308e-06 0.000460978211577
0.5 3.57478560136e-06 0.000564444540754
0.5 3.57471975198e-06 0.000607504500651
0.5 3.57479383261e-06 0.000710896188087
0.5 3.57471152089e-06 0.000754040122613
0.5 3.57480206389e-06 0.000857338507747
lowest error 0.5 1.38485722139e-08
0.5 1.38485722139e-08 5.20295378781e-07
0.5 1.38486041014e-08 2.05913652569e-05
0.5 1.38485403264e-08 2.1631762233e-05
0.5 1.38486359891e-08 4.17032196767e-05
0.5 1.3848508439e-08 4.27430352881e-05
0.5 1.38486678768e-08 6.28152678814e-05
0.5 1.38484765517e-08 6.38541145839e-05
0.5 1.38486997645e-08 8.39275098738e-05
0.5 1.38484446644e-08 8.4965000104e-05
0.5 1.38487316524e-08 0.000105039945637
0.5 1.38484127772e-08 0.000106075691848
0.5 1.38487635403e-08 0.000126152575208
lowest error 0.55 3.07681227837e-06
0.55 3.07681227837e-06 1.06307894754e-06
0.55 3.07680519376e-06 0.000132979266779
0.55 3.076819363e-06 0.000135097613115
0.55 3.07679810916e-06 0.000267029424399
0.55 3.07682644765e-06 0.000269124336416
0.55 3.07679102458e-06 0.000401087394371
0.55 3.07683353231e-06 0.000403143249188
0.55 3.07678394002e-06 0.000535153177148
0.55 3.07684061699e-06 0.000537154351886
0.55 3.07677685547e-06 0.000669226773185
0.55 3.07684770169e-06 0.000671157644964
0.55 3.07676977093e-06 0.00080330818282
lowest error 0.55 1.21081000248e-08
0.55 1.21081000248e-08 9.77338770003e-06
0.55 1.21080721449e-08 1.20021436412e-05
0.55 1.21081279048e-08 3.15491252043e-05
0.55 1.21080442651e-08 3.37774688202e-05
0.55 1.21081557848e-08 5.33250688735e-05
0.55 1.21080163853e-08 5.55525878392e-05
0.55 1.21081836649e-08 7.51012186915e-05
0.55 1.21079885056e-08 7.73275007013e-05
0.55 1.21082115451e-08 9.68775746983e-05
0.55 1.2107960626e-08 9.9102207388e-05
0.55 1.21082394253e-08 0.000118654136877
0.55 1.21079327464e-08 0.00012087670794
lowest error 0.6 2.56436594038e-06
0.6 2.56436594038e-06 6.30702658766e-05
0.6 2.56436003572e-06 9.90295152787e-05
0.6 2.56437184506e-06 0.00022515862317
0.6 2.56435413107e-06 0.000261140721382
0.6 2.56437774975e-06 0.000387235557262
0.6 2.56434822643e-06 0.000423263353101
0.6 2.56438365446e-06 0.000549301068964
0.6 2.56434232181e-06 0.000585397411236
0.6 2.56438955917e-06 0.000711355159075
0.6 2.5643364172e-06 0.000747542896598
0.6 2.56439546391e-06 0.000873397828405
0.6 2.5643305126e-06 0.00090969980999
lowest error 0.6 1.01660443498e-08
0.6 1.01660443498e-08 5.73975136486e-06
0.6 1.0166067758e-08 1.56364454518e-05
0.6 1.01660209417e-08 2.71157494938e-05
0.6 1.01660911663e-08 3.70128409393e-05
0.6 1.01659975336e-08 4.8491548974e-05
0.6 1.01661145746e-08 5.83894350994e-05
0.6 1.01659741255e-08 6.98671497896e-05
0.6 1.0166137983e-08 7.97662279344e-05
0.6 1.01659507175e-08 9.1242551941e-05
0.6 1.01661613914e-08 0.000101143219446
0.6 1.01659273096e-08 0.000112617755432
0.6 1.01661847999e-08 0.000122520409635
lowest error 0.65 2.11780027323e-06
0.65 2.11780027323e-06 7.12201334716e-05
0.65 2.11779539682e-06 0.000100046384166
0.65 2.11780514965e-06 0.000242473898373
0.65 2.11779052042e-06 0.000271325655338
0.65 2.11781002608e-06 0.000413714911791
0.65 2.11778564403e-06 0.000442617680995
0.65 2.11781490253e-06 0.000584943174525
0.65 2.11778076766e-06 0.000613922462084
0.65 2.11781977898e-06 0.000756158687522
0.65 2.11777589129e-06 0.000785239999557
0.65 2.11782465545e-06 0.000927361451733
0.65 2.11777101494e-06 0.000956570294363
lowest error 0.65 7.91990550664e-09
0.65 7.91990550664e-09 8.4858255831e-06
0.65 7.91992374292e-09 1.26502676716e-05
0.65 7.91988727041e-09 2.96217246443e-05
0.65 7.91994197924e-09 3.37865551598e-05
0.65 7.91986903421e-09 5.07574294382e-05
0.65 7.9199602156e-09 5.49230369198e-05
0.65 7.91985079806e-09 7.18929400421e-05
0.65 7.919978452e-09 7.60597128795e-05
0.65 7.91983256195e-09 9.30282563822e-05
0.65 7.91999668845e-09 9.71965831145e-05
0.65 7.91981432589e-09 0.000114163378536
0.65 7.92001492494e-09 0.000118333647553
lowest error 0.7 1.59974219514e-06
0.7 1.59974219514e-06 2.27189290087e-05
0.7 1.59974587869e-06 0.000183312608914
0.7 1.5997385116e-06 0.000228768924304
0.7 1.59974956224e-06 0.00038932569093
0.7 1.59973482807e-06 0.00043483737899
0.7 1.59975324581e-06 0.000595320318702
0.7 1.59973114455e-06 0.00064092429454
0.7 1.59975692938e-06 0.000801296493878
0.7 1.59972746104e-06 0.000847029672603
0.7 1.59976061296e-06 0.00100725421811
0.7 1.59972377753e-06 0.00105315351484
0.7 1.59976429655e-06 0.00121319349286
lowest error 0.7 5.61649012969e-09
0.7 5.61649012969e-09 8.75222898111e-06
0.7 5.61650306215e-09 1.33598001786e-05
0.7 5.61647719726e-09 3.08640455975e-05
0.7 5.61651599464e-09 3.5472041922e-05
0.7 5.61646426486e-09 5.29756495942e-05
0.7 5.61652892716e-09 5.75844962913e-05
0.7 5.61645133249e-09 7.50870410529e-05
0.7 5.61654185972e-09 7.96971632093e-05
0.7 5.61643840014e-09 9.71982198958e-05
0.7 5.6165547923e-09 0.000101810042757
0.7 5.61642546783e-09 0.000119309186204
0.7 5.61656772491e-09 0.000123923134858
lowest error 0.75 1.24582201198e-06
0.75 1.24582201198e-06 7.10062503151e-05
0.75 1.2458248806e-06 7.35443126656e-05
0.75 1.24581914338e-06 0.000215565898439
0.75 1.24582774922e-06 0.000218085791331
0.75 1.24581627477e-06 0.000360134632147
0.75 1.24583061785e-06 0.000362618186124
0.75 1.24581340618e-06 0.000504712452013
0.75 1.24583348648e-06 0.000507141497615
0.75 1.24581053759e-06 0.000649299358606
0.75 1.24583635512e-06 0.000651655726375
0.75 1.24580766901e-06 0.000793895352499
0.75 1.24583922377e-06 0.000796160872974
lowest error 0.75 2.91660086325e-09
0.75 2.91660086325e-09 9.70025365099e-06
0.75 2.91659414754e-09 1.14330334124e-05
0.75 2.91660757898e-09 3.08337349386e-05
0.75 2.91658743184e-09 3.25661263356e-05
0.75 2.91661429473e-09 5.19674103674e-05
0.75 2.91658071616e-09 5.36990250435e-05
0.75 2.91662101049e-09 7.31012800217e-05
0.75 2.91657400049e-09 7.48317295747e-05
0.75 2.91662772626e-09 9.42353438229e-05
0.75 2.91656728484e-09 9.59642399665e-05
0.75 2.91663444205e-09 0.000115369601815
0.75 2.9165605692e-09 0.000117096556153
lowest error 0.8 1.22662835582e-06
0.8 1.22662835582e-06 1.4414053068e-05
0.8 1.22663118024e-06 0.000186003125345
0.8 1.2266255314e-06 0.000214848696826
0.8 1.22663400466e-06 0.000386402839757
0.8 1.226622707e-06 0.000415300807451
0.8 1.2266368291e-06 0.000586785092045
0.8 1.2266198826e-06 0.000615770386466
0.8 1.22663965353e-06 0.000787149883553
0.8 1.22661705821e-06 0.000816257435393
0.8 1.22664247798e-06 0.000987497215803
0.8 1.22661423382e-06 0.00101676195575
0.8 1.22664530243e-06 0.00118782709032
lowest error 0.8 3.39314172759e-09
0.8 3.39314172759e-09 8.86305733649e-06
0.8 3.3931339146e-09 1.23822713238e-05
0.8 3.3931495406e-09 3.01085822434e-05
0.8 3.39312610163e-09 3.3627403778e-05
0.8 3.39315735362e-09 5.13543034359e-05
0.8 3.39311828868e-09 5.48723399518e-05
0.8 3.39316516666e-09 7.26002208409e-05
0.8 3.39311047574e-09 7.61170799217e-05
0.8 3.39317297972e-09 9.3846334535e-05
0.8 3.39310266283e-09 9.73616236157e-05
0.8 3.3931807928e-09 0.000115092644445
0.8 3.39309484993e-09 0.00011860597111
lowest error 0.81 1.28619850367e-06
0.81 1.28619850367e-06 1.24825456691e-05
0.81 1.28620146525e-06 0.000114976899345
0.81 1.28619554209e-06 0.000139949054589
0.81 1.28620442685e-06 0.000242429281071
0.81 1.28619258052e-06 0.000267422627692
0.81 1.28620738844e-06 0.000369874599789
0.81 1.28618961896e-06 0.000394903265371
0.81 1.28621035005e-06 0.000497312855887
0.81 1.2861866574e-06 0.000522390968017
0.81 1.28621331166e-06 0.000624744049761
0.81 1.28618369585e-06 0.00064988573602
0.81 1.28621627328e-06 0.000752168181797
lowest error 0.81 3.89938395195e-09
0.81 3.89938395195e-09 2.28926363421e-06
0.81 3.89939293062e-09 1.90501432105e-05
0.81 3.89937497329e-09 2.3628472531e-05
0.81 3.89940190931e-09 4.03897480803e-05
0.81 3.89936599466e-09 4.49674834067e-05
0.81 3.89941088803e-09 6.17295509011e-05
0.81 3.89935701605e-09 6.6306296338e-05
0.81 3.89941986677e-09 8.30695517129e-05
0.81 3.89934803746e-09 8.76449112517e-05
0.81 3.89942884552e-09 0.000104409750556
0.81 3.89933905889e-09 0.000108983328187
0.81 3.8994378243e-09 0.000125750147355
lowest error 0.82 1.34905296255e-06
0.82 1.34905296255e-06 2.09151613846e-05
0.82 1.34905606886e-06 0.000166286644237
0.82 1.34904985625e-06 0.000208132205022
0.82 1.34905917518e-06 0.000353473213418
0.82 1.34904674995e-06 0.000395364487746
0.82 1.34906228151e-06 0.000540644547232
0.82 1.34904364366e-06 0.000582612010799
0.82 1.34906538785e-06 0.000727800646918
0.82 1.34904053737e-06 0.000769874775421
0.82 1.34906849419e-06 0.000914941513717
0.82 1.3490374311e-06 0.000957152782854
0.82 1.34907160054e-06 0.00110206714887
lowest error 0.82 4.38410553481e-09
0.82 4.38410553481e-09 2.8948105939e-06
0.82 4.38409544004e-09 1.97043701444e-05
0.82 4.38411562959e-09 2.54942134279e-05
0.82 4.3840853453e-09 4.23033288701e-05
0.82 4.3841257244e-09 4.80938382794e-05
0.82 4.38407525058e-09 6.49020655046e-05
0.82 4.38413581924e-09 7.06936851906e-05
0.82 4.38406515589e-09 8.750058013e-05
0.82 4.3841459141e-09 9.32937542037e-05
0.82 4.38405506122e-09 0.000110098872669
0.82 4.38415600898e-09 0.000115894045241
0.82 4.38404496657e-09 0.000132696943163
lowest error 0.83 1.38419093264e-06
0.83 1.38419093264e-06 5.72942506132e-05
0.83 1.38418774543e-06 9.35055102418e-05
0.83 1.38419411986e-06 0.000208084124666
0.83 1.38418455822e-06 0.000244315158546
0.83 1.38419730709e-06 0.000358864112566
0.83 1.38418137102e-06 0.000395134694814
0.83 1.38420049433e-06 0.000509634214961
0.83 1.38417818383e-06 0.000545964119963
0.83 1.38420368157e-06 0.000660394432499
0.83 1.38417499665e-06 0.000696803434507
0.83 1.38420686882e-06 0.000811144765693
0.83 1.38417180947e-06 0.000847652639093
lowest error 0.83 4.68770204825e-09
0.83 4.68770204825e-09 4.60368770661e-06
0.83 4.68769125443e-09 1.66649415068e-05
0.83 4.6877128421e-09 2.58725136355e-05
0.83 4.68768046064e-09 3.79333740446e-05
0.83 4.68772363597e-09 4.71415362049e-05
0.83 4.68766966687e-09 5.92016099463e-05
0.83 4.68773442987e-09 6.84107554938e-05
0.83 4.68765887312e-09 8.04696491388e-05
0.83 4.68774522379e-09 8.96801714272e-05
0.83 4.6876480794e-09 0.000101737491699
0.83 4.68775601773e-09 0.000110949784083
0.83 4.68763728571e-09 0.000123005137552
lowest error 0.84 1.41794047634e-06
0.84 1.41794047634e-06 1.97304009224e-05
0.84 1.41793721141e-06 0.000127579163486
0.84 1.41794374127e-06 0.000167030531026
0.84 1.41793394649e-06 0.000274898162804
0.84 1.41794700621e-06 0.000314321227296
0.84 1.41793068158e-06 0.000422226597638
0.84 1.41795027116e-06 0.000461602490598
0.84 1.41792741668e-06 0.000569564468592
0.84 1.41795353611e-06 0.000608874321407
0.84 1.41792415179e-06 0.000716911776268
0.84 1.41795680107e-06 0.000756136720327
0.84 1.4179208869e-06 0.000864268521141
lowest error 0.84 5.10495596212e-09
0.84 5.10495596212e-09 5.482052992e-06
0.84 5.10496771673e-09 1.67770129336e-05
0.84 5.10494420754e-09 2.77409035387e-05
0.84 5.10497947137e-09 3.90362942793e-05
0.84 5.10493245299e-09 4.99995386294e-05
0.84 5.10499122603e-09 6.12957910877e-05
0.84 5.10492069846e-09 7.22579583448e-05
0.84 5.10500298072e-09 8.35555032808e-05
0.84 5.10490894396e-09 9.45161626094e-05
0.84 5.10501473544e-09 0.00010581543094
0.84 5.10489718948e-09 0.000116774151503
0.84 5.10502649018e-09 0.000128075573989
lowest error 0.85 1.48668513827e-06
0.85 1.48668513827e-06 7.75953681442e-06
0.85 1.48668171505e-06 0.000146072852639
0.85 1.48668856149e-06 0.000161581638051
0.85 1.48667829185e-06 0.000299915531001
0.85 1.48669198472e-06 0.000315393451757
0.85 1.48667486865e-06 0.000453768498955
0.85 1.48669540796e-06 0.000469194978486
0.85 1.48667144545e-06 0.000607631757191
0.85 1.48669883121e-06 0.000622986219196
0.85 1.48666802227e-06 0.000761505306263
0.85 1.48670225446e-06 0.000776767174442
0.85 1.4866645991e-06 0.000915389147129
lowest error 0.85 5.41399686557e-09
0.85 5.41399686557e-09 4.03483065226e-06
0.85 5.41400933177e-09 1.71405280325e-05
0.85 5.4139843994e-09 2.5209994384e-05
0.85 5.414021798e-09 3.83160817106e-05
0.85 5.41397193325e-09 4.63849632015e-05
0.85 5.41403426426e-09 5.94918303074e-05
0.85 5.41395946713e-09 6.75597370323e-05
0.85 5.41404673055e-09 8.06677739003e-05
0.85 5.41394700105e-09 8.87343159528e-05
0.85 5.41405919687e-09 0.000101843912416
0.85 5.41393453499e-09 0.000109908699889
0.85 5.41407166322e-09 0.000123020245895
lowest error 0.86 1.46740501843e-06
0.86 1.46740501843e-06 8.111132873e-05
0.86 1.46740839726e-06 8.76882157637e-05
0.86 1.46740163961e-06 0.000249923262081
0.86 1.46741177609e-06 0.000256475372309
0.86 1.46739826079e-06 0.000418747585199
0.86 1.46741515494e-06 0.000425250141815
0.86 1.46739488199e-06 0.000587584298994
0.86 1.46741853379e-06 0.000594012525041
0.86 1.46739150319e-06 0.000756433404224
0.86 1.46742191265e-06 0.000762762523194
0.86 1.4673881244e-06 0.000925294902099
0.86 1.46742529152e-06 0.000931500137037
lowest error 0.86 5.61777058783e-09
0.86 5.61777058783e-09 1.0007107063e-05
0.86 5.61778352324e-09 1.18263098168e-05
0.86 5.61775765245e-09 3.18403166446e-05
0.86 5.61779645868e-09 3.36599339188e-05
0.86 5.6177447171e-09 5.36733190084e-05
0.86 5.61780939415e-09 5.54937653221e-05
0.86 5.61773178178e-09 7.55061140785e-05
0.86 5.61782232965e-09 7.73278039516e-05
0.86 5.61771884649e-09 9.73387018952e-05
0.86 5.61783526517e-09 9.91620498483e-05
0.86 5.61770591123e-09 0.000119171082499
0.86 5.61784820073e-09 0.000120996503052
lowest error 0.87 1.56393248275e-06
0.87 1.56393248275e-06 6.17283581561e-05
0.87 1.56393608384e-06 8.90534694893e-05
0.87 1.56392888166e-06 0.000212520071037
0.87 1.56393968494e-06 0.000239825412415
0.87 1.56392528059e-06 0.0003633216698
0.87 1.56394328605e-06 0.000390587471535
0.87 1.56392167952e-06 0.000514133155094
0.87 1.56394688716e-06 0.000541339647365
0.87 1.56391807846e-06 0.000664954527568
0.87 1.56395048829e-06 0.000692081940552
0.87 1.56391447741e-06 0.000815785787734
0.87 1.56395408942e-06 0.000842814351743
lowest error 0.87 6.00551145933e-09
0.87 6.00551145933e-09 2.42036782838e-06
0.87 6.00552528755e-09 1.76225698523e-05
0.87 6.00549763115e-09 2.24631308146e-05
0.87 6.0055391158e-09 3.76656821581e-05
0.87 6.005483803e-09 4.25057191427e-05
0.87 6.00555294408e-09 5.7708969162e-05
0.87 6.00546997487e-09 6.25481328504e-05
0.87 6.00556677239e-09 7.77524307942e-05
0.87 6.00545614678e-09 8.25903718678e-05
0.87 6.00558060074e-09 9.77960671271e-05
0.87 6.00544231873e-09 0.000102632436268
0.87 6.00559442911e-09 0.000117839878091
lowest error 0.88 1.57617705127e-06
0.88 1.57617705127e-06 3.83343202421e-05
0.88 1.57617342199e-06 0.000108118752938
0.88 1.57618068055e-06 0.000184778068424
0.88 1.57616979272e-06 0.000254581151709
0.88 1.57618430985e-06 0.000331212492073
0.88 1.57616616346e-06 0.000401052876665
0.88 1.57618793915e-06 0.000477637592041
0.88 1.57616253421e-06 0.000547533928401
0.88 1.57619156846e-06 0.000624053368794
0.88 1.57615890496e-06 0.000694024307379
0.88 1.57619519778e-06 0.000770459822923
0.88 1.57615527573e-06 0.000840524014455
lowest error 0.88 6.22813474629e-09
0.88 6.22813474629e-09 6.94357007802e-06
0.88 6.22814908711e-09 1.42806419938e-05
0.88 6.22812040549e-09 2.81675863336e-05
0.88 6.22816342797e-09 3.55050499214e-05
0.88 6.22810606473e-09 4.93914066988e-05
0.88 6.22817776886e-09 5.67296537448e-05
0.88 6.228091724e-09 7.06150312513e-05
0.88 6.22819210979e-09 7.79544533898e-05
0.88 6.22807738331e-09 9.18384599178e-05
0.88 6.22820645075e-09 9.91794489336e-05
0.88 6.22806304265e-09 0.000113061692775
0.88 6.22822079174e-09 0.000120404640302
lowest error 0.89 1.62497992472e-06
0.89 1.62497992472e-06 3.98598651437e-05
0.89 1.62497618307e-06 0.000151751500662
0.89 1.62498366638e-06 0.000231455268825
0.89 1.62497244143e-06 0.000343378829751
0.89 1.62498740805e-06 0.000423034712052
0.89 1.6249686998e-06 0.000535022123453
0.89 1.62499114972e-06 0.000614598195985
0.89 1.62496495817e-06 0.0007266813831
0.89 1.62499489141e-06 0.000806145721954
0.89 1.62496121656e-06 0.000918356610018
0.89 1.6249986331e-06 0.000997677291287
0.89 1.62495747495e-06 0.00111004780537
lowest error 0.89 6.56319034794e-09
0.89 6.56319034794e-09 7.29630024265e-06
0.89 6.56317523565e-09 1.53641820422e-05
0.89 6.56320546026e-09 2.99570058289e-05
0.89 6.5631601234e-09 3.80244410674e-05
0.89 6.56322057262e-09 5.26179346378e-05
0.89 6.56314501119e-09 6.06844768765e-05
0.89 6.56323568501e-09 7.52790867531e-05
0.89 6.563129899e-09 8.33442893904e-05
0.89 6.56325079744e-09 9.79404620955e-05
0.89 6.56311478686e-09 0.000106003878692
0.89 6.5632659099e-09 0.000120602060709
0.89 6.56309967474e-09 0.000128663244704
lowest error 0.9 1.63093254842e-06
0.9 1.63093254842e-06 3.5751262526e-05
0.9 1.63093630378e-06 0.000130548468929
0.9 1.63092879306e-06 0.000202063018837
0.9 1.63094005915e-06 0.000296836176248
0.9 1.63092503771e-06 0.000368386800875
0.9 1.63094381454e-06 0.000463111860598
0.9 1.63092128237e-06 0.000534722609508
0.9 1.63094756993e-06 0.000629375522699
0.9 1.63091752704e-06 0.000701070445607
0.9 1.63095132533e-06 0.000795627163421
0.9 1.63091377172e-06 0.000867430310043
0.9 1.63095508074e-06 0.000961866783633
lowest error 0.9 6.65268560673e-09
0.9 6.65268560673e-09 1.6993740708e-06
0.9 6.65270092513e-09 1.96971685198e-05
0.9 6.65267028838e-09 2.30957176526e-05
0.9 6.65271624355e-09 4.10939101596e-05
0.9 6.65265497006e-09 4.44918621509e-05
0.9 6.65273156202e-09 6.24908508877e-05
0.9 6.65263965177e-09 6.5887807644e-05
0.9 6.65274688052e-09 8.38879906304e-05
0.9 6.65262433352e-09 8.72835540577e-05
0.9 6.65276219905e-09 0.000105285329466
0.9 6.6526090153e-09 0.00010867910147
0.9 6.65277751762e-09 0.000126682867319
lowest error 0.95 1.64184819558e-06
0.95 1.64184819558e-06 3.14282685223e-05
0.95 1.64185197608e-06 0.000125368049794
0.95 1.64184441509e-06 0.00018823527659
0.95 1.64185575659e-06 0.000282153678951
0.95 1.64184063461e-06 0.000345052975136
0.95 1.6418595371e-06 0.000438928619953
0.95 1.64183685413e-06 0.00050188136489
0.95 1.64186331763e-06 0.000595692873392
0.95 1.64183307367e-06 0.000658720446581
0.95 1.64186709816e-06 0.000752446439994
0.95 1.64182929321e-06 0.000815570220798
0.95 1.64187087871e-06 0.00090918932049
lowest error 0.95 7.60527635933e-09
0.95 7.60527635933e-09 5.87344846048e-06
0.95 7.60529387115e-09 1.56475866588e-05
0.95 7.60525884755e-09 2.73942821711e-05
0.95 7.605311383e-09 3.71688231118e-05
0.95 7.60524133582e-09 4.89149145513e-05
0.95 7.6053288949e-09 5.86902609774e-05
0.95 7.60522382412e-09 7.04353455272e-05
0.95 7.60534640684e-09 8.02119001806e-05
0.95 7.60520631247e-09 9.1955575138e-05
0.95 7.60536391881e-09 0.000101733740762
0.95 7.60518880085e-09 0.000113475603424
0.95 7.60538143083e-09 0.000123255782761
lowest error 1.5 7.39448615277e-07
1.5 7.39448615277e-07 1.75094100126e-05
1.5 7.39450317922e-07 7.2757090031e-05
1.5 7.39446912635e-07 0.000107779452795
1.5 7.39452020571e-07 0.000163020047395
1.5 7.39445209998e-07 0.000198053038455
1.5 7.39453723224e-07 0.000253279462378
1.5 7.39443507364e-07 0.000288330167131
1.5 7.39455425881e-07 0.000343535335041
1.5 7.39441804735e-07 0.000378610838964
1.5 7.39457128542e-07 0.00043378766552
1.5 7.39440102109e-07 0.000468895054011
1.5 7.39458831207e-07 0.000524036453956
lowest error 1.5 1.44645191236e-08
1.5 1.44645191236e-08 1.94350934368e-06
1.5 1.44645524294e-08 1.81067504594e-05
1.5 1.44644858179e-08 2.19935943599e-05
1.5 1.44645857353e-08 3.81571850507e-05
1.5 1.44644525122e-08 4.20435045907e-05
1.5 1.44646190413e-08 5.8207794432e-05
1.5 1.44644192066e-08 6.20932400381e-05
1.5 1.44646523474e-08 7.82585785868e-05
1.5 1.44643859011e-08 8.2142800685e-05
1.5 1.44646856535e-08 9.83095375524e-05
1.5 1.44643525956e-08 0.000102192186569
1.5 1.44647189597e-08 0.000118360671312
lowest error 1.6 6.43140708891e-07
1.6 6.43140708891e-07 5.61387378579e-05
1.6 6.43142189779e-07 6.55289312403e-05
1.6 6.43139228007e-07 0.000177812843234
1.6 6.43143670671e-07 0.000187190164399
1.6 6.43137747126e-07 0.000299493385232
1.6 6.43145151565e-07 0.000308844961957
1.6 6.43136266248e-07 0.000421180364081
1.6 6.43146632463e-07 0.000430493324151
1.6 6.43134785374e-07 0.000542873780341
1.6 6.43148113365e-07 0.000552135251532
1.6 6.43133304503e-07 0.000664573634241
1.6 6.4314959427e-07 0.000673770744336
lowest error 1.6 1.79143064841e-08
1.6 1.79143064841e-08 7.45722029372e-06
1.6 1.79143477333e-08 1.29796736932e-05
1.6 1.79142652349e-08 2.78939326703e-05
1.6 1.79143889827e-08 3.34167492753e-05
1.6 1.79142239858e-08 4.83304634726e-05
1.6 1.79144302321e-08 5.38540064539e-05
1.6 1.79141827368e-08 6.87668126855e-05
1.6 1.79144714817e-08 7.42914452307e-05
1.6 1.7914141488e-08 8.92029803099e-05
1.6 1.79145127313e-08 9.47290656068e-05
1.6 1.79141002392e-08 0.000109638966348
1.6 1.79145539811e-08 0.000115166867566
lowest error 1.7 5.46672213578e-07
1.7 5.46672213578e-07 6.49823961441e-06
1.7 5.46673472339e-07 7.40385185258e-05
1.7 5.4667095482e-07 8.70378178481e-05
1.7 5.46674731102e-07 0.000154572456601
1.7 5.46669696065e-07 0.000167580216416
1.7 5.46675989869e-07 0.000235103574708
1.7 5.46668437313e-07 0.000248125435347
1.7 5.46677248638e-07 0.000315631872948
1.7 5.46667178564e-07 0.000328673474737
1.7 5.4667850741e-07 0.000396157351418
1.7 5.46665919818e-07 0.000409224334688
1.7 5.46679766186e-07 0.000476680010218
lowest error 1.7 2.15089891257e-08
1.7 2.15089891257e-08 1.06687485619e-05
1.7 2.15089395995e-08 1.07972446091e-05
1.7 2.15090386521e-08 3.21349420576e-05
1.7 2.15088900734e-08 3.22630374376e-05
1.7 2.15090881785e-08 5.36013359178e-05
1.7 2.15088405474e-08 5.3728629926e-05
1.7 2.15091377051e-08 7.50679301258e-05
1.7 2.15087910215e-08 7.51940220765e-05
1.7 2.15091872318e-08 9.65347246837e-05
1.7 2.15087414958e-08 9.66592138902e-05
1.7 2.15092367585e-08 0.000118001719593
1.7 2.15086919701e-08 0.000118124205351
lowest error 1.8 5.04868180511e-07
1.8 5.04868180511e-07 3.4750954967e-06
1.8 5.0486701801e-07 8.71484251976e-05
1.8 5.04869343014e-07 9.40950456192e-05
1.8 5.04865855512e-07 0.000177775516601
1.8 5.0487050552e-07 0.000184711425234
1.8 5.04864693017e-07 0.000268406178858
1.8 5.04871668028e-07 0.00027532423464
1.8 5.04863530524e-07 0.000359040412105
1.8 5.0487283054e-07 0.000365933473896
1.8 5.04862368034e-07 0.000449678216487
1.8 5.04873993054e-07 0.000456539143146
1.8 5.04861205547e-07 0.000540319592062
lowest error 1.8 2.48507213695e-08
1.8 2.48507213695e-08 6.14983145475e-06
1.8 2.48506641486e-08 1.53010239736e-05
1.8 2.48507785904e-08 2.76008869453e-05
1.8 2.48506069279e-08 3.67516793416e-05
1.8 2.48508358115e-08 4.9052142499e-05
1.8 2.48505497073e-08 5.82021346327e-05
1.8 2.48508930327e-08 7.05035981183e-05
1.8 2.48504924869e-08 7.96523898865e-05
1.8 2.48509502541e-08 9.19552538057e-05
1.8 2.48504352666e-08 0.000101102445086
1.8 2.48510074756e-08 0.000113407109543
1.8 2.48503780464e-08 0.000122552300233
lowest error 1.9 4.77763535631e-07
1.9 4.77763535631e-07 1.76012883175e-05
1.9 4.77764635723e-07 3.80420890771e-05
1.9 4.77762435541e-07 7.32460119024e-05
1.9 4.77765735818e-07 9.36841203152e-05
1.9 4.77761335453e-07 0.00012889208171
1.9 4.77766835916e-07 0.000149324805428
1.9 4.77760235368e-07 0.000184539497722
1.9 4.77767936016e-07 0.000204964144449
1.9 4.77759135286e-07 0.000240188260072
1.9 4.77769036118e-07 0.00026060213736
1.9 4.77758035206e-07 0.000295838368742
1.9 4.77770136223e-07 0.000316238784295
lowest error 1.9 2.8915253226e-08
1.9 2.8915253226e-08 1.63193949998e-06
1.9 2.89153198059e-08 1.80844810345e-05
1.9 2.89151866462e-08 2.13481910194e-05
1.9 2.8915386386e-08 3.78010705679e-05
1.9 2.89151200666e-08 4.10642735256e-05
1.9 2.89154529662e-08 5.75178291364e-05
1.9 2.89150534872e-08 6.07801870198e-05
1.9 2.89155195465e-08 7.72347567244e-05
1.9 2.89149869079e-08 8.04959315039e-05
1.9 2.89155861271e-08 9.69518533327e-05
1.9 2.89149203287e-08 0.000100211506978
1.9 2.89156527077e-08 0.000116669118964
lowest error 2.0 4.15654034223e-07
2.0 4.15654034223e-07 7.30345840605e-06
2.0 4.15653077145e-07 5.25844181278e-05
2.0 4.15654991303e-07 6.71897756566e-05
2.0 4.15652120069e-07 0.000112473854094
2.0 4.15655948385e-07 0.000127074533611
2.0 4.15651162996e-07 0.000172364849478
2.0 4.15656905469e-07 0.00018695773231
2.0 4.15650205925e-07 0.000232257404322
2.0 4.15657862555e-07 0.000246839371792
2.0 4.15649248856e-07 0.000292151518666
2.0 4.15658819644e-07 0.0003067194521
2.0 4.1564829179e-07 0.000352047192549
lowest error 2.0 3.18118554212e-08
2.0 3.18118554212e-08 7.31805354581e-06
2.0 3.18117821718e-08 1.14053465383e-05
2.0 3.18119286708e-08 2.60416060338e-05
2.0 3.18117089225e-08 3.01285942035e-05
2.0 3.18120019206e-08 4.47653109603e-05
2.0 3.18116356735e-08 4.88516894501e-05
2.0 3.18120751705e-08 6.34891683102e-05
2.0 3.18115624245e-08 6.757463228e-05
2.0 3.18121484206e-08 8.2213178084e-05
2.0 3.18114891758e-08 8.62974226941e-05
2.0 3.18122216708e-08 0.000100937340284
2.0 3.18114159272e-08 0.000105020060694
lowest error 2.1 3.67619889352e-07
2.1 3.67619889352e-07 1.08299878145e-05
2.1 3.67619042877e-07 3.59727488193e-05
2.1 3.67620735829e-07 5.76317720737e-05
2.1 3.67618196404e-07 8.27764378473e-05
2.1 3.67621582308e-07 0.000104432603936
2.1 3.67617349933e-07 0.000129581079288
2.1 3.67622428789e-07 0.000151232483503
2.1 3.67616503464e-07 0.000176386673163
2.1 3.67623275272e-07 0.000198031410755
2.1 3.67615656996e-07 0.000223193219447
2.1 3.67624121757e-07 0.000244829385708
2.1 3.67614810531e-07 0.000270000718245
lowest error 2.1 3.47522557773e-08
2.1 3.47522557773e-08 3.43107786449e-06
2.1 3.47521757573e-08 1.51887714401e-05
2.1 3.47523357974e-08 2.2051077909e-05
2.1 3.47520957376e-08 3.38084699898e-05
2.1 3.47524158177e-08 4.06712286942e-05
2.1 3.4752015718e-08 5.24280178196e-05
2.1 3.47524958382e-08 5.9291530222e-05
2.1 3.47519356986e-08 7.10474149126e-05
2.1 3.47525758588e-08 7.79119824919e-05
2.1 3.47518556794e-08 8.96666612715e-05
2.1 3.47526558797e-08 9.65325854905e-05
2.1 3.47517756604e-08 0.000108285756896
lowest error 2.2 3.2622707336e-07
2.2 3.2622707336e-07 4.58831582684e-06
2.2 3.26227824527e-07 4.74025897965e-05
2.2 3.26226322196e-07 5.65803967154e-05
2.2 3.26228575695e-07 9.93923201809e-05
2.2 3.26225571033e-07 0.000108573652849
2.2 3.26229326865e-07 0.000151380875353
2.2 3.26224819871e-07 0.000160568084348
2.2 3.26230078036e-07 0.00020336825534
2.2 3.26224068712e-07 0.00021256369119
2.2 3.2623082921e-07 0.000255354460121
2.2 3.26223317554e-07 0.000264560473405
2.2 3.26231580385e-07 0.000307339489817
lowest error 2.2 3.72400280989e-08
2.2 3.72400280989e-08 8.82575271444e-06
2.2 3.72399423507e-08 9.24005455305e-06
2.2 3.72401138474e-08 2.6891701884e-05
2.2 3.72398566026e-08 2.73057199194e-05
2.2 3.7240199596e-08 4.49577929409e-05
2.2 3.72397708548e-08 4.53712433863e-05
2.2 3.72402853448e-08 6.30240259176e-05
2.2 3.72396851072e-08 6.34366249543e-05
2.2 3.72403710938e-08 8.10904008004e-05
2.2 3.72395993597e-08 8.15018646088e-05
2.2 3.72404568431e-08 9.91569175892e-05
2.2 3.72395136125e-08 9.95669623824e-05
lowest error 2.3 2.90523989969e-07
2.3 2.90523989969e-07 3.072523866e-06
2.3 2.90523321014e-07 2.98279805881e-05
2.3 2.90524658926e-07 3.59725576984e-05
2.3 2.9052265206e-07 6.27289556414e-05
2.3 2.90525327885e-07 6.8872120917e-05
2.3 2.90521983107e-07 9.56304013586e-05
2.3 2.90525996845e-07 0.000101771213528
2.3 2.90521314157e-07 0.000128532317718
2.3 2.90526665806e-07 0.000134669835537
2.3 2.90520645207e-07 0.000161434704725
2.3 2.90527334769e-07 0.000167567986922
2.3 2.9051997626e-07 0.000194337562387
lowest error 2.3 4.01344208152e-08
2.3 4.01344208152e-08 3.40549290279e-06
2.3 4.01343284023e-08 1.28064842171e-05
2.3 4.01345132282e-08 1.96175842961e-05
2.3 4.01342359897e-08 2.90183470639e-05
2.3 4.01346056414e-08 3.58297899643e-05
2.3 4.01341435774e-08 4.52300956386e-05
2.3 4.01346980549e-08 5.20421098935e-05
2.3 4.01340511652e-08 6.14417299274e-05
2.3 4.01347904685e-08 6.82545441131e-05
2.3 4.01339587532e-08 7.76532499605e-05
2.3 4.01348828824e-08 8.44670926097e-05
2.3 4.01338663415e-08 9.38646557231e-05
lowest error 2.4 2.59618119587e-07
2.4 2.59618119587e-07 4.29328006346e-06
2.4 2.5961871738e-07 3.34752456017e-05
2.4 2.59617521795e-07 4.2062425972e-05
2.4 2.59619315175e-07 7.12431510999e-05
2.4 2.59616924004e-07 7.98321921001e-05
2.4 2.59619912971e-07 0.00010901043641
2.4 2.59616326214e-07 0.000117602578458
2.4 2.59620510769e-07 0.00014677710154
2.4 2.59615728426e-07 0.000155373585056
2.4 2.59621108568e-07 0.000184543146502
2.4 2.5961513064e-07 0.000193145211905
2.4 2.59621706368e-07 0.000222308571304
lowest error 2.4 4.30679301482e-08
2.4 4.30679301482e-08 2.88899789691e-06
2.4 4.30680293159e-08 1.11180811921e-05
2.4 4.30678309807e-08 1.68959916707e-05
2.4 4.30681284838e-08 2.5125245585e-05
2.4 4.30677318135e-08 3.09029001535e-05
2.4 4.3068227652e-08 3.9132495282e-05
2.4 4.30676326465e-08 4.49097233353e-05
2.4 4.30683268203e-08 5.31398302832e-05
2.4 4.30675334797e-08 5.89164612146e-05
2.4 4.30684259889e-08 6.71472505904e-05
2.4 4.30674343132e-08 7.29231137928e-05
2.4 4.30685251578e-08 8.11547561907e-05
lowest error 2.5 2.31989324322e-07
2.5 2.31989324322e-07 6.26737021836e-06
2.5 2.31989858498e-07 1.81036499636e-05
2.5 2.31988790148e-07 3.06386486399e-05
2.5 2.31990392675e-07 4.24744119085e-05
2.5 2.31988255974e-07 5.50101853034e-05
2.5 2.31990926853e-07 6.68449156191e-05
2.5 2.31987721802e-07 7.9381980191e-05
2.5 2.31991461033e-07 9.12151610764e-05
2.5 2.31987187631e-07 0.000103754033348
2.5 2.31991995213e-07 0.000115585148327
2.5 2.31986653462e-07 0.000128126344756
2.5 2.31992529395e-07 0.000139954877351
lowest error 2.5 4.57431428355e-08
2.5 4.57431428355e-08 5.11139661041e-06
2.5 4.57432481631e-08 1.07167133758e-05
2.5 4.57430375081e-08 2.0939397686e-05
2.5 4.57433534909e-08 2.6544932302e-05
2.5 4.5742932181e-08 3.67672898363e-05
2.5 4.5743458819e-08 4.23732601549e-05
2.5 4.57428268541e-08 5.25950730634e-05
2.5 4.57435641473e-08 5.82016969353e-05
2.5 4.57427215275e-08 6.84227473675e-05
2.5 4.57436694759e-08 7.40302426436e-05
2.5 4.57426162011e-08 8.42503127494e-05
2.5 4.57437748047e-08 8.98588972813e-05
lowest error 2.6 2.07511418909e-07
2.6 2.07511418909e-07 5.93916855918e-06
2.6 2.07511896722e-07 2.12403892159e-05
2.6 2.07510941096e-07 3.31190475236e-05
2.6 2.07512374536e-07 4.84196258053e-05
2.6 2.07510463285e-07 6.02992476564e-05
2.6 2.07512852352e-07 7.55985412133e-05
2.6 2.07509985475e-07 8.74797690105e-05
2.6 2.07513330168e-07 0.000102777135444
2.6 2.07509507667e-07 0.000114660611566
2.6 2.07513807986e-07 0.000129955408476
2.6 2.07509029859e-07 0.000141841775324
2.6 2.07514285805e-07 0.000157133360362
lowest error 2.6 4.95648732598e-08
2.6 4.95648732598e-08 4.83700267395e-06
2.6 4.95647591326e-08 9.27036401333e-06
2.6 4.95649873873e-08 1.89444558911e-05
2.6 4.95646450056e-08 2.33776441583e-05
2.6 4.9565101515e-08 3.30519956382e-05
2.6 4.9564530879e-08 3.74848377871e-05
2.6 4.9565215643e-08 4.7159621916e-05
2.6 4.95644167525e-08 5.15919448882e-05
2.6 4.95653297712e-08 6.1267334726e-05
2.6 4.95643026264e-08 6.56989654613e-05
2.6 4.95654438998e-08 7.53751340676e-05
2.6 4.95641885005e-08 7.98058995071e-05
lowest error 2.7 1.85418045992e-07
2.7 1.85418045992e-07 5.76186946244e-06
2.7 1.85417619052e-07 1.24091216218e-05
2.7 1.85418472934e-07 2.39327169891e-05
2.7 1.85417192113e-07 3.05802562495e-05
2.7 1.85418899876e-07 4.2103420959e-05
2.7 1.85416765174e-07 4.87515344529e-05
2.7 1.85419326819e-07 6.02739813731e-05
2.7 1.85416338237e-07 6.6922956218e-05
2.7 1.85419753764e-07 7.84443982327e-05
2.7 1.85415911301e-07 8.50945215451e-05
2.7 1.85420180709e-07 9.66146715391e-05
2.7 1.85415484365e-07 0.000103266230436
lowest error 2.7 5.32174425506e-08
2.7 5.32174425506e-08 3.36340492524e-06
2.7 5.32175650884e-08 8.53691204572e-06
2.7 5.3217320013e-08 1.52636603343e-05
2.7 5.32176876265e-08 2.04372906003e-05
2.7 5.32171974758e-08 2.71638541709e-05
2.7 5.32178101649e-08 3.23377307279e-05
2.7 5.32170749388e-08 3.90639864354e-05
2.7 5.32179327036e-08 4.42382324293e-05
2.7 5.32169524021e-08 5.09640571287e-05
2.7 5.32180552425e-08 5.61387957045e-05
2.7 5.32168298656e-08 6.28640662499e-05
2.7 5.32181777818e-08 6.80394205541e-05
lowest error 2.8 1.66933308163e-07
2.8 1.66933308163e-07 3.46141770446e-06
2.8 1.66932923786e-07 1.42517995876e-05
2.8 1.66933692542e-07 2.11744985807e-05
2.8 1.66932539409e-07 3.19651532967e-05
2.8 1.66934076921e-07 3.88874430426e-05
2.8 1.66932155033e-07 4.96786434074e-05
2.8 1.66934461302e-07 5.66002510909e-05
2.8 1.66931770658e-07 6.7392269953e-05
2.8 1.66934845683e-07 7.43129227105e-05
2.8 1.66931386284e-07 8.51060329183e-05
2.8 1.66935230065e-07 9.20254579344e-05
2.8 1.6693100191e-07 0.000102819932305
lowest error 2.8 5.900747078e-08
2.8 5.900747078e-08 4.62851762029e-06
2.8 5.90076066498e-08 7.10192989928e-06
2.8 5.90073349104e-08 1.63589053126e-05
2.8 5.900774252e-08 1.88324372368e-05
2.8 5.90071990411e-08 2.80892331785e-05
2.8 5.90078783905e-08 3.05630044126e-05
2.8 5.90070631722e-08 3.98195012172e-05
2.8 5.90080142614e-08 4.22936314166e-05
2.8 5.90069273036e-08 5.15497094296e-05
2.8 5.90081501325e-08 5.40243182492e-05
2.8 5.90067914353e-08 6.32798578049e-05
2.8 5.90082860039e-08 6.57550649104e-05
lowest error 2.9 1.43815269682e-07
2.9 1.43815269682e-07 4.72546417685e-06
2.9 1.43814938535e-07 5.79949860136e-06
2.9 1.43815600829e-07 1.52503787927e-05
2.9 1.43814607389e-07 1.63245095335e-05
2.9 1.43815931977e-07 2.57752452453e-05
2.9 1.43814276244e-07 2.68495686382e-05
2.9 1.43816263126e-07 3.63000635359e-05
2.9 1.438139451e-07 3.73746759066e-05
2.9 1.43816594275e-07 4.68248336642e-05
2.9 1.43813613957e-07 4.78998313387e-05
2.9 1.43816925426e-07 5.73495556213e-05
2.9 1.43813282814e-07 5.84250349345e-05
lowest error 2.9 6.47761303192e-08
2.9 6.47761303192e-08 6.79283413962e-07
2.9 6.47759811668e-08 6.67329253634e-06
2.9 6.47762794719e-08 8.03188286902e-06
2.9 6.47758320148e-08 1.40258449819e-05
2.9 6.4776428625e-08 1.53845058222e-05
2.9 6.47756828631e-08 2.13783739236e-05
2.9 6.47765777784e-08 2.27371522863e-05
2.9 6.47755337117e-08 2.87308793605e-05
2.9 6.47767269322e-08 3.00898222552e-05
2.9 6.47753845607e-08 3.60833612869e-05
2.9 6.47768760863e-08 3.74425157292e-05
2.9 6.47752354101e-08 4.34358197152e-05
lowest error 3.0 1.14525448179e-07
3.0 1.14525448179e-07 3.990955455e-07
3.0 1.14525184474e-07 2.82949819486e-06
3.0 1.14525711884e-07 3.62768475348e-06
3.0 1.14524920771e-07 6.05809646403e-06
3.0 1.14525975589e-07 6.85626942953e-06
3.0 1.14524657068e-07 9.2866992687e-06
3.0 1.14526239295e-07 1.00848495737e-05
3.0 1.14524393365e-07 1.25153066053e-05
3.0 1.14526503002e-07 1.33134251858e-05
3.0 1.14524129663e-07 1.57439184738e-05
3.0 1.14526766709e-07 1.65419962626e-05
3.0 1.14523865962e-07 1.89725348747e-05
lowest error 3.0 7.99028002984e-08
3.0 7.99028002984e-08 1.27812656014e-07
3.0 7.99029842816e-08 1.82389331949e-06
3.0 7.99026163156e-08 2.07951697373e-06
3.0 7.99031682652e-08 3.77560095099e-06
3.0 7.99024323332e-08 4.03121963721e-06
3.0 7.99033522493e-08 5.72731023896e-06
3.0 7.99022483513e-08 5.98292064424e-06
3.0 7.99035362337e-08 7.67902118293e-06
3.0 7.99020643698e-08 7.93461999482e-06
3.0 7.99037202186e-08 9.63073378335e-06
3.0 7.99018803887e-08 9.88631768983e-06
3.0 7.9903904204e-08 1.1582448038e-05
