0.002 0.00012589254 0.94605475 1 1 0.040431082 0.763911
0.002 0.00015848932 0.94720935 1 1 0.028532342 0.81780878
0.002 0.00019952623 0.94237356 1 1 0.01612098 0.83097538
0.002 0.0001 0.94782434 1 1 0.048962292 0.70550204
0.002 0.00025118864 0.94699718 1 1 0.0091852512 0.86226942
0.002 0.00031622777 0.94716677 1 1 0.0035446856 0.8946384
0.002 0.001 0.94395161 1 1 3.4128884e-09 0.99335207
0.002 0.0031622777 0.94747434 1 1 0 0.0
0.002 0.01 0.93938784 1 1 0 0.0
0.002 0.031622777 0.94528264 1 1 0 0.0
0.002 0.1 0.93571141 1 1 0 0.0
0.002 1.2589254e-05 0.94155582 1 1 0.0055182016 0.52332074
0.002 1.2589254e-06 0.94375 1 1 5.4064561e-05 0.49685417
0.002 1.2589254e-07 0.9445788 1 1 5.7310513e-07 0.48145441
0.002 1.2589254e-08 0.94495781 1 1 5.6552994e-09 0.47794115
0.002 1.2589254e-09 0.94122383 1 1 5.6816702e-11 0.51804946
0.002 1.5848932e-05 0.9389313 1 1 0.0080373876 0.50271375
0.002 1.5848932e-06 0.94609328 1 1 8.9651371e-05 0.50833532
0.002 1.5848932e-07 0.94304689 1 1 8.7425854e-07 0.52356408
0.002 1.5848932e-08 0.94304689 1 1 9.1531737e-09 0.49281545
0.002 1.5848932e-09 0.94018127 1 1 8.4827994e-11 0.51740765
0.002 1.9952623e-05 0.94455645 1 1 0.012155318 0.54358855
0.002 1.9952623e-06 0.94705053 1 1 0.00014205716 0.51302207
0.002 1.9952623e-07 0.94086887 1 1 1.3683284e-06 0.49133191
0.002 1.9952623e-08 0.94292053 1 1 1.3086863e-08 0.50710554
0.002 1.9952623e-09 0.93968637 1 1 1.4208313e-10 0.46173574
0.002 1e-05 0.93668078 1 1 0.0033729144 0.49535759
0.002 1e-06 0.94138973 1 1 3.6198824e-05 0.50969068
0.002 1e-07 0.94644655 1 1 3.4908879e-07 0.5292358
0.002 1e-08 0.94131881 1 1 3.418695e-09 0.52332485
0.002 1e-09 0.94095123 1 1 3.6273974e-11 0.46973449
0.002 2.5118864e-05 0.94266101 1 1 0.017892245 0.56345531
0.002 2.5118864e-06 0.94068993 1 1 0.00021358004 0.50380501
0.002 2.5118864e-07 0.94585346 1 1 2.1582468e-06 0.51187033
0.002 2.5118864e-08 0.94441088 1 1 2.1704561e-08 0.4837287
0.002 2.5118864e-09 0.94451146 1 1 2.2760723e-10 0.48169263
0.002 3.1622777e-05 0.94439968 1 1 0.025915195 0.52797923
0.002 3.1622777e-06 0.94564123 1 1 0.00034072366 0.53386026
0.002 3.1622777e-07 0.94471348 1 1 3.410897e-06 0.5300609
0.002 3.1622777e-08 0.94624522 1 1 3.5176248e-08 0.51412594
0.002 3.1622777e-09 0.94063005 1 1 3.5937838e-10 0.51251178
0.002 3.9810717e-05 0.94399678 1 1 0.034124305 0.5874629
0.002 3.9810717e-06 0.94788732 1 1 0.00051090482 0.53875334
0.002 3.9810717e-07 0.94729431 1 1 5.5314867e-06 0.50695508
0.002 3.9810717e-08 0.94632087 1 1 5.3297779e-08 0.50373171
0.002 3.9810717e-09 0.94321385 1 1 5.2698779e-10 0.51810242
0.002 5.0118723e-05 0.94678492 1 1 0.046500488 0.58114254
0.002 5.0118723e-06 0.94516129 1 1 0.00084686784 0.53656275
0.002 5.0118723e-07 0.94910119 1 1 8.4830345e-06 0.50402848
0.002 5.0118723e-08 0.93957704 1 1 8.7265613e-08 0.5213001
0.002 5.0118723e-09 0.94257506 1 1 8.7982664e-10 0.49364528
0.002 6.3095734e-05 0.94361659 1 1 0.048641226 0.62225273
0.002 6.3095734e-06 0.94176909 1 1 0.0013171975 0.49693426
0.002 6.3095734e-07 0.94260975 1 1 1.370571e-05 0.51291589
0.002 6.3095734e-08 0.94218372 1 1 1.4271434e-07 0.52617761
0.002 6.3095734e-09 0.94677419 1 1 1.414049e-09 0.5085189
0.002 7.9432823e-05 0.94461229 1 1 0.053875994 0.66488663
0.002 7.9432823e-06 0.94744261 1 1 0.0021982032 0.49313436
0.002 7.9432823e-07 0.94676346 1 1 2.2467174e-05 0.50090248
0.002 7.9432823e-08 0.94082004 1 1 2.2565763e-07 0.51064455
0.002 7.9432823e-09 0.94123586 1 1 2.3114806e-09 0.51026591
0.005 0.00012589254 0.90398551 1 1 0.003593789 0.87782028
0.005 0.00015848932 0.90932851 1 1 0.0010441594 0.88941587
0.005 0.00019952623 0.91129032 1 1 0.00020135645 0.95959034
0.005 0.0001 0.90985915 1 1 0.0072221987 0.82445902
0.005 0.00025118864 0.91819095 1 1 4.4545548e-05 0.8313658
0.005 0.00031622777 0.90672844 1 1 2.1048838e-06 0.93704791
0.005 0.001 0.91400888 1 1 1.0792608e-41 0.99999986
0.005 0.0031622777 0.91464891 1 1 0 0.0
0.005 0.01 0.90945755 1 1 0 0.0
0.005 0.031622777 0.91201933 1 1 0 0.0
0.005 0.1 0.91150978 1 1 0 0.0
0.005 1.2589254e-05 0.91829736 1 1 0.025198527 0.51884916
0.005 1.2589254e-06 0.90883478 1 1 0.0003342768 0.47161424
0.005 1.2589254e-07 0.90497282 1 1 3.5519135e-06 0.46759352
0.005 1.2589254e-08 0.90677966 1 1 3.5950762e-08 0.45581406
0.005 1.2589254e-09 0.91171135 1 1 3.5047552e-10 0.46848878
0.005 1.5848932e-05 0.91666667 1 1 0.035122754 0.53186499
0.005 1.5848932e-06 0.90265487 1 1 0.00051692978 0.47344514
0.005 1.5848932e-07 0.9101736 1 1 5.4613745e-06 0.46409256
0.005 1.5848932e-08 0.90753425 1 1 5.8766164e-08 0.4675921
0.005 1.5848932e-09 0.91324477 1 1 5.5801188e-10 0.48183515
0.005 1.9952623e-05 0.91467096 1 1 0.044491696 0.55118417
0.005 1.9952623e-06 0.90669616 1 1 0.00085301904 0.510104
0.005 1.9952623e-07 0.90936556 1 1 9.2061111e-06 0.46969274
0.005 1.9952623e-08 0.91354293 1 1 8.5357236e-08 0.4687555
0.005 1.9952623e-09 0.90762404 1 1 9.2000653e-10 0.47519001
0.005 1e-05 0.90804829 1 1 0.017834915 0.50614909
0.005 1e-06 0.90506968 1 1 0.00022543345 0.48328521
0.005 1e-07 0.90489623 1 1 2.2306101e-06 0.48062698
0.005 1e-08 0.91725388 1 1 2.4618559e-08 0.43791152
0.005 1e-09 0.90533736 1 1 2.1573729e-10 0.4920908
0.005 2.5118864e-05 0.91500101 1 1 0.052231452 0.59319446
0.005 2.5118864e-06 0.90520371 1 1 0.0013563651 0.43860569
0.005 2.5118864e-07 0.90965921 1 1 1.3292993e-05 0.47227589
0.005 2.5118864e-08 0.91033649 1 1 1.4685807e-07 0.46804003
0.005 2.5118864e-09 0.90737012 1 1 1.3840386e-09 0.4726755
0.005 3.1622777e-05 0.90590369 1 1 0.053821817 0.62640313
0.005 3.1622777e-06 0.90790267 1 1 0.0021693136 0.49579434
0.005 3.1622777e-07 0.90742235 1 1 2.158674e-05 0.47962486
0.005 3.1622777e-08 0.9076087 1 1 2.2816362e-07 0.4688113
0.005 3.1622777e-09 0.90613646 1 1 2.3605801e-09 0.50214619
0.005 3.9810717e-05 0.91330645 1 1 0.049909082 0.68394062
0.005 3.9810717e-06 0.91299094 1 1 0.0032259666 0.48256959
0.005 3.9810717e-07 0.90844928 1 1 3.4919755e-05 0.49831562
0.005 3.9810717e-08 0.90953053 1 1 3.4533125e-07 0.47612937
0.005 3.9810717e-09 0.91565779 1 1 3.4348366e-09 0.48718828
0.005 5.0118723e-05 0.9126664 1 1 0.039864128 0.69649413
0.005 5.0118723e-06 0.90896274 1 1 0.0052511266 0.4739654
0.005 5.0118723e-07 0.91263115 1 1 5.502491e-05 0.48486252
0.005 5.0118723e-08 0.90958628 1 1 5.6920062e-07 0.49012957
0.005 5.0118723e-09 0.90562613 1 1 5.6459076e-09 0.49658825
0.005 6.3095734e-05 0.90536723 1 1 0.028445881 0.77430799
0.005 6.3095734e-06 0.90916415 1 1 0.0077319833 0.51015321
0.005 6.3095734e-07 0.91149194 1 1 9.06639e-05 0.51385402
0.005 6.3095734e-08 0.91193698 1 1 8.5693104e-07 0.46968335
0.005 6.3095734e-09 0.91443527 1 1 9.0376796e-09 0.45893871
0.005 7.9432823e-05 0.91449889 1 1 0.017793397 0.76949128
0.005 7.9432823e-06 0.91693548 1 1 0.011926173 0.52198708
0.005 7.9432823e-08 0.91421667 1 1 1.4590946e-06 0.44211363
0.005 7.9432823e-09 0.91229839 1 1 1.4031948e-08 0.47498257
0.01 0.00012589254 0.90745605 1 1 3.5565135e-05 0.89981021
0.01 0.00015848932 0.90542448 1 1 1.0074047e-06 0.82612712
0.01 0.00019952623 0.89707956 1 1 2.0378618e-08 0.99996608
0.01 0.0001 0.8941628 1 1 0.0002034437 0.88594771
0.01 0.00025118864 0.90282258 1 1 9.1008628e-12 0.99989733
0.01 0.00031622777 0.90024135 1 1 1.9588775e-17 0.0018957377
0.01 0.001 0.89003228 1 1 0 0.0
0.01 0.0031622777 0.89197904 1 1 0 0.0
0.01 0.01 0.89707366 1 1 0 0.0
0.01 0.031622777 0.89848638 1 1 0 0.0
0.01 0.1 0.90413724 1 1 0 0.0
0.01 1.2589254e-05 0.89621121 1 1 0.051882125 0.56816178
0.01 1.2589254e-06 0.89489611 1 1 0.0013216105 0.44148311
0.01 1.2589254e-07 0.90274415 1 1 1.3909979e-05 0.49386286
0.01 1.2589254e-08 0.89475806 1 1 1.3557116e-07 0.48579057
0.01 1.2589254e-09 0.89774102 1 1 1.4449065e-09 0.46117595
0.01 1.5848932e-05 0.8923821 1 1 0.053937582 0.5958799
0.01 1.5848932e-06 0.90024184 1 1 0.0022280045 0.47834589
0.01 1.5848932e-07 0.90078645 1 1 2.1876455e-05 0.49058039
0.01 1.5848932e-08 0.90491539 1 1 2.1898955e-07 0.4796574
0.01 1.5848932e-09 0.893677 1 1 2.3919191e-09 0.42694097
0.01 1.9952623e-05 0.90074492 1 1 0.052833378 0.6577363
0.01 1.9952623e-06 0.89575758 1 1 0.0033750463 0.50295545
0.01 1.9952623e-07 0.89703808 1 1 3.4364058e-05 0.48070351
0.01 1.9952623e-08 0.90558806 1 1 3.5146508e-07 0.50345208
0.01 1.9952623e-09 0.89806608 1 1 3.443522e-09 0.49760554
0.01 1e-05 0.90116747 1 1 0.041708059 0.5439322
0.01 1e-06 0.90392749 1 1 0.00091280733 0.46278564
0.01 1e-07 0.89614063 1 1 9.1813865e-06 0.4284284
0.01 1e-08 0.89152747 1 1 9.1715272e-08 0.46951973
0.01 1e-09 0.8929867 1 1 8.6670807e-10 0.50720411
0.01 2.5118864e-05 0.90403226 1 1 0.040751397 0.72945321
0.01 2.5118864e-06 0.90161616 1 1 0.0053163834 0.49356887
0.01 2.5118864e-07 0.90038392 1 1 5.4586835e-05 0.50117066
0.01 2.5118864e-08 0.89923263 1 1 5.6979435e-07 0.46639969
0.01 2.5118864e-09 0.8983871 1 1 5.7009958e-09 0.48097804
0.01 3.1622777e-05 0.90177491 1 1 0.027005048 0.73256835
0.01 3.1622777e-06 0.9 1 1 0.0083604338 0.45972944
0.01 3.1622777e-07 0.90133172 1 1 8.45154e-05 0.50238945
0.01 3.1622777e-08 0.89235412 1 1 8.6418334e-07 0.47700598
0.01 3.1622777e-09 0.90245374 1 1 9.1273916e-09 0.45457258
0.01 3.9810717e-05 0.90145103 1 1 0.017528808 0.76668248
0.01 3.9810717e-06 0.89254696 1 1 0.0125486 0.48352942
0.01 3.9810717e-07 0.90103009 1 1 0.00014440155 0.48664902
0.01 3.9810717e-08 0.8990549 1 1 1.4142237e-06 0.45377085
0.01 3.9810717e-09 0.89439742 1 1 1.4054663e-08 0.48011304
0.01 5.0118723e-05 0.89330375 1 1 0.0086330357 0.79214612
0.01 5.0118723e-06 0.90426177 1 1 0.018307038 0.47473281
0.01 5.0118723e-07 0.89377142 1 1 0.00022918667 0.47334094
0.01 5.0118723e-08 0.89393023 1 1 2.1373013e-06 0.49021021
0.01 5.0118723e-09 0.90147385 1 1 2.216639e-08 0.49510968
0.01 6.3095734e-05 0.90696266 1 1 0.0032239498 0.85285992
0.01 6.3095734e-07 0.8999396 1 1 0.00033309513 0.48450785
0.01 6.3095734e-08 0.90461787 1 1 3.8104294e-06 0.45266945
0.01 6.3095734e-09 0.89967703 1 1 3.3322165e-08 0.50442553
0.01 7.9432823e-05 0.90373794 1 1 0.0010974433 0.77671455
0.01 7.9432823e-06 0.90034226 1 1 0.035198629 0.4853925
0.01 7.9432823e-07 0.89338976 1 1 0.00060669093 0.47585445
0.01 7.9432823e-08 0.90008058 1 1 5.2587071e-06 0.49142737
0.01 7.9432823e-09 0.90153349 1 1 5.7394148e-08 0.46471457
0.05 0.00012589254 0.8985478 1 1 0 0.0
0.05 0.00015848932 0.89929507 1 1 0 0.0
0.05 0.00019952623 0.8897844 1 1 0 0.0
0.05 0.0001 0.89207182 1 1 3.6252494e-35 1
0.05 0.00025118864 0.89224572 1 1 0 0.0
0.05 0.00031622777 0.90735146 1 1 0 0.0
0.05 0.001 0.89435484 1 1 0 0.0
0.05 0.0031622777 0.90034295 1 1 0 0.0
0.05 0.01 0.90002016 1 1 0 0.0
0.05 0.031622777 0.89616935 1 1 0 0.0
0.05 0.1 0.89585846 1 1 0 0.0
0.05 1.2589254e-05 0.90144811 1 1 0.0033612395 0.80556493
0.05 1.2589254e-06 0.9021783 1 1 0.026241109 0.51818881
0.05 1.2589254e-07 0.89336827 1 1 0.00036107967 0.48443457
0.05 1.2589254e-08 0.8899859 1 1 3.348763e-06 0.51485642
0.05 1.2589254e-09 0.8990123 1 1 3.2664038e-08 0.43494566
0.05 1.5848932e-05 0.90455095 1 1 0.00099246307 0.8217042
0.05 1.5848932e-06 0.88991935 1 1 0.034130936 0.53128742
0.05 1.5848932e-07 0.89913254 1 1 0.00055193996 0.44879342
0.05 1.5848932e-08 0.8938446 1 1 5.4196486e-06 0.45474592
0.05 1.5848932e-09 0.89693425 1 1 5.4646749e-08 0.4810897
0.05 1.9952623e-05 0.90110775 1 1 0.00017998279 0.79530474
0.05 1.9952623e-06 0.9036096 1 1 0.042414692 0.54911787
0.05 1.9952623e-07 0.90327141 1 1 0.00092127884 0.45101985
0.05 1.9952623e-08 0.89652385 1 1 8.4031117e-06 0.48473193
0.05 1.9952623e-09 0.89808274 1 1 8.5206691e-08 0.4992151
0.05 1e-05 0.90369473 1 1 0.0087276154 0.75329725
0.05 1e-07 0.90277778 1 1 0.00021183721 0.48970503
0.05 1e-08 0.89897364 1 1 2.2238968e-06 0.44781385
0.05 1e-09 0.89832897 1 1 2.2440344e-08 0.49043709
0.05 2.5118864e-05 0.9010101 1 1 2.9428731e-05 0.94526563
0.05 2.5118864e-06 0.8964891 1 1 0.050921586 0.58444136
0.05 2.5118864e-07 0.90225715 1 1 0.001421709 0.46979989
0.05 2.5118864e-08 0.90655903 1 1 1.4310955e-05 0.45591686
0.05 2.5118864e-09 0.90628779 1 1 1.3874913e-07 0.44296128
0.05 3.1622777e-05 0.90224197 1 1 3.6025511e-07 0.82417696
0.05 3.1622777e-06 0.89600967 1 1 0.056599217 0.60105664
0.05 3.1622777e-07 0.89660743 1 1 0.0020939018 0.46554407
0.05 3.1622777e-08 0.90012107 1 1 2.1685204e-05 0.49412672
0.05 3.1622777e-09 0.89869084 1 1 2.1756289e-07 0.44580122
0.05 3.9810717e-05 0.89903459 1 1 1.0378453e-08 0.78046397
0.05 3.9810717e-06 0.90424462 1 1 0.049136219 0.64203879
0.05 3.9810717e-07 0.89166835 1 1 0.0033804561 0.4645129
0.05 3.9810717e-08 0.89750302 1 1 3.5641884e-05 0.47353001
0.05 3.9810717e-09 0.8990123 1 1 3.5447234e-07 0.46179229
0.05 5.0118723e-05 0.89721886 1 1 2.1868776e-11 0.98429769
0.05 5.0118723e-06 0.88745462 1 1 0.042236045 0.70026831
0.05 5.0118723e-07 0.89067848 1 1 0.005135524 0.4703571
0.05 5.0118723e-08 0.90078804 1 1 5.54364e-05 0.48794243
0.05 5.0118723e-09 0.90114989 1 1 5.7002008e-07 0.47221417
0.05 6.3095734e-05 0.90060484 1 1 5.3318104e-17 0.99691793
0.05 6.3095734e-06 0.90266022 1 1 0.03112941 0.7691102
0.05 6.3095734e-07 0.89939516 1 1 0.0080252994 0.48552588
0.05 6.3095734e-08 0.89445005 1 1 8.642055e-05 0.52057384
0.05 6.3095734e-09 0.89818182 1 1 8.6786046e-07 0.46804006
0.05 7.9432823e-05 0.89640549 1 1 2.0560148e-27 3.7776328e-08
0.05 7.9432823e-06 0.89326069 1 1 0.017278244 0.77957556
0.05 7.9432823e-07 0.89739972 1 1 0.013019588 0.48614875
0.05 7.9432823e-08 0.90548166 1 1 0.00014683084 0.46149206
0.05 7.9432823e-09 0.89941544 1 1 1.3144112e-06 0.47801687
0.1 0.00012589254 0.90060241 1 1 0 0.0
0.1 0.00015848932 0.90244882 1 1 0 0.0
0.1 0.00019952623 0.90486726 1 1 0 0.0
0.1 0.0001 0.90325171 1 1 0 0.0
0.1 0.00025118864 0.91445783 1 1 0 0.0
0.1 0.00031622777 0.91190668 1 1 0 0.0
0.1 0.001 0.90905441 1 1 0 0.0
0.1 0.0031622777 0.89921545 1 1 0 0.0
0.1 0.01 0.90520185 1 1 0 0.0
0.1 0.031622777 0.90432161 1 1 0 0.0
0.1 0.1 0.89939759 1 1 0 0.0
0.1 1.2589254e-05 0.90628136 1 1 1.6153978e-05 0.83746709
0.1 1.2589254e-06 0.90522088 1 1 0.051653211 0.59580995
0.1 1.2589254e-07 0.90850722 1 1 0.0013990641 0.48269717
0.1 1.2589254e-08 0.90210632 1 1 1.4424159e-05 0.47721724
0.1 1.2589254e-09 0.90580438 1 1 1.3489802e-07 0.52207749
0.1 1.5848932e-05 0.91246738 1 1 1.2501224e-06 0.23351371
0.1 1.5848932e-06 0.90673367 1 1 0.053376175 0.6361123
0.1 1.5848932e-07 0.90285026 1 1 0.0020170702 0.51998986
0.1 1.5848932e-08 0.90492462 1 1 2.3516881e-05 0.47246371
0.1 1.5848932e-09 0.90969296 1 1 2.1782506e-07 0.48181949
0.1 1.9952623e-05 0.90664525 1 1 1.3513502e-08 0.99372588
0.1 1.9952623e-06 0.90347879 1 1 0.051863363 0.64382324
0.1 1.9952623e-07 0.90343305 1 1 0.0034473489 0.46265912
0.1 1.9952623e-08 0.90816122 1 1 3.6353843e-05 0.47191794
0.1 1.9952623e-09 0.90513438 1 1 3.4510724e-07 0.49396107
0.1 1e-05 0.90235081 1 1 0.00025220553 0.728668
0.1 1e-06 0.90354923 1 1 0.044824791 0.56416397
0.1 1e-07 0.89857401 1 1 0.00086216266 0.49909658
0.1 1e-08 0.90983936 1 1 8.5026632e-06 0.49371464
0.1 1e-09 0.9079607 1 1 8.8711073e-08 0.47778273
0.1 2.5118864e-05 0.90587999 1 1 1.2046082e-12 0.99966332
0.1 2.5118864e-06 0.90520185 1 1 0.040485369 0.70763348
0.1 2.5118864e-07 0.9112628 1 1 0.0054625207 0.49638808
0.1 2.5118864e-08 0.90644449 1 1 5.4694838e-05 0.46435812
0.1 2.5118864e-09 0.9046759 1 1 5.9566737e-07 0.48570343
0.1 3.1622777e-05 0.90255174 1 1 2.4431236e-18 1
0.1 3.1622777e-06 0.9012643 1 1 0.029240185 0.72725082
0.1 3.1622777e-07 0.90194897 1 1 0.0080641178 0.49263416
0.1 3.1622777e-08 0.90170854 1 1 9.3223014e-05 0.47274987
0.1 3.1622777e-09 0.9060241 1 1 8.4189393e-07 0.49785463
0.1 3.9810717e-05 0.91148133 1 1 1.0927099e-26 0.99846454
0.1 3.9810717e-06 0.90318701 1 1 0.017228324 0.79706016
0.1 3.9810717e-07 0.90606182 1 1 0.012830337 0.48401998
0.1 3.9810717e-08 0.90846912 1 1 0.00014028403 0.48523787
0.1 3.9810717e-09 0.90722892 1 1 1.3160269e-06 0.49922558
0.1 5.0118723e-05 0.90768613 1 1 4.02761e-48 1
0.1 5.0118723e-06 0.90574759 1 1 0.0080962566 0.82655458
0.1 5.0118723e-07 0.91603053 1 1 0.01839499 0.51478986
0.1 5.0118723e-08 0.90841534 1 1 0.00020833094 0.47328033
0.1 5.0118723e-09 0.90232651 1 1 2.1036732e-06 0.45561863
0.1 6.3095734e-05 0.90535392 1 1 0 0.0
0.1 6.3095734e-06 0.90212595 1 1 0.0040072691 0.83028396
0.1 6.3095734e-07 0.90857947 1 1 0.024586825 0.51035479
0.1 6.3095734e-08 0.91197749 1 1 0.00035673023 0.47309128
0.1 6.3095734e-09 0.90699076 1 1 3.6548214e-06 0.49423442
0.1 7.9432823e-05 0.89869609 1 1 0 0.0
0.1 7.9432823e-06 0.90801366 1 1 0.0009681134 0.83857889
0.1 7.9432823e-07 0.89883347 1 1 0.034062711 0.5385747
0.1 7.9432823e-08 0.90719164 1 1 0.00053514309 0.49980277
0.1 7.9432823e-09 0.90865288 1 1 5.6957896e-06 0.49216145
0.15 0.00012589254 0.91554933 1 1 0 0.0
0.15 0.00015848932 0.92433947 1 1 0 0.0
0.15 0.00019952623 0.92189065 1 1 0 0.0
0.15 0.0001 0.91658332 1 1 0 0.0
0.15 0.00025118864 0.91249499 1 1 0 0.0
0.15 0.00031622777 0.92053643 1 1 0 0.0
0.15 0.001 0.91695017 1 1 0 0.0
0.15 0.0031622777 0.91196479 1 1 0 0.0
0.15 0.01 0.91713371 1 1 0 0.0
0.15 0.031622777 0.91711712 1 1 0 0.0
0.15 0.1 0.90914549 1 1 0 0.0
0.15 1.2589254e-05 0.914446 1 1 1.4797472e-08 0.52849604
0.15 1.2589254e-06 0.90532426 1 1 0.053588039 0.64859112
0.15 1.2589254e-07 0.91795077 1 1 0.0030821786 0.48979655
0.15 1.2589254e-08 0.92275365 1 1 3.3344445e-05 0.46168126
0.15 1.2589254e-09 0.91651652 1 1 3.3044007e-07 0.45125317
0.15 1.5848932e-05 0.91531532 1 1 1.0999238e-11 0.69788702
0.15 1.5848932e-06 0.91690028 1 1 0.044678633 0.68673847
0.15 1.5848932e-07 0.91751752 1 1 0.004474047 0.54074873
0.15 1.5848932e-08 0.91795077 1 1 4.9413677e-05 0.49181864
0.15 1.5848932e-09 0.92072072 1 1 4.9884985e-07 0.50422177
0.15 1.9952623e-05 0.91052842 1 1 6.2168175e-17 0.98212803
0.15 1.9952623e-06 0.91414849 1 1 0.031289565 0.75821408
0.15 1.9952623e-07 0.91589908 1 1 0.007071096 0.50215665
0.15 1.9952623e-08 0.91831832 1 1 8.3338753e-05 0.46802681
0.15 1.9952623e-09 0.91618324 1 1 8.1209113e-07 0.48818695
0.15 1e-05 0.91155235 1 1 7.439779e-07 0.66192876
0.15 1e-06 0.92333867 1 1 0.053266259 0.60607641
0.15 1e-07 0.90932746 1 1 0.0020378887 0.49565268
0.15 1e-08 0.91634981 1 1 1.9787928e-05 0.5014948
0.15 1e-09 0.91273018 1 1 1.8671455e-07 0.51047443
0.15 2.5118864e-05 0.91049259 1 1 2.4520492e-18 0.99990694
0.15 2.5118864e-06 0.91427999 1 1 0.019685545 0.76096293
0.15 2.5118864e-07 0.91514909 1 1 0.011758508 0.49598774
0.15 2.5118864e-08 0.91866987 1 1 0.00012288152 0.50104494
0.15 2.5118864e-09 0.91151151 1 1 1.23451e-06 0.46004418
0.15 3.1622777e-05 0.90909091 1 1 3.2927971e-34 1
0.15 3.1622777e-06 0.90834501 1 1 0.0097868329 0.80349562
0.15 3.1622777e-07 0.91566506 1 1 0.016036457 0.5259957
0.15 3.1622777e-08 0.91351351 1 1 0.0002097867 0.51587967
0.15 3.1622777e-09 0.90967354 1 1 1.956786e-06 0.48432445
0.15 3.9810717e-05 0.91351351 1 1 0 0.0
0.15 3.9810717e-06 0.91267775 1 1 0.0045693239 0.7719977
0.15 3.9810717e-07 0.91569884 1 1 0.024542295 0.52982616
0.15 3.9810717e-08 0.91116447 1 1 0.00030456333 0.49555492
0.15 3.9810717e-09 0.91293034 1 1 3.1547544e-06 0.49276173
0.15 5.0118723e-05 0.92335401 1 1 0 0.0
0.15 5.0118723e-06 0.9172842 1 1 0.0012620022 0.86709209
0.15 5.0118723e-07 0.91833467 1 1 0.03298043 0.52998516
0.15 5.0118723e-08 0.91169403 1 1 0.00049550164 0.48587026
0.15 5.0118723e-09 0.91833467 1 1 5.0989973e-06 0.48707212
0.15 6.3095734e-05 0.91451451 1 1 0 0.0
0.15 6.3095734e-06 0.9164998 1 1 0.00026481984 0.85029662
0.15 6.3095734e-07 0.91848588 1 1 0.041614916 0.55150742
0.15 6.3095734e-08 0.91710052 1 1 0.00082137991 0.51987786
0.15 6.3095734e-09 0.91865358 1 1 8.0544223e-06 0.48474401
0.15 7.9432823e-05 0.91266026 1 1 0 0.0
0.15 7.9432823e-06 0.91434861 1 1 2.7482579e-05 0.88153143
0.15 7.9432823e-07 0.91371371 1 1 0.049747669 0.56163861
0.15 7.9432823e-08 0.89893936 1 1 0.001267605 0.48494872
0.15 7.9432823e-09 0.92195317 1 1 1.2514703e-05 0.49311128
0.2 0.00012589254 0.9262 1 1 0 0.0
0.2 0.00015848932 0.9284 1 1 0 0.0
0.2 0.00019952623 0.9306 1 1 0 0.0
0.2 0.0001 0.9282 1 1 0 0.0
0.2 0.00025118864 0.9214 1 1 0 0.0
0.2 0.00031622777 0.9258 1 1 0 0.0
0.2 0.001 0.9248 1 1 0 0.0
0.2 0.0031622777 0.9302 1 1 0 0.0
0.2 0.01 0.929 1 1 0 0.0
0.2 0.031622777 0.9242 1 1 0 0.0
0.2 0.1 0.9286 1 1 0 0.0
0.2 1.2589254e-05 0.9228 1 1 1.3559175e-11 0.99364514
0.2 1.2589254e-06 0.9236 1 1 0.041355545 0.70906811
0.2 1.2589254e-07 0.92 1 1 0.0054475051 0.53942633
0.2 1.2589254e-08 0.9304 1 1 5.8293642e-05 0.48251838
0.2 1.2589254e-09 0.928 1 1 5.8111944e-07 0.50987989
0.2 1.5848932e-05 0.9276 1 1 2.8071517e-18 0.99981
0.2 1.5848932e-06 0.9232 1 1 0.029397225 0.73422107
0.2 1.5848932e-07 0.9278 1 1 0.0079911336 0.48763753
0.2 1.5848932e-08 0.92758552 1 1 8.9199961e-05 0.4915738
0.2 1.5848932e-09 0.928 1 1 9.4963971e-07 0.48419625
0.2 1.9952623e-05 0.924 1 1 4.100908e-22 1
0.2 1.9952623e-06 0.9216 1 1 0.018110645 0.77869035
0.2 1.9952623e-07 0.9268 1 1 0.012808264 0.49696325
0.2 1.9952623e-08 0.9262 1 1 0.00014745188 0.50572561
0.2 1.9952623e-09 0.9296 1 1 1.3659661e-06 0.49069733
0.2 1e-05 0.9274 1 1 1.856995e-08 0.95530663
0.2 1e-06 0.9276 1 1 0.051657079 0.6623554
0.2 1e-07 0.9312 1 1 0.0033974902 0.49883992
0.2 1e-08 0.9296 1 1 3.4101673e-05 0.46894571
0.2 1e-09 0.9258 1 1 3.496883e-07 0.50598746
0.2 2.5118864e-05 0.928 1 1 3.3411123e-43 1
0.2 2.5118864e-06 0.9214 1 1 0.0078454069 0.78583994
0.2 2.5118864e-07 0.9306 1 1 0.019262173 0.51803079
0.2 2.5118864e-08 0.9262 1 1 0.00022122766 0.50335374
0.2 2.5118864e-09 0.9284 1 1 2.2160242e-06 0.52457864
0.2 3.1622777e-05 0.9326 1 1 0 0.0
0.2 3.1622777e-06 0.9312 1 1 0.0035651388 0.83524213
0.2 3.1622777e-07 0.9266 1 1 0.027228372 0.50362765
0.2 3.1622777e-08 0.9284 1 1 0.00038920852 0.47351169
0.2 3.1622777e-09 0.928 1 1 3.4751563e-06 0.50005584
0.2 3.9810717e-05 0.924 1 1 0 0.0
0.2 3.9810717e-06 0.928 1 1 0.00071268691 0.87383212
0.2 3.9810717e-07 0.9286 1 1 0.036786619 0.51615366
0.2 3.9810717e-08 0.9184 1 1 0.00055244695 0.51470052
0.2 3.9810717e-09 0.9258 1 1 5.6322715e-06 0.47605181
0.2 5.0118723e-05 0.9294 1 1 0 0.0
0.2 5.0118723e-06 0.925 1 1 0.00022882224 0.8125123
0.2 5.0118723e-07 0.9262 1 1 0.04467125 0.56076631
0.2 5.0118723e-08 0.9212 1 1 0.00087975145 0.49737839
0.2 5.0118723e-09 0.9316 1 1 9.2025557e-06 0.5077683
0.2 6.3095734e-05 0.925 1 1 0 0.0
0.2 6.3095734e-06 0.9272 1 1 1.546577e-05 0.74030093
0.2 6.3095734e-07 0.9284 1 1 0.049544583 0.59015385
0.2 6.3095734e-08 0.9208 1 1 0.0013575306 0.52554316
0.2 6.3095734e-09 0.9266 1 1 1.4938248e-05 0.48326369
0.2 7.9432823e-05 0.9272 1 1 0 0.0
0.2 7.9432823e-06 0.9322 1 1 2.9552902e-07 0.63334303
0.2 7.9432823e-07 0.9254 1 1 0.056119554 0.6285662
0.2 7.9432823e-08 0.9246 1 1 0.0022335388 0.46729867
0.2 7.9432823e-09 0.935 1 1 2.1487288e-05 0.52204965
0.25 0.00012589254 0.95490078 1 1 0 0.0
0.25 0.00015848932 0.95049108 1 1 0 0.0
0.25 0.00019952623 0.95215215 1 1 0 0.0
0.25 0.0001 0.94901646 1 1 0 0.0
0.25 0.00025118864 0.95634762 1 1 0 0.0
0.25 0.00031622777 0.95628634 1 1 0 0.0
0.25 0.25 0.95507421 1 1 0 0.0
0.25 1.1220184543e-05 0.94588094 1 1 5.8241465e-21 1.5602914e-07
0.25 1.122018454e-05 0.95187487 1 1 2.5121993e-23 0.92882537
0.25 1.2589254e-05 0.95514618 1 1 1.9641459e-29 0.9999999
0.25 1.2589254e-06 0.95813301 1 1 0.017678111 0.83134055
0.25 1.2589254e-07 0.95072115 1 1 0.015095604 0.54541605
0.25 1.2589254e-08 0.9532504 1 1 0.00017498269 0.54849207
0.25 1.2589254e-09 0.95172276 1 1 1.7597962e-06 0.5110817
0.25 1.41253754462e-05 0.95269593 1 1 1.8224539e-22 1.3249747e-11
0.25 1.412537545e-05 0.95444511 1 1 1.046544e-24 2.9112132e-05
0.25 1.5848932e-05 0.94907779 1 1 1.0927941e-42 0.0091077992
0.25 1.5848932e-06 0.9579074 1 1 0.0078447927 0.79519575
0.25 1.5848932e-07 0.95214257 1 1 0.022469172 0.56363867
0.25 1.5848932e-08 0.95549318 1 1 0.00028504717 0.51651732
0.25 1.5848932e-09 0.95604175 1 1 2.8680602e-06 0.53261989
0.25 1.77827941004e-05 0.95583216 1 1 1.2538398e-46 1
0.25 1.77827941e-05 0.95794954 1 1 1.7576073e-43 1
0.25 1.9952623e-05 0.95270541 1 1 0 0.0
0.25 1.9952623e-06 0.95185557 1 1 0.0026614079 0.84168346
0.25 1.9952623e-07 0.95444511 1 1 0.031629836 0.56706045
0.25 1.9952623e-08 0.95408061 1 1 0.00042937939 0.5290882
0.25 1.9952623e-09 0.9541266 1 1 4.2890659e-06 0.53074051
0.25 1e-05 0.95270541 1 1 1.3352064e-14 0.99999976
0.25 1e-06 0.94953945 1 1 0.029467557 0.80035876
0.25 1e-07 0.95150301 1 1 0.010283046 0.52150039
0.25 1e-08 0.95331597 1 1 0.00011289231 0.519486
0.25 1e-09 0.95305918 1 1 1.1196319e-06 0.56656489
0.25 2.23872113857e-05 0.95591182 1 1 0 0.0
0.25 2.5118864e-05 0.95852535 1 1 0 0.0
0.25 2.5118864e-06 0.9510826 1 1 0.00075657283 0.91896055
0.25 2.5118864e-07 0.95390782 1 1 0.038146839 0.6128952
0.25 2.5118864e-08 0.95432692 1 1 0.00072466869 0.53419059
0.25 2.5118864e-09 0.95489174 1 1 6.8327696e-06 0.52226241
0.25 2.81838293126e-05 0.95507421 1 1 0 0.0
0.25 3.1622777e-05 0.95129284 1 1 0 0.0
0.25 3.1622777e-06 0.957498 1 1 0.00014179247 0.88150673
0.25 3.1622777e-07 0.95364238 1 1 0.049271643 0.62664183
0.25 3.1622777e-08 0.95013018 1 1 0.0011378391 0.53379086
0.25 3.1622777e-09 0.95289637 1 1 1.1257165e-05 0.53234807
0.25 3.54813389234e-05 0.95288693 1 1 0 0.0
0.25 3.9810717e-05 0.95069152 1 1 0 0.0
0.25 3.9810717e-06 0.95261044 1 1 2.8023875e-05 0.93556014
0.25 3.9810717e-07 0.95697418 1 1 0.056480445 0.66667252
0.25 3.9810717e-08 0.95089196 1 1 0.0016725292 0.51876341
0.25 3.9810717e-09 0.95623369 1 1 1.7101809e-05 0.53962721
0.25 4.46683592151e-05 0.95331597 1 1 0 0.0
0.25 5.0118723e-05 0.95512821 1 1 0 0.0
0.25 5.0118723e-08 0.95292468 1 1 0.0026991991 0.53553209
0.25 5.0118723e-09 0.9508427 1 1 2.6844182e-05 0.53688389
0.25 5.6234132519e-05 0.95168404 1 1 0 0.0
0.25 6.3095734e-05 0.95653045 1 1 0 0.0
0.25 6.3095734e-06 0.95388009 1 1 1.3486163e-09 0.76770562
0.25 6.3095734e-07 0.95447252 1 1 0.053310566 0.74188823
0.25 6.3095734e-08 0.95476381 1 1 0.0043000257 0.55039811
0.25 6.3095734e-09 0.95250501 1 1 4.4082514e-05 0.5382363
0.25 7.07945784384e-05 0.95229505 1 1 0 0.0
0.25 7.9432823e-05 0.95767302 1 1 0 0.0
0.25 7.9432823e-06 0.95447252 1 1 1.7154957e-11 0.99952899
0.25 7.9432823e-07 0.95346972 1 1 0.039441907 0.77244487
0.25 7.9432823e-08 0.95367028 1 1 0.0064456036 0.54829424
0.25 7.9432823e-09 0.94991987 1 1 6.8917973e-05 0.51310929
0.3 0.00012589254 0.95858343 1 1 0 0.0
0.3 0.00015848932 0.95972751 1 1 0 0.0
0.3 0.00019952623 0.95895896 1 1 0 0.0
0.3 0.0001 0.96174645 1 1 0 0.0
0.3 0.00025118864 0.96036829 1 1 0 0.0
0.3 0.00031622777 0.95771543 1 1 0 0.0
0.3 1.2589254e-05 0.95335335 1 1 2.2313545e-38 1
0.3 1.2589254e-06 0.95679136 1 1 0.0078285711 0.85795413
0.3 1.2589254e-07 0.96116894 1 1 0.022834746 0.56559121
0.3 1.2589254e-08 0.95576461 1 1 0.0002902856 0.52572049
0.3 1.2589254e-09 0.95373523 1 1 2.7025106e-06 0.52217752
0.3 1.5848932e-06 0.95711423 1 1 0.0027338182 0.84657745
0.3 1.5848932e-07 0.95434521 1 1 0.030230196 0.57730252
0.3 1.5848932e-08 0.95257154 1 1 0.00044591326 0.50056992
0.3 1.5848932e-09 0.96389168 1 1 4.4654431e-06 0.5067151
0.3 1.9952623e-05 0.95534642 1 1 0 0.0
0.3 1.9952623e-06 0.95754056 1 1 0.00075642266 0.90648026
0.3 1.9952623e-07 0.95659132 1 1 0.04132713 0.57589018
0.3 1.9952623e-08 0.95474569 1 1 0.00073365425 0.54315408
0.3 1.9952623e-09 0.9601442 1 1 6.8173235e-06 0.53989592
0.3 1e-05 0.95798319 1 1 9.9936197e-30 0.11426505
0.3 1e-06 0.95818327 1 1 0.017048066 0.84953986
0.3 1e-07 0.95452724 1 1 0.016014988 0.52001386
0.3 1e-08 0.95594714 1 1 0.00018083133 0.53900255
0.3 1e-09 0.95513719 1 1 1.7637029e-06 0.5303667
0.3 2.5118864e-05 0.95355355 1 1 0 0.0
0.3 2.5118864e-06 0.95492788 1 1 0.00014913189 0.75538847
0.3 2.5118864e-07 0.95736589 1 1 0.050119291 0.63498295
0.3 2.5118864e-08 0.96135362 1 1 0.0011707981 0.51850343
0.3 2.5118864e-09 0.95714858 1 1 1.1462836e-05 0.46825638
0.3 3.1622777e-05 0.95775776 1 1 0 0.0
0.3 3.1622777e-06 0.95272436 1 1 2.2422921e-05 0.77757555
0.3 3.1622777e-07 0.95696557 1 1 0.059058552 0.64584206
0.3 3.1622777e-08 0.95592949 1 1 0.001692631 0.53050683
0.3 3.1622777e-09 0.95612102 1 1 1.7220171e-05 0.50968882
0.3 3.9810717e-05 0.95875876 1 1 0 0.0
0.3 3.9810717e-06 0.95711423 1 1 1.0232819e-06 0.99964027
0.3 3.9810717e-07 0.95278111 1 1 0.060956765 0.68655869
0.3 3.9810717e-08 0.95915916 1 1 0.0027050724 0.52260881
0.3 3.9810717e-09 0.95975976 1 1 2.5969632e-05 0.54107912
0.3 5.0118723e-05 0.95793269 1 1 0 0.0
0.3 5.0118723e-06 0.95796637 1 1 6.3680158e-09 0.95119329
0.3 5.0118723e-07 0.95818327 1 1 0.053112669 0.73492379
0.3 5.0118723e-08 0.95931864 1 1 0.0043727929 0.54545288
0.3 5.0118723e-09 0.96117671 1 1 4.3905577e-05 0.54081958
0.3 6.3095734e-05 0.95573803 1 1 0 0.0
0.3 6.3095734e-06 0.95656525 1 1 2.0516437e-12 1
0.3 6.3095734e-07 0.95795796 1 1 0.04253213 0.75354351
0.3 6.3095734e-08 0.95857515 1 1 0.0064635212 0.54506363
0.3 6.3095734e-09 0.95774084 1 1 6.7638374e-05 0.53529651
0.3 7.9432823e-05 0.95752354 1 1 0 0.0
0.3 7.9432823e-06 0.95775776 1 1 4.3097664e-18 0.42082728
0.3 7.9432823e-07 0.95777466 1 1 0.030002556 0.81492506
0.3 7.9432823e-08 0.96375651 1 1 0.0095827082 0.54519807
0.3 7.9432823e-09 0.95315315 1 1 0.00010428796 0.54857898
0.35 0.00012589254 0.96098439 1 1 0 0.0
0.35 0.00015848932 0.95939188 1 1 0 0.0
0.35 0.00019952623 0.96259252 1 1 0 0.0
0.35 0.0001 0.96079216 1 1 0 0.0
0.35 0.00025118864 0.95577346 1 1 0 0.0
0.35 0.00031622777 0.95757454 1 1 0 0.0
0.35 1.2589254e-05 0.9623699 1 1 0 0.0
0.35 1.2589254e-06 0.96158463 1 1 0.0049402851 0.82207854
0.35 1.2589254e-07 0.95318127 1 1 0.029269765 0.56766795
0.35 1.2589254e-08 0.96038415 1 1 0.00038741232 0.54934082
0.35 1.2589254e-09 0.95859172 1 1 3.8386777e-06 0.54117557
0.35 1.5848932e-05 0.95937563 1 1 0 0.0
0.35 1.5848932e-06 0.96153846 1 1 0.0012577424 0.84918522
0.35 1.5848932e-07 0.964993 1 1 0.038659892 0.58384162
0.35 1.5848932e-08 0.95637382 1 1 0.00058515922 0.5547568
0.35 1.5848932e-09 0.9576 1 1 6.1323314e-06 0.52538677
0.35 1.9952623e-05 0.96379276 1 1 0 0.0
0.35 1.9952623e-06 0.96037623 1 1 0.00029837178 0.94111672
0.35 1.9952623e-07 0.96038415 1 1 0.050669668 0.60547004
0.35 1.9952623e-08 0.95678271 1 1 0.00091903369 0.55162502
0.35 1.9952623e-09 0.9634 1 1 9.8204953e-06 0.52523839
0.35 1e-05 0.96298519 1 1 1.7735519e-36 1
0.35 1e-06 0.96138455 1 1 0.010691562 0.80975723
0.35 1e-07 0.96059212 1 1 0.019078072 0.5479418
0.35 1e-08 0.9588 1 1 0.00024144807 0.54574915
0.35 1e-09 0.95538215 1 1 2.3741062e-06 0.5451918
0.35 2.5118864e-05 0.95719144 1 1 0 0.0
0.35 2.5118864e-06 0.96138455 1 1 3.8764995e-05 0.85229006
0.35 2.5118864e-07 0.96079216 1 1 0.059272686 0.62412055
0.35 2.5118864e-08 0.95456365 1 1 0.0015821454 0.52670377
0.35 2.5118864e-09 0.95679136 1 1 1.5231326e-05 0.5312093
0.35 3.1622777e-05 0.9612 1 1 0 0.0
0.35 3.1622777e-06 0.9562 1 1 1.8196695e-06 0.99969421
0.35 3.1622777e-07 0.95839168 1 1 0.063045961 0.68874506
0.35 3.1622777e-08 0.95798319 1 1 0.00239557 0.49612637
0.35 3.1622777e-09 0.96079216 1 1 2.3100399e-05 0.55631437
0.35 3.9810717e-05 0.95779156 1 1 0 0.0
0.35 3.9810717e-06 0.9556 1 1 1.8213561e-08 0.9901037
0.35 3.9810717e-07 0.9638 1 1 0.059234704 0.69405427
0.35 3.9810717e-08 0.95958383 1 1 0.0037389194 0.53128168
0.35 3.9810717e-09 0.9624 1 1 3.8089615e-05 0.5197909
0.35 5.0118723e-05 0.95878351 1 1 0 0.0
0.35 5.0118723e-06 0.95959192 1 1 6.6100162e-13 0.99999715
0.35 5.0118723e-07 0.9586 1 1 0.051015314 0.74153618
0.35 5.0118723e-08 0.9578 1 1 0.0056210124 0.52107894
0.35 5.0118723e-09 0.95638255 1 1 6.1006433e-05 0.54842365
0.35 6.3095734e-05 0.96297038 1 1 0 0.0
0.35 6.3095734e-06 0.9586 1 1 2.4797826e-16 0.99999355
0.35 6.3095734e-07 0.9571743 1 1 0.035820951 0.7893407
0.35 6.3095734e-08 0.963 1 1 0.0087618137 0.52575007
0.35 6.3095734e-09 0.95997599 1 1 9.4982204e-05 0.53987722
0.35 7.9432823e-05 0.9561737 1 1 0 0.0
0.35 7.9432823e-06 0.9622 1 1 9.1277063e-23 0.9998608
0.35 7.9432823e-07 0.96397839 1 1 0.021513381 0.82524253
0.35 7.9432823e-08 0.956 1 1 0.013584555 0.59014033
0.35 7.9432823e-09 0.955 1 1 0.00015867826 0.52552293
0.3 1.5848932e-05 0.95594714 1 1 0 0.0
0.4 0.00012589254 0.9642 0.98029454 1 0 0.0
0.4 0.00015848932 0.9652 0.9830087 1 0 0.0
0.4 0.00019952623 0.96879376 0.97852571 1 0 0.0
0.4 0.0001 0.9652 0.98259428 1 0 0.0
0.4 0.00025118864 0.96839368 0.98182194 1 0 0.0
0.4 0.00031622777 0.9658 0.98281218 1 0 0.0
0.4 1.2589254e-05 0.963 0.98504673 1 0 0.0
0.4 1.2589254e-06 0.9706 0.982279 1 0.0016662074 0.89061553
0.4 1.2589254e-07 0.9689938 0.98059455 1 0.036530864 0.58665453
0.4 1.2589254e-08 0.968 0.97809917 1 0.00056896845 0.55285148
0.4 1.2589254e-09 0.9668 0.98034754 1 5.6962541e-06 0.54933685
0.4 1.5848932e-05 0.9672 0.98263027 1 0 0.0
0.4 1.5848932e-06 0.9602 0.98229536 1 0.00055424266 0.78874724
0.4 1.5848932e-07 0.9658 0.98384759 1 0.048038123 0.61982884
0.4 1.5848932e-08 0.9658 0.98053427 1 0.00086012677 0.54346526
0.4 1.5848932e-09 0.964 0.98153527 1 8.824213e-06 0.53601687
0.4 1.9952623e-05 0.9736 0.98089565 1 0 0.0
0.4 1.9952623e-06 0.9666 0.98055038 1 5.0504721e-05 0.93273968
0.4 1.9952623e-07 0.96779356 0.98119057 1 0.055734363 0.64665718
0.4 1.9952623e-08 0.968 0.9838843 1 0.0012751814 0.56313018
0.4 1.9952623e-09 0.9654 0.98321939 1 1.3680621e-05 0.52711722
0.4 1e-05 0.96438575 0.98340249 1 2.1385475e-36 1
0.4 1e-06 0.966 0.98426501 1 0.0061017248 0.86411981
0.4 1e-07 0.964 0.98340249 1 0.025443934 0.60472171
0.4 1e-08 0.961 0.98418314 1 0.00035575622 0.53342503
0.4 1e-09 0.96459292 0.98423891 1 3.4700933e-06 0.54862544
0.4 2.5118864e-05 0.9664 0.98261589 1 0 0.0
0.4 2.5118864e-06 0.9616 0.98169717 1 4.6489541e-06 0.9477404
0.4 2.5118864e-07 0.968 0.97975207 1 0.064920795 0.6677052
0.4 2.5118864e-08 0.9658 0.98053427 1 0.0022404102 0.55740673
0.4 2.5118864e-09 0.9662 0.9824053 1 2.2304348e-05 0.57147686
0.4 3.1622777e-05 0.964 0.97946058 1 0 0.0
0.4 3.1622777e-06 0.9672 0.98056245 1 1.1760383e-07 0.97142231
0.4 3.1622777e-07 0.9674 0.9838743 1 0.06157126 0.71574055
0.4 3.1622777e-08 0.9692 0.98452332 1 0.0033839597 0.53168361
0.4 3.1622777e-09 0.9666 0.98510242 1 3.3717127e-05 0.53689811
0.4 3.9810717e-05 0.961 0.98439126 1 0 0.0
0.4 3.9810717e-06 0.9654 0.98321939 1 1.1491225e-10 0.55146224
0.4 3.9810717e-07 0.9648 0.98175788 1 0.054484566 0.71853279
0.4 3.9810717e-08 0.969 0.98204334 1 0.0051892445 0.5278016
0.4 3.9810717e-09 0.9646 0.97988804 1 4.9410757e-05 0.54999561
0.4 5.0118723e-05 0.9654 0.98114771 1 0 0.0
0.4 5.0118723e-06 0.9644 0.98092078 1 6.0141853e-14 0.99966882
0.4 5.0118723e-07 0.968 0.97954545 1 0.040915336 0.77454357
0.4 5.0118723e-09 0.9702 0.9837147 1 8.2578117e-05 0.55523599
0.4 6.3095734e-05 0.9664 0.98054636 1 0 0.0
0.4 6.3095734e-06 0.9624 0.98212801 1 3.8732294e-18 1
0.4 6.3095734e-07 0.9638 0.98339905 1 0.02530786 0.81668257
0.4 6.3095734e-08 0.9658 0.98032719 1 0.01234704 0.54238433
0.4 6.3095734e-09 0.9622 0.98129287 1 0.00012952683 0.51824635
0.4 7.9432823e-05 0.9624 0.98108894 1 0 0.0
0.4 7.9432823e-06 0.96739348 0.9811828 1 6.4134816e-32 0.99999977
0.4 7.9432823e-07 0.9676 0.98201736 1 0.013650027 0.855218
0.4 7.9432823e-08 0.9638 0.98796431 1 0.017608709 0.57440821
0.4 7.9432823e-09 0.9594 0.98415676 1 0.00021384368 0.54490215
0.45 0.00012589254 0.9692 0.9678085 1 0 0.0
0.45 0.00015848932 0.9736 0.96651602 1 0 0.0
0.45 0.00019952623 0.9694 0.97214772 1 0 0.0
0.45 0.0001 0.9718 0.96871784 1 0 0.0
0.45 0.00025118864 0.9728 0.96957237 1 0 0.0
0.45 0.00031622777 0.9688 0.96985962 1 0 0.0
0.45 1.2589254e-05 0.97 0.97092784 1 0 0.0
0.45 1.2589254e-06 0.967 0.96938987 1 0.0006752346 0.91145756
0.45 1.2589254e-07 0.9738 0.96919285 1 0.044254606 0.6167971
0.45 1.2589254e-08 0.9714 0.97323451 1 0.00069012807 0.60940274
0.45 1.2589254e-09 0.9718 0.96892365 1 7.1015715e-06 0.57461207
0.45 1.5848932e-05 0.9672 0.96877585 1 0 0.0
0.45 1.5848932e-06 0.9676 0.97354279 1 0.00019102696 0.95234251
0.45 1.5848932e-07 0.9702 0.97237683 1 0.051791743 0.6489383
0.45 1.5848932e-08 0.9698 0.97092184 1 0.0010489013 0.60340406
0.45 1.5848932e-09 0.9722 0.97058218 1 1.0920536e-05 0.58649998
0.45 1.9952623e-05 0.9724 0.97099959 1 0 0.0
0.45 1.9952623e-06 0.9724 0.96955985 1 8.8336442e-06 0.95612692
0.45 1.9952623e-07 0.9764 0.96866039 1 0.059927625 0.65317634
0.45 1.9952623e-08 0.9692 0.97234833 1 0.0017399745 0.56907337
0.45 1.9952623e-09 0.9686 0.96613669 1 1.7836208e-05 0.56945132
0.45 1e-05 0.9698 0.96638482 1 0 0.0
0.45 1e-06 0.9652 0.96746788 1 0.0030116858 0.88002862
0.45 1e-07 0.9712 0.96684514 1 0.031445977 0.60311954
0.45 1e-08 0.9736 0.96589975 1 0.00042787214 0.57923532
0.45 1e-09 0.9678 0.96755528 1 4.4724455e-06 0.55604472
0.45 2.5118864e-05 0.969 0.96780186 1 0 0.0
0.45 2.5118864e-06 0.9748 0.97230201 1 2.7154168e-07 0.76755827
0.45 2.5118864e-07 0.9706 0.97032763 1 0.065717849 0.68693397
0.45 2.5118864e-08 0.973 0.96957862 1 0.0027222016 0.59122656
0.45 2.5118864e-09 0.9712 0.97116969 1 2.7145287e-05 0.5647671
0.45 3.1622777e-05 0.9732 0.96979038 1 0 0.0
0.45 3.1622777e-06 0.9726 0.97100555 1 3.5504455e-09 0.71886062
0.45 3.1622777e-07 0.9692 0.96987206 1 0.05906705 0.69852109
0.45 3.1622777e-08 0.972 0.97304527 1 0.0041772404 0.58767546
0.45 3.1622777e-09 0.974 0.97022587 1 4.1310595e-05 0.53979585
0.45 3.9810717e-05 0.977 0.96847492 1 0 0.0
0.45 3.9810717e-06 0.9714 0.96829319 1 2.1106883e-12 0.99986255
0.45 3.9810717e-07 0.9714 0.96746963 1 0.046273126 0.74307151
0.45 3.9810717e-08 0.9712 0.97158155 1 0.0069217504 0.5645876
0.45 3.9810717e-09 0.9668 0.97041787 1 7.2946272e-05 0.5587464
0.45 5.0118723e-05 0.9724 0.97058824 1 0 0.0
0.45 5.0118723e-06 0.9734 0.97102938 1 3.6214083e-19 0.99003023
0.45 5.0118723e-07 0.9682 0.96756868 1 0.032465164 0.81152433
0.45 5.0118723e-08 0.969 0.97192982 1 0.0098968682 0.57028142
0.45 5.0118723e-09 0.97 0.96804124 1 0.00010931858 0.54089174
0.45 6.3095734e-05 0.967 0.96628749 1 0 0.0
0.45 6.3095734e-06 0.9728 0.96751645 1 1.0551745e-22 1
0.45 6.3095734e-07 0.9728 0.96998355 1 0.018313625 0.82215443
0.45 6.3095734e-08 0.9714 0.97035207 1 0.014715926 0.60498776
0.45 6.3095734e-09 0.9704 0.97032152 1 0.00016918803 0.57980589
0.45 7.9432823e-05 0.9672 0.96918941 1 0 0.0
0.45 7.9432823e-06 0.973 0.96628983 1 2.7633024e-34 1
0.45 7.9432823e-07 0.972 0.97201646 1 0.0090616067 0.84954235
0.45 7.9432823e-08 0.9724 0.96894282 1 0.022744297 0.5780311
0.45 7.9432823e-09 0.9734 0.97102938 1 0.00028688533 0.56767029
0.5 0.00012589254 0.9738 0.95933457 1 0 0.0
0.5 0.00015848932 0.979 0.95505618 1 0 0.0
0.5 0.00019952623 0.975 0.95589744 1 0 0.0
0.5 0.0001 0.9764 0.96067186 1 0 0.0
0.5 0.00025118864 0.9762 0.95861504 1 0 0.0
0.5 0.00031622777 0.9774 0.95723348 1 0 0.0
0.5 1.2589254e-05 0.9768 0.96007371 1 0 0.0
0.5 1.2589254e-06 0.973 0.95560123 1 0.00031448094 0.68823232
0.5 1.2589254e-07 0.9768 0.9543407 1 0.049892899 0.65426357
0.5 1.2589254e-08 0.978 0.96319018 1 0.00084908165 0.59170634
0.5 1.2589254e-09 0.9748 0.9620435 1 8.5413923e-06 0.61605725
0.5 1.5848932e-05 0.974 0.9523614 1 0 0.0
0.5 1.5848932e-06 0.972 0.96337449 1 2.5558602e-05 0.91195857
0.5 1.5848932e-07 0.9792 0.95935458 1 0.060964074 0.63899067
0.5 1.5848932e-08 0.9762 0.95513215 1 0.0013515177 0.57216351
0.5 1.5848932e-09 0.9744 0.95463875 1 1.393527e-05 0.58984258
0.5 1.9952623e-05 0.9762 0.95349314 1 0 0.0
0.5 1.9952623e-06 0.9758 0.95593359 1 2.1154897e-06 0.84175444
0.5 1.9952623e-07 0.976 0.9557377 1 0.067084435 0.6969146
0.5 1.9952623e-08 0.9778 0.95663735 1 0.0021172636 0.58912483
0.5 1.9952623e-09 0.9756 0.95735957 1 2.1577993e-05 0.57969669
0.5 1e-05 0.9758 0.95531871 1 0 0.0
0.5 1e-06 0.9746 0.95259594 1 0.0017783491 0.90043264
0.5 1e-07 0.9774 0.96275834 1 0.036975563 0.62458658
0.5 1e-08 0.978 0.96237219 1 0.00054179262 0.5916352
0.5 1e-09 0.974 0.95770021 1 5.2470259e-06 0.60115637
0.5 2.5118864e-05 0.976 0.95655738 1 0 0.0
0.5 2.5118864e-06 0.9744 0.95525452 1 1.7251103e-08 0.38254786
0.5 2.5118864e-07 0.978 0.95869121 1 0.061590866 0.71327929
0.5 2.5118864e-08 0.9764 0.95022532 1 0.0034624712 0.59385127
0.5 2.5118864e-09 0.9742 0.957093 1 3.5324375e-05 0.60290877
0.5 3.1622777e-05 0.9732 0.96095356 1 0 0.0
0.5 3.1622777e-06 0.976 0.95471311 1 1.7208014e-11 0.96787387
0.5 3.1622777e-07 0.9748 0.96430037 1 0.057659676 0.76140373
0.5 3.1622777e-08 0.9722 0.95597614 1 0.0052410575 0.5616475
0.5 3.1622777e-09 0.9782 0.95972194 1 5.4998638e-05 0.6414225
0.5 3.9810717e-05 0.9792 0.95935458 1 0 0.0
0.5 3.9810717e-06 0.977 0.9580348 1 1.6151704e-15 1
0.5 3.9810717e-07 0.9724 0.95989305 1 0.041419013 0.80383844
0.5 3.9810717e-08 0.977 0.96028659 1 0.0082277678 0.63702722
0.5 3.9810717e-09 0.9788 0.96015529 1 8.6767233e-05 0.58351112
0.5 5.0118723e-05 0.9758 0.96064767 1 0 0.0
0.5 5.0118723e-06 0.9744 0.95279146 1 4.5034359e-23 0.96748076
0.5 5.0118723e-07 0.974 0.95092402 1 0.025759918 0.80813801
0.5 5.0118723e-08 0.9738 0.95214623 1 0.01218524 0.61447965
0.5 5.0118723e-09 0.9778 0.95356924 1 0.00014278881 0.58257523
0.5 6.3095734e-05 0.9784 0.95584628 1 0 0.0
0.5 6.3095734e-06 0.9768 0.95638821 1 3.8754596e-30 1
0.5 6.3095734e-07 0.9776 0.9599018 1 0.011803573 0.84615668
0.5 6.3095734e-08 0.9788 0.95790764 1 0.018743952 0.6016011
0.5 6.3095734e-09 0.9724 0.9576306 1 0.00021451177 0.58331843
0.5 7.9432823e-05 0.9774 0.95702885 1 0 0.0
0.5 7.9432823e-06 0.975 0.96205128 1 0 0.0
0.5 7.9432823e-07 0.9748 0.95465737 1 0.0059917856 0.85158437
0.5 7.9432823e-08 0.9772 0.95558739 1 0.025788897 0.60453096
0.5 7.9432823e-09 0.975 0.95774359 1 0.00035708414 0.56111824
0.55 1.2589254e-05 0.98 0.93530612 1 0 0.0
0.55 1.2589254e-06 0.9846 0.93784278 1 0.00016673622 0.77418054
0.55 1.2589254e-07 0.9822 0.93952352 1 0.055754279 0.67162553
0.55 1.2589254e-08 0.9794 0.94200531 1 0.0011146504 0.61865055
0.55 1.5848932e-05 0.9798 0.93304756 1 0 0.0
0.55 1.5848932e-06 0.9816 0.9396903 1 6.4381643e-06 0.73467667
0.55 1.5848932e-07 0.9842 0.94167852 1 0.065329808 0.69709069
0.55 1.5848932e-08 0.9814 0.93499083 1 0.001746887 0.60576724
0.55 1.9952623e-05 0.9776 0.9363748 1 0 0.0
0.55 1.9952623e-06 0.9784 0.9388798 1 1.137519e-07 0.54831507
0.55 1.9952623e-07 0.9808 0.93862153 1 0.06909775 0.70950354
0.55 1.9952623e-08 0.979 0.93748723 1 0.0027100168 0.63653038
0.55 1e-05 0.9786 0.94400163 1 0 0.0
0.55 1e-06 0.9794 0.93690014 1 0.00066048738 0.94701028
0.55 1e-07 0.9764 0.94223679 1 0.043740932 0.65755596
0.55 1e-08 0.9796 0.93854635 1 0.00067081588 0.64372134
0.55 2.5118864e-05 0.9776 0.93903437 1 0 0.0
0.55 2.5118864e-06 0.981 0.9312946 1 2.3942922e-10 0.94576249
0.55 2.5118864e-07 0.9788 0.94135676 1 0.061232476 0.75429798
0.55 2.5118864e-08 0.9808 0.93515498 1 0.0042341803 0.6352182
0.55 3.1622777e-05 0.9822 0.93402566 1 0 0.0
0.55 3.1622777e-06 0.9814 0.9356022 1 6.4066753e-14 0.18032264
0.55 3.1622777e-07 0.9772 0.93880475 1 0.047415967 0.78102637
0.55 3.1622777e-08 0.9842 0.93781752 1 0.006445455 0.62024988
0.55 3.1622777e-09 0.9836 0.93249288 1 7.0178927e-05 0.64147119
0.55 3.9810717e-06 0.9784 0.9388798 1 5.5097658e-21 0.012659708
0.55 3.9810717e-07 0.9788 0.93931345 1 0.032713737 0.80137626
0.55 3.9810717e-08 0.9822 0.93239666 1 0.010402315 0.60555986
0.55 3.9810717e-09 0.9814 0.9398818 1 0.0001142621 0.61874619
0.55 5.0118723e-06 0.9814 0.93254534 1 2.4566827e-31 1
0.55 5.0118723e-07 0.9818 0.93868405 1 0.018720315 0.81200892
0.55 5.0118723e-08 0.979 0.93912155 1 0.016018767 0.60355087
0.55 5.0118723e-09 0.9768 0.93837019 1 0.00018039348 0.62086388
0.55 6.3095734e-06 0.9798 0.93121045 1 0 0.0
0.55 6.3095734e-07 0.978 0.93721881 1 0.0078680234 0.84996161
0.55 6.3095734e-09 0.98 0.93632653 1 0.00029185167 0.61413556
0.55 7.9432823e-06 0.98 0.94040816 1 0 0.0
0.55 7.9432823e-07 0.9822 0.93565465 1 0.0027417209 0.81086275
0.55 7.9432823e-08 0.9814 0.93947422 1 0.032158399 0.63864337
0.55 7.9432823e-09 0.983 0.94262462 1 0.00043656268 0.59437302
0.6 1.2589254e-05 0.9836 0.91114274 1 0 0.0
0.6 1.2589254e-06 0.9816 0.90525672 1 1.0521365e-05 0.74717943
0.6 1.2589254e-07 0.9824 0.9146987 1 0.061924289 0.70478902
0.6 1.2589254e-08 0.9838 0.90872128 1 0.0014633502 0.63989123
0.6 1.5848932e-05 0.9808 0.90742251 1 0 0.0
0.6 1.5848932e-06 0.9854 0.91597321 1 3.5680271e-07 0.99366792
0.6 1.5848932e-07 0.9826 0.91695502 1 0.069134212 0.74177027
0.6 1.5848932e-08 0.9862 0.9115798 1 0.0023016094 0.6380842
0.6 1.9952623e-05 0.9832 0.90683483 1 0 0.0
0.6 1.9952623e-06 0.984 0.90914634 1 4.9802336e-09 0.99894555
0.6 1.9952623e-07 0.986 0.90892495 1 0.062195952 0.75760156
0.6 1.9952623e-08 0.9852 0.90824198 1 0.0034820896 0.63298763
0.6 1e-05 0.9832 0.91395443 1 0 0.0
0.6 1e-06 0.9846 0.90656104 1 0.00017785851 0.82372719
0.6 1e-07 0.9866 0.91039935 1 0.054009126 0.66855526
0.6 1e-08 0.9834 0.91539557 1 0.00091438256 0.63690633
0.6 2.5118864e-05 0.9844 0.90898009 1 0 0.0
0.6 2.5118864e-06 0.9846 0.90717042 1 1.364655e-12 0.99960065
0.6 2.5118864e-07 0.9858 0.91539866 1 0.054207509 0.78726738
0.6 2.5118864e-08 0.9842 0.91261939 1 0.0055347419 0.63365904
0.6 3.1622777e-05 0.9836 0.91154941 1 0 0.0
0.6 3.1622777e-06 0.9842 0.91180654 1 4.4505342e-22 0.98819355
0.6 3.1622777e-07 0.9838 0.91258386 1 0.039973973 0.80976222
0.6 3.1622777e-08 0.9838 0.91116081 1 0.0084194594 0.63371359
0.6 3.1622777e-09 0.9874 0.91594085 1 9.8014226e-05 0.61728363
0.6 3.9810717e-06 0.9836 0.91236275 1 2.5060182e-29 0.99877748
0.6 3.9810717e-07 0.9854 0.91719099 1 0.025100832 0.81916782
0.6 3.9810717e-08 0.984 0.91646341 1 0.013030533 0.66572236
0.6 3.9810717e-09 0.9864 0.90835361 1 0.0001482624 0.65287623
0.6 5.0118723e-06 0.9838 0.91217727 1 3.0765213e-37 1
0.6 5.0118723e-07 0.9864 0.91626115 1 0.010616554 0.84723703
0.6 5.0118723e-08 0.9844 0.91812271 1 0.020653774 0.63361208
0.6 5.0118723e-09 0.9852 0.91879821 1 0.00023263007 0.64583449
0.6 6.3095734e-06 0.9874 0.91006684 1 0 0.0
0.6 6.3095734e-07 0.9854 0.90886949 1 0.0043529292 0.91460708
0.6 6.3095734e-08 0.9854 0.9204384 1 0.028914581 0.64968546
0.6 6.3095734e-09 0.9888 0.9164644 1 0.00035797239 0.65742216
0.6 7.9432823e-06 0.9848 0.91003249 1 0 0.0
0.6 7.9432823e-07 0.9798 0.91283935 1 0.0012166965 0.88742456
0.6 7.9432823e-09 0.9828 0.90842491 1 0.00058490516 0.63057012
