lowest error 0.002 0.000676674794931
0.002 0.000676674794931 1.76630475792e-05
0.002 0.000676676353034 0.000148387295639
0.002 0.000676673236831 0.000183725379634
0.002 0.000676677911141 0.000314425650794
0.002 0.000676671678735 0.00034979970154
0.002 0.000676679469251 0.000480452018712
0.002 0.000676670120643 0.000515886014089
0.002 0.000676681027365 0.00064646640039
0.002 0.000676668562554 0.000681984318146
0.002 0.000676682585482 0.000812468796619
0.002 0.000676667004469 0.000848094614502
0.002 0.000676684143603 0.000978459208189
lowest error 0.002 3.68669321781e-07
0.002 3.68669321781e-07 3.07930174959e-06
0.002 3.68670170675e-07 1.71446286141e-05
0.002 3.6866847289e-07 2.33030542849e-05
0.002 3.6867101957e-07 3.73687368076e-05
0.002 3.68667624e-07 4.35266289944e-05
0.002 3.68671868468e-07 5.75930228135e-05
0.002 3.68666775113e-07 6.37500258791e-05
0.002 3.68672717367e-07 7.78174866705e-05
0.002 3.68665926227e-07 8.3973244922e-05
0.002 3.68673566268e-07 9.80421283616e-05
0.002 3.68665077343e-07 0.000104196286161
0.002 3.68674415172e-07 0.000118266947889
lowest error 0.005 0.00443007419643
0.005 0.00443007419643 1.09815886162e-06
0.005 0.00443008439707 3.65571664074e-05
0.005 0.00443006399582 3.87541006281e-05
0.005 0.00443009459773 7.4211875178e-05
0.005 0.00443005379523 7.64106589033e-05
0.005 0.00443010479841 0.000111865967471
0.005 0.00443004359467 0.000114067833688
0.005 0.00443011499911 0.000149519443315
0.005 0.00443003339413 0.000151725625001
0.005 0.00443012519984 0.000187172302672
0.005 0.00443002319361 0.000189384032871
0.005 0.00443013540059 0.000224824545601
lowest error 0.005 2.35255074489e-07
0.005 2.35255074489e-07 9.60863724542e-06
0.005 2.35254532794e-07 1.03593510157e-05
0.005 2.35255616184e-07 2.95767988634e-05
0.005 2.35253991101e-07 3.03271659203e-05
0.005 2.35256157881e-07 4.95451338232e-05
0.005 2.3525344941e-07 5.02948074703e-05
0.005 2.35256699579e-07 6.95136421611e-05
0.005 2.35252907719e-07 7.02622756674e-05
0.005 2.35257241278e-07 8.94823238609e-05
0.005 2.3525236603e-07 9.02295705134e-05
0.005 2.35257782978e-07 0.000109451178925
0.005 2.35251824342e-07 0.000110196691991
lowest error 0.01 0.000356113961019
0.01 0.000356113961019 2.15751844364e-05
0.01 0.000356114781002 0.000137650542379
0.01 0.000356113141037 0.000180811934809
0.01 0.000356115600988 0.000296865246324
0.01 0.000356112321057 0.000340059709646
0.01 0.000356116420975 0.000456068928096
0.01 0.000356111501079 0.00049931850964
0.01 0.000356117240965 0.000615261588597
0.01 0.000356110681103 0.000658588335482
0.01 0.000356118060956 0.00077444322852
0.01 0.000356109861129 0.00081786918808
0.01 0.000356118880949 0.000933613848558
lowest error 0.01 1.66415203344e-07
0.01 1.66415203344e-07 5.36720504707e-06
0.01 1.66415586529e-07 1.53165297485e-05
0.01 1.66414820159e-07 2.60507538545e-05
0.01 1.66415969716e-07 3.600045057e-05
0.01 1.66414436975e-07 4.67341166579e-05
0.01 1.66416352903e-07 5.66845574013e-05
0.01 1.66414053792e-07 6.74172934585e-05
0.01 1.66416736092e-07 7.73688502433e-05
0.01 1.6641367061e-07 8.81002842581e-05
0.01 1.66417119281e-07 9.8053329098e-05
0.01 1.66413287429e-07 0.000108783089058
0.01 1.66417502471e-07 0.000118737993968
lowest error 0.05 6.38972253616e-05
0.05 6.38972253616e-05 8.36537068496e-05
0.05 6.38970782329e-05 0.000147652128798
0.05 6.38973724905e-05 0.000314936282285
0.05 6.38969311047e-05 0.000378981227403
0.05 6.38975196198e-05 0.000546195599643
0.05 6.38967839767e-05 0.000610333591102
0.05 6.38976667495e-05 0.000777431661269
0.05 6.38966368491e-05 0.000841709222235
0.05 6.38978138795e-05 0.00100864446949
0.05 6.38964897218e-05 0.00107310812314
0.05 6.38979610098e-05 0.00123983402665
0.05 6.38963425949e-05 0.00130453029616
lowest error 0.05 7.5200373912e-08
0.05 7.5200373912e-08 1.05413193641e-06
0.05 7.52005470674e-08 1.9046691262e-05
0.05 7.52002007569e-08 2.11547794646e-05
0.05 7.52007202233e-08 3.91476901314e-05
0.05 7.52000276023e-08 4.12552513258e-05
0.05 7.52008933796e-08 5.92488646736e-05
0.05 7.5199854448e-08 6.13555475204e-05
0.05 7.52010665362e-08 7.93502148713e-05
0.05 7.51996812941e-08 8.14556680324e-05
0.05 7.52012396933e-08 9.94517407626e-05
0.05 7.51995081407e-08 0.000101555612898
0.05 7.52014128507e-08 0.000119553442331
lowest error 0.1 3.06492604718e-05
0.1 3.06492604718e-05 5.70306915995e-05
0.1 3.06493310444e-05 9.26447803806e-05
0.1 3.06491898994e-05 0.000206715904296
0.1 3.06494016172e-05 0.000242310512276
0.1 3.06491193271e-05 0.000356410858344
0.1 3.06494721901e-05 0.000391966504723
0.1 3.06490487549e-05 0.000506115554244
0.1 3.06495427632e-05 0.000541612758355
0.1 3.0648978183e-05 0.000655829992895
0.1 3.06496133365e-05 0.000691249273672
0.1 3.06489076112e-05 0.0008055541748
0.1 3.06496839099e-05 0.000840876051573
lowest error 0.1 5.2771325155e-08
0.1 5.2771325155e-08 7.87931379209e-06
0.1 5.27712036447e-08 1.29222014009e-05
0.1 5.27714466656e-08 2.86810171182e-05
0.1 5.27710821346e-08 3.37235284626e-05
0.1 5.27715681765e-08 4.94829085786e-05
0.1 5.27709606248e-08 5.45246673958e-05
0.1 5.27716896876e-08 7.02849881571e-05
0.1 5.27708391154e-08 7.5325618182e-05
0.1 5.27718111991e-08 9.10872558917e-05
0.1 5.27707176062e-08 9.61263808605e-05
0.1 5.27719327108e-08 0.000111889711766
0.1 5.27705960972e-08 0.000116926955415
lowest error 0.15 1.99929555302e-05
0.15 1.99929555302e-05 7.85565230998e-05
0.15 1.99929094948e-05 0.000132789865882
0.15 1.99930015657e-05 0.000289883492639
0.15 1.99928634595e-05 0.000344155676093
0.15 1.99930476014e-05 0.000501191044519
0.15 1.99928174242e-05 0.000555540909123
0.15 1.99930936371e-05 0.000712479180529
0.15 1.99927713891e-05 0.00076694556714
0.15 1.9993139673e-05 0.000923747902447
0.15 1.99927253541e-05 0.000978369651738
0.15 1.99931857089e-05 0.00113499721187
0.15 1.99926793192e-05 0.00118981316471
lowest error 0.15 4.35010760631e-08
0.15 4.35010760631e-08 9.73757795375e-06
0.15 4.35009758983e-08 1.05783940412e-05
0.15 4.35011762281e-08 3.00537294193e-05
0.15 4.35008757337e-08 3.08941866032e-05
0.15 4.35012763934e-08 5.03700603391e-05
0.15 4.35007755693e-08 5.12097997163e-05
0.15 4.35013765589e-08 7.06865707141e-05
0.15 4.35006754052e-08 7.15252333814e-05
0.15 4.35014767246e-08 9.10032605468e-05
0.15 4.35005752413e-08 9.18404876007e-05
0.15 4.35015768906e-08 0.000111320129838
0.15 4.35004750776e-08 0.000112155562376
lowest error 0.2 1.46766521101e-05
0.2 1.46766521101e-05 6.29487087696e-05
0.2 1.46766859044e-05 9.77313134287e-05
0.2 1.46766183159e-05 0.000223639956693
0.2 1.46767196988e-05 0.000258400110688
0.2 1.46765845218e-05 0.000384342431126
0.2 1.46767534932e-05 0.000419057683648
0.2 1.46765507278e-05 0.000545056132852
0.2 1.46767872877e-05 0.000579704033379
0.2 1.46765169338e-05 0.000705781062513
0.2 1.46768210823e-05 0.000740339160521
0.2 1.46764831399e-05 0.000866517221178
0.2 1.4676854877e-05 0.000900963065859
lowest error 0.2 3.7979828559e-08
0.2 3.7979828559e-08 3.23546384129e-06
0.2 3.79799160109e-08 1.84345928949e-05
0.2 3.79797411074e-08 2.49053164096e-05
0.2 3.7980003463e-08 4.01048538023e-05
0.2 3.79796536559e-08 4.6574964792e-05
0.2 3.79800909153e-08 6.17753188816e-05
0.2 3.79795662046e-08 6.82444090288e-05
0.2 3.79801783678e-08 8.34459881358e-05
0.2 3.79794787535e-08 8.9913649103e-05
0.2 3.79802658205e-08 0.000105116861546
0.2 3.79793913026e-08 0.000111582685017
0.2 3.79803532734e-08 0.000126787939155
lowest error 0.25 8.76205550547e-06
0.25 8.76205550547e-06 2.82676352086e-05
0.25 8.76203533012e-06 0.000144171279135
0.25 8.76207568088e-06 0.000200693622177
0.25 8.76201515481e-06 0.000316623122129
0.25 8.76209585632e-06 0.000373106682588
0.25 8.76199497955e-06 0.000489087894591
0.25 8.76211603182e-06 0.000545506817406
0.25 8.76197480433e-06 0.000661565597489
0.25 8.76213620736e-06 0.000717894027604
0.25 8.76195462916e-06 0.000834056231792
0.25 8.76215638295e-06 0.00089026831415
0.25 8.76193445404e-06 0.00100655979847
lowest error 0.25 2.93197997628e-08
0.25 2.93197997628e-08 5.0326844705e-06
0.25 2.93198672742e-08 1.65851666516e-05
0.25 2.93197322515e-08 2.66503324062e-05
0.25 2.93199347858e-08 3.82032209614e-05
0.25 2.93196647404e-08 4.82677771574e-05
0.25 2.93200022975e-08 5.98214784611e-05
0.25 2.93195972295e-08 6.98850187075e-05
0.25 2.93200698094e-08 8.14399391338e-05
0.25 2.93195297187e-08 9.15020570966e-05
0.25 2.93201373214e-08 0.00010305860302
0.25 2.93194622081e-08 0.000113118892306
0.25 2.93202048336e-08 0.0001246774701
lowest error 0.3 6.74329252745e-06
0.3 6.74329252745e-06 9.04306811105e-05
0.3 6.74327700046e-06 9.97775439671e-05
0.3 6.74330805447e-06 0.000280623176964
0.3 6.74326147351e-06 0.000290001499903
0.3 6.74332358153e-06 0.000470799944727
0.3 6.74324594659e-06 0.000480241187833
0.3 6.74333910862e-06 0.000660960985702
0.3 6.74323041971e-06 0.000670496609056
0.3 6.74335463575e-06 0.000851106301186
0.3 6.74321489287e-06 0.000860767764877
0.3 6.74337016292e-06 0.00104123589248
0.3 6.74319936606e-06 0.00105105465659
lowest error 0.3 2.65520465018e-08
0.3 2.65520465018e-08 2.69663053443e-06
0.3 2.65521076402e-08 1.81766958733e-05
0.3 2.65519853635e-08 2.35697675102e-05
0.3 2.65521687787e-08 3.9050211714e-05
0.3 2.65519242253e-08 4.4442715057e-05
0.3 2.65522299174e-08 5.99239169898e-05
0.3 2.65518630873e-08 6.53154731567e-05
0.3 2.65522910563e-08 8.07978117021e-05
0.3 2.65518019495e-08 8.61880418488e-05
0.3 2.65523521952e-08 0.000101671895834
0.3 2.65517408118e-08 0.000107060421116
0.3 2.65524133344e-08 0.000122546169425
lowest error 0.35 5.71311544574e-06
0.35 5.71311544574e-06 2.39601881473e-05
0.35 5.71312860069e-06 0.000117085857225
0.35 5.71310229082e-06 0.000165014883395
0.35 5.71314175567e-06 0.000258123253128
0.35 5.71308913593e-06 0.000306078229297
0.35 5.71315491068e-06 0.000399152000093
0.35 5.71307598107e-06 0.000447150226262
0.35 5.71316806572e-06 0.000540172098648
0.35 5.71306282625e-06 0.000588230874817
0.35 5.71318122079e-06 0.000681183549325
0.35 5.71304967145e-06 0.000729320175494
0.35 5.71319437589e-06 0.00082218635253
lowest error 0.35 2.46401302943e-08
0.35 2.46401302943e-08 8.77829915913e-06
0.35 2.46401870304e-08 1.25474415098e-05
0.35 2.46400735584e-08 3.01038420956e-05
0.35 2.46402437666e-08 3.38733798944e-05
0.35 2.46400168226e-08 5.14291873013e-05
0.35 2.46403005029e-08 5.51995160341e-05
0.35 2.46399600869e-08 7.27543347785e-05
0.35 2.46403572393e-08 7.65258499116e-05
0.35 2.46399033514e-08 9.40792845285e-05
0.35 2.46404139759e-08 9.78523815287e-05
0.35 2.4639846616e-08 0.000115404036535
0.35 2.46404707126e-08 0.000119179110888
lowest error 0.4 4.62596135095e-06
0.4 4.62596135095e-06 6.37221061521e-05
0.4 4.62597200263e-06 6.39137257519e-05
0.4 4.62595069929e-06 0.000191365021255
0.4 4.62598265434e-06 0.00019154247485
0.4 4.62594004766e-06 0.000319015019951
0.4 4.62599330607e-06 0.000319164141533
0.4 4.62592939605e-06 0.000446672102518
0.4 4.62600395783e-06 0.000446778726199
0.4 4.62591874447e-06 0.000574336269578
0.4 4.62601460961e-06 0.000574386229122
0.4 4.62602526141e-06 0.000701986650925
0.4 4.62590809291e-06 0.000702007521409
lowest error 0.4 2.28153954172e-08
0.4 2.28153954172e-08 1.06673945321e-05
0.4 2.28153428829e-08 1.11543907493e-05
0.4 2.28154479517e-08 3.24893868342e-05
0.4 2.28152903487e-08 3.29759689928e-05
0.4 2.28155004862e-08 5.43115861986e-05
0.4 2.28152378146e-08 5.47973401992e-05
0.4 2.28155530209e-08 7.61339926063e-05
0.4 2.28151852806e-08 7.66185043717e-05
0.4 2.28156055557e-08 9.79566060608e-05
0.4 2.28151327468e-08 9.84394615116e-05
0.4 2.28156580907e-08 0.000119779426563
0.4 2.28150802131e-08 0.000120260211621
lowest error 0.45 4.01885188e-06
0.45 4.01885188e-06 7.30761680923e-05
0.45 4.01884262626e-06 0.000111190555398
0.45 4.01886113376e-06 0.000257328129594
0.45 4.01883337254e-06 0.000295472042069
0.45 4.01887038754e-06 0.000441565330281
0.45 4.01882411885e-06 0.000479768293093
0.45 4.01887964134e-06 0.000625787771178
0.45 4.01881486517e-06 0.000664079309664
0.45 4.01888889516e-06 0.000809995453796
0.45 4.01880561152e-06 0.00084840509279
0.45 4.018898149e-06 0.000994188379146
0.45 4.01879635789e-06 0.00103274564399
lowest error 0.45 2.15445784041e-08
0.45 2.15445784041e-08 4.57624059891e-06
0.45 2.15446280124e-08 1.603544953e-05
0.45 2.1544528796e-08 2.51877460342e-05
0.45 2.15446776208e-08 3.66473243916e-05
0.45 2.15444791879e-08 4.57990667577e-05
0.45 2.15447272293e-08 5.72593839694e-05
0.45 2.154442958e-08 6.6410202773e-05
0.45 2.15447768379e-08 7.78716282643e-05
0.45 2.15443799721e-08 8.70211540804e-05
0.45 2.15448264467e-08 9.84840572786e-05
0.45 2.15443303644e-08 0.000107631920682
0.45 2.15448760555e-08 0.000119096671014
lowest error 0.5 3.39786406117e-06
0.5 3.39786406117e-06 5.07274706694e-05
0.5 3.39787188505e-06 9.57630070419e-05
0.5 3.39785623731e-06 0.000197227278968
0.5 3.39787970895e-06 0.000242244154758
0.5 3.39784841347e-06 0.000343736418451
0.5 3.39788753287e-06 0.000388715972944
0.5 3.39784058964e-06 0.000490254889709
0.5 3.3978953568e-06 0.000535178462455
0.5 3.39783276583e-06 0.00063678269321
0.5 3.39790318075e-06 0.000681631623753
0.5 3.39782494204e-06 0.000783319829805
0.5 3.39791100472e-06 0.000828075457436
lowest error 0.5 2.04780217532e-08
0.5 2.04780217532e-08 1.00459866634e-05
0.5 2.04780689056e-08 1.16204368017e-05
0.5 2.04779746008e-08 3.17122060283e-05
0.5 2.04781160582e-08 3.32870643502e-05
0.5 2.04779274486e-08 5.33782212937e-05
0.5 2.04781632108e-08 5.49538960222e-05
0.5 2.04778802965e-08 7.50440324624e-05
0.5 2.04782103636e-08 7.66209318011e-05
0.5 2.04778331445e-08 9.6709639537e-05
0.5 2.04782575165e-08 9.82881716887e-05
0.5 2.04777859926e-08 0.000118375042498
0.5 2.04783046694e-08 0.000119955615685
lowest error 0.55 2.86681058944e-06
0.55 2.86681058944e-06 5.63887529674e-05
0.55 2.86681719052e-06 7.76490342682e-05
0.55 2.86680398837e-06 0.000190434351707
0.55 2.86682379162e-06 0.000211679010334
0.55 2.86679738732e-06 0.000324487762646
0.55 2.86683039274e-06 0.000345701175688
0.55 2.86679078628e-06 0.000458548986119
0.55 2.86683699386e-06 0.000479715530782
0.55 2.86678418526e-06 0.000592618022581
0.55 2.86684359501e-06 0.000613722076074
0.55 2.86677758426e-06 0.000726694872489
0.55 2.86685019617e-06 0.000747720811898
lowest error 0.55 1.92104261925e-08
0.55 1.92104261925e-08 1.86965667615e-06
0.55 1.92103819589e-08 1.81600425289e-05
0.55 1.92104704262e-08 2.18995303132e-05
0.55 1.92103377254e-08 3.81895673045e-05
0.55 1.921051466e-08 4.19295783827e-05
0.55 1.92102934921e-08 5.82189176339e-05
0.55 1.92105588939e-08 6.19598008864e-05
0.55 1.92102492588e-08 7.82480935544e-05
0.55 1.92106031279e-08 8.19901978084e-05
0.55 1.92102050256e-08 9.82770950499e-05
0.55 1.9210647362e-08 0.000102020769186
0.55 1.92101607925e-08 0.000118305922121
lowest error 0.6 2.34778325071e-06
0.6 2.34778325071e-06 3.21524343976e-05
0.6 2.34777784474e-06 9.66076347129e-05
0.6 2.34778865668e-06 0.000160905295484
0.6 2.34777243879e-06 0.000225374912139
0.6 2.34779406267e-06 0.000289650948947
0.6 2.34776703285e-06 0.000354149398512
0.6 2.34779946867e-06 0.000418389395191
0.6 2.34776162692e-06 0.000482931094122
0.6 2.34780487469e-06 0.000547120634621
0.6 2.34775622101e-06 0.000611719999372
0.6 2.34781028072e-06 0.000675844667639
0.6 2.34775081511e-06 0.000740516114664
lowest error 0.6 1.80273545404e-08
0.6 1.80273545404e-08 3.20659132669e-06
0.6 1.802739605e-08 1.90149752894e-05
0.6 1.80273130309e-08 2.54279432306e-05
0.6 1.80274375596e-08 4.12367566009e-05
0.6 1.80272715215e-08 4.76490804631e-05
0.6 1.80274790694e-08 6.34587526096e-05
0.6 1.80272300123e-08 6.98700030064e-05
0.6 1.80275205792e-08 8.56809633172e-05
0.6 1.80271885031e-08 9.20907108632e-05
0.6 1.80275620892e-08 0.000107903388726
0.6 1.8027146994e-08 0.000114311204035
0.6 1.80276035992e-08 0.000130126028839
lowest error 0.65 1.90228244462e-06
0.65 1.90228244462e-06 2.97219923548e-05
0.65 1.90228682479e-06 7.97642019217e-05
0.65 1.90227806446e-06 0.00013921339865
0.65 1.90229120497e-06 0.000189245184428
0.65 1.9022736843e-06 0.000248710017211
0.65 1.90229558516e-06 0.000298720955314
0.65 1.90226930416e-06 0.000358211848288
0.65 1.90229996537e-06 0.000408191515024
0.65 1.90226492403e-06 0.000467718892127
0.65 1.90230434558e-06 0.000517656863707
0.65 1.90226054391e-06 0.000577231148879
0.65 1.9023087258e-06 0.000627117001613
lowest error 0.65 1.63191299221e-08
0.65 1.63191299221e-08 4.92144402742e-06
0.65 1.6319092346e-08 1.54096490066e-05
0.65 1.63191674983e-08 2.5252716763e-05
0.65 1.63190547699e-08 3.57405623221e-05
0.65 1.63192050747e-08 4.55841692384e-05
0.65 1.63190171939e-08 5.60712959201e-05
0.65 1.63192426511e-08 6.59158014371e-05
0.65 1.63189796181e-08 7.64018498036e-05
0.65 1.63192802275e-08 8.6247613361e-05
0.65 1.63189420423e-08 9.67322239731e-05
0.65 1.63193178041e-08 0.00010657960501
0.65 1.63189044666e-08 0.000117062418412
lowest error 0.7 1.36099334002e-06
0.7 1.36099334002e-06 6.27516562357e-06
0.7 1.36099647382e-06 0.000114540583645
0.7 1.36099020622e-06 0.00012709726149
0.7 1.36099960764e-06 0.000235349986651
0.7 1.36098707242e-06 0.000247925704179
0.7 1.36100274146e-06 0.000356153043728
0.7 1.36098393864e-06 0.00036876049424
0.7 1.36100587528e-06 0.000476949755209
0.7 1.36098080486e-06 0.000489601631897
0.7 1.36100900912e-06 0.000597740121317
0.7 1.36097767109e-06 0.000610449117481
0.7 1.36101214296e-06 0.000718524142604
lowest error 0.7 1.48088045076e-08
0.7 1.48088045076e-08 7.7863539949e-06
0.7 1.48088386062e-08 1.26125581463e-05
0.7 1.48087704091e-08 2.81850852173e-05
0.7 1.48088727048e-08 3.30116512077e-05
0.7 1.48087363107e-08 4.85836355044e-05
0.7 1.48089068036e-08 5.34109251915e-05
0.7 1.48087022124e-08 6.89820048936e-05
0.7 1.48089409024e-08 7.38103800986e-05
0.7 1.48086681141e-08 8.93801933692e-05
0.7 1.48089750013e-08 9.42100159129e-05
0.7 1.48086340159e-08 0.000109778200932
0.7 1.48090091002e-08 0.000114609832673
lowest error 0.75 9.75627425266e-07
0.75 9.75627425266e-07 1.03552561188e-05
0.75 9.75629671734e-07 6.74870762718e-05
0.75 9.75625178804e-07 8.82002230527e-05
0.75 9.75631918207e-07 0.00014532677414
0.75 9.75622932346e-07 0.000166047824755
0.75 9.75634164685e-07 0.000223163837576
0.75 9.75620685894e-07 0.000243898061249
0.75 9.75636411168e-07 0.000300998266667
0.75 9.75618439447e-07 0.000321750932621
0.75 9.75638657657e-07 0.000378830061504
0.75 9.75616193005e-07 0.000399606438961
0.75 9.7564090415e-07 0.000456659222105
lowest error 0.75 1.29866459294e-08
0.75 1.29866459294e-08 5.26600739859e-06
0.75 1.29866758323e-08 1.38023250056e-05
0.75 1.29866160266e-08 2.43341817163e-05
0.75 1.29867057353e-08 3.2870815498e-05
0.75 1.29865861238e-08 4.34021979316e-05
0.75 1.29867356383e-08 5.19394640794e-05
0.75 1.29865562211e-08 6.24700560805e-05
0.75 1.29867655414e-08 7.10082707513e-05
0.75 1.29865263185e-08 8.15377561461e-05
0.75 1.29867954446e-08 9.0077235515e-05
0.75 1.2986496416e-08 0.000100605298131
0.75 1.29868253478e-08 0.000109146358355
lowest error 0.8 1.00993169032e-06
0.8 1.00993169032e-06 3.36331010127e-05
0.8 1.00993401578e-06 6.97203466173e-05
0.8 1.00992936487e-06 0.000136991193195
0.8 1.00993634124e-06 0.000173069150087
0.8 1.00992703942e-06 0.000240353930046
0.8 1.0099386667e-06 0.000276413309513
0.8 1.00992471398e-06 0.000343721311773
0.8 1.00994099218e-06 0.000379752825105
0.8 1.00992238855e-06 0.000447093338589
0.8 1.00994331765e-06 0.000483087697072
0.8 1.00992006312e-06 0.0005504700107
0.8 1.00994564314e-06 0.000586417925622
lowest error 0.8 1.32151774773e-08
0.8 1.32151774773e-08 8.61594285873e-06
0.8 1.32151470483e-08 1.23910853933e-05
0.8 1.32152079065e-08 2.96231629786e-05
0.8 1.32151166193e-08 3.33979217784e-05
0.8 1.32152383356e-08 5.06305749699e-05
0.8 1.32150861904e-08 5.44045662987e-05
0.8 1.32152687649e-08 7.16381788326e-05
0.8 1.32150557616e-08 7.54110189369e-05
0.8 1.32152991942e-08 9.26459745507e-05
0.8 1.32150253329e-08 9.64172797322e-05
0.8 1.32153296236e-08 0.000113653962162
0.8 1.32149949042e-08 0.000117423348667
lowest error 0.81 1.08274952032e-06
0.81 1.08274952032e-06 2.13341186281e-05
0.81 1.0827470272e-06 8.55287018875e-05
0.81 1.08275201344e-06 0.000128191974258
0.81 1.08274453408e-06 0.00019239648752
0.81 1.08275450658e-06 0.000235044865233
0.81 1.08274204098e-06 0.000299269238405
0.81 1.08275699971e-06 0.000341892791782
0.81 1.08273954787e-06 0.000406146954963
0.81 1.08275949286e-06 0.000448735754043
0.81 1.08273705478e-06 0.000513029637329
0.81 1.082761986e-06 0.000555573752436
0.81 1.08273456168e-06 0.000619917285736
lowest error 0.81 1.35936473766e-08
0.81 1.35936473766e-08 1.80799300686e-06
0.81 1.35936160761e-08 1.85546057114e-05
0.81 1.35936786772e-08 2.21707720032e-05
0.81 1.35935847757e-08 3.89170241539e-05
0.81 1.35937099778e-08 4.25337312784e-05
0.81 1.35935534753e-08 5.92792623033e-05
0.81 1.35937412785e-08 6.28968708347e-05
0.81 1.35935221751e-08 7.96413201982e-05
0.81 1.35937725793e-08 8.32601906553e-05
0.81 1.35934908749e-08 0.000100003197822
0.81 1.35938038802e-08 0.000103623690778
0.81 1.35934595747e-08 0.000120364895175
lowest error 0.82 1.13210575992e-06
0.82 1.13210575992e-06 5.3626201947e-05
0.82 1.13210836669e-06 5.61152473391e-05
0.82 1.13210315315e-06 0.000163372887432
0.82 1.13211097347e-06 0.00016585146058
0.82 1.13210054639e-06 0.00027312480956
0.82 1.13211358025e-06 0.000275582438026
0.82 1.13209793964e-06 0.000382881968483
0.82 1.13211618705e-06 0.000385308179925
0.82 1.13209533289e-06 0.00049264436445
0.82 1.13211879384e-06 0.000495028686529
0.82 1.13209272614e-06 0.000602411997713
0.82 1.13212140064e-06 0.000604743958085
lowest error 0.82 1.38332428093e-08
0.82 1.38332428093e-08 7.60026020341e-07
0.82 1.38332109571e-08 2.0221712302e-05
0.82 1.38332746615e-08 2.174195575e-05
0.82 1.3833179105e-08 4.12032592183e-05
0.82 1.38333065139e-08 4.27240768888e-05
0.82 1.38331472529e-08 6.21846147304e-05
0.82 1.38333383663e-08 6.37063894198e-05
0.82 1.3833115401e-08 8.31657788223e-05
0.82 1.38333702187e-08 8.46888933825e-05
0.82 1.38330835491e-08 0.000104146751532
0.82 1.38334020713e-08 0.00010567158876
0.82 1.38330516973e-08 0.000125127532842
lowest error 0.83 1.16036868517e-06
0.83 1.16036868517e-06 9.68043001004e-06
0.83 1.16037135702e-06 9.9405553379e-05
0.83 1.16036601333e-06 0.000118771587426
0.83 1.16037402888e-06 0.000208486362984
0.83 1.16036334149e-06 0.000227867919117
0.83 1.16037670074e-06 0.000317561999051
0.83 1.16036066966e-06 0.000336969425232
0.83 1.16037937261e-06 0.000426632461826
0.83 1.16035799783e-06 0.000446076106207
0.83 1.16038204449e-06 0.000535697751456
0.83 1.16035532601e-06 0.000555187962194
0.83 1.16038471637e-06 0.000644757868382
lowest error 0.83 1.40774826253e-08
0.83 1.40774826253e-08 7.01726556063e-06
0.83 1.407751504e-08 1.55788363658e-05
0.83 1.40774502108e-08 2.96131454962e-05
0.83 1.40775474547e-08 3.81751602672e-05
0.83 1.40774177963e-08 5.22088034427e-05
0.83 1.40775798695e-08 6.07717061833e-05
0.83 1.40773853819e-08 7.48042394019e-05
0.83 1.40776122843e-08 8.33684740984e-05
0.83 1.40773529675e-08 9.73994533759e-05
0.83 1.40776446993e-08 0.000105965464013
0.83 1.40773205533e-08 0.000119994445348
0.83 1.40776771143e-08 0.00012856267593
lowest error 0.84 1.20519133347e-06
0.84 1.20519133347e-06 2.2705659763e-05
0.84 1.20518855841e-06 8.05975577167e-05
0.84 1.20519410853e-06 0.000126004237599
0.84 1.20518578337e-06 0.000183905415049
0.84 1.20519688359e-06 0.000229298175908
0.84 1.20518300833e-06 0.000287217912441
0.84 1.20519965866e-06 0.000332587475081
0.84 1.2051802333e-06 0.000390535050102
0.84 1.20520243374e-06 0.000435872135236
0.84 1.20517745827e-06 0.000493856828149
0.84 1.20520520882e-06 0.000539152156581
0.84 1.20517468325e-06 0.000597183246974
lowest error 0.84 1.43866606611e-08
0.84 1.43866606611e-08 5.01450592161e-06
0.84 1.43866275346e-08 1.56828240252e-05
0.84 1.43866937877e-08 2.57120221221e-05
0.84 1.43865944083e-08 3.63799677205e-05
0.84 1.43867269143e-08 4.64097245771e-05
0.84 1.43865612819e-08 5.70769251662e-05
0.84 1.4386760041e-08 6.71076132703e-05
0.84 1.43865281557e-08 7.77736963458e-05
0.84 1.43867931678e-08 8.78056882403e-05
0.84 1.43864950295e-08 9.84702812965e-05
0.84 1.43868262946e-08 0.00010850394947
0.84 1.43864619034e-08 0.000119166680002
lowest error 0.85 1.2937191299e-06
0.85 1.2937191299e-06 3.78256127846e-05
0.85 1.2937221088e-06 0.000115999537621
0.85 1.29371615101e-06 0.000191661051617
0.85 1.29372508771e-06 0.000269814400297
0.85 1.29371317212e-06 0.000345506779555
0.85 1.29372806663e-06 0.000423618975923
0.85 1.29371019324e-06 0.000499362797156
0.85 1.29373104555e-06 0.000577413265058
0.85 1.29370721436e-06 0.000653229105383
0.85 1.29373402448e-06 0.000731197268661
0.85 1.29370423549e-06 0.00080710570478
0.85 1.29373700341e-06 0.000884970987277
lowest error 0.85 1.48934736025e-08
0.85 1.48934736025e-08 1.01452651204e-05
0.85 1.4893507896e-08 1.23346805636e-05
0.85 1.48934393091e-08 3.26249911091e-05
0.85 1.48935421897e-08 3.48148459848e-05
0.85 1.48934050157e-08 5.51044973847e-05
0.85 1.48935764833e-08 5.72952311262e-05
0.85 1.48933707224e-08 7.75837839493e-05
0.85 1.48936107771e-08 7.97758359892e-05
0.85 1.48933364292e-08 0.000100062850805
0.85 1.4893645071e-08 0.000102256660576
0.85 1.48933021361e-08 0.000122541697954
0.85 1.48936793649e-08 0.000124737704889
lowest error 0.86 1.26318802524e-06
0.86 1.26318802524e-06 4.2652170269e-05
0.86 1.26319093385e-06 8.75965096516e-05
0.86 1.26318511665e-06 0.000172908226318
0.86 1.26319384245e-06 0.000217837813745
0.86 1.26318220806e-06 0.000303171659147
0.86 1.26319675107e-06 0.000348071742426
0.86 1.26317929948e-06 0.000433442469057
0.86 1.26319965969e-06 0.000478298296116
0.86 1.26317639091e-06 0.000563720656465
0.86 1.26320256832e-06 0.000608517475229
0.86 1.26317348234e-06 0.000694006221791
0.86 1.26320547695e-06 0.000738729280072
lowest error 0.86 1.50003709837e-08
0.86 1.50003709837e-08 8.04715213398e-06
0.86 1.50004055233e-08 1.43423092465e-05
0.86 1.50003364441e-08 3.04363955648e-05
0.86 1.50004400631e-08 3.67319885592e-05
0.86 1.50003019046e-08 5.28254210477e-05
0.86 1.50004746029e-08 5.91218858461e-05
0.86 1.50002673651e-08 7.52142285845e-05
0.86 1.50005091428e-08 8.15120010893e-05
0.86 1.50002328258e-08 9.76028181783e-05
0.86 1.50005436828e-08 0.000103902334291
0.86 1.50001982865e-08 0.00011999118981
0.86 1.50005782229e-08 0.000126292885453
lowest error 0.87 1.34965261347e-06
0.87 1.34965261347e-06 5.55067587715e-06
0.87 1.34964950578e-06 0.000111364946422
0.87 1.34965572116e-06 0.000122460355306
0.87 1.3496463981e-06 0.000228286511893
0.87 1.34965882886e-06 0.000239364092167
0.87 1.34964329043e-06 0.000345214020734
0.87 1.34966193657e-06 0.000356261886762
0.87 1.34964018277e-06 0.000462147473455
0.87 1.34966504429e-06 0.000473153739393
0.87 1.34963707511e-06 0.000579086870254
0.87 1.34966815201e-06 0.000590039650259
0.87 1.34963396746e-06 0.000696032211435
lowest error 0.87 1.59995953891e-08
0.87 1.59995953891e-08 3.86033269661e-06
0.87 1.59995585487e-08 1.80644993661e-05
0.87 1.59996322296e-08 2.57853737602e-05
0.87 1.59995217084e-08 3.99891224303e-05
0.87 1.59996690701e-08 4.77106238264e-05
0.87 1.59994848682e-08 6.19135364777e-05
0.87 1.59997059108e-08 6.96360828978e-05
0.87 1.59994480281e-08 8.38377415495e-05
0.87 1.59997427515e-08 9.15617509767e-05
0.87 1.5999411188e-08 0.000105761737629
0.87 1.59997795923e-08 0.000113487628044
0.87 1.59993743481e-08 0.000127685524717
lowest error 0.88 1.3485498343e-06
0.88 1.3485498343e-06 3.93709787745e-05
0.88 1.34855293945e-06 5.51697939799e-05
0.88 1.34854672915e-06 0.000133915637691
0.88 1.34855604461e-06 0.000149706680733
0.88 1.34854362401e-06 0.000228464182928
0.88 1.34855914978e-06 0.000244239681642
0.88 1.34854051888e-06 0.000323016614563
0.88 1.34856225496e-06 0.000338768796786
0.88 1.34853741375e-06 0.000417572932924
0.88 1.34856536014e-06 0.00043329402649
0.88 1.34853430863e-06 0.000512133138084
0.88 1.34856846533e-06 0.000527815370832
lowest error 0.88 1.63086495332e-08
0.88 1.63086495332e-08 2.35920846858e-07
0.88 1.63086870853e-08 2.0614362541e-05
0.88 1.63086119812e-08 2.10860152392e-05
0.88 1.63087246375e-08 4.14648349611e-05
0.88 1.63085744293e-08 4.19359206205e-05
0.88 1.63087621897e-08 6.2315496399e-05
0.88 1.63085368774e-08 6.27856369917e-05
0.88 1.63087997421e-08 8.31663468546e-05
0.88 1.63084993257e-08 8.36351643549e-05
0.88 1.63088372945e-08 0.00010401738633
0.88 1.6308461774e-08 0.000104484502712
0.88 1.63088748471e-08 0.000124868614828
lowest error 0.89 1.41739860176e-06
0.89 1.41739860176e-06 4.79287788844e-05
0.89 1.41739533808e-06 9.05631206356e-05
0.89 1.41740186544e-06 0.000186412339597
0.89 1.41739207441e-06 0.00022906335946
0.89 1.41740512913e-06 0.000324887561884
0.89 1.41738881075e-06 0.000367571938095
0.89 1.41740839283e-06 0.000463354446496
0.89 1.41738554709e-06 0.000506088857041
0.89 1.41741165654e-06 0.000601812993807
0.89 1.41738228344e-06 0.000644614116678
0.89 1.41741492025e-06 0.000740263204323
0.89 1.41737901981e-06 0.000783147717752
lowest error 0.89 1.68202327092e-08
0.89 1.68202327092e-08 5.54148276111e-06
0.89 1.68202714392e-08 1.51557588493e-05
0.89 1.68201939792e-08 2.62385381031e-05
0.89 1.68203101694e-08 3.58531867102e-05
0.89 1.68201552493e-08 4.69354072168e-05
0.89 1.68203488996e-08 5.65508008226e-05
0.89 1.68201165195e-08 6.76320900848e-05
0.89 1.682038763e-08 7.72486011904e-05
0.89 1.68200777898e-08 8.83285867084e-05
0.89 1.68204263604e-08 9.79465878137e-05
0.89 1.68200390602e-08 0.000109024897089
0.89 1.68204650909e-08 0.000118644760694
lowest error 0.9 1.4069024956e-06
0.9 1.4069024956e-06 4.65080524221e-05
0.9 1.40689925609e-06 5.40892977834e-05
0.9 1.40690573512e-06 0.000147101002806
0.9 1.40689601659e-06 0.000154691048003
0.9 1.40690897464e-06 0.000247689553473
0.9 1.40689277709e-06 0.000255297198429
0.9 1.40691221417e-06 0.000348273704792
0.9 1.40688953761e-06 0.000355907749253
0.9 1.40691545371e-06 0.000448853456867
0.9 1.40688629813e-06 0.000456522700579
0.9 1.40691869326e-06 0.000549428809892
0.9 1.40688305866e-06 0.000557142052777
lowest error 0.9 1.74977819406e-08
0.9 1.74977819406e-08 6.68536471515e-07
0.9 1.74977416505e-08 2.0406334166e-05
0.9 1.74978222308e-08 2.17436002199e-05
0.9 1.74977013605e-08 4.14810116762e-05
0.9 1.7497862521e-08 4.28188570805e-05
0.9 1.74976610706e-08 6.25554960987e-05
0.9 1.74979028114e-08 6.3894307055e-05
0.9 1.74976207808e-08 8.36297874152e-05
0.9 1.74979431019e-08 8.49699501453e-05
0.9 1.74975804911e-08 0.000104703885629
0.9 1.74979833924e-08 0.000106045786353
0.9 1.74975402015e-08 0.000125777790741
lowest error 0.95 1.43329306652e-06
0.95 1.43329306652e-06 6.13890435224e-05
0.95 1.43329636681e-06 8.32190301598e-05
0.95 1.43328976625e-06 0.000206006209616
0.95 1.4332996671e-06 0.000227818012259
0.95 1.43328646598e-06 0.000350632468564
0.95 1.43330296739e-06 0.000372407903218
0.95 1.43328316572e-06 0.000495267820941
0.95 1.4333062677e-06 0.000516988703608
0.95 1.43327986547e-06 0.000639912267315
0.95 1.43330956801e-06 0.000661560414001
0.95 1.43327656522e-06 0.000784565808259
0.95 1.43331286834e-06 0.000806123034969
lowest error 0.95 1.98241237464e-08
0.95 1.98241237464e-08 7.8021723513e-06
0.95 1.98241693932e-08 1.16387175595e-05
0.95 1.98240780998e-08 2.72428979384e-05
0.95 1.98242150401e-08 3.10797717793e-05
0.95 1.98240324532e-08 4.66834592014e-05
0.95 1.98242606871e-08 5.05209903432e-05
0.95 1.98239868067e-08 6.61238561435e-05
0.95 1.98243063342e-08 6.99623732361e-05
0.95 1.98239411604e-08 8.55640887649e-05
0.95 1.98243519814e-08 8.94039204593e-05
0.95 1.98238955141e-08 0.00010500415705
0.95 1.98243976287e-08 0.000108845632013
lowest error 1.0 1.22558376687e-06
1.0 1.22558376687e-06 3.5426634867e-05
1.0 1.22558658889e-06 7.04697603746e-05
1.0 1.22558094486e-06 0.000141327905928
1.0 1.22558941091e-06 0.000176361280017
1.0 1.22557812286e-06 0.000247234053038
1.0 1.22559223293e-06 0.000282247924194
1.0 1.22557530087e-06 0.000353145076418
1.0 1.22559505497e-06 0.000388129693315
1.0 1.22557247888e-06 0.000459060976198
1.0 1.22559787701e-06 0.000494006587515
1.0 1.2255696569e-06 0.000564981752792
1.0 1.22560069905e-06 0.000599878607012
lowest error 1.0 2.14719259132e-08
1.0 2.14719259132e-08 1.00019927816e-05
1.0 2.14718764723e-08 1.07343693561e-05
1.0 2.14719753542e-08 3.07385418932e-05
1.0 2.14718270315e-08 3.14705445574e-05
1.0 2.14720247953e-08 5.14752779628e-05
1.0 2.14717775909e-08 5.22065328066e-05
1.0 2.14720742365e-08 7.22122009917e-05
1.0 2.14717281503e-08 7.29423341044e-05
1.0 2.14721236778e-08 9.29493109814e-05
1.0 2.14716787099e-08 9.36779484535e-05
1.0 2.14721731193e-08 0.000113686607934
1.0 2.14716292696e-08 0.000114413375855
lowest error 1.1 1.18676027353e-06
1.1 1.18676027353e-06 3.32339434559e-05
1.1 1.18676300615e-06 5.62437839777e-05
1.1 1.18675754091e-06 0.000122715151958
1.1 1.18676573877e-06 0.000145718030477
1.1 1.18675480831e-06 0.000212199841666
1.1 1.1867684714e-06 0.000235188796179
1.1 1.18675207571e-06 0.000301688012635
1.1 1.18677120404e-06 0.000324656081137
1.1 1.18674934311e-06 0.000391179665158
1.1 1.18677393669e-06 0.000414119885647
1.1 1.18674661052e-06 0.000480674799293
1.1 1.18677666934e-06 0.000503580209765
lowest error 1.1 2.59325963411e-08
1.1 2.59325963411e-08 3.47940831347e-06
1.1 2.59325366292e-08 1.72580655473e-05
1.1 2.59326560532e-08 2.42170691322e-05
1.1 2.59324769174e-08 3.79953524337e-05
1.1 2.59327157654e-08 4.49549169481e-05
1.1 2.59324172057e-08 5.87324523469e-05
1.1 2.59327754778e-08 6.56929517437e-05
1.1 2.59323574942e-08 7.94693652884e-05
1.1 2.59328351903e-08 8.64311735209e-05
1.1 2.59322977828e-08 0.00010020609126
1.1 2.59328949029e-08 0.000107169582281
1.1 2.59322380715e-08 0.000120942630245
lowest error 1.2 1.03768132292e-06
1.2 1.03768132292e-06 2.19123901064e-05
1.2 1.03767893358e-06 7.28508653385e-05
1.2 1.03768371227e-06 0.000116671741294
1.2 1.03767654423e-06 0.0001676180252
1.2 1.03768610163e-06 0.000211427188385
1.2 1.0376741549e-06 0.000262389089639
1.2 1.037688491e-06 0.000306178731459
1.2 1.03767176557e-06 0.000357164058734
1.2 1.03769088036e-06 0.000400926370841
1.2 1.03766937624e-06 0.000451942932814
1.2 1.03769326974e-06 0.000495670106611
1.2 1.03766698692e-06 0.000546725711954
lowest error 1.2 3.01844314533e-08
1.2 3.01844314533e-08 5.86638921884e-06
1.2 3.01843619512e-08 1.44437202092e-05
1.2 3.01845009556e-08 2.61766779959e-05
1.2 3.01842924492e-08 3.47536502896e-05
1.2 3.01845704581e-08 4.64871461059e-05
1.2 3.01842229474e-08 5.50634010246e-05
1.2 3.01846399607e-08 6.67977935866e-05
1.2 3.01841534457e-08 7.53729724146e-05
1.2 3.01847094635e-08 8.71086204208e-05
1.2 3.01840839442e-08 9.56823644618e-05
1.2 3.01847789664e-08 0.000107419626611
1.2 3.01840144428e-08 0.00011599157715
lowest error 1.3 8.54173315738e-07
1.3 8.54173315738e-07 3.5252897892e-05
1.3 8.54171348933e-07 4.54507546026e-05
1.3 8.54175282547e-07 0.00011595371867
1.3 8.54169382133e-07 0.000126157238915
1.3 8.5417724936e-07 0.000196651707829
1.3 8.54167415338e-07 0.000206866555144
1.3 8.54179216178e-07 0.000277346865469
1.3 8.54165448547e-07 0.000287578703317
1.3 8.54181183001e-07 0.000358039191618
1.3 8.5416348176e-07 0.000368293683677
1.3 8.54183149828e-07 0.000438728686518
1.3 8.54161514979e-07 0.000449011496252
lowest error 1.3 3.41082156377e-08
1.3 3.41082156377e-08 3.14174899385e-06
1.3 3.41081371007e-08 1.49470537578e-05
1.3 3.41082941748e-08 2.12306940086e-05
1.3 3.41080585639e-08 3.3035714246e-05
1.3 3.41083727122e-08 3.93197812727e-05
1.3 3.41079800273e-08 5.11242324732e-05
1.3 3.41084512497e-08 5.7409010819e-05
1.3 3.41079014908e-08 6.92126084396e-05
1.3 3.41085297874e-08 7.54983826323e-05
1.3 3.41078229546e-08 8.73008421305e-05
1.3 3.41086083253e-08 9.35878967145e-05
1.3 3.41077444185e-08 0.000105388933579
lowest error 1.4 7.00182093666e-07
1.4 7.00182093666e-07 3.16642641187e-05
1.4 7.00183705896e-07 3.48368084686e-05
1.4 7.00180481439e-07 9.81672595155e-05
1.4 7.00185318131e-07 0.000101335958304
1.4 7.00178869215e-07 0.000164672177776
1.4 7.00186930369e-07 0.000167833185442
1.4 7.00177256996e-07 0.000231179018898
1.4 7.00188542611e-07 0.000234328489879
1.4 7.0017564478e-07 0.000297687783053
1.4 7.00190154856e-07 0.000300821871789
1.4 7.00174032568e-07 0.00036419847024
1.4 7.00191767106e-07 0.000367313331168
lowest error 1.4 3.77084776835e-08
1.4 3.77084776835e-08 7.00020620892e-06
1.4 3.77083908566e-08 1.25488440323e-05
1.4 3.77085645105e-08 2.65494226097e-05
1.4 3.77083040299e-08 3.20977280972e-05
1.4 3.77086513378e-08 4.60988051718e-05
1.4 3.77082172034e-08 5.1646446023e-05
1.4 3.77087381653e-08 6.56483538961e-05
1.4 3.77081303771e-08 7.11949977932e-05
1.4 3.7708824993e-08 8.51980687848e-05
1.4 3.77080435511e-08 9.07433834096e-05
1.4 3.77089118209e-08 0.000104747949839
1.4 3.77079567252e-08 0.000110291602873
lowest error 1.5 5.6228564988e-07
1.5 5.6228564988e-07 6.44724520082e-06
1.5 5.62286944592e-07 5.70643014086e-05
1.5 5.62284355171e-07 6.99605456433e-05
1.5 5.62288239307e-07 0.000120574094177
1.5 5.62283060465e-07 0.000133475599968
1.5 5.62289534025e-07 0.000184082133265
1.5 5.62281765762e-07 0.000196992408223
1.5 5.62290828746e-07 0.000247588418664
1.5 5.62280471062e-07 0.000260510970455
1.5 5.6229212347e-07 0.000311092950425
1.5 5.62279176365e-07 0.000324031286659
1.5 5.62293418197e-07 0.000374595728594
lowest error 1.5 4.19099362287e-08
1.5 4.19099362287e-08 8.12985526366e-06
1.5 4.19098397276e-08 1.00276534942e-05
1.5 4.191003273e-08 2.62875073678e-05
1.5 4.19097432268e-08 2.81850188908e-05
1.5 4.19101292315e-08 4.44453028194e-05
1.5 4.19096467261e-08 4.63422409589e-05
1.5 4.19102257333e-08 6.26032416196e-05
1.5 4.19095502257e-08 6.44993196848e-05
1.5 4.19103222353e-08 8.07613237694e-05
1.5 4.19094537255e-08 8.26562550684e-05
1.5 4.19104187374e-08 9.8919549254e-05
1.5 4.19093572255e-08 0.000100813047112
lowest error 1.6 4.82336358211e-07
1.6 4.82336358211e-07 2.13533324809e-05
1.6 4.82335247591e-07 2.36448645277e-05
1.6 4.82337468832e-07 6.63506491336e-05
1.6 4.82334136975e-07 6.8643941908e-05
1.6 4.82338579457e-07 0.000111347085449
1.6 4.82333026361e-07 0.000113643899638
1.6 4.82339690084e-07 0.000156342641444
1.6 4.82331915749e-07 0.000158644737815
1.6 4.82340800713e-07 0.000201337317094
1.6 4.8233080514e-07 0.000203646456417
1.6 4.82341911345e-07 0.000246331112499
1.6 4.82329694534e-07 0.00024864905546
lowest error 1.6 4.72817998245e-08
1.6 4.72817998245e-08 8.35470819105e-06
1.6 4.72816909542e-08 1.05687634848e-05
1.6 4.7281908695e-08 2.72783355788e-05
1.6 4.72815820842e-08 2.9492079483e-05
1.6 4.72820175657e-08 4.62021186638e-05
1.6 4.72814732145e-08 4.84152397888e-05
1.6 4.72821264367e-08 6.51260574465e-05
1.6 4.7281364345e-08 6.73382444027e-05
1.6 4.72822353079e-08 8.40501519281e-05
1.6 4.72812554758e-08 8.62610933265e-05
1.6 4.72823441794e-08 0.000102974402111
1.6 4.72811466068e-08 0.000105183786561
lowest error 1.7 4.11618608341e-07
1.7 4.11618608341e-07 2.6723922768e-06
1.7 4.11619556129e-07 4.80645034417e-05
1.7 4.11617660555e-07 5.34104072503e-05
1.7 4.11620503919e-07 9.88002799298e-05
1.7 4.11616712772e-07 0.000104149541458
1.7 4.11621451712e-07 0.000149534937212
1.7 4.1161576499e-07 0.000154889795015
1.7 4.11622399506e-07 0.000200268475314
1.7 4.11614817211e-07 0.000205631167901
1.7 4.11623347303e-07 0.000251000894214
1.7 4.11613869434e-07 0.000256373660141
1.7 4.11624295102e-07 0.000301732194028
lowest error 1.7 5.39613740705e-08
1.7 5.39613740705e-08 2.44518844594e-06
1.7 5.39614983213e-08 1.6743939629e-05
1.7 5.396124982e-08 2.1634156425e-05
1.7 5.39616225724e-08 3.59332277844e-05
1.7 5.39611255698e-08 4.08229643099e-05
1.7 5.39617468238e-08 5.51226760548e-05
1.7 5.39610013198e-08 6.00116121023e-05
1.7 5.39618710754e-08 7.43122844242e-05
1.7 5.39608770702e-08 7.92000998029e-05
1.7 5.39619953274e-08 9.35020528954e-05
1.7 5.39607528208e-08 9.83884274133e-05
1.7 5.39621195796e-08 0.000112691981469
lowest error 1.8 3.7333181355e-07
1.8 3.7333181355e-07 3.31196421399e-08
1.8 3.73332673179e-07 3.24445283257e-05
1.8 3.73330953923e-07 3.25112262245e-05
1.8 3.7333353281e-07 6.49217176862e-05
1.8 3.73330094297e-07 6.49897914267e-05
1.8 3.73334392444e-07 9.73984484447e-05
1.8 3.73329234674e-07 9.74688152566e-05
1.8 3.73335252079e-07 0.00012987472058
1.8 3.73328375053e-07 0.000129948297691
1.8 3.73336111716e-07 0.000162350534156
1.8 3.73327515433e-07 0.000162428238794
1.8 3.73336971355e-07 0.000194825889151
lowest error 1.8 6.27507614301e-08
1.8 6.27507614301e-08 6.5063568373e-06
1.8 6.27506169413e-08 1.02639799193e-05
1.8 6.27509059193e-08 2.32768158743e-05
1.8 6.27504724529e-08 2.7034194396e-05
1.8 6.27510504087e-08 4.00473971927e-05
1.8 6.27503279647e-08 4.38042865936e-05
1.8 6.27511948985e-08 5.68181007785e-05
1.8 6.27501834769e-08 6.05742564987e-05
1.8 6.27513393887e-08 7.3588926663e-05
1.8 6.27500389894e-08 7.73441041413e-05
1.8 6.27514838791e-08 9.03598748314e-05
1.8 6.27498945023e-08 9.41138295079e-05
lowest error 1.9 3.44750575638e-07
1.9 3.44750575638e-07 1.46878830485e-05
1.9 3.44749781821e-07 1.64351449348e-05
1.9 3.44751369456e-07 4.58104898589e-05
1.9 3.44748988007e-07 4.75585940705e-05
1.9 3.44752163277e-07 7.69326755563e-05
1.9 3.44748194194e-07 7.86824643635e-05
1.9 3.44752957099e-07 0.00010805444012
1.9 3.44747400382e-07 0.00010980675582
1.9 3.44753750923e-07 0.000139175783553
1.9 3.44746606573e-07 0.000140931468445
1.9 3.44754544749e-07 0.000170296705864
1.9 3.44745812766e-07 0.000172056602217
lowest error 1.9 7.26672959836e-08
1.9 7.26672959836e-08 7.39287013918e-06
1.9 7.26671286612e-08 8.13651527576e-06
1.9 7.26674633064e-08 2.29223604076e-05
1.9 7.26669613391e-08 2.36657958386e-05
1.9 7.26676306296e-08 3.84519555303e-05
1.9 7.26667940175e-08 3.91949715493e-05
1.9 7.26677979532e-08 5.39816554936e-05
1.9 7.26666266962e-08 5.47240423949e-05
1.9 7.26679652772e-08 6.95114603264e-05
1.9 7.26664593753e-08 7.02530084036e-05
1.9 7.26681326016e-08 8.50413700153e-05
1.9 7.26662920548e-08 8.57818695632e-05
lowest error 2.0 2.82677993531e-07
2.0 2.82677993531e-07 5.23451748791e-06
2.0 2.82677342642e-07 1.55490959557e-05
2.0 2.82678644422e-07 2.60179431431e-05
2.0 2.82676691754e-07 3.63328972268e-05
2.0 2.82679295314e-07 4.68011809933e-05
2.0 2.82676040868e-07 5.71168863077e-05
2.0 2.82679946208e-07 6.75842310405e-05
2.0 2.82675389983e-07 7.79010632002e-05
2.0 2.82680597104e-07 8.83670932854e-05
2.0 2.82674739099e-07 9.86854279068e-05
2.0 2.82681248001e-07 0.00010914976773
2.0 2.82674088217e-07 0.000119469980429
lowest error 2.0 8.56645228078e-08
2.0 8.56645228078e-08 3.48204686462e-06
2.0 8.56643255582e-08 9.51454061848e-06
2.0 8.56647200579e-08 1.64787077761e-05
2.0 8.5664128309e-08 2.25110546617e-05
2.0 8.56649173084e-08 2.94754421395e-05
2.0 8.56639310603e-08 3.55074952658e-05
2.0 8.56651145594e-08 4.24722499437e-05
2.0 8.5663733812e-08 4.85038624309e-05
2.0 8.56653118108e-08 5.54691311891e-05
2.0 8.56635365642e-08 6.15001561584e-05
2.0 8.56655090627e-08 6.84660858763e-05
2.0 8.56633393168e-08 7.44963764476e-05
lowest error 2.1 2.1965343537e-07
2.1 2.1965343537e-07 3.33776514427e-06
2.1 2.19652929599e-07 1.03978359434e-05
2.1 2.19653941141e-07 1.70732841909e-05
2.1 2.1965242383e-07 2.41335190596e-05
2.1 2.19654446913e-07 3.08087212213e-05
2.1 2.19651918063e-07 3.78692842062e-05
2.1 2.19654952687e-07 4.4544076224e-05
2.1 2.19651412296e-07 5.16051313824e-05
2.1 2.19655458462e-07 5.82793492003e-05
2.1 2.1965090653e-07 6.53410605893e-05
2.1 2.19655964238e-07 7.20145401494e-05
2.1 2.19650400766e-07 7.90770718151e-05
lowest error 2.1 1.05946838085e-07
2.1 1.05946838085e-07 3.91433184754e-06
2.1 1.05947082036e-07 4.41465071654e-06
2.1 1.05946594133e-07 1.22432842504e-05
2.1 1.05947325989e-07 1.27436634356e-05
2.1 1.05946350182e-07 2.05722064917e-05
2.1 1.05947569942e-07 2.10727063235e-05
2.1 1.05946106232e-07 2.89010985717e-05
2.1 1.05947813896e-07 2.94017793738e-05
2.1 1.05945862283e-07 3.722996049e-05
2.1 1.0594805785e-07 3.77308825863e-05
2.1 1.05945618334e-07 4.55587922401e-05
2.1 1.05948301804e-07 4.60600159604e-05
