lowest error 1.5 5.05421834793e-07
1.5 5.05421834793e-07 3.43160904759e-06
1.5 5.05420671017e-07 5.61357106936e-05
1.5 5.05422998571e-07 6.29973861024e-05
1.5 5.05419507244e-07 0.000115704573161
1.5 5.05424162352e-07 0.000122561620457
1.5 5.05418343474e-07 0.000175274978395
1.5 5.05425326135e-07 0.000182124312259
1.5 5.05417179707e-07 0.000234846926435
1.5 5.05426489921e-07 0.000241685461493
1.5 5.05416015942e-07 0.000294420417269
1.5 5.0542765371e-07 0.000301245068202
1.5 5.0541485218e-07 0.000353995451042
lowest error 1.5 3.31485090858e-08
1.5 3.31485090858e-08 5.35199357277e-07
1.5 3.31485854132e-08 1.80303911814e-05
1.5 3.31484327587e-08 1.91006400194e-05
1.5 3.31486617407e-08 3.6596131582e-05
1.5 3.31483564317e-08 3.76659308392e-05
1.5 3.31487380684e-08 5.5162021845e-05
1.5 3.31482801048e-08 5.62310718011e-05
1.5 3.31488143963e-08 7.3728061972e-05
1.5 3.31482037782e-08 7.47960629068e-05
1.5 3.31488907243e-08 9.22942519637e-05
1.5 3.31481274517e-08 9.33609041565e-05
1.5 3.31489670526e-08 0.000110860591822
lowest error 1.6 4.46068956274e-07
1.6 4.46068956274e-07 4.18601988805e-06
1.6 4.46069983387e-07 3.74549292292e-05
1.6 4.46067929163e-07 4.58277229169e-05
1.6 4.46071010502e-07 7.90951244118e-05
1.6 4.46066902055e-07 8.74701798708e-05
1.6 4.4607203762e-07 0.000120734565746
1.6 4.46065874949e-07 0.000129113390764
1.6 4.4607306474e-07 0.000162373253211
1.6 4.46064847846e-07 0.00017075735561
1.6 4.46074091862e-07 0.000204011186817
1.6 4.46063820745e-07 0.000212402074423
1.6 4.46075118987e-07 0.000245648366581
lowest error 1.6 3.38876146567e-08
1.6 3.38876146567e-08 6.2301145265e-07
1.6 3.38875366277e-08 1.77003318678e-05
1.6 3.38876926859e-08 1.89465007501e-05
1.6 3.38874585988e-08 3.60235291956e-05
1.6 3.38877707153e-08 3.72701360258e-05
1.6 3.38873805701e-08 5.43465805647e-05
1.6 3.38878487448e-08 5.55939172808e-05
1.6 3.38873025417e-08 7.26694859603e-05
1.6 3.38879267746e-08 7.39178445164e-05
1.6 3.38872245133e-08 9.09922453838e-05
1.6 3.38880048045e-08 9.22419177178e-05
1.6 3.38871464852e-08 0.000109314858835
lowest error 1.7 4.02788442004e-07
1.7 4.02788442004e-07 8.89486409772e-06
1.7 4.0278751455e-07 5.55755905722e-05
1.7 4.0278936946e-07 7.33635117216e-05
1.7 4.02786587099e-07 0.000120047852455
1.7 4.02790296918e-07 0.000137830352291
1.7 4.0278565965e-07 0.000184521921541
1.7 4.02791224378e-07 0.000202295385859
1.7 4.02784732202e-07 0.000248997797885
1.7 4.0279215184e-07 0.000266758612474
1.7 4.02783804757e-07 0.000313475481535
1.7 4.02793079304e-07 0.000331220032188
1.7 4.02782877314e-07 0.000377954972541
lowest error 1.7 3.51908696973e-08
1.7 3.51908696973e-08 3.7859030817e-06
1.7 3.51907886674e-08 1.37567464416e-05
1.7 3.51909507274e-08 2.13286864077e-05
1.7 3.51907076377e-08 3.12992621634e-05
1.7 3.51910317576e-08 3.88716035378e-05
1.7 3.51906266082e-08 4.88416440687e-05
1.7 3.51911127881e-08 5.64146544724e-05
1.7 3.51905455789e-08 6.63838921895e-05
1.7 3.51911938187e-08 7.39578391977e-05
1.7 3.51904645498e-08 8.3926006512e-05
1.7 3.51912748495e-08 9.15011577449e-05
1.7 3.51903835208e-08 0.000101467987037
lowest error 1.8 3.6561836314e-07
1.8 3.6561836314e-07 1.38298791135e-05
1.8 3.65619205009e-07 2.83790444309e-05
1.8 3.65617521274e-07 5.60395772728e-05
1.8 3.65620046879e-07 7.05871933735e-05
1.8 3.65616679409e-07 9.82500500619e-05
1.8 3.65620888751e-07 0.000112794567692
1.8 3.65615837547e-07 0.000140461297494
1.8 3.65621730625e-07 0.000155001167475
1.8 3.65614995686e-07 0.000182673319547
1.8 3.65622572501e-07 0.0001972069927
1.8 3.65614153828e-07 0.00022488611631
1.8 3.6562341438e-07 0.000239412043381
lowest error 1.8 3.67080234102e-08
1.8 3.67080234102e-08 4.48270163833e-06
1.8 3.6707938887e-08 1.32569929652e-05
1.8 3.67081079337e-08 2.22225330671e-05
1.8 3.67078543639e-08 3.09965507443e-05
1.8 3.67081924573e-08 3.99625013228e-05
1.8 3.67077698411e-08 4.87359716845e-05
1.8 3.67082769811e-08 5.77026064055e-05
1.8 3.67076853184e-08 6.64752558177e-05
1.8 3.67083615052e-08 7.54428483174e-05
1.8 3.67076007959e-08 8.42144031297e-05
1.8 3.67084460294e-08 9.31832270425e-05
1.8 3.67075162736e-08 0.000101953413622
lowest error 1.9 3.63435210055e-07
1.9 3.63435210055e-07 1.88148191205e-06
1.9 3.63436046897e-07 4.16327235313e-05
1.9 3.63434373216e-07 4.53965106253e-05
1.9 3.6343688374e-07 8.51461057207e-05
1.9 3.63433536378e-07 8.89123625853e-05
1.9 3.63437720585e-07 0.000128658664672
1.9 3.63432699542e-07 0.000132429037885
1.9 3.63438557433e-07 0.0001721704004
1.9 3.63431862709e-07 0.000175946536501
1.9 3.63439394282e-07 0.000215681312881
1.9 3.63431025877e-07 0.000219464858448
1.9 3.63440231133e-07 0.00025919140221
lowest error 1.9 3.83991843968e-08
1.9 3.83991843968e-08 2.38444519107e-06
1.9 3.83990959796e-08 1.69982479541e-05
1.9 3.83992728143e-08 2.17673016802e-05
1.9 3.83990075625e-08 3.63807777566e-05
1.9 3.8399361232e-08 4.11503214979e-05
1.9 3.83989191456e-08 5.57631442173e-05
1.9 3.83994496499e-08 6.05335046799e-05
1.9 3.83988307289e-08 7.51453473384e-05
1.9 3.8399538068e-08 7.991685121e-05
1.9 3.83987423124e-08 9.45273871036e-05
1.9 3.83996264863e-08 9.93003610894e-05
1.9 3.83986538962e-08 0.000113909263549
lowest error 2.0 3.30968757836e-07
2.0 3.30968757836e-07 5.06230870823e-06
2.0 3.30969519921e-07 4.02947877745e-05
2.0 3.30967995753e-07 5.04202996718e-05
2.0 3.30970282007e-07 8.56509897971e-05
2.0 3.30967233672e-07 9.57791851315e-05
2.0 3.30971044095e-07 0.000131006297375
2.0 3.30966471593e-07 0.000141138965106
2.0 3.30971806185e-07 0.000176360710487
2.0 3.30965709515e-07 0.000186499639572
2.0 3.30972568277e-07 0.00022171422923
2.0 3.30964947439e-07 0.000231861208629
2.0 3.3097333037e-07 0.000267066853583
lowest error 2.0 3.96713518643e-08
2.0 3.96713518643e-08 5.43594700364e-07
2.0 3.9671443211e-08 1.8008218424e-05
2.0 3.96712605177e-08 1.90952581876e-05
2.0 3.9671534558e-08 3.65601811874e-05
2.0 3.96711691714e-08 3.76467720371e-05
2.0 3.96716259052e-08 5.5112293591e-05
2.0 3.96710778252e-08 5.61981362353e-05
2.0 3.96717172526e-08 7.36645556199e-05
2.0 3.96709864793e-08 7.47493508158e-05
2.0 3.96718086002e-08 9.22169673081e-05
2.0 3.96708951336e-08 9.33004157626e-05
2.0 3.9671899948e-08 0.00011076952864
lowest error 2.1 2.97163181937e-07
2.1 2.97163181937e-07 8.51291217918e-06
2.1 2.97162497694e-07 2.09089476337e-05
2.1 2.97163866181e-07 3.79343956278e-05
2.1 2.97161813453e-07 5.03311838154e-05
2.1 2.97164550427e-07 6.73555027166e-05
2.1 2.97161129213e-07 7.97537963715e-05
2.1 2.97165234674e-07 9.67762334247e-05
2.1 2.97160444975e-07 0.00010917678528
2.1 2.97165918923e-07 0.000126196587809
2.1 2.97159760739e-07 0.000138600150598
2.1 2.97166603174e-07 0.000155616565849
2.1 2.97159076504e-07 0.000168023892305
lowest error 2.1 4.15105033884e-08
2.1 4.15105033884e-08 2.25732542525e-06
2.1 4.15105989699e-08 1.47634727488e-05
2.1 4.1510407807e-08 1.92779976405e-05
2.1 4.15106945517e-08 3.17843968678e-05
2.1 4.15103122259e-08 3.62985438978e-05
2.1 4.15107901337e-08 4.8805446963e-05
2.1 4.15102166449e-08 5.33189641976e-05
2.1 4.1510885716e-08 6.582662302e-05
2.1 4.15101210642e-08 7.03392585413e-05
2.1 4.15109812984e-08 8.28479250394e-05
2.1 4.15100254838e-08 8.73594269146e-05
2.1 4.15110768811e-08 9.98693530225e-05
lowest error 2.2 2.57426350619e-07
2.2 2.57426350619e-07 5.7409721439e-06
2.2 2.57425757874e-07 2.84118415288e-05
2.2 2.57426943366e-07 3.98932786858e-05
2.2 2.5742516513e-07 6.25651623403e-05
2.2 2.57427536114e-07 7.40450781049e-05
2.2 2.57424572387e-07 9.67189902656e-05
2.2 2.57428128864e-07 0.000108196370408
2.2 2.57423979646e-07 0.000130873325375
2.2 2.57428721615e-07 0.000142347155574
2.2 2.57423386906e-07 0.000165028167646
2.2 2.57429314367e-07 0.000176497433669
2.2 2.57422794168e-07 0.000199183517084
lowest error 2.2 4.30478038348e-08
2.2 4.30478038348e-08 4.92957842146e-06
2.2 4.30477047137e-08 1.21381053377e-05
2.2 4.30479029562e-08 2.19973888358e-05
2.2 4.30476055928e-08 2.92056624276e-05
2.2 4.30480020777e-08 3.9065325907e-05
2.2 4.30475064722e-08 4.62730928792e-05
2.2 4.30481011995e-08 5.61333896356e-05
2.2 4.30474073517e-08 6.33403966779e-05
2.2 4.30482003216e-08 7.3201580022e-05
2.2 4.30473082315e-08 8.04075738254e-05
2.2 4.30482994438e-08 9.0269897068e-05
2.2 4.30472091115e-08 9.74746243219e-05
lowest error 2.3 2.39256640315e-07
2.3 2.39256640315e-07 1.1638733723e-05
2.3 2.39256089407e-07 1.45745980404e-05
2.3 2.39257191224e-07 3.78517667325e-05
2.3 2.392555385e-07 4.07882285618e-05
2.3 2.39257742135e-07 6.40645009913e-05
2.3 2.39254987594e-07 6.70021578433e-05
2.3 2.39258293047e-07 9.02769364797e-05
2.3 2.3925443669e-07 9.32163858662e-05
2.3 2.3925884396e-07 0.000116489073247
2.3 2.39253885787e-07 0.00011943091268
2.3 2.39259394875e-07 0.000142700911274
2.3 2.39253334885e-07 0.000145645738265
lowest error 2.3 4.56934552711e-08
2.3 4.56934552711e-08 1.11160598015e-06
2.3 4.56935604843e-08 1.48933581148e-05
2.3 4.56933500582e-08 1.71164587024e-05
2.3 4.56936656977e-08 3.08984335837e-05
2.3 4.56932448454e-08 3.31212000533e-05
2.3 4.56937709114e-08 4.6903620412e-05
2.3 4.5693139633e-08 4.91258300324e-05
2.3 4.56938761253e-08 6.29089186299e-05
2.3 4.56930344208e-08 6.5130348641e-05
2.3 4.56939813395e-08 7.89143282236e-05
2.3 4.56929292088e-08 8.11347558662e-05
2.3 4.56940865539e-08 9.4919849194e-05
lowest error 2.4 2.14509237932e-07
2.4 2.14509237932e-07 1.40744154242e-06
2.4 2.14509731858e-07 2.64854829868e-05
2.4 2.14508744006e-07 2.93007043184e-05
2.4 2.14510225785e-07 5.43780692488e-05
2.4 2.14508250082e-07 5.7194305394e-05
2.4 2.14510719714e-07 8.22703172476e-05
2.4 2.14507756159e-07 8.50882447496e-05
2.4 2.14511213644e-07 0.000110162226987
2.4 2.14507262238e-07 0.000112982522389
2.4 2.14511707575e-07 0.000138053798472
2.4 2.14506768317e-07 0.000140877138317
2.4 2.14512201507e-07 0.000165945031681
lowest error 2.4 4.74326075369e-08
2.4 4.74326075369e-08 3.88667058537e-06
2.4 4.74324983194e-08 1.12484112309e-05
2.4 4.74327167546e-08 1.9021851998e-05
2.4 4.74323891022e-08 2.63833934513e-05
2.4 4.74328259726e-08 3.41571329945e-05
2.4 4.74322798852e-08 4.15182760767e-05
2.4 4.74329351909e-08 4.9292513602e-05
2.4 4.74321706685e-08 5.66530591075e-05
2.4 4.74330444094e-08 6.44279938076e-05
2.4 4.7432061452e-08 7.17877425442e-05
2.4 4.74331536281e-08 7.95635736131e-05
2.4 4.74319522357e-08 8.69223263749e-05
lowest error 2.5 2.00693820283e-07
2.5 2.00693820283e-07 8.05493771194e-06
2.5 2.00694282398e-07 2.21564259952e-05
2.5 2.00693358169e-07 3.82666982341e-05
2.5 2.00694744514e-07 5.23673928665e-05
2.5 2.00692896056e-07 6.84788556291e-05
2.5 2.00695206632e-07 8.25779629068e-05
2.5 2.00692433944e-07 9.86914098764e-05
2.5 2.0069566875e-07 0.000112788136121
2.5 2.00691971833e-07 0.000128904360981
2.5 2.00696130869e-07 0.000142997912515
2.5 2.00691509723e-07 0.000159117708947
2.5 2.0069659299e-07 0.000173207292066
lowest error 2.5 4.95794837121e-08
2.5 4.95794837121e-08 5.28827233071e-06
2.5 4.95793695512e-08 1.02304746261e-05
2.5 4.95795978732e-08 2.08071239971e-05
2.5 4.95792553906e-08 2.57491168734e-05
2.5 4.95797120346e-08 3.63260803735e-05
2.5 4.95791412303e-08 4.1267654399e-05
2.5 4.95798261962e-08 5.18451414617e-05
2.5 4.95790270702e-08 5.67860872303e-05
2.5 4.95799403581e-08 6.73643072622e-05
2.5 4.95789129105e-08 7.23044153546e-05
2.5 4.95800545203e-08 8.28835777611e-05
2.5 4.95787987509e-08 8.78226387728e-05
lowest error 2.6 1.77613511272e-07
2.6 1.77613511272e-07 8.94554294018e-06
2.6 1.77613920243e-07 1.10350004396e-05
2.6 1.77613102303e-07 2.89262598785e-05
2.6 1.77614329215e-07 3.10153702459e-05
2.6 1.77612693334e-07 4.89071504113e-05
2.6 1.77614738187e-07 5.09955664794e-05
2.6 1.77612284366e-07 6.88882145234e-05
2.6 1.77615147161e-07 7.09755891415e-05
2.6 1.77611875399e-07 8.8869452215e-05
2.6 1.77615556135e-07 9.0955438234e-05
2.6 1.77611466433e-07 0.000108850863489
2.6 1.77615965111e-07 0.000110935113758
lowest error 2.6 5.40770509915e-08
2.6 5.40770509915e-08 2.99209984478e-06
2.6 5.40769264746e-08 9.95103311396e-06
2.6 5.40771755086e-08 1.59353056515e-05
2.6 5.4076801958e-08 2.2894093247e-05
2.6 5.40773000261e-08 2.88785842955e-05
2.6 5.40766774417e-08 3.58370805431e-05
2.6 5.40774245438e-08 4.18219357781e-05
2.6 5.40765529257e-08 4.87799950037e-05
2.6 5.40775490618e-08 5.47653600984e-05
2.6 5.407642841e-08 6.17228366289e-05
2.6 5.40776735801e-08 6.77088572578e-05
2.6 5.40763038946e-08 7.46656054194e-05
lowest error 2.7 1.63010657822e-07
2.7 1.63010657822e-07 1.58338452838e-06
2.7 1.63011033169e-07 2.02593872487e-05
2.7 1.63010282477e-07 2.34263637453e-05
2.7 1.63011408516e-07 4.21019515882e-05
2.7 1.63009907132e-07 4.52695503843e-05
2.7 1.63011783864e-07 6.39443084922e-05
2.7 1.63009531789e-07 6.71129444862e-05
2.7 1.63012159213e-07 8.57864579631e-05
2.7 1.63009156446e-07 8.89565460329e-05
2.7 1.63012534563e-07 0.000107628400002
2.7 1.63008781104e-07 0.000110800355028
2.7 1.63012909913e-07 0.000129470134592
lowest error 2.7 5.76366857675e-08
2.7 5.76366857675e-08 6.20708068055e-07
2.7 5.76365530543e-08 1.06472626982e-05
2.7 5.7636818481e-08 1.18887340377e-05
2.7 5.76364203414e-08 2.19151782512e-05
2.7 5.76369511949e-08 2.31568152107e-05
2.7 5.76362876288e-08 3.31830386116e-05
2.7 5.7637083909e-08 3.4424951588e-05
2.7 5.76361549165e-08 4.44508437689e-05
2.7 5.76372166235e-08 4.56931431692e-05
2.7 5.76360222045e-08 5.57185937247e-05
2.7 5.76373493382e-08 5.69613899448e-05
2.7 5.76358894928e-08 6.69862884779e-05
lowest error 2.8 1.4321780061e-07
2.8 1.4321780061e-07 1.51767617984e-06
2.8 1.43218130382e-07 1.07908386995e-05
2.8 1.4321747084e-07 1.38262569283e-05
2.8 1.43218460154e-07 2.30992877093e-05
2.8 1.4321714107e-07 2.61349035471e-05
2.8 1.43218789927e-07 3.54076708393e-05
2.8 1.432168113e-07 3.84436160368e-05
2.8 1.43219119701e-07 4.77159881118e-05
2.8 1.43216481532e-07 5.07523943964e-05
2.8 1.43219449476e-07 6.00242395157e-05
2.8 1.43216151764e-07 6.30612386168e-05
2.8 1.43219779251e-07 7.23324250518e-05
lowest error 2.8 6.39736308528e-08
2.8 6.39736308528e-08 5.72942675081e-07
2.8 6.39737781577e-08 6.54248652276e-06
2.8 6.39734835483e-08 7.68834986031e-06
2.8 6.3973925463e-08 1.36579377275e-05
2.8 6.3973336244e-08 1.48037350334e-05
2.8 6.39740727685e-08 2.07734109505e-05
2.8 6.39731889402e-08 2.19190981934e-05
2.8 6.39742200745e-08 2.78889061871e-05
2.8 6.39730416366e-08 2.90344393408e-05
2.8 6.39743673807e-08 3.50044234367e-05
2.8 6.39728943334e-08 3.61497584698e-05
2.8 6.39745146873e-08 4.2119962699e-05
lowest error 2.9 1.25684291123e-07
2.9 1.25684291123e-07 1.23727662693e-06
2.9 1.25684580522e-07 2.00281826235e-06
2.9 1.25684001724e-07 4.47737608322e-06
2.9 1.25684869921e-07 5.24290859039e-06
2.9 1.25683712326e-07 7.71748010431e-06
2.9 1.25685159322e-07 8.48299435319e-06
2.9 1.25683422929e-07 1.09575886893e-05
2.9 1.25685448723e-07 1.17230755521e-05
2.9 1.25683133533e-07 1.41977018395e-05
2.9 1.25685738125e-07 1.49631521866e-05
2.9 1.25682844137e-07 1.74378195537e-05
2.9 1.25686027527e-07 1.82032242564e-05
lowest error 2.9 7.24611129171e-08
2.9 7.24611129171e-08 5.63419684241e-07
2.9 7.24612797652e-08 6.1501373656e-06
2.9 7.24609460694e-08 7.2769571382e-06
2.9 7.24614466136e-08 1.28637140127e-05
2.9 7.24607792221e-08 1.39904749954e-05
2.9 7.24616134625e-08 1.9577310256e-05
2.9 7.24606123752e-08 2.07039732509e-05
2.9 7.24617803117e-08 2.62909260895e-05
2.9 7.24604455287e-08 2.74174519159e-05
2.9 7.24619471613e-08 3.3004561526e-05
2.9 7.24602786825e-08 3.41309109846e-05
2.9 7.24621140113e-08 3.97182165588e-05
