lowest error 1.5 5.09722729462e-07
1.5 5.09722729462e-07 4.75683930468e-06
1.5 5.09723903143e-07 5.48091497632e-05
1.5 5.09721555783e-07 6.43243711171e-05
1.5 5.09725076827e-07 0.000114373596232
1.5 5.09720382107e-07 0.000123893445662
1.5 5.09726250514e-07 0.000173936500088
1.5 5.09719208434e-07 0.000183464062979
1.5 5.09727424203e-07 0.000233497861373
1.5 5.09718034764e-07 0.000243036223107
1.5 5.09728597896e-07 0.000293057680125
1.5 5.09716861096e-07 0.000302609926087
1.5 5.0972977159e-07 0.000352615956385
lowest error 1.5 3.22593787867e-08
1.5 3.22593787867e-08 8.7809208078e-06
1.5 3.22594530668e-08 9.78460317169e-06
1.5 3.22593045069e-08 2.73462949281e-05
1.5 3.2259527347e-08 2.83502769953e-05
1.5 3.22592302272e-08 4.59115191895e-05
1.5 3.22596016274e-08 4.69161006977e-05
1.5 3.22591559476e-08 6.44765935935e-05
1.5 3.2259675908e-08 6.54820742634e-05
1.5 3.22590816683e-08 8.30415181414e-05
1.5 3.22597501887e-08 8.40481976936e-05
1.5 3.22590073891e-08 0.000101606292818
1.5 3.22598244696e-08 0.00010261447099
lowest error 1.6 4.51508572089e-07
1.6 4.51508572089e-07 1.80581761322e-05
1.6 4.51509611727e-07 2.35830241366e-05
1.6 4.51507532454e-07 5.97001303171e-05
1.6 4.51510651368e-07 6.52234705028e-05
1.6 4.5150649282e-07 0.000101342838395
1.6 4.51511691011e-07 0.00010686316298
1.6 4.51505453189e-07 0.000142986300454
1.6 4.51512730656e-07 0.000148502101582
1.6 4.51504413561e-07 0.000184630516469
1.6 4.51513770304e-07 0.000190140286286
1.6 4.51503373935e-07 0.000226275486455
1.6 4.51514809954e-07 0.000231777717178
lowest error 1.6 3.29668156848e-08
1.6 3.29668156848e-08 7.25673043656e-06
1.6 3.29668915938e-08 1.10666960849e-05
1.6 3.2966739776e-08 2.55800109814e-05
1.6 3.29669675029e-08 2.93902685842e-05
1.6 3.29666638673e-08 4.39031455506e-05
1.6 3.29670434123e-08 4.77139870627e-05
1.6 3.29665879589e-08 6.22261341294e-05
1.6 3.29671193218e-08 6.60378515045e-05
1.6 3.29665120506e-08 8.05489767517e-05
1.6 3.29671952315e-08 8.43618619446e-05
1.6 3.29664361425e-08 9.88716734014e-05
1.6 3.29672711413e-08 0.000102686018367
lowest error 1.7 4.0595416357e-07
1.7 4.0595416357e-07 7.19703404828e-06
1.7 4.05955098315e-07 5.72720646304e-05
1.7 4.05953228827e-07 7.1667939844e-05
1.7 4.05956033062e-07 0.000121739356242
1.7 4.05952294086e-07 0.000136140652749
1.7 4.05956967812e-07 0.00018620484084
1.7 4.05951359348e-07 0.00020061517293
1.7 4.05957902563e-07 0.000250668518473
1.7 4.05950424611e-07 0.000265091500379
1.7 4.05958837317e-07 0.000315130389191
1.7 4.05949489877e-07 0.000329569635147
1.7 4.05959772073e-07 0.000379590452989
lowest error 1.7 3.41927475636e-08
1.7 3.41927475636e-08 3.77587727218e-06
1.7 3.4192668832e-08 1.37667721747e-05
1.7 3.41928262954e-08 2.13186605063e-05
1.7 3.41925901005e-08 3.13092878201e-05
1.7 3.41929050274e-08 3.88615775599e-05
1.7 3.41925113693e-08 4.88516696642e-05
1.7 3.41929837595e-08 5.64046284177e-05
1.7 3.41924326382e-08 6.6393917709e-05
1.7 3.41930624919e-08 7.39478130818e-05
1.7 3.41923539073e-08 8.39360319551e-05
1.7 3.41931412244e-08 9.1491131553e-05
1.7 3.41922751766e-08 0.000101478012388
lowest error 1.8 3.70017274616e-07
1.8 3.70017274616e-07 6.59887276555e-06
1.8 3.70016422621e-07 3.56104504493e-05
1.8 3.70018126613e-07 4.88074214098e-05
1.8 3.70015570627e-07 7.78205483241e-05
1.8 3.70018978612e-07 9.10151954594e-05
1.8 3.70014718636e-07 0.000120031420836
1.8 3.70019830613e-07 0.000133222194929
1.8 3.70013866646e-07 0.000162243067999
1.8 3.70020682617e-07 0.000175428419833
1.8 3.70013014659e-07 0.000204455489827
1.8 3.70021534622e-07 0.000217633870185
1.8 3.70012162674e-07 0.000246668686334
lowest error 1.8 3.56782874365e-08
1.8 3.56782874365e-08 8.07194322983e-06
1.8 3.56782052843e-08 9.66777905687e-06
1.8 3.56783695889e-08 2.58118023426e-05
1.8 3.56781231323e-08 2.74073645197e-05
1.8 3.56784517415e-08 4.35517982815e-05
1.8 3.56780409805e-08 4.51468131577e-05
1.8 3.56785338942e-08 6.12919310332e-05
1.8 3.56779588289e-08 6.28861249745e-05
1.8 3.56786160472e-08 7.90322006292e-05
1.8 3.56778766774e-08 8.06252999537e-05
1.8 3.56786982003e-08 9.67726070549e-05
1.8 3.56777945262e-08 9.83643381276e-05
lowest error 1.9 3.67675761019e-07
1.9 3.67675761019e-07 1.11664039797e-05
1.9 3.67674914415e-07 3.23483778346e-05
1.9 3.67676607624e-07 5.46803625672e-05
1.9 3.67674067813e-07 7.58639829681e-05
1.9 3.67677454232e-07 9.81934979061e-05
1.9 3.67673221213e-07 0.000119380411398
1.9 3.67678300842e-07 0.000141705810011
1.9 3.67672374615e-07 0.000162897663139
1.9 3.67679147453e-07 0.000185217298897
1.9 3.67671528019e-07 0.000206415738208
1.9 3.67679994067e-07 0.000228727964581
1.9 3.67670681425e-07 0.00024993463662
lowest error 1.9 3.74120925472e-08
1.9 3.74120925472e-08 3.15788615968e-06
1.9 3.74121786919e-08 1.62249236224e-05
1.9 3.74120064028e-08 2.25405325982e-05
1.9 3.74122648367e-08 3.56078967325e-05
1.9 3.74119202586e-08 4.19230156945e-05
1.9 3.74123509817e-08 5.49910332066e-05
1.9 3.74118341146e-08 6.13053354499e-05
1.9 3.74124371269e-08 7.43743330287e-05
1.9 3.74117479707e-08 8.06874918653e-05
1.9 3.74125232724e-08 9.37577961997e-05
1.9 3.74116618271e-08 0.000100069484943
1.9 3.7412609418e-08 0.000113141422722
lowest error 2.0 3.34672478502e-07
2.0 3.34672478502e-07 5.94957823541e-06
2.0 3.34673249115e-07 3.94075357457e-05
2.0 3.34671707891e-07 5.13075866566e-05
2.0 3.34674019729e-07 8.47637552646e-05
2.0 3.34670937282e-07 9.66664896134e-05
2.0 3.34674790346e-07 0.00013011908034
2.0 3.34670166674e-07 0.000142026287086
2.0 3.34675560964e-07 0.000175473510988
2.0 3.34669396069e-07 0.000187386979092
2.0 3.34676331583e-07 0.000220827047227
2.0 3.34668625465e-07 0.000232748565647
2.0 3.34677102205e-07 0.000266179689034
lowest error 2.0 3.86065505807e-08
2.0 3.86065505807e-08 5.47836766396e-06
2.0 3.86064616859e-08 1.30733443955e-05
2.0 3.86066394756e-08 2.40302293451e-05
2.0 3.86063727913e-08 3.16249068177e-05
2.0 3.86067283708e-08 4.2582240682e-05
2.0 3.8606283897e-08 5.01763196041e-05
2.0 3.86068172662e-08 6.11344016601e-05
2.0 3.86061950028e-08 6.87275827564e-05
2.0 3.86069061618e-08 7.96867122799e-05
2.0 3.86061061089e-08 8.72786962747e-05
2.0 3.86069950576e-08 9.82391725426e-05
2.0 3.86060172151e-08 0.000105829660145
lowest error 2.1 3.02304770092e-07
2.1 3.02304770092e-07 1.26357561299e-05
2.1 3.02305466175e-07 1.67859978526e-05
2.1 3.0230407401e-07 4.20578864535e-05
2.1 3.0230616226e-07 4.62073754712e-05
2.1 3.0230337793e-07 7.14803931765e-05
2.1 3.02306858346e-07 7.56283767323e-05
2.1 3.02302681852e-07 0.000100903276276
2.1 3.02307554434e-07 0.00010504900164
2.1 3.02301985775e-07 0.000130326535759
2.1 3.02308250524e-07 0.000134469250199
2.1 3.02301289699e-07 0.000159750171628
2.1 3.02308946615e-07 0.000163889122415
lowest error 2.1 4.02975831422e-08
2.1 4.02975831422e-08 8.92541037967e-07
2.1 4.02974903537e-08 1.6128154487e-05
2.1 4.02976759309e-08 1.79133625071e-05
2.1 4.02973975654e-08 3.31487240541e-05
2.1 4.02977687198e-08 3.49343099515e-05
2.1 4.02973047773e-08 5.01691676638e-05
2.1 4.0297861509e-08 5.19553833569e-05
2.1 4.02972119894e-08 6.71894853168e-05
2.1 4.02979542984e-08 6.89765827242e-05
2.1 4.02971192018e-08 8.42096770151e-05
2.1 4.02980470879e-08 8.59979080547e-05
2.1 4.02970264143e-08 0.000101229742743
lowest error 2.2 2.6125884347e-07
2.2 2.6125884347e-07 1.59947766205e-05
2.2 2.61259445041e-07 1.81578526735e-05
2.2 2.612582419e-07 5.01479130492e-05
2.2 2.61260046614e-07 5.23099748388e-05
2.2 2.61257640331e-07 8.43015566203e-05
2.2 2.61260648188e-07 8.64615898841e-05
2.2 2.61257038764e-07 0.000118455707312
2.2 2.61261249764e-07 0.000120612697786
2.2 2.61256437198e-07 0.000152610365192
2.2 2.61261851341e-07 0.000154763298613
2.2 2.61255835634e-07 0.000186765530238
2.2 2.61262452919e-07 0.000188913392343
lowest error 2.2 4.17933322956e-08
2.2 4.17933322956e-08 6.69417919319e-07
2.2 4.1793236063e-08 1.63982342265e-05
2.2 4.17934285284e-08 1.77371967203e-05
2.2 4.17931398307e-08 3.34657597181e-05
2.2 4.17935247615e-08 3.48051021626e-05
2.2 4.17930435985e-08 5.05331585567e-05
2.2 4.17936209947e-08 5.18731342769e-05
2.2 4.17929473666e-08 6.76004307425e-05
2.2 4.17937172282e-08 6.8941293049e-05
2.2 4.17928511349e-08 8.46675762776e-05
2.2 4.17938134619e-08 8.60095784798e-05
2.2 4.17927549034e-08 0.000101734595147
lowest error 2.3 2.43907974681e-07
2.3 2.43907974681e-07 6.03451379533e-06
2.3 2.43908536301e-07 2.01787206366e-05
2.3 2.43907413063e-07 3.22480469839e-05
2.3 2.43909097922e-07 4.63916563156e-05
2.3 2.43906851446e-07 5.84618789317e-05
2.3 2.43909659544e-07 7.26042932215e-05
2.3 2.43906289831e-07 8.46760096436e-05
2.3 2.43910221167e-07 9.88166314051e-05
2.3 2.43905728216e-07 0.000110890439098
2.3 2.43910782792e-07 0.000125028670845
2.3 2.43905166603e-07 0.000137105167346
2.3 2.43911344418e-07 0.000151240411546
lowest error 2.3 4.42748399576e-08
2.3 4.42748399576e-08 7.03443803252e-06
2.3 4.42749419043e-08 8.97048484694e-06
2.3 4.42747380112e-08 2.3039249526e-05
2.3 4.42750438513e-08 2.49755191004e-05
2.3 4.42746360649e-08 3.90439496618e-05
2.3 4.42751457984e-08 4.09806647275e-05
2.3 4.42745341189e-08 5.50485384267e-05
2.3 4.42752477459e-08 5.69859217294e-05
2.3 4.42744321732e-08 7.10530158221e-05
2.3 4.42753496935e-08 7.29912901067e-05
2.3 4.42743302276e-08 8.70573818479e-05
2.3 4.42754516414e-08 8.89967698465e-05
lowest error 2.4 2.18426335625e-07
2.4 2.18426335625e-07 3.13205926172e-06
2.4 2.18426838571e-07 2.47608861583e-05
2.4 2.18425832681e-07 3.10253429774e-05
2.4 2.18427341518e-07 5.26534933347e-05
2.4 2.18425329737e-07 5.89189649687e-05
2.4 2.18427844466e-07 8.05457622475e-05
2.4 2.18424826795e-07 8.68129252405e-05
2.4 2.18428347416e-07 0.000108437692902
2.4 2.18424323854e-07 0.000114707223796
2.4 2.18428850366e-07 0.0001363292853
2.4 2.18423820914e-07 0.00014260186064
2.4 2.18429353318e-07 0.000164220539448
lowest error 2.4 4.58767876023e-08
2.4 4.58767876023e-08 4.24390791842e-07
2.4 4.58766819672e-08 1.47106682413e-05
2.4 4.58768932376e-08 1.55595494205e-05
2.4 4.58765763324e-08 2.98456276786e-05
2.4 4.58769988732e-08 3.06948076467e-05
2.4 4.58764706978e-08 4.49804875071e-05
2.4 4.5877104509e-08 4.58301654702e-05
2.4 4.58763650634e-08 6.01152477553e-05
2.4 4.58772101451e-08 6.09656228923e-05
2.4 4.58762594293e-08 7.52499084093e-05
2.4 4.58773157814e-08 7.61011799e-05
2.4 4.58761537954e-08 9.03844694706e-05
lowest error 2.5 2.0407509155e-07
2.5 2.0407509155e-07 7.14144085912e-06
2.5 2.04075561451e-07 2.30699108492e-05
2.5 2.0407462165e-07 3.73531893816e-05
2.5 2.04076031353e-07 5.32808657216e-05
2.5 2.04074151752e-07 6.75653347781e-05
2.5 2.04076501256e-07 8.34914237631e-05
2.5 2.04073681854e-07 9.77778770257e-05
2.5 2.0407697116e-07 0.000113701584979
2.5 2.04073211958e-07 0.00012799081613
2.5 2.04077441065e-07 0.000143911349374
2.5 2.04072742062e-07 0.000158204152097
2.5 2.04077910971e-07 0.000174120716954
lowest error 2.5 4.79927902403e-08
2.5 4.79927902403e-08 6.46811230354e-07
2.5 4.7992679733e-08 1.48719044093e-05
2.5 4.79929007479e-08 1.61656315791e-05
2.5 4.79925692259e-08 3.03905153261e-05
2.5 4.79930112558e-08 3.16845566388e-05
2.5 4.7992458719e-08 4.59090215483e-05
2.5 4.79931217639e-08 4.7203586409e-05
2.5 4.79923482124e-08 6.14274230628e-05
2.5 4.79932322723e-08 6.27227208909e-05
2.5 4.79922377061e-08 7.69457198713e-05
2.5 4.79933427809e-08 7.82419600718e-05
2.5 4.79921272e-08 9.24639119733e-05
lowest error 2.6 1.82157895433e-07
2.6 1.82157895433e-07 4.26243776008e-06
2.6 1.82157475999e-07 1.57181644549e-05
2.6 1.82158314867e-07 2.42428664001e-05
2.6 1.82157056566e-07 3.56989402461e-05
2.6 1.82158734303e-07 4.42231214497e-05
2.6 1.82156637135e-07 5.5679889615e-05
2.6 1.82159153739e-07 6.42032029452e-05
2.6 1.82156217704e-07 7.56610125632e-05
2.6 1.82159573177e-07 8.41831108707e-05
2.6 1.82155798274e-07 9.56423090743e-05
2.6 1.82159992615e-07 0.000104162845227
2.6 1.82155378846e-07 0.000115623779185
lowest error 2.6 5.20087001958e-08
2.6 5.20087001958e-08 1.7690641898e-06
2.6 5.20088199504e-08 1.11741148232e-05
2.6 5.20085804415e-08 1.47121703664e-05
2.6 5.20089397053e-08 2.41173666744e-05
2.6 5.20084606875e-08 2.76552037066e-05
2.6 5.20090594605e-08 3.70606913513e-05
2.6 5.20083409337e-08 4.05981642104e-05
2.6 5.20091792159e-08 5.00040888785e-05
2.6 5.20082211802e-08 5.35410518783e-05
2.6 5.20092989716e-08 6.29475592437e-05
2.6 5.2008101427e-08 6.64838666991e-05
2.6 5.20094187275e-08 7.58911024481e-05
lowest error 2.7 1.66821491588e-07
2.7 1.66821491588e-07 4.93933005608e-08
2.7 1.66821875709e-07 2.17933639086e-05
2.7 1.66821107468e-07 2.18923579487e-05
2.7 1.66822259831e-07 4.36359136806e-05
2.7 1.66820723349e-07 4.37355300389e-05
2.7 1.66822643954e-07 6.54782559977e-05
2.7 1.6682033923e-07 6.5578909572e-05
2.7 1.66823028078e-07 8.73203909006e-05
2.7 1.66819955112e-07 8.74224965508e-05
2.7 1.66823412203e-07 0.000109162318372
2.7 1.66819570996e-07 0.000109266290957
2.7 1.66823796328e-07 0.000131004038414
lowest error 2.7 5.51117244062e-08
2.7 5.51117244062e-08 4.81479048187e-06
2.7 5.51118513058e-08 6.45320885884e-06
2.7 5.51115975069e-08 1.60827346192e-05
2.7 5.51119782057e-08 1.77212634025e-05
2.7 5.51114706079e-08 2.73506235531e-05
2.7 5.51121051058e-08 2.89893731495e-05
2.7 5.51113437092e-08 3.8618457284e-05
2.7 5.51122320063e-08 4.02575380911e-05
2.7 5.51112168108e-08 4.98862358032e-05
2.7 5.5112358907e-08 5.15257582472e-05
2.7 5.51110899127e-08 6.115395913e-05
2.7 5.51124858081e-08 6.2794033608e-05
lowest error 2.8 1.49213116074e-07
2.8 1.49213116074e-07 1.60659043402e-07
2.8 1.49212772498e-07 1.21479127237e-05
2.8 1.4921345965e-07 1.2469164941e-05
2.8 1.49212428923e-07 2.44565503609e-05
2.8 1.49213803227e-07 2.47776049691e-05
2.8 1.49212085349e-07 3.6765253868e-05
2.8 1.49214146805e-07 3.70859791174e-05
2.8 1.49211741776e-07 4.90740232357e-05
2.8 1.49214490383e-07 4.93942874082e-05
2.8 1.49211398204e-07 6.13828584846e-05
2.8 1.49214833963e-07 6.17025298308e-05
2.8 1.49211054632e-07 7.36917596051e-05
lowest error 2.8 6.08790686753e-08
2.8 6.08790686753e-08 2.51025248144e-07
2.8 6.08789284962e-08 1.11134191694e-05
2.8 6.08792088547e-08 1.16155258083e-05
2.8 6.08787883175e-08 2.24778074349e-05
2.8 6.08793490344e-08 2.29800825315e-05
2.8 6.08786481391e-08 3.3842139548e-05
2.8 6.08794892145e-08 3.43446954081e-05
2.8 6.0878507961e-08 4.52064155092e-05
2.8 6.08796293948e-08 4.57093644384e-05
2.8 6.08783677832e-08 5.65706353188e-05
2.8 6.08797695755e-08 5.70740896224e-05
2.8 6.08782276057e-08 6.79347989672e-05
lowest error 2.9 1.31255647879e-07
2.9 1.31255647879e-07 1.74386785812e-06
2.9 1.31255345652e-07 1.02269418645e-05
2.9 1.31255950106e-07 1.37146152768e-05
2.9 1.31255043425e-07 2.21978138923e-05
2.9 1.31256252335e-07 2.56853003915e-05
2.9 1.312547412e-07 3.41687482135e-05
2.9 1.31256554564e-07 3.76559232027e-05
2.9 1.31254438975e-07 4.6139744851e-05
2.9 1.31256856793e-07 4.96264837002e-05
2.9 1.31254136751e-07 5.81108037938e-05
2.9 1.31257159024e-07 6.15969819053e-05
2.9 1.31253834527e-07 7.00819250423e-05
lowest error 2.9 6.72129566306e-08
2.9 6.72129566306e-08 2.05159037225e-06
2.9 6.72128018672e-08 4.66195471471e-06
2.9 6.72131113943e-08 8.76515505555e-06
2.9 6.72126471042e-08 1.13754802049e-05
2.9 6.72132661584e-08 1.54787393294e-05
2.9 6.72124923416e-08 1.80889860992e-05
2.9 6.72134209229e-08 2.21923432058e-05
2.9 6.72123375792e-08 2.48024723972e-05
2.9 6.72135756877e-08 2.89059666789e-05
2.9 6.72121828173e-08 3.15159390931e-05
2.9 6.72137304528e-08 3.56196097484e-05
2.9 6.72120280557e-08 3.82293861985e-05
lowest error 3.0 1e-07
3.0 1e-07 0.02520055
3.0 1.00000230259e-07 0.0252053959465
3.0 1.00000460518e-07 0.0252102418828
3.0 1.00000690778e-07 0.0252150878087
3.0 1.00000921038e-07 0.0252199337242
3.0 1.00001151299e-07 0.0252247796295
3.0 1.00001381561e-07 0.0252296255244
3.0 1.00001611823e-07 0.025234471409
3.0 1.00001842085e-07 0.0252393172833
3.0 1.00002072348e-07 0.0252441631473
3.0 1.00002302612e-07 0.0252490090009
3.0 1.00002532876e-07 0.0252538548442
lowest error 3.0 1e-07
3.0 1e-07 0.02520055
3.0 9.99997697418e-08 0.0252016200682
3.0 9.9999539484e-08 0.0252026901358
3.0 9.99993092269e-08 0.025203760203
3.0 9.99990789702e-08 0.0252048302696
3.0 9.99988487141e-08 0.0252059003357
3.0 9.99986184585e-08 0.0252069704014
3.0 9.99983882034e-08 0.0252080404665
3.0 9.99981579489e-08 0.0252091105312
3.0 9.99979276949e-08 0.0252101805953
3.0 9.99976974414e-08 0.0252112506589
3.0 9.99974671885e-08 0.025212320722
