0.4 0.00012589254 0.016511226 6.8307604e-06 0 0.53297315
0.4 0.00015848932 0.016204661 6.7114231e-06 0 0.53297315
0.4 0.00019952623 0.017743717 6.6515683e-06 0 0.53297315
0.4 0.0001 0.017530541 6.8191671e-06 0 0.53297315
0.4 0.00025118864 0.017236041 5.3804047e-06 0 0.53297315
0.4 0.00031622777 0.015270868 4.302026e-06 0 0.53297315
0.4 1.2589254e-05 0.016869469 6.6970335e-06 0 0.53297315
0.4 1.2589254e-06 0.017324683 3.9415193e-06 2.3309025e-06 0
0.4 1.2589254e-07 0.017215259 1.3577037e-06 183.37138 1
0.4 1.2589254e-08 0.017479618 1.1043118e-05 1.0930436 0.67303513
0.4 1.2589254e-09 0.017790649 2.2161386e-06 0.035331245 0
0.4 1.5848932e-05 0.017436251 7.23343e-06 0 0.56303898
0.4 1.5848932e-06 0.016315244 3.3840373e-06 0.0027502629 0
0.4 1.5848932e-07 0.016628717 6.5457658e-06 0 0.60848167
0.4 1.5848932e-08 0.016977225 6.8358501e-06 0.9728505 0
0.4 1.5848932e-09 0.016730038 1.4942222e-05 0.0078261143 0.25034983
0.4 1.9952623e-05 0.01784484 6.2566634e-06 0 0.55664228
0.4 1.9952623e-06 0.017311539 7.1640116e-06 5.3931345e-06 1
0.4 1.9952623e-07 0.017987595 6.3834794e-06 93.601423 0.31270837
0.4 1.9952623e-08 0.016959669 7.2105725e-06 1.8394667 0
0.4 1.9952623e-09 0.016263524 6.7258906e-06 0.0073242917 0
0.4 1e-05 0.016008832 2.0871191e-06 0 1
0.4 1e-06 0.016238905 5.9625424e-06 0 0.90010054
0.4 1e-07 0.01780907 3.6869951e-06 0 0.58322401
0.4 1e-08 0.017906527 6.1526067e-06 0.4903653 0
0.4 1e-09 0.015395237 6.4076409e-06 0.0010098443 0
0.4 2.5118864e-05 0.018883529 2.5726794e-06 0 0.54666601
0.4 2.5118864e-06 0.015844461 2.1538339e-06 0 0.86016257
0.4 2.5118864e-07 0.017372122 8.5682585e-06 0 0.69157285
0.4 2.5118864e-08 0.017170046 5.6930801e-06 0.67854873 0
0.4 2.5118864e-09 0.016212487 1.158883e-06 0.12045917 0
0.4 3.1622777e-05 0.016095607 4.1749197e-06 0 0.55581677
0.4 3.1622777e-06 0.017796552 3.6956247e-06 0 0.98654709
0.4 3.1622777e-07 0.016088938 5.5608427e-06 326.60694 0
0.4 3.1622777e-08 0.016537503 5.4551334e-06 4.100983 0.18791791
0.4 3.1622777e-09 0.015180789 6.7608734e-06 0.028590784 0
0.4 3.9810717e-05 0.015493153 5.4636096e-06 0 0.54990541
0.4 3.9810717e-06 0.015594811 5.5800032e-06 4.5406069e-15 0
0.4 3.9810717e-07 0.015934331 6.7642272e-06 14.749999 0
0.4 3.9810717e-08 0.017268771 3.8611458e-06 10.347812 0
0.4 3.9810717e-09 0.015685462 3.2520306e-06 0 0.57050745
0.4 5.0118723e-05 0.017393705 4.8817078e-06 0 0.56415092
0.4 5.0118723e-06 0.017732699 9.064388e-06 5.7027452e-22 1
0.4 5.0118723e-07 0.017540225 4.8715553e-06 66.364772 0
0.4 5.0118723e-08 0.018091595 3.6983056e-06 0 0.57495484
0.4 5.0118723e-09 0.015227727 2.1518588e-06 0.25178733 1
0.4 6.3095734e-05 0.017230685 2.3066012e-06 0 0.5736067
0.4 6.3095734e-06 0.016244988 2.2608124e-06 0 1
0.4 6.3095734e-07 0.016800332 4.669593e-06 442.83407 0
0.4 6.3095734e-08 0.017175968 4.8628956e-06 0 0.54757022
0.4 6.3095734e-09 0.016623952 4.8854776e-06 0 0.55382087
0.4 7.9432823e-05 0.016759777 8.4494915e-06 0 0.56086534
0.4 7.9432823e-06 0.01520387 1.9216353e-06 0 1
0.4 7.9432823e-07 0.017075186 6.982126e-06 13.880153 1
0.4 7.9432823e-08 0.013758146 6.2954185e-06 27.457739 0
0.4 7.9432823e-09 0.01670479 7.1060876e-06 0.56240656 0.10568921
0.45 0.00012589254 0.027661185 7.782279e-06 0 0.56023398
0.45 0.00015848932 0.030369658 1.7993737e-05 0 0.56023398
0.45 0.00019952623 0.027762469 1.720144e-05 0 0.56023398
0.45 0.0001 0.029134886 1.8027164e-05 0 0.56023398
0.45 0.00025118864 0.028573391 1.5481665e-05 0 0.56023398
0.45 0.00031622777 0.028469262 2.0858902e-05 0 0.56023398
0.45 1.2589254e-05 0.026324833 9.3323789e-06 0 0.56023398
0.45 1.2589254e-06 0.027856111 1.7347576e-05 0.23614288 0
0.45 1.2589254e-07 0.027854007 9.438817e-06 0 0.61293404
0.45 1.2589254e-08 0.026696864 9.1595189e-06 0.65869587 0.15277483
0.45 1.2589254e-09 0.030267673 2.0898677e-05 0.0027970017 0
0.45 1.5848932e-05 0.030432388 2.0929387e-05 0 0.58196351
0.45 1.5848932e-06 0.026792479 1.4671345e-05 0.35890019 0
0.45 1.5848932e-07 0.026113249 1.7901258e-05 65.699029 0.68318135
0.45 1.5848932e-08 0.027552563 7.6089268e-06 4.2162013 0
0.45 1.5848932e-09 0.02731714 1.5109982e-05 0.0029953143 0
0.45 1.9952623e-05 0.02784845 1.7086136e-05 0 0.58258912
0.45 1.9952623e-06 0.025073848 6.917392e-06 7.2727701e-27 0
0.45 1.9952623e-07 0.028109146 1.7497229e-05 70.846852 0.19149323
0.45 1.9952623e-08 0.028339524 1.5092008e-05 0.28891048 0
0.45 1.9952623e-09 0.029268627 3.9861354e-06 0.11284129 0
0.45 1e-05 0.028553779 4.369735e-06 0 0.58423866
0.45 1e-06 0.02919507 1.9273115e-05 0.60972276 0
0.45 1e-07 0.028922781 8.3076298e-06 57.92006 0.46736517
0.45 1e-08 0.029879386 1.4529567e-05 1.2626662 0.074456596
0.45 1e-09 0.02902538 9.7732332e-06 0.0072362109 0
0.45 2.5118864e-05 0.026867313 1.0848958e-05 0 0.58233073
0.45 2.5118864e-06 0.028483185 1.7640814e-05 9.8679885e-16 1
0.45 2.5118864e-07 0.028591065 1.3636655e-05 255.39131 0.13448719
0.45 2.5118864e-08 0.029336998 2.0822994e-05 1.6635382 0
0.45 2.5118864e-09 0.028190319 1.5549951e-05 0.037056729 0.069126328
0.45 3.1622777e-05 0.03001786 1.7066069e-05 0 0.57063405
0.45 3.1622777e-06 0.028001376 9.2420579e-06 1.3334498e-05 0.99999172
0.45 3.1622777e-07 0.028892567 1.1907073e-05 140.38028 0.41221953
0.45 3.1622777e-08 0.029488589 1.2163056e-05 9.1524123 0.54683456
0.45 3.1622777e-09 0.030359228 1.6741244e-05 0.089823579 0.58499642
0.45 3.9810717e-05 0.029795414 2.0556485e-06 0 0.57343974
0.45 3.9810717e-06 0.029508873 1.2174178e-05 0 0.99999181
0.45 3.9810717e-07 0.02771855 7.8526431e-06 412.57335 0.78100555
0.45 3.9810717e-08 0.027101579 1.3007755e-05 2.1824131 1
0.45 3.9810717e-09 0.027699304 1.1411644e-05 0.32576887 0.34767005
0.45 5.0118723e-05 0.030578513 2.0712977e-05 0 0.57280918
0.45 5.0118723e-06 0.027466868 7.6952709e-06 0 0.99999821
0.45 5.0118723e-07 0.02706798 6.046294e-06 485.55769 0
0.45 5.0118723e-08 0.028343423 1.5657223e-05 7.8678787 0
0.45 5.0118723e-09 0.028826356 1.4702673e-05 0.018433619 0
0.45 6.3095734e-05 0.029869236 2.8432923e-05 0 0.58651878
0.45 6.3095734e-06 0.030111371 1.6362905e-05 0 1
0.45 6.3095734e-07 0.028696966 1.3853013e-05 120.42076 0
0.45 6.3095734e-08 0.027621659 5.6797933e-06 36.027531 0
0.45 6.3095734e-09 0.026945285 5.5511568e-06 1.6271673 0.49775865
0.45 7.9432823e-05 0.029120198 2.1692309e-05 0 0.56794696
0.45 7.9432823e-06 0.030388256 1.2021472e-05 0 0.62476261
0.45 7.9432823e-07 0.027570126 1.5267946e-05 118.44532 0.99999961
0.45 7.9432823e-08 0.028180631 2.6889134e-05 16.847047 0.95549411
0.45 7.9432823e-09 0.028400906 1.7967154e-05 0.40887106 0
0.5 0.00012589254 0.037636252 2.3503462e-05 0 0.58421288
0.5 0.00015848932 0.040172166 3.3444133e-05 0 0.58421288
0.5 0.00019952623 0.040071238 4.5918315e-05 0 0.58421288
0.5 0.0001 0.038674789 1.3179389e-05 0 0.58421288
0.5 0.00025118864 0.041663816 3.0895531e-05 0 0.58421288
0.5 0.00031622777 0.037912426 3.1804027e-05 0 0.58421288
0.5 1.2589254e-05 0.037412636 2.8393329e-05 0 0.58421288
0.5 1.2589254e-06 0.039898366 3.1670526e-05 9.0845215e-09 0
0.5 1.2589254e-07 0.040445446 5.1786505e-05 21.534992 0.35233505
0.5 1.2589254e-08 0.036643835 2.4913913e-05 0.8209217 0
0.5 1.2589254e-09 0.039380864 1.9451214e-05 0.0070688264 0.32108753
0.5 1.5848932e-05 0.042929639 3.2228454e-05 0 0.61286554
0.5 1.5848932e-06 0.03807629 2.5437926e-05 7.7471231e-12 0.00019226768
0.5 1.5848932e-07 0.039950745 3.4644092e-05 40.521456 0.54975553
0.5 1.5848932e-08 0.042285323 2.0237946e-05 0.1200273 0
0.5 1.5848932e-09 0.040807942 3.0253119e-05 0.015787836 0.20449695
0.5 1.9952623e-05 0.042097338 3.0924894e-05 0 0.59575316
0.5 1.9952623e-06 0.038859571 2.9551752e-05 3.3709581e-24 3.6596789e-06
0.5 1.9952623e-07 0.040886093 3.0811249e-05 146.18545 0.17381432
0.5 1.9952623e-08 0.041201834 2.5827677e-05 2.1960168 0.20079569
0.5 1.9952623e-09 0.042575002 3.7476001e-05 0.016121 0.22193411
0.5 1e-05 0.043975614 4.8249876e-05 0 0.58056272
0.5 1e-06 0.044707339 3.3281974e-05 0.0049411611 0.64835609
0.5 1e-07 0.040645956 2.2165906e-05 93.547889 0.21821648
0.5 1e-08 0.037911449 2.4106542e-05 0.74393758 0.80741141
0.5 1e-09 0.042723906 3.2423971e-05 0.0041111933 0.19975221
0.5 2.5118864e-05 0.040615385 4.3347058e-05 0 0.59408448
0.5 2.5118864e-06 0.039563905 3.4956612e-05 3.5115396e-29 1
0.5 2.5118864e-07 0.039720586 1.9261773e-05 68.141533 0.68154238
0.5 2.5118864e-08 0.044548009 2.1037353e-05 4.0263838 0
0.5 2.5118864e-09 0.039972574 2.753981e-05 0.021521501 0.45350294
0.5 3.1622777e-05 0.040386064 4.646364e-05 0 0.59946701
0.5 3.1622777e-06 0.041695194 3.9217768e-05 1.5243365e-27 0
0.5 3.1622777e-07 0.037953004 2.6045816e-05 47.979986 0.92008683
0.5 3.1622777e-08 0.040455293 3.5997183e-05 4.0327979 0.27072961
0.5 3.1622777e-09 0.039235826 2.9202154e-05 0.075851455 0
0.5 3.9810717e-05 0.039401803 3.7715926e-05 0 0.61806871
0.5 3.9810717e-06 0.039206295 8.0667688e-06 0 0.0016060841
0.5 3.9810717e-07 0.039833003 4.4019399e-05 61.862001 0.14185065
0.5 3.9810717e-08 0.038029327 2.8633976e-05 13.764079 0.79368623
0.5 3.9810717e-09 0.038132987 3.4045574e-05 0.093979622 0.48053654
0.5 5.0118723e-05 0.039233139 2.4994909e-05 0 0.6053966
0.5 5.0118723e-06 0.040222009 4.6464493e-05 0 1
0.5 5.0118723e-07 0.042354876 4.4577678e-05 32.178238 0.5406249
0.5 5.0118723e-08 0.043591323 2.3963948e-05 19.823572 0
0.5 5.0118723e-09 0.043412764 3.8515859e-05 0.074062849 0.062328655
0.5 6.3095734e-05 0.038961039 2.8576476e-05 0 0.60658642
0.5 6.3095734e-07 0.038791036 3.2029398e-05 0.96521747 0.97165042
0.5 6.3095734e-08 0.039529476 2.1924126e-05 51.327097 0.049968552
0.5 6.3095734e-09 0.040298303 3.2511734e-05 0.17348152 0.32776276
0.5 7.9432823e-05 0.038348486 2.368605e-05 0 0.59433715
0.5 7.9432823e-06 0.039170034 2.7443732e-05 0 1
0.5 7.9432823e-07 0.041846745 3.8764233e-05 13.835185 0.22306529
0.5 7.9432823e-08 0.040522072 2.4920396e-05 44.205819 0
0.5 7.9432823e-09 0.038983283 2.4060987e-05 0.56372343 0.57120471
0.55 1.2589254e-05 0.059973391 4.8652741e-05 0 0.58406467
0.55 1.2589254e-06 0.059759331 9.7506557e-05 0.20052171 0.99999
0.55 1.2589254e-07 0.058763414 6.590035e-05 19.283706 0
0.55 1.2589254e-08 0.05554419 7.9386325e-05 0.68895818 0.23008658
0.55 1.5848932e-05 0.059082531 6.8118644e-05 0 0.61565412
0.55 1.5848932e-06 0.058703211 6.6767283e-05 4.953029e-07 2.5590093e-05
0.55 1.5848932e-07 0.058541071 9.0823901e-05 28.270761 0.25608681
0.55 1.5848932e-08 0.063068588 9.254012e-05 0.80187422 0
0.55 1.9952623e-05 0.060764423 7.4787388e-05 0 0.60059543
0.55 1.9952623e-06 0.056717949 7.0310211e-05 3.1037028e-14 1
0.55 1.9952623e-07 0.05542489 4.5344662e-05 0 0.7300088
0.55 1.9952623e-08 0.056584467 6.2615143e-05 1.6255239 0.39463495
0.55 1e-05 0.056592167 6.2401023e-05 0 0.62252401
0.55 1e-06 0.063293732 7.7293e-05 1.2263823 1
0.55 1e-07 0.054428045 5.5614832e-05 38.427469 0.61089062
0.55 1e-08 0.062992126 9.0177499e-05 0.29753867 1
0.55 2.5118864e-05 0.056911403 2.9293519e-05 0 0.63414973
0.55 2.5118864e-06 0.062647391 5.7811197e-05 4.9786525e-24 2.2917226e-05
0.55 2.5118864e-07 0.056615385 4.6451087e-05 44.373843 0
0.55 2.5118864e-08 0.057666701 4.1040431e-05 5.2424854 0.12560858
0.55 3.1622777e-05 0.062812787 4.4989257e-05 0 0.63662347
0.55 3.1622777e-06 0.059822068 5.5131674e-05 0 0.061112797
0.55 3.1622777e-07 0.057060755 7.0143842e-05 60.323961 0.25231691
0.55 3.1622777e-08 0.060263077 4.8820224e-05 16.798855 0.10407322
0.55 3.1622777e-09 0.058185909 8.6088885e-05 0.029146775 0.82093965
0.55 3.9810717e-06 0.058955758 5.4178112e-05 3.8733376e-41 1
0.55 3.9810717e-07 0.053613531 3.8242252e-05 67.724059 0.51565014
0.55 3.9810717e-08 0.060345709 6.821908e-05 18.151595 0
0.55 3.9810717e-09 0.060265577 9.8490316e-05 0.053934378 0.46937069
0.55 5.0118723e-06 0.062026612 8.364521e-05 0 1
0.55 5.0118723e-07 0.059605357 3.7507167e-05 66.594206 0.36958396
0.55 5.0118723e-08 0.05913097 7.9531251e-05 15.936014 0.16786157
0.55 5.0118723e-09 0.060040984 6.151016e-05 0.24081918 0.17825143
0.55 6.3095734e-06 0.063838508 0.00010416981 0 1
0.55 6.3095734e-07 0.061718269 8.2075504e-05 0.19914688 0
0.55 6.3095734e-08 0.05318061 5.4388023e-05 0 0.61470804
0.55 6.3095734e-09 0.060071758 7.3905449e-05 0.12148453 0.22584524
0.55 7.9432823e-06 0.056652009 8.1107011e-05 0 0.61093511
0.55 7.9432823e-07 0.062091503 7.6090686e-05 0.0095629728 0.92756378
0.55 7.9432823e-08 0.059965267 4.9004337e-05 30.244914 0.15512506
0.55 7.9432823e-09 0.056391362 4.7655447e-05 0.63404908 0.42309082
0.6 1.2589254e-05 0.085367099 0.00020047218 0 0.59426434
0.6 1.2589254e-06 0.087841293 0.0001884953 4.7861495e-07 1
0.6 1.2589254e-07 0.07958725 0.00020229561 15.033512 0.19190905
0.6 1.2589254e-08 0.08525628 0.00014822377 0.21332269 0.62330972
0.6 1.5848932e-05 0.084688555 0.00019059272 0 0.63400721
0.6 1.5848932e-06 0.083861083 0.00015553103 1.5719623e-16 3.9957061e-15
0.6 1.5848932e-07 0.080992749 0.00017440362 26.539919 0.14825658
0.6 1.5848932e-08 0.087098753 0.0001168693 1.4547761 1
0.6 1.9952623e-05 0.086102874 0.00014169096 0 0.62684479
0.6 1.9952623e-06 0.084692214 0.0001287019 3.5033922e-12 4.3209065e-25
0.6 1.9952623e-07 0.085551137 0.0001922608 31.178821 0.33882264
0.6 1.9952623e-08 0.081260874 0.00016184787 1.480307 0.50650704
0.6 1e-05 0.083043567 0.00019479089 0 0.64647595
0.6 1e-06 0.087649402 0.00017958529 4.9776655e-07 0.99999977
0.6 1e-08 0.080298691 0.00015589941 0.65145138 0.62639897
0.6 2.5118864e-05 0.087533157 0.00020546218 0 0.63571632
0.6 2.5118864e-06 0.085612245 0.00012343169 1.0465631e-22 0
0.6 2.5118864e-07 0.086298568 0.00010481504 52.372615 0.34820137
0.6 2.5118864e-08 0.086534532 0.00018539966 2.9644667 0.079465147
0.6 3.1622777e-05 0.085927135 0.0001051764 0 0.63946902
0.6 3.1622777e-06 0.085699693 0.00015847355 3.9346518e-21 1
0.6 3.1622777e-07 0.086187507 0.00018587646 18.792881 0.60203199
0.6 3.1622777e-08 0.081373952 0.00020310409 2.9482515 0.14678676
0.6 3.1622777e-09 0.080745341 0.0001396235 0.068112403 0.17232321
0.6 3.9810717e-06 0.083171752 0.00012745792 0 1
0.6 3.9810717e-07 0.085653105 0.00017607175 31.948126 0.28270093
0.6 3.9810717e-08 0.078769922 0.00016167176 3.5880232 0.13698309
0.6 3.9810717e-09 0.082282343 0.00014302595 0.044135783 0.45718269
0.6 5.0118723e-06 0.08328224 0.00017060612 0 1
0.6 5.0118723e-07 0.080747244 0.00018134402 2.9481781 0.13551487
0.6 5.0118723e-08 0.08129085 0.00011564318 14.786051 0.70320183
0.6 5.0118723e-09 0.081340691 0.00014961662 0.071176121 0.66603422
0.6 6.3095734e-06 0.082330137 0.00024529151 0 0.64295561
0.6 6.3095734e-07 0.087740752 0.00014299014 3.4943718 0.99999982
0.6 6.3095734e-08 0.078195182 0.00018817741 8.8633922 0.35146037
0.6 6.3095734e-09 0.080040733 0.00017973212 0.13612596 0.034302103
0.6 7.9432823e-06 0.087484687 0.00015271853 0 0.64405342
0.6 7.9432823e-07 0.084688554 0.00021664723 0.37172459 0.59719571
0.6 7.9432823e-08 0.086575677 0.00010581668 47.253945 0.070740189
0.6 7.9432823e-09 0.086108274 7.9959962e-05 1.143777 0.28760139
0.65 1.1220185e-06 0.11741962 0.00033452883 4.9381433e-11 0.97350536
0.65 1.1220185e-06 0.11741962 0.00033452883 4.9381433e-11 0.97350536
0.65 1.2589254e-05 0.12291751 0.00049946165 0 0.83922226
0.65 1.2589254e-06 0.12030995 0.00046612746 1.6616084e-05 2.7409725e-06
0.65 1.2589254e-07 0.114524 0.00044262733 15.817764 0.3929861
0.65 1.2589254e-08 0.12467005 0.00043033316 0.61450811 0.34918008
0.65 1.4125375e-06 0.12393336 0.00040287155 8.2697635e-19 0.9612243
0.65 1.4125375e-06 0.12393336 0.00040287155 8.2697635e-19 0.9612243
0.65 1.5848932e-05 0.12242819 0.00042397214 0 0.96910053
0.65 1.5848932e-06 0.12247397 0.00022499811 0 0.99993519
0.65 1.5848932e-07 0.12560976 0.00048507834 19.544094 0
0.65 1.5848932e-08 0.12652068 0.00041044827 0.57698183 0.69708445
0.65 1.7782794e-06 0.11996747 0.00036590322 7.486798e-12 1
0.65 1.7782794e-06 0.11996747 0.00036590322 7.486798e-12 1
0.65 1.9952623e-05 0.12613889 0.00051078716 0 0.099948217
0.65 1.9952623e-06 0.12794476 0.00038975861 0 0.99983563
0.65 1.9952623e-07 0.11612772 0.00037788154 16.521945 0.67739243
0.65 1.9952623e-08 0.12329603 0.00045154192 0.78998522 0.84678889
0.65 1e-05 0.11943032 0.00060747874 0 0.65077773
0.65 1e-06 0.12049664 0.00046599556 5.1733626e-07 0.99999998
0.65 1e-08 0.1151651 0.0003755894 0.39466881 0.8204744
0.65 2.2387211e-06 0.13299492 0.00059408899 2.1795071e-20 0
0.65 2.2387211e-06 0.13299492 0.00059408899 2.1795071e-20 0
0.65 2.5118864e-05 0.12331839 0.00040217983 0 0.99999996
0.65 2.5118864e-06 0.11804281 0.00040911881 0 1
0.65 2.5118864e-07 0.11852002 0.00028913198 8.5353505 0.081187445
0.65 2.5118864e-08 0.12487248 0.00048410061 1.76485 0.22669497
0.65 2.8183829e-06 0.11878566 0.00077447863 1.7462587e-43 0
0.65 2.8183829e-06 0.11878566 0.00077447863 1.7462587e-43 0
0.65 3.1622777e-05 0.12365044 0.0004030163 0 1
0.65 3.1622777e-06 0.12837153 0.00031240284 0 0.99999583
0.65 3.1622777e-07 0.12055296 0.00044113707 7.643051 0.82382163
0.65 3.1622777e-08 0.12469487 0.00058339748 2.0076228 0.48198813
0.65 3.1622777e-09 0.12352462 0.00047760842 0.049976461 0.3100357
0.65 3.5481339e-06 0.12535613 0.00033162997 0 1.007319e-14
0.65 3.5481339e-06 0.12535613 0.00033162997 0 1.007319e-14
0.65 3.9810717e-06 0.1248475 0.00035540158 0 1.159708e-08
0.65 3.9810717e-07 0.12192143 0.00037224129 7.8352638 0.81563067
0.65 3.9810717e-08 0.12100875 0.00029532337 7.3656439 0.38918514
0.65 3.9810717e-09 0.12051387 0.00034404449 0.11076948 0.16835886
0.65 4.4668359e-06 0.1070773 0.00034942623 0 0.65662819
0.65 4.4668359e-06 0.1070773 0.00034942623 0 0.65662819
0.65 5.0118723e-06 0.13007305 0.00068626203 0 0.65662819
0.65 5.0118723e-07 0.12630075 0.00051540808 0.13859943 0.099077755
0.65 5.0118723e-08 0.11714286 0.00021516036 11.471348 0
0.65 5.0118723e-09 0.12172323 0.00044523839 0.18097051 0.10644067
0.65 5.6234133e-06 0.11547062 0.00028169291 0 0.66984296
0.65 6.3095734e-06 0.12190167 0.00039626711 0 0.66984296
0.65 6.3095734e-07 0.12548223 0.00035670076 0.37465618 0.97461023
0.65 6.3095734e-08 0.12337662 0.00027539425 23.630889 0.60476805
0.65 6.3095734e-09 0.11390863 0.00048570177 0.25924907 0.078783837
0.65 7.0794578e-06 0.12380565 0.00035236411 0 0.61746894
0.65 7.9432823e-06 0.11680912 0.00042787224 0 0.61746894
0.65 7.9432823e-07 0.11500102 0.00051496487 7.5911684e-13 0.0045687921
0.65 7.9432823e-08 0.12056018 0.00048938576 23.315386 0.19193029
0.65 7.9432823e-09 0.12609315 0.00046159787 0.17518945 0.43608035
0.65 8.9125094e-06 0.1158002 0.00035412905 0 0.6815446
0.7 1.2589254e-05 0.23379254 0.0071994461 0 0.6815446
0.7 1.2589254e-06 0.23510336 0.0082910387 7.6661468e-08 1
0.7 1.2589254e-07 0.24067315 0.0088812881 1.5818459 0.67208516
0.7 1.2589254e-08 0.23455285 0.0081521418 0.1193621 0.46257222
0.7 1.5848932e-05 0.23683676 0.0089554051 0 0.64521334
0.7 1.5848932e-06 0.24041388 0.0076577358 3.7498265e-16 1
0.7 1.5848932e-07 0.24125379 0.0085377984 1.5777912 0.61301605
0.7 1.5848932e-08 0.23214649 0.008643501 0.20394614 0.47746896
0.7 1.9952623e-05 0.23509128 0.0073913079 0 0.6333247
0.7 1.9952623e-06 0.23115883 0.0068841871 4.4060865e-40 1
0.7 1.9952623e-07 0.2369649 0.0066344402 1.3634413 0.65940196
0.7 1.9952623e-08 0.24842958 0.0082054755 0.38513996 0.30797833
0.7 1e-05 0.23916565 0.0083790315 0 0.63666209
0.7 1e-06 0.24077827 0.0088327659 2.5827539e-05 0.99947813
0.7 1e-07 0.22919204 0.0068859971 2.4370676 0.63476574
0.7 1e-08 0.23543689 0.0084764899 0.10734288 0.42900539
0.7 2.5118864e-05 0.23566236 0.0081853647 0 0.67073775
0.7 2.5118864e-06 0.22560357 0.0073690758 2.4912602e-30 1
0.7 2.5118864e-07 0.23448276 0.0077526754 0.82669628 0.84668451
0.7 2.5118864e-08 0.2303633 0.0079016436 0.45962131 0.49658027
0.7 3.1622777e-05 0.2325959 0.0069868466 0 0.66609289
0.7 3.1622777e-06 0.23044097 0.0081480855 0 0.66609289
0.7 3.1622777e-07 0.23486388 0.0072530088 0.21578451 0.44036583
0.7 3.1622777e-08 0.22931873 0.0067419335 0.7570821 0.62069132
0.7 3.1622777e-09 0.23234995 0.0078474246 0.0085780023 0.46237103
0.7 3.9810717e-06 0.22912032 0.0067647252 0 0.64178767
0.7 3.9810717e-07 0.23284612 0.0075157395 0.11343607 0.4873476
0.7 3.9810717e-08 0.2439222 0.0086479711 0.9680486 0.39790512
0.7 3.9810717e-09 0.23103379 0.0062163654 0.021691829 0.38055743
0.7 5.0118723e-06 0.23179882 0.0072863145 0 0.65651597
0.7 5.0118723e-07 0.23245436 0.0071669498 0.04416918 0.99325046
0.7 5.0118723e-08 0.23234578 0.008015175 1.5294162 0.44437717
0.7 5.0118723e-09 0.24016227 0.007794313 0.029466757 0.40580902
0.7 6.3095734e-06 0.23748734 0.0077478138 0 0.63932799
0.7 6.3095734e-07 0.23166023 0.0072026043 0.0080258733 0.99999999
0.7 6.3095734e-08 0.2386756 0.0080964504 1.444739 0.47561881
0.7 6.3095734e-09 0.23371881 0.0076815676 0.044717127 0.45795025
0.7 7.9432823e-06 0.2352464 0.0077286387 0 0.64202198
0.7 7.9432823e-07 0.22434465 0.0075678138 2.1281446e-05 0.75447494
0.7 7.9432823e-08 0.2291329 0.0072880602 2.2247691 0.45207046
0.7 7.9432823e-09 0.2284439 0.0073691582 0.061114757 0.54144853
0.75 1.1220185e-06 0.26775956 0.010621508 2.6352367e-17 0.99999996
0.75 1.1220185e-06 0.26775956 0.010621508 2.6352367e-17 0.99999996
0.75 1.2589254e-05 0.27509143 0.010507352 0 0.99999158
0.75 1.2589254e-06 0.26199636 0.010025777 1.2143846e-19 1
0.75 1.2589254e-07 0.27425562 0.010443601 1.1210363 0.54923609
0.75 1.2589254e-08 0.26824818 0.010062026 0.21460625 0.41637065
0.75 1.4125375e-06 0.26391711 0.010992078 4.3852021e-17 1
0.75 1.4125375e-06 0.26391711 0.010992078 4.3852021e-17 1
0.75 1.5848932e-05 0.27462505 0.010185728 0 0.9999717
0.75 1.5848932e-06 0.27659574 0.012162366 1.7168351e-25 1.9238845e-06
0.75 1.5848932e-07 0.27469636 0.011065704 0.79400344 0.6779588
0.75 1.5848932e-08 0.27092199 0.0098267551 0.38535482 0.55241306
0.75 1.7782794e-06 0.2630514 0.011550415 5.2447957e-39 1
0.75 1.7782794e-06 0.2630514 0.011550415 5.2447957e-39 1
0.75 1.9952623e-05 0.27784528 0.013166423 0 0.9999298
0.75 1.9952623e-06 0.26861432 0.011062834 2.9708314e-37 1
0.75 1.9952623e-07 0.2745694 0.011071796 0.50149566 0.60852042
0.75 1.9952623e-08 0.27344541 0.010800457 0.48739924 0.40173348
0.75 1e-05 0.26196269 0.010782325 0 0.67363305
0.75 1e-06 0.28634895 0.010639783 7.3279818e-11 0.99999999
0.75 1e-07 0.26866883 0.011285399 1.5901352 0.59641836
0.75 1e-08 0.26313654 0.011104159 0.081500728 0.59414196
0.75 2.2387211e-06 0.26399838 0.01067307 0 0.68713525
0.75 2.2387211e-06 0.26399838 0.01067307 0 0.24526176
0.75 2.5118864e-05 0.27526273 0.011626902 0 0.24526176
0.75 2.5118864e-06 0.27201131 0.01191972 0 0.24526176
0.75 2.5118864e-07 0.27397815 0.01214108 0.19194936 0.58169981
0.75 2.5118864e-08 0.27911687 0.011420216 0.56285458 0.50096673
0.75 2.8183829e-06 0.25945399 0.0096541019 0 0.66287292
0.75 3.1622777e-05 0.26449128 0.0100779 0 0.66287292
0.75 3.1622777e-06 0.27469636 0.010454031 0 0.66287292
0.75 3.1622777e-07 0.27256098 0.011024316 0.042881395 0.92331755
0.75 3.1622777e-08 0.25947699 0.010362248 0.81188155 0.54725007
0.75 3.1622777e-09 0.27656123 0.010317775 0.01100294 0.55464024
0.75 3.5481339e-06 0.28334009 0.011370356 0 0.66897807
0.75 3.9810717e-06 0.27248784 0.011703287 0 0.66897807
0.75 3.9810717e-07 0.26902009 0.010479176 0.02199567 0.9271361
0.75 3.9810717e-08 0.27644085 0.013249036 1.0350425 0.48218546
0.75 3.9810717e-09 0.26547956 0.010851249 0.020784534 0.42455494
0.75 4.4668359e-06 0.27060968 0.010524014 0 0.63727258
0.75 5.0118723e-06 0.28024316 0.011414159 0 0.63727258
0.75 5.0118723e-07 0.27543575 0.011723046 0.0049830738 0.99267623
0.75 5.0118723e-08 0.27101479 0.010704453 1.6051887 0.53452738
0.75 5.0118723e-09 0.27588997 0.013002096 0.027608569 0.41242724
0.75 5.6234133e-06 0.26750304 0.010338543 0 0.66799186
0.75 6.3095734e-06 0.27687627 0.010614526 0 0.66799186
0.75 6.3095734e-07 0.27300303 0.011317618 1.6129025e-05 0.31496185
0.75 6.3095734e-08 0.28034917 0.011382427 1.9243534 0.61565885
0.75 6.3095734e-09 0.25075896 0.0099978781 0.052473437 0.45691184
0.75 7.0794578e-06 0.27489879 0.012242456 0 0.67108465
0.75 7.9432823e-06 0.27239636 0.011678064 0 0.67108465
0.75 7.9432823e-07 0.26724838 0.0094903545 1.5174019e-07 1
0.75 7.9432823e-08 0.26928528 0.010359223 2.0377183 0.51749335
0.75 7.9432823e-09 0.2721391 0.010674279 0.084196008 0.52847634
0.75 8.9125094e-06 0.27999191 0.012291775 0 0.61661128
0.7 2.5118864e-07 0.23448276 0.0077526754 0.82669628 0.84668451
0.8 1.1220185e-06 0.25916177 0.010546976 1.0946558e-18 1
0.8 1.2589254e-05 0.25954353 0.011008714 0 0.92234263
0.8 1.2589254e-06 0.24908796 0.0103997 2.9534421e-19 1
0.8 1.2589254e-07 0.24964596 0.0097979601 1.1192605 0.57717838
0.8 1.2589254e-08 0.25818844 0.010857904 0.18294522 0.45217904
0.8 1.4125375e-06 0.26568191 0.013923839 5.4226996e-16 4.3314845e-11
0.8 1.5848932e-05 0.25725806 0.010269576 0 0.99925738
0.8 1.5848932e-06 0.26821393 0.01288293 2.7163993e-25 0.00010573715
0.8 1.5848932e-07 0.26321118 0.011564451 0.92235796 0.77575216
0.8 1.5848932e-08 0.25956671 0.010458347 0.19569123 0.60065818
0.8 1.7782794e-06 0.25928918 0.012461798 1.1262912e-35 1
0.8 1.9952623e-05 0.2602712 0.011641355 0 0.99999702
0.8 1.9952623e-06 0.25668558 0.010348547 0 0
0.8 1.9952623e-07 0.25277834 0.011849783 0.55428811 0.61752811
0.8 1.9952623e-08 0.25176946 0.010335531 0.40179516 0.42581127
0.8 1e-05 0.25897384 0.012604689 0 0.65594878
0.8 1e-06 0.25415484 0.011126357 3.8226485e-12 1
0.8 1e-07 0.25222672 0.010977479 1.5202641 0.64367186
0.8 1e-08 0.25313385 0.01038944 0.10880465 0.46652036
0.8 2.2387211e-06 0.27167747 0.012439041 0 1
0.8 2.5118864e-05 0.24569577 0.01050067 0 1
0.8 2.5118864e-06 0.26228514 0.011350661 0 1
0.8 2.5118864e-07 0.25860672 0.010264665 0.27588843 0.82178074
0.8 2.5118864e-08 0.2463094 0.010758914 0.54837067 0.50131092
0.8 2.8183829e-06 0.25747777 0.011916413 0 0.66059649
0.8 3.1622777e-05 0.24671119 0.010036217 0 0.66059649
0.8 3.1622777e-06 0.25936424 0.011080351 0 0.66059649
0.8 3.1622777e-07 0.25713707 0.010672828 0.100953 0.55329893
0.8 3.1622777e-08 0.25662821 0.0094008716 1.0361876 0.53172208
0.8 3.1622777e-09 0.251417 0.011298497 0.0099782593 0.48364494
0.8 3.5481339e-06 0.25383994 0.011286335 0 0.64531051
0.8 3.9810717e-06 0.25541827 0.011381815 0 0.64531051
0.8 3.9810717e-07 0.26018556 0.011807533 0.01736079 0.89020414
0.8 3.9810717e-08 0.25744379 0.010377013 1.2667238 0.37820644
0.8 3.9810717e-09 0.2549099 0.010322328 0.014009452 0.34086811
0.8 4.4668359e-06 0.25385552 0.010199552 0 0.64725244
0.8 5.0118723e-06 0.25278509 0.01039404 0 0.64725244
0.8 5.0118723e-07 0.2519685 0.010123507 0.005672436 0.76787304
0.8 5.0118723e-08 0.26387201 0.012076767 1.5809456 0.53490878
0.8 5.0118723e-09 0.26488457 0.012498604 0.025561354 0.33846096
0.8 5.6234133e-06 0.26127401 0.011623919 0 0.68533355
0.8 6.3095734e-06 0.26101901 0.010976942 0 0.68533355
0.8 6.3095734e-07 0.25766129 0.010129829 5.2614172e-05 0.95869559
0.8 6.3095734e-08 0.25859976 0.011511928 1.4778657 0.60283892
0.8 6.3095734e-09 0.26771972 0.012252867 0.046831571 0.41468326
0.8 7.0794578e-06 0.25091056 0.010357295 0 0.65533657
0.8 7.9432823e-06 0.26527722 0.011057691 0 0.65533657
0.8 7.9432823e-07 0.24919094 0.011290204 3.7314984e-09 0.9999915
0.8 7.9432823e-08 0.26058764 0.0106136 1.6278992 0.56242683
0.8 7.9432823e-09 0.24686108 0.0097484631 0.067481216 0.61933623
0.8 8.9125094e-06 0.25050587 0.010999549 0 0.66055012
0.81 1.1220185e-06 0.25101215 0.011737613 4.2396716e-13 0.037769917
0.81 1.1220185e-06 0.25101215 0.011737613 4.2396716e-13 0.037769917
0.81 1.2589254e-05 0.23999191 0.01120868 0 0.99997933
0.81 1.2589254e-06 0.24408493 0.010118789 1.788975e-15 1
0.81 1.2589254e-07 0.2373809 0.0096723212 1.3670718 0.6335782
0.81 1.2589254e-08 0.24797407 0.010750902 0.16566333 0.4574668
0.81 1.4125375e-06 0.23943377 0.0088123247 9.369028e-26 0.29993006
0.81 1.4125375e-06 0.23943377 0.0088123247 9.369028e-26 0.29993006
0.81 1.5848932e-05 0.23668759 0.010494955 0 0.99994722
0.81 1.5848932e-06 0.24873712 0.010554616 6.9550121e-28 1
0.81 1.5848932e-07 0.23660263 0.0094258276 1.1229999 0.69918015
0.81 1.5848932e-08 0.25334686 0.01084304 0.20563496 0.4530064
0.81 1.7782794e-06 0.24166498 0.0092779038 2.3962179e-39 1
0.81 1.7782794e-06 0.24166498 0.0092779038 2.3962179e-39 1
0.81 1.9952623e-05 0.24646179 0.011012547 0 0.99999995
0.81 1.9952623e-06 0.24611033 0.010691801 3.7224308e-34 1
0.81 1.9952623e-07 0.24944366 0.0097395561 0.79420027 0.82719796
0.81 1.9952623e-08 0.24463345 0.0095614128 0.38206708 0.41472459
0.81 1e-05 0.23982999 0.0097562897 0 0.65235864
0.81 1e-06 0.24068826 0.010134242 8.7614121e-09 0.99999683
0.81 1e-07 0.24761518 0.010151871 1.6974255 0.60212731
0.81 1e-08 0.23579373 0.0099658017 0.091896302 0.48555667
0.81 2.2387211e-06 0.24046266 0.010051808 2.3562785e-30 1
0.81 2.2387211e-06 0.24046266 0.010051808 2.3562785e-30 1
0.81 2.5118864e-05 0.24285425 0.0087630359 0 1
0.81 2.5118864e-06 0.23956443 0.0092753317 0 1
0.81 2.5118864e-07 0.23885737 0.0084200127 0.18002072 0.78815721
0.81 2.5118864e-08 0.23209576 0.010123877 0.5439649 0.46090857
0.81 2.8183829e-06 0.24656427 0.0092685842 0 0.69709612
0.81 3.1622777e-05 0.23927126 0.0090574343 0 0
0.81 3.1622777e-06 0.25121556 0.010687858 0 0
0.81 3.1622777e-07 0.24609454 0.010734495 0.14015856 0.59910093
0.81 3.1622777e-08 0.24175602 0.010075205 0.85774807 0.43705357
0.81 3.1622777e-09 0.24357678 0.01024964 0.0079198946 0.5288869
0.81 3.5481339e-06 0.24157417 0.0095557088 0 0.65017911
0.81 3.9810717e-06 0.24569228 0.01080787 0 0.65017911
0.81 3.9810717e-07 0.2386823 0.0096476274 0.016838149 0.78996021
0.81 3.9810717e-08 0.23167274 0.0091955968 1.0056604 0.67653655
0.81 3.9810717e-09 0.24969623 0.011124579 0.012882875 0.38364474
0.81 4.4668359e-06 0.24680851 0.010652525 0 0.68289475
0.81 5.0118723e-06 0.24524099 0.010628103 0 0.68289475
0.81 5.0118723e-07 0.24290924 0.010482105 0.00074949617 0.94289325
0.81 5.0118723e-08 0.26000809 0.011775538 1.2144575 0.46847429
0.81 5.0118723e-09 0.23261924 0.0095435944 0.024383971 0.48019564
0.81 5.6234133e-06 0.2363305 0.0094761925 0 0.68521112
0.81 6.3095734e-06 0.24781991 0.010252537 0 0.68521112
0.81 6.3095734e-07 0.23424519 0.0098254822 0.00016552855 0.97051499
0.81 6.3095734e-08 0.24863664 0.011198944 1.5999643 0.61853615
0.81 6.3095734e-09 0.25304383 0.011810081 0.031075829 0.34844727
0.81 7.0794578e-06 0.23774808 0.010832993 0 0.67995889
0.81 7.9432823e-06 0.23653729 0.0092769147 0 0.67995889
0.81 7.9432823e-07 0.24731401 0.010929344 1.2954311e-08 0.1457583
0.81 7.9432823e-08 0.24341839 0.01118995 1.6547296 0.48167905
0.81 7.9432823e-09 0.24752074 0.010620198 0.058191348 0.36917664
0.81 8.9125094e-06 0.24777868 0.010657686 0 0.65715073
0.82 1.1220185e-06 0.23749747 0.011300244 7.5896257e-09 1.6550343e-07
0.82 1.1220185e-06 0.23749747 0.011300244 7.5896257e-09 1.6550343e-07
0.82 1.2589254e-05 0.22919619 0.009420293 0 0.92214364
0.82 1.2589254e-06 0.2442331 0.012602072 1.659365e-16 0.99999785
0.82 1.2589254e-07 0.22458917 0.010297657 1.0542178 0.63652027
0.82 1.2589254e-08 0.2289644 0.0094012487 0.13484665 0.50341581
0.82 1.4125375e-06 0.2433691 0.010840494 3.5084604e-17 0.99988612
0.82 1.4125375e-06 0.2433691 0.010840494 3.5084604e-17 0.99988612
0.82 1.5848932e-05 0.23912604 0.010400991 0 0.8925796
0.82 1.5848932e-06 0.23286841 0.0092733124 2.6900455e-19 0.99988416
0.82 1.5848932e-07 0.23790241 0.0098744674 0.96284265 0.73293141
0.82 1.5848932e-08 0.23422697 0.010339792 0.1715364 0.43596525
0.82 1.7782794e-06 0.23955375 0.011467482 1.0530267e-25 1
0.82 1.7782794e-06 0.23955375 0.011467482 1.0530267e-25 1
0.82 1.9952623e-05 0.2332391 0.0087605963 0 2.1129209e-06
0.82 1.9952623e-06 0.23182553 0.010158752 1.1750719e-32 1
0.82 1.9952623e-07 0.23386114 0.0095424461 0.50079318 0.61952704
0.82 1.9952623e-08 0.23396916 0.011347125 0.27009593 0.46595127
0.82 1e-05 0.23721964 0.0099700314 0 0.68875639
0.82 1e-06 0.23134479 0.010385954 3.9565085e-11 0.86170126
0.82 1e-07 0.22491909 0.0092351488 1.6433568 0.62082189
0.82 1e-08 0.22983626 0.0093848645 0.097914915 0.4417987
0.82 2.2387211e-06 0.24009701 0.010917912 0 1
0.82 2.2387211e-06 0.24009701 0.010917912 0 1
0.82 2.5118864e-05 0.23354264 0.0096974359 0 0.99999793
0.82 2.5118864e-06 0.23627153 0.010484998 0 1
0.82 2.5118864e-07 0.23580697 0.011331357 0.32956995 0.65726046
0.82 2.5118864e-08 0.23261924 0.010953978 0.51531617 0.4840335
0.82 2.8183829e-06 0.22895964 0.0098437323 0 0.66533127
0.82 2.8183829e-06 0.22895964 0.0098437323 0 1
0.82 3.1622777e-05 0.22323232 0.0096508518 0 1
0.82 3.1622777e-06 0.23354264 0.0088932584 0 1
0.82 3.1622777e-07 0.23741153 0.010178209 0.10237325 0.83645896
0.82 3.1622777e-08 0.23440032 0.0098774851 0.6031946 0.64222501
0.82 3.1622777e-09 0.22988273 0.0092492243 0.0068124693 0.4959273
0.82 3.5481339e-06 0.23269931 0.010123503 0 0.66209683
0.82 3.9810717e-06 0.23807591 0.010050698 0 0.66209683
0.82 3.9810717e-07 0.2388271 0.0095144466 0.11845787 0.62596453
0.82 3.9810717e-08 0.23201621 0.010249146 0.81785282 0.48410698
0.82 3.9810717e-09 0.23120567 0.0093700373 0.013774592 0.38768648
0.82 4.4668359e-06 0.23803731 0.010762839 0 0.68515979
0.82 5.0118723e-06 0.22044534 0.0091034109 0 0.68515979
0.82 5.0118723e-07 0.23907767 0.010396784 0.0061951234 0.99496347
0.82 5.0118723e-08 0.22309871 0.0083030263 1.561397 0.54858066
0.82 5.0118723e-09 0.2243123 0.0086657867 0.026446274 0.44796597
0.82 5.6234133e-06 0.23132969 0.0095509526 0 0.64235237
0.82 6.3095734e-06 0.24853031 0.010580046 0 0.64235237
0.82 6.3095734e-07 0.22978981 0.010495654 0.0019876605 0.88855819
0.82 6.3095734e-08 0.23267126 0.010280165 1.6853101 0.6272604
0.82 6.3095734e-09 0.22857143 0.0095874947 0.041512509 0.43506945
0.82 7.0794578e-06 0.22325581 0.0087586708 0 0.6758891
0.82 7.9432823e-06 0.22963412 0.0083553954 0 0.6758891
0.82 7.9432823e-07 0.22055848 0.0091043969 7.2962298e-06 0.91245745
0.82 7.9432823e-08 0.2262242 0.0087889613 1.7744394 0.54413137
0.82 7.9432823e-09 0.23949919 0.010011376 0.073888379 0.54138934
0.82 8.9125094e-06 0.24290924 0.010482105 0 0.66146248
0.83 1.1220185e-06 0.21914765 0.010092035 7.2985752e-09 0.99519844
0.83 1.1220185e-06 0.21914765 0.010092035 7.2985752e-09 0.99519844
0.83 1.2589254e-05 0.23067584 0.010268856 0 0.99954829
0.83 1.2589254e-06 0.22327935 0.010440796 3.786473e-11 1
0.83 1.2589254e-07 0.23167274 0.010180839 1.6929759 0.48786511
0.83 1.2589254e-08 0.23122089 0.0095035111 0.14972567 0.45974495
0.83 1.4125375e-06 0.21369253 0.0091328993 6.8044341e-14 1
0.83 1.4125375e-06 0.21369253 0.0091328993 6.8044341e-14 1
0.83 1.5848932e-05 0.23022599 0.010498602 0 0.99999999
0.83 1.5848932e-06 0.21855378 0.0094291988 8.0989778e-26 0.99999999
0.83 1.5848932e-07 0.22678535 0.009818342 1.3374411 0.7158259
0.83 1.5848932e-08 0.2094485 0.0079413766 0.20826774 0.62615745
0.83 1.7782794e-06 0.22015378 0.0093549765 4.1257421e-14 1
0.83 1.7782794e-06 0.22015378 0.0093549765 4.1257421e-14 1
0.83 1.9952623e-05 0.23252525 0.010334455 0 1
0.83 1.9952623e-06 0.21712785 0.0088587811 0 1
0.83 1.9952623e-07 0.21619433 0.0090591551 0.75431793 0.61657792
0.83 1.9952623e-08 0.21817446 0.010155864 0.22319285 0.57462646
0.83 1e-05 0.22584566 0.0086459044 0 0.69197663
0.83 1e-06 0.22226721 0.0080538119 8.4046093e-10 0.99999999
0.83 1e-07 0.22474645 0.0085248652 2.0221411 0.4701936
0.83 1e-08 0.23439079 0.010135306 0.071242501 0.46739489
0.83 2.2387211e-06 0.21762918 0.0094813119 8.3187102e-25 1
0.83 2.2387211e-06 0.21762918 0.0094813119 8.3187102e-25 1
0.83 2.5118864e-05 0.2210101 0.0091529434 0 1
0.83 2.5118864e-06 0.22282939 0.0096509795 0 1
0.83 2.5118864e-07 0.22762252 0.0085738738 0.50630373 0.64373087
0.83 2.5118864e-08 0.22019834 0.0095370259 0.45466405 0.47605037
0.83 2.8183829e-06 0.22800973 0.00975072 0 1
0.83 2.8183829e-06 0.22800973 0.00975072 0 1
0.83 3.1622777e-05 0.2155277 0.0090638418 0 1
0.83 3.1622777e-06 0.21467667 0.009487029 0 1
0.83 3.1622777e-07 0.21309813 0.0077340968 0.26854519 0.79996241
0.83 3.1622777e-08 0.23090909 0.010449219 0.55376236 0.52789122
0.83 3.1622777e-09 0.22123177 0.0095914908 0.0093282501 0.35328296
0.83 3.5481339e-06 0.22670178 0.0097367864 0 0.64453014
0.83 3.9810717e-06 0.21372192 0.0088239773 0 0.64453014
0.83 3.9810717e-07 0.22393197 0.009385284 0.024626601 0.97260394
0.83 3.9810717e-08 0.22460542 0.0087715188 0.91340715 0.51641898
0.83 3.9810717e-09 0.22116552 0.010293013 0.010145102 0.48413202
0.83 4.4668359e-06 0.22871587 0.0090191292 0 0.64916961
0.83 5.0118723e-06 0.23148523 0.0095554404 0 0.64916961
0.83 5.0118723e-07 0.22583906 0.0085842588 0.0028143618 0.99440049
0.83 5.0118723e-08 0.22641509 0.010243572 1.1024749 0.56047039
0.83 5.0118723e-09 0.22445663 0.0095746278 0.017422956 0.68859471
0.83 5.6234133e-06 0.22893031 0.010389058 0 0.67229961
0.83 6.3095734e-06 0.22341286 0.0092147642 0 0.67229961
0.83 6.3095734e-07 0.22989899 0.010031956 0.0026108887 0.94187558
0.83 6.3095734e-08 0.21516684 0.008615376 1.5408746 0.55350805
0.83 6.3095734e-09 0.21954674 0.0090182088 0.031052044 0.52058352
0.83 7.0794578e-06 0.22692308 0.0093709127 0 0.63467073
0.83 7.9432823e-06 0.22204214 0.0091317979 0 0.63467073
0.83 7.9432823e-07 0.22325581 0.0091650008 6.2898495e-06 0.5848654
0.83 7.9432823e-08 0.22553964 0.0098278318 1.5018552 0.56856168
0.83 7.9432823e-09 0.21665319 0.0093702067 0.059497048 0.46647105
0.83 8.9125094e-06 0.21887631 0.0095105915 0 0.69283151
0.84 1.2589254e-05 0.21251261 0.0088779234 0 0.69283151
0.84 1.2589254e-06 0.19226877 0.0069265009 1.2687993e-11 1
0.84 1.2589254e-07 0.21337386 0.0082582386 2.1415485 0.60526252
0.84 1.2589254e-08 0.20759289 0.0077973098 0.12077614 0.491914
0.84 1.5848932e-05 0.21101661 0.0094440404 0 0.70058352
0.84 1.5848932e-06 0.21298174 0.0094178538 1.0797783e-17 0.99821869
0.84 1.5848932e-07 0.19959596 0.0071773901 1.4121839 0.70728418
0.84 1.5848932e-08 0.20798703 0.0086854506 0.1669372 0.55719934
0.84 1.9952623e-05 0.20121335 0.0084635748 0 0.69696767
0.84 1.9952623e-06 0.21090909 0.0088198347 3.2913047e-31 0.9999999
0.84 1.9952623e-07 0.19634888 0.0080052991 1.0625746 0.7177603
0.84 1.9952623e-08 0.22168186 0.0096129519 0.24672514 0.5861471
0.84 1e-05 0.20145778 0.0082394151 0 0.68469064
0.84 1e-06 0.19793773 0.0078438728 9.9948133e-09 0.92603794
0.84 1e-07 0.21093117 0.0079419429 2.1536524 0.63140334
0.84 1e-08 0.20696638 0.0093465984 0.068266512 0.53820018
0.84 2.5118864e-05 0.20756626 0.0078105046 0 0.67406239
0.84 2.5118864e-06 0.21269713 0.0082997464 0 1
0.84 2.5118864e-07 0.20571544 0.0092142505 0.37614302 0.7613172
0.84 2.5118864e-08 0.21240373 0.0096429743 0.37731653 0.49556916
0.84 3.1622777e-05 0.20457768 0.0091577208 0 0.70017057
0.84 3.1622777e-06 0.21740891 0.0095941585 0 0.70017057
0.84 3.1622777e-07 0.21441587 0.0088996261 0.15750927 0.84265632
0.84 3.1622777e-08 0.20966105 0.0090213401 0.63194803 0.4610796
0.84 3.1622777e-09 0.20020243 0.0087132636 0.0077634403 0.45389373
0.84 3.9810717e-06 0.20500909 0.0076190007 0 0.6889351
0.84 3.9810717e-07 0.20557914 0.0093917294 0.039852566 0.94164746
0.84 3.9810717e-08 0.20425963 0.0084521226 0.99422736 0.510145
0.84 3.9810717e-09 0.20415994 0.0070911772 0.013419436 0.4817511
0.84 5.0118723e-06 0.2162381 0.0092817326 0 0.68448825
0.84 5.0118723e-07 0.20384615 0.0070149484 0.02725536 0.82589899
0.84 5.0118723e-08 0.20879564 0.0080030607 1.3149817 0.44831475
0.84 5.0118723e-09 0.20567951 0.0084691564 0.023783322 0.4355966
0.84 6.3095734e-06 0.20745543 0.0094145089 0 0.65564642
0.84 6.3095734e-07 0.21117635 0.0091499775 0.00048108087 0.91600289
0.84 6.3095734e-08 0.20834177 0.0081834993 1.524549 0.53588569
0.84 6.3095734e-09 0.20720356 0.0083854133 0.029683898 0.48763862
0.84 7.9432823e-06 0.20901889 0.0085764403 0 0.65011285
0.84 7.9432823e-07 0.21285222 0.0091906594 7.700967e-05 0.45592461
0.84 7.9432823e-08 0.20978173 0.0084794556 1.6026079 0.51185981
0.84 7.9432823e-09 0.20439871 0.0078361088 0.05586243 0.49364571
0.85 1.2589254e-05 0.1866019 0.0078175659 0 0.70049369
0.85 1.2589254e-06 0.19187222 0.0076423024 1.0448081e-10 0.99999892
0.85 1.2589254e-07 0.19226877 0.007938237 1.5457174 0.6512542
0.85 1.2589254e-08 0.1934831 0.0084974363 0.10419393 0.4938686
0.85 1.5848932e-05 0.20259057 0.0095534513 0 0.70714009
0.85 1.5848932e-06 0.1884234 0.0078557418 5.4507927e-14 1
0.85 1.5848932e-07 0.18643725 0.0071706634 1.0875711 0.61650284
0.85 1.5848932e-08 0.1854251 0.0076196953 0.13029048 0.56030874
0.85 1.9952623e-05 0.19056298 0.0074866785 0 0.72234119
0.85 1.9952623e-06 0.19599919 0.0082375898 5.3719325e-19 1
0.85 1.9952623e-07 0.18977365 0.0081693184 0.8825473 0.65704016
0.85 1.9952623e-08 0.1859713 0.0070298429 0.30973244 0.47948157
0.85 1e-05 0.19599109 0.0073412334 0 0.70309084
0.85 1e-06 0.19680421 0.0077224953 1.655409e-08 1
0.85 1e-07 0.19235437 0.0077813256 1.7726372 0.56093353
0.85 1e-08 0.17957033 0.0064418218 0.078350857 0.46737667
0.85 2.5118864e-05 0.1865264 0.0074338864 0 0.68502766
0.85 2.5118864e-06 0.19408428 0.0090043152 4.2402579e-37 0.99999996
0.85 2.5118864e-07 0.1903311 0.0071523976 0.53244571 0.71096408
0.85 2.5118864e-08 0.18641326 0.0078017681 0.37932346 0.44086454
0.85 3.1622777e-05 0.18994527 0.0070079139 0 0.66847795
0.85 3.1622777e-06 0.19097714 0.0075726319 0 1
0.85 3.1622777e-07 0.18567961 0.0072859717 0.38712708 0.776405
0.85 3.1622777e-08 0.19023501 0.0085944909 0.52797959 0.53299207
0.85 3.1622777e-09 0.19153226 0.0075686135 0.0069372463 0.35520751
0.85 3.9810717e-06 0.20348602 0.0087019761 0 0.6903765
0.85 3.9810717e-07 0.18671527 0.0073733248 0.033408381 0.94760117
0.85 3.9810717e-08 0.19805392 0.0077487141 0.83474036 0.51403467
0.85 3.9810717e-09 0.20696638 0.0095142503 0.010236143 0.44826812
0.85 5.0118723e-06 0.18955043 0.0068711072 0 0.69768264
0.85 5.0118723e-07 0.19555106 0.0083835843 0.0037541916 0.98527107
0.85 5.0118723e-08 0.194057 0.0081984866 1.141151 0.55791457
0.85 5.0118723e-09 0.19428687 0.0083445739 0.019251337 0.51738646
0.85 6.3095734e-06 0.19286872 0.008205517 0 0.67044288
0.85 6.3095734e-07 0.18920558 0.0074198266 0.013549325 0.99371767
0.85 6.3095734e-08 0.19198867 0.0083118703 1.3556611 0.51206122
0.85 6.3095734e-09 0.17492417 0.0067917979 0.029393729 0.42081701
0.85 7.9432823e-06 0.1832895 0.007008237 0 0.68580146
0.85 7.9432823e-07 0.19160584 0.0066044186 3.4253202e-06 0.86876
0.85 7.9432823e-08 0.19162282 0.0079099666 1.881284 0.54319841
0.85 7.9432823e-09 0.18889339 0.0079630776 0.038197546 0.52376305
0.86 1.1220185e-06 0.19595142 0.0080522546 2.0196416e-07 1
0.86 1.1220185e-06 0.19595142 0.0080522546 2.0196416e-07 1
0.86 1.2589254e-05 0.19829856 0.0088766421 0 0.98805086
0.86 1.2589254e-06 0.20230863 0.0095869216 7.768839e-10 0.99988692
0.86 1.2589254e-07 0.19461865 0.0078351429 1.6861674 0.73649369
0.86 1.2589254e-08 0.20444444 0.0085907967 0.074449368 0.52630813
0.86 1.4125375e-06 0.18767677 0.0079999594 5.7477054e-15 1
0.86 1.4125375e-06 0.18767677 0.0079999594 5.7477054e-15 1
0.86 1.5848932e-05 0.19550243 0.0078026699 0 0.77454191
0.86 1.5848932e-06 0.18944602 0.0080436037 4.5002745e-14 1
0.86 1.5848932e-07 0.18715819 0.0078093147 1.2294774 0.71283107
0.86 1.5848932e-08 0.18817095 0.0084995183 0.15330353 0.5320639
0.86 1.7782794e-06 0.19602676 0.0090999652 5.8032891e-21 0.99998119
0.86 1.7782794e-06 0.19602676 0.0090999652 5.8032891e-21 0.99998119
0.86 1.9952623e-05 0.19493927 0.0089182743 0 0.99596983
0.86 1.9952623e-06 0.19388169 0.0075808683 1.3581499e-30 5.2062406e-09
0.86 1.9952623e-07 0.18661258 0.0081761292 1.0086713 0.63439926
0.86 1.9952623e-08 0.19554656 0.0088273041 0.22848641 0.46803629
0.86 1e-05 0.1927906 0.0085112091 0 0.67220104
0.86 1e-06 0.19692058 0.0088965335 1.0240431e-06 0.99999998
0.86 1e-07 0.19220674 0.0067522658 1.8505573 0.64634978
0.86 1e-08 0.19182517 0.0088887017 0.069127322 0.46652966
0.86 2.2387211e-06 0.19712609 0.0085377421 1.9029543e-31 1
0.86 2.2387211e-06 0.19712609 0.0085377421 1.9029543e-31 1
0.86 2.5118864e-05 0.18824721 0.008048665 0 8.9854993e-06
0.86 2.5118864e-06 0.18588188 0.0065043618 0 1
0.86 2.5118864e-07 0.19344395 0.0074762839 0.51819258 0.81285471
0.86 2.5118864e-08 0.19392097 0.0077804159 0.36293036 0.52842145
0.86 2.8183829e-06 0.19041844 0.0071979478 5.4509964e-36 2.8730325e-09
0.86 2.8183829e-06 0.19041844 0.0071979478 5.4509964e-36 2.8730325e-09
0.86 3.1622777e-05 0.19672131 0.0092368638 0 0.00054179522
0.86 3.1622777e-06 0.18808081 0.0087011122 0 1
0.86 3.1622777e-07 0.20258795 0.00974847 0.13860207 0.56542179
0.86 3.1622777e-08 0.19242455 0.0080680337 0.49112517 0.55671724
0.86 3.1622777e-09 0.18708241 0.0079166275 0.0068491411 0.49328705
0.86 3.5481339e-06 0.1935157 0.0079994332 0 0.70819906
0.86 3.9810717e-06 0.19441069 0.0084252507 0 0.70819906
0.86 3.9810717e-07 0.19805589 0.00842279 0.10462932 0.94036666
0.86 3.9810717e-08 0.20201816 0.009784936 0.69795738 0.66631288
0.86 3.9810717e-09 0.18905775 0.007930082 0.0094559813 0.68464518
0.86 4.4668359e-06 0.19979778 0.009212112 0 0.70886726
0.86 5.0118723e-06 0.19753086 0.0083553835 0 0.70886726
0.86 5.0118723e-07 0.19721156 0.0083682416 0.0037929885 0.53372774
0.86 5.0118723e-08 0.19064967 0.0082572414 0.99170196 0.63974773
0.86 5.0118723e-09 0.20088925 0.0088914199 0.0158283 0.60130173
0.86 5.6234133e-06 0.17826791 0.0076472676 0 0.69390206
0.86 6.3095734e-06 0.18858762 0.0076701966 0 0.69390206
0.86 6.3095734e-07 0.20117385 0.0082651876 0.0058997995 0.92971529
0.86 6.3095734e-08 0.20089105 0.0091129193 1.2761092 0.62904808
0.86 6.3095734e-09 0.19704334 0.0092975087 0.017753975 0.72365155
0.86 7.0794578e-06 0.19521589 0.0083104271 0 0.69364473
0.86 7.9432823e-06 0.19233887 0.0079134152 0 0.69364473
0.86 7.9432823e-07 0.19822186 0.0086113761 0.00063505319 0.99496068
0.86 7.9432823e-08 0.18369411 0.0070237076 2.0351445 0.60612117
0.86 7.9432823e-09 0.19433198 0.0092445375 0.035454645 0.49977574
0.86 8.9125094e-06 0.1956346 0.0081053138 0 0.6686934
0.87 1.1220185e-06 0.17675643 0.0069786401 4.928327e-06 0.8710003
0.87 1.1220185e-06 0.17675643 0.0069786401 4.928327e-06 0.8710003
0.87 1.2589254e-05 0.17443274 0.0074565049 0 0.85475683
0.87 1.2589254e-06 0.17044534 0.0064865838 2.0592781e-10 1
0.87 1.2589254e-07 0.18156028 0.0080202919 1.8580982 0.62294564
0.87 1.2589254e-08 0.16423653 0.0055543743 0.09280432 0.59832505
0.87 1.4125375e-06 0.16504461 0.0062577742 5.0053823e-12 8.203487e-07
0.87 1.4125375e-06 0.16504461 0.0062577742 5.0053823e-12 8.203487e-07
0.87 1.5848932e-05 0.17455502 0.0066023036 0 0.88954115
0.87 1.5848932e-06 0.17265165 0.007495933 7.9479928e-11 6.8322804e-05
0.87 1.5848932e-07 0.16947091 0.0071113883 1.396412 0.73875748
0.87 1.5848932e-08 0.1768157 0.0074045821 0.14083806 0.54784841
0.87 1.7782794e-06 0.16929293 0.007045322 1.0497253e-21 0.99999723
0.87 1.7782794e-06 0.16929293 0.007045322 1.0497253e-21 0.99999723
0.87 1.9952623e-05 0.17769682 0.0083435868 0 1
0.87 1.9952623e-06 0.1612055 0.0064560456 2.0546289e-38 1
0.87 1.9952623e-07 0.16972755 0.0070220278 1.0618301 0.74933559
0.87 1.9952623e-08 0.16720648 0.0063971709 0.25427383 0.53672759
0.87 1e-05 0.17124949 0.0064054096 0 0.67371437
0.87 1e-06 0.18242559 0.0087537689 1.9063457e-05 0.90164664
0.87 1e-07 0.17186867 0.0072802092 1.6956329 0.65147881
0.87 1e-08 0.1703163 0.0068720486 0.061733973 0.5801635
0.87 2.2387211e-06 0.16852565 0.0067670004 3.5170455e-21 1
0.87 2.2387211e-06 0.16852565 0.0067670004 3.5170455e-21 1
0.87 2.5118864e-05 0.1674428 0.0071194549 0 0.99999999
0.87 2.5118864e-06 0.17484787 0.0070932198 1.0362602e-45 1
0.87 2.5118864e-07 0.17169468 0.0074392917 0.63246715 0.6350602
0.87 2.5118864e-08 0.16858702 0.0066112556 0.38444366 0.51106881
0.87 2.8183829e-06 0.17799353 0.0080284299 0 1
0.87 2.8183829e-06 0.17799353 0.0080284299 0 1
0.87 3.1622777e-05 0.16787879 0.0069864709 0 1
0.87 3.1622777e-06 0.1726094 0.0073435929 0 1
0.87 3.1622777e-07 0.17660133 0.0073509546 0.20991314 0.726105
0.87 3.1622777e-08 0.17845594 0.0071411229 0.68981178 0.55148712
0.87 3.1622777e-09 0.17162518 0.0074680052 0.0051152118 0.5219507
0.87 3.5481339e-06 0.16484185 0.005982703 0 0.69452228
0.87 3.9810717e-06 0.16464401 0.0062940367 0 0.69452228
0.87 3.9810717e-07 0.16312917 0.0056717642 0.10433501 0.48194965
0.87 3.9810717e-08 0.17828201 0.0067903196 0.74407425 0.62066905
0.87 3.9810717e-09 0.17211285 0.0066721238 0.010286081 0.59673014
0.87 4.4668359e-06 0.16723964 0.00642579 0 0.66952441
0.87 5.0118723e-06 0.16373204 0.0064286614 0 0.66952441
0.87 5.0118723e-07 0.16727568 0.0063161341 0.024102959 0.97352329
0.87 5.0118723e-08 0.17661339 0.00721746 1.1005695 0.53885622
0.87 5.0118723e-09 0.17762891 0.00804126 0.011585531 0.58810775
0.87 5.6234133e-06 0.18156143 0.0076551016 0 0.70880305
0.87 6.3095734e-06 0.17350859 0.0077894655 0 0.70880305
0.87 6.3095734e-07 0.16987244 0.0063629077 0.0053355934 0.89396786
0.87 6.3095734e-08 0.17283951 0.0065763667 1.4750761 0.56565093
0.87 6.3095734e-09 0.16963203 0.0070994401 0.023713971 0.51526509
0.87 7.0794578e-06 0.1718908 0.0069521052 0 0.64785787
0.87 7.9432823e-06 0.17774187 0.0077903424 0 0.64785787
0.87 7.9432823e-07 0.16750859 0.0077509531 0.00010127056 0.99994771
0.87 7.9432823e-08 0.1680791 0.0068167674 1.6917205 0.65599536
0.87 7.9432823e-09 0.16724103 0.0067465975 0.034236433 0.64229268
0.87 8.9125094e-06 0.16767922 0.0070630373 0 0.69818336
0.88 1.1220185e-06 0.16275304 0.0065891919 1.8424451e-05 0.9941815
0.88 1.1220185e-06 0.16275304 0.0065891919 1.8424451e-05 0.9941815
0.88 1.2589254e-05 0.15852181 0.0068504983 0 0.9704022
0.88 1.2589254e-06 0.15752177 0.0062511171 5.9718691e-09 0.67649916
0.88 1.2589254e-07 0.16464156 0.0067350335 1.7789597 0.7196755
0.88 1.2589254e-08 0.16568766 0.007349726 0.075508907 0.47697108
0.88 1.4125375e-06 0.17024726 0.0082121703 5.7486038e-10 1
0.88 1.4125375e-06 0.17024726 0.0082121703 5.7486038e-10 1
0.88 1.5848932e-05 0.16312487 0.0067679819 0 0.99999046
0.88 1.5848932e-06 0.16072152 0.0064497083 3.0823859e-13 0.99999429
0.88 1.5848932e-07 0.15853412 0.0064838817 1.4757935 0.67680025
0.88 1.5848932e-08 0.15915977 0.0068473099 0.11823358 0.55722664
0.88 1.7782794e-06 0.16643131 0.0070843265 1.2529984e-21 1
0.88 1.7782794e-06 0.16643131 0.0070843265 1.2529984e-21 1
0.88 1.9952623e-05 0.17422096 0.0077909413 0 0.17114982
0.88 1.9952623e-06 0.15704154 0.0070644826 2.288651e-21 0.99999882
0.88 1.9952623e-07 0.15631951 0.0059113748 1.2779187 0.67468309
0.88 1.9952623e-08 0.1599838 0.0061881137 0.21540992 0.58634925
0.88 1e-05 0.15654822 0.0063255016 0 0.6994006
0.88 1e-06 0.16872345 0.0069974322 6.1809941e-05 0.99996806
0.88 1e-07 0.17007078 0.0073255968 1.5344027 0.66132154
0.88 1e-08 0.15978129 0.0063097107 0.059480752 0.47142283
0.88 2.2387211e-06 0.16879174 0.0067639678 2.1273689e-26 1
0.88 2.2387211e-06 0.16879174 0.0067639678 2.1273689e-26 1
0.88 2.5118864e-05 0.16319093 0.0066412992 0 0.99998018
0.88 2.5118864e-06 0.17102861 0.0068355926 1.6717966e-34 1
0.88 2.5118864e-07 0.16367306 0.0067054754 0.60548111 0.73981809
0.88 2.5118864e-08 0.16390125 0.0067324876 0.30248003 0.58405713
0.88 2.8183829e-06 0.16626312 0.0064411862 9.0729366e-33 1
0.88 2.8183829e-06 0.16626312 0.0064411862 9.0729366e-33 1
0.88 3.1622777e-05 0.16393443 0.0071665325 0 0.99999558
0.88 3.1622777e-06 0.16504854 0.0066433373 0 1
0.88 3.1622777e-07 0.16707169 0.0074434531 0.27477849 0.85150977
0.88 3.1622777e-08 0.16801784 0.0073554628 0.46611856 0.51611435
0.88 3.1622777e-09 0.16330238 0.0061312561 0.0070109929 0.60133191
0.88 3.5481339e-06 0.17230209 0.0071865217 0 1
0.88 3.5481339e-06 0.17230209 0.0071865217 0 1
0.88 3.9810717e-06 0.1674428 0.0074245745 0 1
0.88 3.9810717e-07 0.15873659 0.0062993262 0.17837989 0.76252739
0.88 3.9810717e-08 0.17377248 0.0078301198 0.74382358 0.49919675
0.88 3.9810717e-09 0.15978129 0.0058567059 0.011558064 0.50249035
0.88 4.4668359e-06 0.15088217 0.0066399171 0 0.69414582
0.88 5.0118723e-06 0.16548655 0.0062270884 0 0.69414582
0.88 5.0118723e-07 0.16774585 0.0068904102 0.025696925 0.51436397
0.88 5.0118723e-08 0.16936463 0.0071967973 1.0642714 0.57276343
0.88 5.0118723e-09 0.16369891 0.0068897962 0.013949053 0.59599793
0.88 5.6234133e-06 0.17213447 0.0079827448 0 0.71769413
0.88 6.3095734e-06 0.17196035 0.0066098455 0 0.71769413
0.88 6.3095734e-07 0.16366214 0.0063648229 0.0082694012 0.99780275
0.88 6.3095734e-08 0.16616131 0.0055420692 1.5283683 0.52612348
0.88 6.3095734e-09 0.16188359 0.0070995834 0.023287603 0.58901815
0.88 7.0794578e-06 0.16717202 0.0076033362 0 0.70993568
0.88 7.9432823e-06 0.1658921 0.0067040654 0 0.70993568
0.88 7.9432823e-07 0.15982197 0.0067575949 0.00056195179 0.33778296
0.88 7.9432823e-08 0.16285656 0.0069517974 1.4451418 0.6589477
0.88 7.9432823e-09 0.16757741 0.0074614512 0.028994612 0.5267903
0.88 8.9125094e-06 0.15898058 0.0069779098 0 0.68560467
0.89 1.1220185e-06 0.14861308 0.0054763274 3.234836e-08 0.12215799
0.89 1.1220185e-06 0.14861308 0.0054763274 3.234836e-08 0.12215799
0.89 1.2589254e-05 0.15596516 0.005939123 0 0.6421181
0.89 1.2589254e-06 0.14922952 0.0057489068 5.4153283e-09 0.56401845
0.89 1.2589254e-07 0.14906958 0.0056383519 1.8922511 0.61319473
0.89 1.2589254e-08 0.15554207 0.0058202433 0.097170747 0.53075935
0.89 1.4125375e-06 0.14911747 0.005869099 4.7613729e-14 0.95525767
0.89 1.4125375e-06 0.14911747 0.005869099 4.7613729e-14 0.95525767
0.89 1.5848932e-05 0.15213433 0.0059401023 0 0.9999212
0.89 1.5848932e-06 0.15639523 0.0066678912 3.1799527e-12 1
0.89 1.5848932e-07 0.14496563 0.0058619342 1.3724877 0.67635408
0.89 1.5848932e-08 0.14757085 0.0057952925 0.13087853 0.39295744
0.89 1.7782794e-06 0.14248128 0.0056231227 5.5030185e-16 1
0.89 1.7782794e-06 0.14248128 0.0056231227 5.5030185e-16 1
0.89 1.9952623e-05 0.14595142 0.005968054 0 0.99892735
0.89 1.9952623e-06 0.14661806 0.0061165087 2.5343887e-31 0.029244162
0.89 1.9952623e-07 0.14626745 0.0051192127 1.652445 0.71351033
0.89 1.9952623e-08 0.14497161 0.0059963926 0.21914837 0.55319812
0.89 1e-05 0.15298886 0.006107154 0 0.71365224
0.89 1e-06 0.14033665 0.0051797344 0.00029773137 0.99953823
0.89 1e-07 0.14719579 0.0064373943 1.7017934 0.67744039
0.89 1e-08 0.15034399 0.0064493981 0.045470627 0.47581162
0.89 2.2387211e-06 0.15188335 0.0059978237 6.2998429e-32 1
0.89 2.2387211e-06 0.15188335 0.0059978237 6.2998429e-32 1
0.89 2.5118864e-05 0.1536906 0.00624708 0 1
0.89 2.5118864e-06 0.15492102 0.0059609141 1.6545206e-39 1
0.89 2.5118864e-07 0.14661274 0.005722196 0.92558385 0.73442963
0.89 2.5118864e-08 0.15115338 0.0058418244 0.31257611 0.63109607
0.89 2.8183829e-06 0.15462457 0.0068534267 2.3594443e-34 1
0.89 2.8183829e-06 0.15462457 0.0068534267 2.3594443e-34 1
0.89 3.1622777e-05 0.15705323 0.0068975007 0 0.013745453
0.89 3.1622777e-06 0.15473301 0.0063846145 1.3969638e-38 1
0.89 3.1622777e-07 0.14650456 0.0054326919 0.38420625 0.79657456
0.89 3.1622777e-08 0.15755367 0.0067003383 0.48240364 0.5003658
0.89 3.1622777e-09 0.14998989 0.0062761083 0.0057905817 0.54646525
0.89 3.5481339e-06 0.14395471 0.0058210559 0 1
0.89 3.5481339e-06 0.14395471 0.0058210559 0 1
0.89 3.9810717e-06 0.14520049 0.0067042753 0 1
0.89 3.9810717e-07 0.14715989 0.005770976 0.20704338 0.80778534
0.89 3.9810717e-08 0.14640549 0.0057355947 0.64831878 0.61283098
0.89 3.9810717e-09 0.14991896 0.0064389829 0.0070027185 0.6214815
0.89 4.4668359e-06 0.14525592 0.0057596925 0 0.6987001
0.89 5.0118723e-06 0.13950192 0.0048581353 0 0.6987001
0.89 5.0118723e-07 0.15932616 0.0056913748 0.052350207 0.53079014
0.89 5.0118723e-08 0.1457449 0.0062457891 0.89678259 0.56273334
0.89 5.0118723e-09 0.14720195 0.0058498747 0.013366128 0.66860751
0.89 5.6234133e-06 0.15538493 0.0066562145 0 0.73809229
0.89 6.3095734e-06 0.14517109 0.0059373476 0 0.73809229
0.89 6.3095734e-07 0.14816318 0.0059842648 0.0005818866 0.99942483
0.89 6.3095734e-08 0.15212121 0.0062692377 1.1508227 0.51408807
0.89 6.3095734e-09 0.14294392 0.0059041425 0.025690806 0.45544234
0.89 7.0794578e-06 0.14317583 0.0056039212 0 0.67897519
0.89 7.9432823e-06 0.15148455 0.0066088998 0 0.67897519
0.89 7.9432823e-07 0.14759402 0.0063263107 4.4490028e-05 0.2967507
0.89 7.9432823e-08 0.15593358 0.0057788264 1.6535817 0.59236078
0.89 7.9432823e-09 0.15482696 0.0069250674 0.031053443 0.62401935
0.8 1.1220185e-06 0.25916177 0.010546976 1.0946558e-18 1
0.8 1.4125375e-06 0.26568191 0.013923839 5.4226996e-16 4.3314845e-11
0.8 1.7782794e-06 0.25928918 0.012461798 1.1262912e-35 1
0.8 2.2387211e-06 0.27167747 0.012439041 0 1
0.8 2.8183829e-06 0.25747777 0.011916413 0 1
0.9 1.1220185e-06 0.14607425 0.006134585 3.9507419e-07 1
0.9 1.2589254e-05 0.13700851 0.0048594425 0 0.36978267
0.9 1.2589254e-06 0.13909165 0.0057249807 2.1452169e-09 1.0867993e-05
0.9 1.2589254e-07 0.15439093 0.0071228515 1.5765007 0.60392271
0.9 1.2589254e-08 0.13260341 0.0051084038 0.090563877 0.50213393
0.9 1.4125375e-06 0.14112168 0.0062003248 5.7616401e-10 0.99914154
0.9 1.5848932e-05 0.14389652 0.0063979859 0 0.64427475
0.9 1.5848932e-06 0.13950667 0.0058950453 9.4051091e-11 1
0.9 1.5848932e-07 0.14314598 0.0057594117 1.5669417 0.67282809
0.9 1.5848932e-08 0.15098158 0.0067530721 0.12444827 0.50577543
0.9 1.7782794e-06 0.1381833 0.0058968691 2.1927446e-16 2.4723859e-06
0.9 1.9952623e-05 0.1437247 0.0059060959 0 0.96069281
0.9 1.9952623e-06 0.13785425 0.0058881067 2.8492028e-18 1
0.9 1.9952623e-07 0.14435908 0.0065670831 1.0691894 0.81716979
0.9 1.9952623e-08 0.1460947 0.0067992272 0.19957102 0.52465375
0.9 1e-05 0.14033665 0.0052081945 0 0.70380424
0.9 1e-06 0.13419826 0.0051143873 7.2851436e-06 1
0.9 1e-07 0.14471017 0.0068043696 1.2255358 0.59265389
0.9 1e-08 0.14447363 0.0055465729 0.051801006 0.7452266
0.9 2.2387211e-06 0.14595142 0.0065589504 1.6314238e-34 0.99978362
0.9 2.5118864e-05 0.15010101 0.0060040404 0 1
0.9 2.5118864e-06 0.14908722 0.0061993671 4.1635324e-32 1
0.9 2.5118864e-07 0.13814057 0.0051204627 0.84471608 0.82888344
0.9 2.5118864e-08 0.13622542 0.005661101 0.24501306 0.58956473
0.9 2.8183829e-06 0.13657548 0.0055349739 2.1342671e-35 0
0.9 3.1622777e-05 0.14398542 0.0059483648 0 0.99995253
0.9 3.1622777e-06 0.14149217 0.0058104123 6.4176382e-33 1
0.9 3.1622777e-07 0.14733226 0.0073547025 0.25371477 0.65904808
0.9 3.1622777e-08 0.13860785 0.0056654767 0.41974554 0.60663166
0.9 3.1622777e-09 0.14219161 0.0063938703 0.0051692451 0.36409975
0.9 3.5481339e-06 0.15055724 0.0067727876 0 1
0.9 3.9810717e-06 0.14569402 0.0065540166 0 1
0.9 3.9810717e-07 0.14892756 0.0072022838 0.088309885 0.81911851
0.9 3.9810717e-08 0.14421138 0.0057591475 0.68951965 0.57058381
0.9 3.9810717e-09 0.14092196 0.0051855634 0.0082500392 0.48208296
0.9 4.4668359e-06 0.14585859 0.0058048772 0 0.70139822
0.9 5.0118723e-06 0.15042459 0.0063868103 0 0.70139822
0.9 5.0118723e-07 0.14141414 0.006685032 0.037876541 0.99406875
0.9 5.0118723e-08 0.13682296 0.0055857393 1.0584485 0.53386551
0.9 5.0118723e-09 0.14735567 0.0064248737 0.013059888 0.48926513
0.9 5.6234133e-06 0.13445208 0.0057358247 0 0.70422803
0.9 6.3095734e-06 0.13959134 0.0055350804 0 0.70422803
0.9 6.3095734e-07 0.13739377 0.0052822372 0.0078402601 0.99629323
0.9 6.3095734e-08 0.13438575 0.0051948346 1.1102708 0.5340257
0.9 6.3095734e-09 0.13606955 0.0049794962 0.0213606 0.61145226
0.9 7.0794578e-06 0.15336305 0.0063072729 0 0.70428356
0.9 7.9432823e-06 0.1460947 0.0062375519 0 0.70428356
0.9 7.9432823e-07 0.14701131 0.0070358806 0.00076029882 0.99644526
0.9 7.9432823e-08 0.14392864 0.0060395761 1.4346482 0.62761257
0.9 7.9432823e-09 0.14739826 0.0066253115 0.032856925 0.52280147
0.9 8.9125094e-06 0.14120979 0.0056278228 0 0.71312248
0.95 1.1220185e-06 0.13163224 0.0087168373 3.6109234e-07 0.99601045
0.95 1.1220185e-06 0.13163224 0.0087168373 3.6109234e-07 0.99601045
0.95 1.2589254e-05 0.13177041 0.0086550895 0 0.97170722
0.95 1.2589254e-06 0.12414072 0.0080066498 9.2215086e-07 0.99999985
0.95 1.2589254e-07 0.13045234 0.0081400996 1.3073855 0.68321194
0.95 1.2589254e-08 0.1351406 0.0088307533 0.039804256 0.4793513
0.95 1.4125375e-06 0.13054883 0.0089034512 2.0311462e-11 0.99986811
0.95 1.4125375e-06 0.13054883 0.0089034512 2.0311462e-11 0.99986811
0.95 1.5848932e-05 0.12886911 0.0083948722 0 0.84564859
0.95 1.5848932e-06 0.13364429 0.0095944187 1.0689298e-09 0.92621288
0.95 1.5848932e-07 0.12598584 0.0082292066 1.0233777 0.72722592
0.95 1.5848932e-08 0.12618615 0.0075411065 0.073482291 0.55120078
0.95 1.7782794e-06 0.1343163 0.0091696445 3.1399715e-18 0.99590193
0.95 1.7782794e-06 0.1343163 0.0091696445 3.1399715e-18 0.99590193
0.95 1.9952623e-05 0.13259109 0.0088036189 0 0.89075392
0.95 1.9952623e-06 0.13645539 0.0098609264 1.5350463e-13 1
0.95 1.9952623e-07 0.13251062 0.0087661284 0.87300692 0.73162328
0.95 1.9952623e-08 0.13711632 0.0093589087 0.10664941 0.49466399
0.95 1e-05 0.12917595 0.0085001384 0 0.71868372
0.95 1e-06 0.13833671 0.0095404627 2.0291589e-05 0.9996981
0.95 1e-07 0.12896019 0.0083284607 1.1660542 0.65152855
0.95 1e-08 0.12987275 0.0081318021 0.034814257 0.55865451
0.95 2.2387211e-06 0.13349515 0.0094775077 7.0760418e-26 1
0.95 2.2387211e-06 0.13349515 0.0094775077 7.0760418e-26 1
0.95 2.5118864e-05 0.12269317 0.0079373598 0 0.99999983
0.95 2.5118864e-06 0.13875405 0.0099069942 6.727451e-26 1
0.95 2.5118864e-07 0.12883683 0.0088198072 0.61627123 0.77373959
0.95 2.5118864e-08 0.1312538 0.0091720804 0.16717511 0.67935014
0.95 2.8183829e-06 0.13143549 0.0081201817 7.4443778e-35 1
0.95 2.8183829e-06 0.13143549 0.0081201817 7.4443778e-35 1
0.95 3.1622777e-05 0.12785296 0.0084443381 0 0.99999993
0.95 3.1622777e-06 0.13363029 0.0085497412 4.1899312e-31 1
0.95 3.1622777e-07 0.14138558 0.010366182 0.30598308 0.78387303
0.95 3.1622777e-08 0.13179705 0.0083122457 0.24320763 0.46931477
0.95 3.1622777e-09 0.14028704 0.010067091 0.0021689418 0.55067214
0.95 3.5481339e-06 0.12961841 0.0085313147 0 1
0.95 3.5481339e-06 0.12961841 0.0085313147 0 1
0.95 3.9810717e-06 0.12798221 0.008435544 0 1
0.95 3.9810717e-07 0.12651822 0.0081699013 0.13558811 0.62248367
0.95 3.9810717e-08 0.13433138 0.0090768118 0.34302767 0.56117141
0.95 3.9810717e-09 0.13197251 0.008961755 0.0040210959 0.6075802
0.95 4.4668359e-06 0.13435856 0.0089717371 0 0.72450927
0.95 5.0118723e-06 0.13576494 0.0096837404 0 0.72450927
0.95 5.0118723e-07 0.12905844 0.0084589846 0.035424896 0.84214573
0.95 5.0118723e-08 0.12836062 0.0083809339 0.58811466 0.57847503
0.95 5.0118723e-09 0.12686869 0.007970942 0.0080632307 0.54177306
0.95 5.6234133e-06 0.13502024 0.0088009144 0 0.70176365
0.95 6.3095734e-06 0.13550739 0.00960656 0 0.70176365
0.95 6.3095734e-07 0.12885552 0.0088378989 0.0051939442 0.95821558
0.95 6.3095734e-08 0.12695194 0.0078266863 0.75857913 0.6291875
0.95 6.3095734e-09 0.14421521 0.010296919 0.010906425 0.62825317
0.95 7.0794578e-06 0.12659252 0.0078080321 0 0.72537667
0.95 7.9432823e-06 0.1330368 0.0092259649 0 0.72537667
0.95 7.9432823e-07 0.13314505 0.008729502 0.0016741532 0.8912561
0.95 7.9432823e-08 0.13508595 0.0093153304 0.76242732 0.62709207
0.95 7.9432823e-09 0.12808081 0.0079177228 0.018490122 0.49111282
0.95 8.9125094e-06 0.12841254 0.0082059378 0 0.73846999
0.9 1.1220185e-06 0.14607425 0.006134585 3.9507419e-07 1
0.9 1.4125375e-06 0.14112168 0.0062003248 5.7616401e-10 0.99914154
0.9 1.7782794e-06 0.1381833 0.0058968691 2.1927446e-16 2.4723859e-06
0.9 2.2387211e-06 0.14595142 0.0065589504 1.6314238e-34 0.99978362
0.9 2.8183829e-06 0.13657548 0.0055349739 2.1342671e-35 0
0.9 3.5481339e-06 0.15055724 0.0067727876 0 1
