0.002 1e-07
0.005 1e-07
0.01 1e-07
0.05 1e-07
0.1 1e-07
0.15 1e-07
0.2 1e-07
0.25 1e-07
0.3 1e-07
0.35 1e-07
0.4 1e-07
0.45 1e-07
0.5 1e-07
0.55 1e-07
0.6 1e-07
0.65 1e-07
0.7 1e-07
0.75 1e-07
0.8 1e-07
0.81 1e-07
0.82 1e-07
0.83 1e-07
0.84 1e-07
0.85 1e-07
0.86 1e-07
0.87 1e-07
0.88 1e-07
0.89 1e-07
0.9 1e-07
0.95 1e-07
1 1e-07
1.1 1e-07
1.2 1e-07
1.3 1e-07
1.4 1e-07
1.5 1e-06
1.6 1e-07
1.7 1e-07
1.8 1e-07
1.9 1e-06
2 1e-07
2.1 1e-07
2.2 1e-07
2.3 1e-07
2.4 1e-07
2.5 1e-07
2.6 1e-07
2.7 1e-07
2.8 1e-07
2.9 1e-07
3 1e-07
3.1 1e-07
3.2 1e-06
3.3 1e-07
3.4 1e-07
3.5 1e-07
3.6 1e-07
3.7 1e-07
3.8 1e-07
3.9 1e-07
4 1e-07
4.1 1e-07
4.2 1e-07
4.3 1e-07
4.4 1e-07
4.5 1e-07
4.6 1e-07
4.7 1e-07
4.8 1e-07
4.9 1e-07
5 1e-07
5.5 1e-07
6 1e-07
6.5 1e-07
7 1e-07
8 1e-07
9 1e-07
10 1e-07
