[?1034hERROR in TPDF::Open: Cannot open file:../data/190216/pdf/qcd_Ana_rate1_0.pdf
ERROR in TPDF::Open: Cannot open file:../data/190216/pdf/qcd_Ana_rate1_1.pdf
lowest error 1.4 6.71653063553e-07
1.4 6.71653063553e-07 1.58760780646e-05
1.4 6.71651517016e-07 7.1686266284e-05
1.4 6.71654610093e-07 0.000103435088969
1.4 6.71649970483e-07 0.000159251944129
1.4 6.71656156637e-07 0.000190990766552
1.4 6.71648423954e-07 0.000246820955749
1.4 6.71657703184e-07 0.000278543110945
1.4 6.71646877428e-07 0.000334393301197
1.4 6.71659249735e-07 0.000366092122273
1.4 6.71645330906e-07 0.000421968980599
1.4 6.71660796289e-07 0.000453637800585
1.4 6.71643784387e-07 0.00050954799408
lowest error 1.4 2.33124544184e-08
1.4 2.33124544184e-08 1.07572023564e-05
1.4 2.33125080973e-08 1.0979927787e-05
1.4 2.33124007395e-08 3.2494127046e-05
1.4 2.33125617764e-08 3.2717263367e-05
1.4 2.33123470608e-08 5.42308463212e-05
1.4 2.33126154556e-08 5.44548043866e-05
1.4 2.33122933822e-08 7.59673601651e-05
1.4 2.3312669135e-08 7.61925508463e-05
1.4 2.33122397037e-08 9.77036685805e-05
1.4 2.33127228145e-08 9.79305027498e-05
1.4 2.33121860254e-08 0.000119439771568
1.4 2.3312776494e-08 0.000119668660097
ERROR in TPDF::Open: Cannot open file:../data/190216/pdf/qcd_Ana_rate1_2.pdf
lowest error 1.5 5.62558900181e-07
1.5 5.62558900181e-07 1.38720398191e-06
1.5 5.62560195522e-07 5.81950690663e-05
1.5 5.62557604843e-07 6.09710206212e-05
1.5 5.62561490866e-07 0.00011777579867
1.5 5.62556309507e-07 0.000120556380838
1.5 5.62562786213e-07 0.000177354984816
1.5 5.62555014175e-07 0.000180143284673
1.5 5.62564081564e-07 0.000236932627543
1.5 5.62553718846e-07 0.000239731732165
1.5 5.62565376917e-07 0.000296508726892
1.5 5.62552423519e-07 0.000299321723356
1.5 5.62566672273e-07 0.000356083282904
lowest error 1.5 2.33853567728e-08
1.5 2.33853567728e-08 9.2680358037e-06
1.5 2.33853029261e-08 1.179612876e-05
1.5 2.33854106197e-08 3.03323932802e-05
1.5 2.33852490795e-08 3.28601004109e-05
1.5 2.33854644666e-08 5.13969436726e-05
1.5 2.33851952331e-08 5.39238791339e-05
1.5 2.33855183137e-08 7.24616869823e-05
1.5 2.33851413867e-08 7.49874649668e-05
1.5 2.33855721609e-08 9.35266231918e-05
1.5 2.33850875405e-08 9.60508578935e-05
1.5 2.33856260083e-08 0.000114591752341
1.5 2.33850336944e-08 0.000117114057915
ERROR in TPDF::Open: Cannot open file:../data/190216/pdf/qcd_Ana_rate1_3.pdf
lowest error 1.6 5.2074007344e-07
1.6 5.2074007344e-07 2.75570195534e-05
1.6 5.20738874393e-07 5.02733873082e-05
1.6 5.2074127249e-07 0.000105384792746
1.6 5.20737675349e-07 0.00012810642793
1.6 5.20742471542e-07 0.000183209932358
1.6 5.20736476308e-07 0.000205942102328
1.6 5.20743670598e-07 0.00026103243848
1.6 5.20735277269e-07 0.000283780410734
1.6 5.20744869656e-07 0.000338852311129
1.6 5.20734078233e-07 0.000361621353166
1.6 5.20746068716e-07 0.000416669550536
1.6 5.207328792e-07 0.000439464929712
lowest error 1.6 2.37597025845e-08
1.6 2.37597025845e-08 8.61820906595e-06
1.6 2.37596478759e-08 1.06374907611e-05
1.6 2.37597572933e-08 2.78740700859e-05
1.6 2.37595931673e-08 2.98930293789e-05
1.6 2.37598120023e-08 4.7130092335e-05
1.6 2.37595384589e-08 4.91484067893e-05
1.6 2.37598667113e-08 6.6386275797e-05
1.6 2.37594837506e-08 6.84036229934e-05
1.6 2.37599214205e-08 8.56426204732e-05
1.6 2.37594290424e-08 8.76586779928e-05
1.6 2.37599761298e-08 0.000104899126365
1.6 2.37593743344e-08 0.000106913571771
ERROR in TPDF::Open: Cannot open file:../data/190216/pdf/qcd_Ana_rate1_4.pdf
lowest error 1.7 4.37747828105e-07
1.7 4.37747828105e-07 4.32114021676e-06
1.7 4.37748836058e-07 4.39117432323e-05
1.7 4.37746820155e-07 5.25550351682e-05
1.7 4.37749844013e-07 9.21436151575e-05
1.7 4.37745812207e-07 0.000100789941643
1.7 4.37750851971e-07 0.000140374475665
1.7 4.37744804261e-07 0.000149025859663
1.7 4.3775185993e-07 0.000188604324735
1.7 4.37743796317e-07 0.000197262789249
1.7 4.37752867892e-07 0.000236833162387
1.7 4.37742788376e-07 0.000245500730379
1.7 4.37753875857e-07 0.000285060988642
lowest error 1.7 2.34232417091e-08
1.7 2.34232417091e-08 1.50708472635e-06
1.7 2.34231877752e-08 1.90954378176e-05
1.7 2.34232956432e-08 2.21097918396e-05
1.7 2.34231338413e-08 3.96977758306e-05
1.7 2.34233495774e-08 4.27126835056e-05
1.7 2.34230799077e-08 6.02999292956e-05
1.7 2.34234035117e-08 6.33157597263e-05
1.7 2.34230259741e-08 8.09018982149e-05
1.7 2.34234574461e-08 8.39190205029e-05
1.7 2.34229720406e-08 0.000101503682589
1.7 2.34235113807e-08 0.000104522465837
1.7 2.34229181073e-08 0.000122105282421
ERROR in TPDF::Open: Cannot open file:../data/190216/pdf/qcd_Ana_rate1_5.pdf
lowest error 1.8 4.27809081988e-07
1.8 4.27809081988e-07 1.00358458384e-05
1.8 4.27810067056e-07 6.74826062959e-05
1.8 4.27808096922e-07 8.75569106364e-05
1.8 4.27811052126e-07 0.000144998445785
1.8 4.27807111859e-07 0.000165080588326
1.8 4.27812037198e-07 0.000222511672717
1.8 4.27806126797e-07 0.000242606878924
1.8 4.27813022273e-07 0.000300022287179
1.8 4.27805141739e-07 0.00032013578252
1.8 4.2781400735e-07 0.00037753028926
1.8 4.27804156682e-07 0.000397667299201
1.8 4.27814992429e-07 0.000455035678979
lowest error 1.8 2.4155108912e-08
1.8 2.4155108912e-08 1.42394269842e-06
1.8 2.41550532929e-08 1.82999845917e-05
1.8 2.41551645313e-08 2.11480391172e-05
1.8 2.41549976739e-08 3.80237427371e-05
1.8 2.41552201506e-08 4.08723047012e-05
1.8 2.4154942055e-08 5.77473317391e-05
1.8 2.41552757702e-08 6.05967394347e-05
1.8 2.41548864363e-08 7.74707515987e-05
1.8 2.41553313898e-08 8.03213433187e-05
1.8 2.41548308176e-08 9.71940023184e-05
1.8 2.41553870096e-08 0.000100046116355
1.8 2.41547751991e-08 0.000116917083882
ERROR in TPDF::Open: Cannot open file:../data/190216/pdf/qcd_Ana_rate1_6.pdf
lowest error 1.9 4.30490924301e-07
1.9 4.30490924301e-07 1.79082710252e-05
1.9 4.3048993306e-07 4.43161881485e-05
1.9 4.30491915544e-07 8.01310468028e-05
1.9 4.30488941822e-07 0.000106542330706
1.9 4.3049290679e-07 0.000142352139231
1.9 4.30487950586e-07 0.000168770156806
1.9 4.30493898037e-07 0.000204571548355
1.9 4.30486959352e-07 0.000230999666437
1.9 4.30494889287e-07 0.000266789274221
1.9 4.3048596812e-07 0.000293230859646
1.9 4.3049588054e-07 0.000329005316818
1.9 4.3048497689e-07 0.000355463736477
lowest error 1.9 2.55334206457e-08
1.9 2.55334206457e-08 3.37855066146e-07
1.9 2.55333618529e-08 2.03010872459e-05
1.9 2.55334794387e-08 2.09769825821e-05
1.9 2.55333030602e-08 4.0939844355e-05
1.9 2.55335382317e-08 4.16162952854e-05
1.9 2.55332442677e-08 6.15784162634e-05
1.9 2.5533597025e-08 6.22557932148e-05
1.9 2.55331854753e-08 8.22168029724e-05
1.9 2.55336558183e-08 8.28954763534e-05
1.9 2.5533126683e-08 0.000102855004466
1.9 2.55337146118e-08 0.000103535344703
1.9 2.55330678909e-08 0.000123493020781
ERROR in TPDF::Open: Cannot open file:../data/190216/pdf/qcd_Ana_rate1_7.pdf
lowest error 2.0 3.878519685e-07
2.0 3.878519685e-07 1.13758298026e-06
2.0 3.87852861563e-07 3.78103512464e-05
2.0 3.87851075439e-07 4.0086176758e-05
2.0 3.87853754629e-07 7.6757625934e-05
2.0 3.8785018238e-07 7.90354300975e-05
2.0 3.87854647696e-07 0.000115704241093
2.0 3.87849289323e-07 0.000117985342975
2.0 3.87855540765e-07 0.0001546501967
2.0 3.87848396268e-07 0.000156935915472
2.0 3.87856433837e-07 0.000193595492836
2.0 3.87847503215e-07 0.000195887147564
2.0 3.8785732691e-07 0.000232540129478
lowest error 2.0 2.57505790849e-08
2.0 2.57505790849e-08 3.50364317114e-06
2.0 2.57506383778e-08 1.59919589744e-05
2.0 2.5750519792e-08 2.29990800666e-05
2.0 2.57506976709e-08 3.54877263717e-05
2.0 2.57504604993e-08 4.24943517126e-05
2.0 2.57507569642e-08 5.49836590222e-05
2.0 2.57504012068e-08 6.19894581111e-05
2.0 2.57508162576e-08 7.44797569099e-05
2.0 2.57503419144e-08 8.14843992463e-05
2.0 2.57508755511e-08 9.39760200707e-05
2.0 2.57502826221e-08 0.000100979175154
2.0 2.57509348447e-08 0.000113472448489
ERROR in TPDF::Open: Cannot open file:../data/190216/pdf/qcd_Ana_rate1_8.pdf
lowest error 2.1 3.43808017432e-07
2.1 3.43808017432e-07 1.46096888272e-05
2.1 3.4380880908e-07 3.59849213685e-05
2.1 3.43807225785e-07 6.52054120032e-05
2.1 3.4380960073e-07 8.65784185629e-05
2.1 3.43806434141e-07 0.000115802248184
2.1 3.43810392381e-07 0.000137170802871
2.1 3.43805642498e-07 0.000166400197393
2.1 3.43811184035e-07 0.000187762074273
2.1 3.43804850857e-07 0.000216999259657
2.1 3.4381197569e-07 0.000238352232792
2.1 3.43804059218e-07 0.000267599434954
2.1 3.43812767348e-07 0.000288941278454
lowest error 2.1 2.59756246458e-08
2.1 2.59756246458e-08 3.89715314908e-06
2.1 2.59755648347e-08 1.58294730088e-05
2.1 2.59756844569e-08 2.36239484992e-05
2.1 2.59755050239e-08 3.55559299581e-05
2.1 2.59757442682e-08 4.33509130429e-05
2.1 2.59754452131e-08 5.52822177355e-05
2.1 2.59758040796e-08 6.30780467819e-05
2.1 2.59753854025e-08 7.50083363248e-05
2.1 2.59758638912e-08 8.28053497184e-05
2.1 2.59753255921e-08 9.4734285728e-05
2.1 2.59759237029e-08 0.000102532821835
2.1 2.59752657817e-08 0.000114460065946
ERROR in TPDF::Open: Cannot open file:../data/190216/pdf/qcd_Ana_rate1_9.pdf
lowest error 2.2 3.09673469602e-07
2.2 3.09673469602e-07 1.18656995345e-05
2.2 3.09672756553e-07 3.35889054028e-05
2.2 3.09674182652e-07 5.73194062117e-05
2.2 3.09672043506e-07 7.90444086989e-05
2.2 3.09674895704e-07 0.000102772214607
2.2 3.09671330461e-07 0.000124500810331
2.2 3.09675608758e-07 0.000148224124736
2.2 3.09670617417e-07 0.000169958110317
2.2 3.09676321813e-07 0.000193675136618
2.2 3.09669904375e-07 0.000215416308673
2.2 3.0967703487e-07 0.000239125250272
2.2 3.09669191334e-07 0.000260875405419
lowest error 2.2 2.6822793122e-08
2.2 2.6822793122e-08 8.72206484326e-06
2.2 2.68228548838e-08 1.09758242912e-05
2.2 2.68227313603e-08 2.84197852793e-05
2.2 2.68229166458e-08 3.06738821072e-05
2.2 2.68226695988e-08 4.81173370197e-05
2.2 2.68229784079e-08 5.03721086416e-05
2.2 2.68226078374e-08 6.78147200648e-05
2.2 2.68230401702e-08 7.00705038779e-05
2.2 2.68225460761e-08 8.75119344164e-05
2.2 2.68231019326e-08 8.97690678179e-05
2.2 2.6822484315e-08 0.000107208980058
2.2 2.68231636951e-08 0.000109467800463
ERROR in TPDF::Open: Cannot open file:../data/190216/pdf/qcd_Ana_rate1_10.pdf
lowest error 2.3 2.97592512461e-07
2.3 2.97592512461e-07 9.76746923786e-06
2.3 2.97593197694e-07 2.5337442346e-05
2.3 2.9759182723e-07 4.48729166345e-05
2.3 2.97593882929e-07 6.04418181265e-05
2.3 2.97591142e-07 7.99788998203e-05
2.3 2.97594568165e-07 9.55456581102e-05
2.3 2.97590456772e-07 0.000115085418866
2.3 2.97595253402e-07 0.000130648962307
2.3 2.97589771546e-07 0.000150192473748
2.3 2.97595938641e-07 0.000165751730692
2.3 2.97589086321e-07 0.000185300064476
2.3 2.97596623882e-07 0.000200853963337
lowest error 2.3 2.70682388475e-08
2.3 2.70682388475e-08 2.52400063383e-06
2.3 2.70681765206e-08 1.672017647e-05
2.3 2.70683011745e-08 2.17683387547e-05
2.3 2.70681141939e-08 3.59641925565e-05
2.3 2.70683635016e-08 4.10128378951e-05
2.3 2.70680518673e-08 5.52080476113e-05
2.3 2.70684258289e-08 6.02574980562e-05
2.3 2.70679895409e-08 7.44517416691e-05
2.3 2.70684881563e-08 7.95023192386e-05
2.3 2.70679272146e-08 9.36952747148e-05
2.3 2.70685504839e-08 9.87473014278e-05
2.3 2.70678648885e-08 0.000112938646749
ERROR in TPDF::Open: Cannot open file:../data/190216/pdf/qcd_Ana_rate1_11.pdf
lowest error 2.4 2.73677440774e-07
2.4 2.73677440774e-07 1.66066289133e-05
2.4 2.73676810609e-07 2.5483135516e-05
2.4 2.7367807094e-07 5.86956231121e-05
2.4 2.73676180446e-07 6.75736701887e-05
2.4 2.73678701108e-07 0.000100783847096
2.4 2.73675550284e-07 0.000109664975083
2.4 2.73679331277e-07 0.000142871300877
2.4 2.73674920123e-07 0.000151757050285
2.4 2.73679961448e-07 0.000184957984434
2.4 2.73674289964e-07 0.000193849895775
2.4 2.7368059162e-07 0.000227043897855
2.4 2.73673659807e-07 0.000235943511564
lowest error 2.4 2.78924074039e-08
2.4 2.78924074039e-08 4.37471613912e-06
2.4 2.78924716286e-08 1.32526581229e-05
2.4 2.78923431794e-08 2.20019553043e-05
2.4 2.78925358535e-08 3.08801674826e-05
2.4 2.78922789549e-08 3.96290593581e-05
2.4 2.78926000785e-08 4.8507811941e-05
2.4 2.78922147307e-08 5.72560283327e-05
2.4 2.78926643037e-08 6.61355914997e-05
2.4 2.78921505065e-08 7.48828622141e-05
2.4 2.7892728529e-08 8.37635061428e-05
2.4 2.78920862826e-08 9.25095610023e-05
2.4 2.78927927544e-08 0.000101391555904
ERROR in TPDF::Open: Cannot open file:../data/190216/pdf/qcd_Ana_rate1_12.pdf
lowest error 2.5 2.59634260494e-07
2.5 2.59634260494e-07 9.98228472415e-06
2.5 2.59634858325e-07 3.90364976202e-05
2.5 2.59633662665e-07 5.90021117568e-05
2.5 2.59635456157e-07 8.8054235257e-05
2.5 2.59633064837e-07 0.000108022983587
2.5 2.5963605399e-07 0.000137070928206
2.5 2.59632467011e-07 0.000157044900192
2.5 2.59636651825e-07 0.000186086576491
2.5 2.59631869185e-07 0.000206067861595
2.5 2.59637249661e-07 0.000235101180134
2.5 2.59631271362e-07 0.000255091867819
2.5 2.59637847499e-07 0.000284114739113
lowest error 2.5 2.85759054337e-08
2.5 2.85759054337e-08 4.62466065443e-06
2.5 2.85759712323e-08 1.41992956806e-05
2.5 2.85758396354e-08 2.3448462946e-05
2.5 2.8576037031e-08 3.30234060946e-05
2.5 2.85757738371e-08 4.22721111786e-05
2.5 2.85761028298e-08 5.18476705715e-05
2.5 2.85757080391e-08 6.10956053526e-05
2.5 2.85761686288e-08 7.06720891124e-05
2.5 2.85756422411e-08 7.99189454703e-05
2.5 2.85762344279e-08 8.94966617193e-05
2.5 2.85755764434e-08 9.87421315326e-05
2.5 2.85763002272e-08 0.000108321388393
ERROR in TPDF::Open: Cannot open file:../data/190216/pdf/qcd_Ana_rate1_13.pdf
lowest error 2.6 2.41449883395e-07
2.6 2.41449883395e-07 1.27310088738e-05
2.6 2.41450439355e-07 2.0088023132e-05
2.6 2.41449327437e-07 4.55505091832e-05
2.6 2.41450995316e-07 5.29065868404e-05
2.6 2.4144877148e-07 7.83704777731e-05
2.6 2.41451551278e-07 8.5724682259e-05
2.6 2.41448215524e-07 0.000111190914709
2.6 2.41452107241e-07 0.000118542309394
2.6 2.4144765957e-07 0.00014401181997
2.6 2.41452663206e-07 0.000151359468223
2.6 2.41447103617e-07 0.00017683319356
2.6 2.41453219172e-07 0.00018417615881
lowest error 2.6 2.94127749514e-08
2.6 2.94127749514e-08 5.25243753335e-06
2.6 2.94128426769e-08 1.28856631472e-05
2.6 2.94127072261e-08 2.33903951754e-05
2.6 2.94129104026e-08 3.10239068511e-05
2.6 2.94126395009e-08 4.15282097794e-05
2.6 2.94129781284e-08 4.91622936125e-05
2.6 2.94125717759e-08 5.96658813476e-05
2.6 2.94130458544e-08 6.73008234156e-05
2.6 2.9412504051e-08 7.78034098805e-05
2.6 2.94131135805e-08 8.54394962624e-05
2.6 2.94124363263e-08 9.59407953789e-05
2.6 2.94131813068e-08 0.000103578312153
ERROR in TPDF::Open: Cannot open file:../data/190216/pdf/qcd_Ana_rate1_14.pdf
lowest error 2.7 2.30365267241e-07
2.7 2.30365267241e-07 9.16838978027e-06
2.7 2.30364736806e-07 2.24681441927e-05
2.7 2.30365797677e-07 4.0804488596e-05
2.7 2.30364206372e-07 5.41051132998e-05
2.7 2.30366328115e-07 7.24401522616e-05
2.7 2.3036367594e-07 8.57425176042e-05
2.7 2.30366858553e-07 0.000104075380782
2.7 2.30363145508e-07 0.000117380357083
2.7 2.30367388993e-07 0.000135710174164
2.7 2.30362615078e-07 0.000149018631743
2.7 2.30367919434e-07 0.000167344532385
2.7 2.30362084649e-07 0.000180657341589
lowest error 2.7 3.02876096904e-08
2.7 3.02876096904e-08 3.6651892148e-06
2.7 3.02875399506e-08 1.45251328036e-05
2.7 3.02876794302e-08 2.18556551146e-05
2.7 3.02874702111e-08 3.27153109745e-05
2.7 3.02877491703e-08 4.00462648811e-05
2.7 3.02874004717e-08 5.09053452822e-05
2.7 3.02878189105e-08 5.82370185147e-05
2.7 3.02873307324e-08 6.90952357281e-05
2.7 3.02878886508e-08 7.64279160168e-05
2.7 3.02872609934e-08 8.72849823135e-05
2.7 3.02879583914e-08 9.46189573887e-05
2.7 3.02871912545e-08 0.000105474585039
ERROR in TPDF::Open: Cannot open file:../data/190216/pdf/qcd_Ana_rate1_15.pdf
lowest error 2.8 2.21464948635e-07
2.8 2.21464948635e-07 1.37562401341e-05
2.8 2.21465458578e-07 1.84546633428e-05
2.8 2.21464438694e-07 4.59675947204e-05
2.8 2.21465968521e-07 5.06651157175e-05
2.8 2.21463928754e-07 7.81794003935e-05
2.8 2.21466478466e-07 8.28751169966e-05
2.8 2.21463418815e-07 0.000110391657217
2.8 2.21466988412e-07 0.000115084667184
2.8 2.21462908877e-07 0.000142604365168
2.8 2.21467498359e-07 0.00014729376626
2.8 2.21462398941e-07 0.000174817524253
2.8 2.21468008308e-07 0.000179502414288
lowest error 2.8 3.19896876782e-08
2.8 3.19896876782e-08 3.68710171106e-06
2.8 3.19897613373e-08 1.50523454998e-05
2.8 3.19896140193e-08 2.24263962587e-05
2.8 3.19898349965e-08 3.37919454085e-05
2.8 3.19895403606e-08 4.11655381272e-05
2.8 3.19899086559e-08 5.25316980005e-05
2.8 3.1989466702e-08 5.99045273173e-05
2.8 3.19899823155e-08 7.1271603276e-05
2.8 3.19893930437e-08 7.86433638318e-05
2.8 3.19900559752e-08 9.00116612375e-05
2.8 3.19893193854e-08 9.73820476706e-05
2.8 3.19901296351e-08 0.000108751871885
ERROR in TPDF::Open: Cannot open file:../data/190216/pdf/qcd_Ana_rate1_16.pdf
lowest error 2.9 2.00634216353e-07
2.9 2.00634216353e-07 3.52322406805e-08
2.9 2.00633754376e-07 3.51670247984e-05
2.9 2.0063467833e-07 3.52369505059e-05
2.9 2.006332924e-07 7.0369820619e-05
2.9 2.00635140309e-07 7.04381299736e-05
2.9 2.00632830425e-07 0.000105573155231
2.9 2.00635602289e-07 0.000105638770715
2.9 2.00632368452e-07 0.000140777028641
2.9 2.0063606427e-07 0.000140838872708
2.9 2.00631906479e-07 0.000175981440858
2.9 2.00636526253e-07 0.000176038435959
2.9 2.00631444508e-07 0.000211186391858
lowest error 2.9 3.22659160859e-08
2.9 3.22659160859e-08 4.97344957884e-06
2.9 3.2265841791e-08 9.87377718475e-06
2.9 3.2265990381e-08 1.98207721862e-05
2.9 3.22657674962e-08 2.47209081055e-05
2.9 3.22660646763e-08 3.46681906382e-05
2.9 3.22656932016e-08 3.95679431828e-05
2.9 3.22661389718e-08 4.95157049225e-05
2.9 3.22656189072e-08 5.44148824053e-05
2.9 3.22662132674e-08 6.43633150657e-05
2.9 3.2265544613e-08 6.92617257991e-05
2.9 3.22662875632e-08 7.92110210548e-05
2.9 3.22654703189e-08 8.41084733523e-05
ERROR in TPDF::Open: Cannot open file:../data/190216/pdf/qcd_Ana_rate1_17.pdf
lowest error 3.0 1.84866406785e-07
3.0 1.84866406785e-07 7.84341752347e-06
3.0 1.84865981115e-07 2.10750070058e-05
3.0 1.84866832456e-07 3.67614784578e-05
3.0 1.84865555446e-07 4.99937951335e-05
3.0 1.84867258128e-07 6.5679175802e-05
3.0 1.84865129778e-07 7.89129468659e-05
3.0 1.84867683801e-07 9.45965095349e-05
3.0 1.8486470411e-07 0.00010783246218
3.0 1.84868109475e-07 0.000123513479713
3.0 1.84864278444e-07 0.000136752341133
3.0 1.84868535151e-07 0.000152430086315
3.0 1.84863852779e-07 0.000165672583704
lowest error 3.0 3.37874176342e-08
3.0 3.37874176342e-08 6.05718109448e-06
3.0 3.37874954327e-08 8.94934101092e-06
3.0 3.37873398359e-08 2.10636053022e-05
3.0 3.37875732314e-08 2.39559610407e-05
3.0 3.37872620378e-08 3.60699315998e-05
3.0 3.37876510302e-08 3.89626789823e-05
3.0 3.37871842398e-08 5.10761599877e-05
3.0 3.37877288293e-08 5.39694948372e-05
3.0 3.3787106442e-08 6.60822904668e-05
3.0 3.37878066285e-08 6.89764086053e-05
3.0 3.37870286444e-08 8.10883230375e-05
3.0 3.37878844279e-08 8.3983420287e-05
ERROR in TPDF::Open: Cannot open file:../data/190216/pdf/qcd_Ana_rate1_18.pdf
lowest error 3.1 1.81118161049e-07
3.1 1.81118161049e-07 4.29973230709e-06
3.1 1.8111774401e-07 2.4018804345e-05
3.1 1.8111857809e-07 3.26179202932e-05
3.1 1.81117326971e-07 5.23376896671e-05
3.1 1.81118995131e-07 6.09357596182e-05
3.1 1.81116909934e-07 8.06569236631e-05
3.1 1.81119412174e-07 8.92532502856e-05
3.1 1.81116492897e-07 0.000108976506313
3.1 1.81119829217e-07 0.000117570392276
3.1 1.81116075862e-07 0.00013729643767
3.1 1.81120246261e-07 0.000145887185642
3.1 1.81115658827e-07 0.000165616717716
lowest error 3.1 3.34149641871e-08
3.1 3.34149641871e-08 1.50716901492e-06
3.1 3.3415041128e-08 1.42815545678e-05
3.1 3.34148872464e-08 1.72957842146e-05
3.1 3.34151180691e-08 3.0070386535e-05
3.1 3.34148103059e-08 3.30842910174e-05
3.1 3.34151950103e-08 4.58593268875e-05
3.1 3.34147333655e-08 4.88726894519e-05
3.1 3.34152719517e-08 6.16483756257e-05
3.1 3.34146564254e-08 6.46609795054e-05
3.1 3.34153488933e-08 7.74375327368e-05
3.1 3.34145794854e-08 8.04491611781e-05
3.1 3.34154258351e-08 9.32267982487e-05
ERROR in TPDF::Open: Cannot open file:../data/190216/pdf/qcd_Ana_rate1_19.pdf
lowest error 3.2 1.70099877167e-07
3.2 1.70099877167e-07 1.40929149341e-05
3.2 1.70100268837e-07 2.37316697502e-05
3.2 1.70099485499e-07 5.19181216672e-05
3.2 1.70100660508e-07 6.15556323611e-05
3.2 1.7009909383e-07 8.97439504599e-05
3.2 1.7010105218e-07 9.93789729762e-05
3.2 1.70098702163e-07 0.000127570401323
3.2 1.70101443852e-07 0.000137201691572
3.2 1.70098310497e-07 0.000165397474267
3.2 1.70101835526e-07 0.000175023788161
3.2 1.70097918832e-07 0.000203225169267
3.2 1.701022272e-07 0.00021284526275
lowest error 3.2 3.38658515245e-08
3.2 3.38658515245e-08 4.10518104266e-06
3.2 3.38657735456e-08 1.06399159496e-05
3.2 3.38659295036e-08 1.88503725647e-05
3.2 3.38656955669e-08 2.53849184131e-05
3.2 3.38660074829e-08 3.35956586177e-05
3.2 3.38656175883e-08 4.01298263339e-05
3.2 3.38660854623e-08 4.83410392023e-05
3.2 3.38655396099e-08 5.48746397406e-05
3.2 3.3866163442e-08 6.30865143179e-05
3.2 3.38654616317e-08 6.96193586194e-05
3.2 3.38662414218e-08 7.7832083953e-05
3.2 3.38653836537e-08 8.43639829706e-05
ERROR in TPDF::Open: Cannot open file:../data/190216/pdf/qcd_Ana_rate1_20.pdf
lowest error 3.3 1.61704088248e-07
3.3 1.61704088248e-07 3.01835039895e-06
3.3 1.61703715911e-07 2.96653138032e-05
3.3 1.61704460586e-07 3.57015501624e-05
3.3 1.61703343575e-07 6.2349442421e-05
3.3 1.61704832925e-07 6.83842854947e-05
3.3 1.6170297124e-07 9.50340355197e-05
3.3 1.61705205264e-07 0.000101066556401
3.3 1.61702598905e-07 0.000127719093076
3.3 1.61705577605e-07 0.00013374836289
3.3 1.61702226572e-07 0.000160404615098
3.3 1.61705949946e-07 0.000166429704965
3.3 1.61701854239e-07 0.00019309060159
lowest error 3.3 3.44285712256e-08
3.3 3.44285712256e-08 3.79574702736e-06
3.3 3.44286505004e-08 1.06781808071e-05
3.3 3.4428491951e-08 1.82695837774e-05
3.3 3.44287297754e-08 2.51521997265e-05
3.3 3.44284126765e-08 3.27433294443e-05
3.3 3.44288090505e-08 3.9626309718e-05
3.3 3.44283334023e-08 4.72169840275e-05
3.3 3.44288883259e-08 5.41005108086e-05
3.3 3.44282541282e-08 6.1690547529e-05
3.3 3.44289676014e-08 6.85748029854e-05
3.3 3.44281748543e-08 7.61640199354e-05
3.3 3.44290468772e-08 8.30491862498e-05
ERROR in TPDF::Open: Cannot open file:../data/190216/pdf/qcd_Ana_rate1_21.pdf
lowest error 3.4 1.48517968464e-07
3.4 1.48517968464e-07 8.98620590695e-06
3.4 1.48518310439e-07 1.14757106022e-05
3.4 1.48517626489e-07 2.94483044567e-05
3.4 1.48518652416e-07 3.19374450735e-05
3.4 1.48517284515e-07 4.9910585048e-05
3.4 1.48518994393e-07 5.23989975081e-05
3.4 1.48516942541e-07 7.03730476643e-05
3.4 1.48519336371e-07 7.28603678888e-05
3.4 1.48516600569e-07 9.08356923435e-05
3.4 1.4851967835e-07 9.33215562542e-05
3.4 1.48516258597e-07 0.00011129851907
3.4 1.48520020329e-07 0.000113782562588
lowest error 3.4 3.52024588912e-08
3.4 3.52024588912e-08 6.82976552513e-06
3.4 3.52025399479e-08 7.8970348163e-06
3.4 3.52023778346e-08 2.15564715846e-05
3.4 3.52026210049e-08 2.26239294658e-05
3.4 3.52022967782e-08 3.62830833502e-05
3.4 3.5202702062e-08 3.73509184115e-05
3.4 3.5202215722e-08 5.10096008219e-05
3.4 3.52027831193e-08 5.20780016537e-05
3.4 3.5202134666e-08 6.57360240011e-05
3.4 3.52028641768e-08 6.6805179193e-05
3.4 3.52020536102e-08 8.04623528881e-05
3.4 3.52029452345e-08 8.15324510302e-05
ERROR in TPDF::Open: Cannot open file:../data/190216/pdf/qcd_Ana_rate1_22.pdf
lowest error 3.5 1.42476750003e-07
3.5 1.42476750003e-07 3.2853811609e-06
3.5 1.42476421939e-07 2.03044064881e-05
3.5 1.42477078069e-07 2.68749268857e-05
3.5 1.42476093875e-07 4.3894436105e-05
3.5 1.42477406134e-07 5.0464230668e-05
3.5 1.42475765812e-07 6.74847076723e-05
3.5 1.42477734201e-07 7.40532925114e-05
3.5 1.4247543775e-07 9.10752211913e-05
3.5 1.42478062269e-07 9.76421124164e-05
3.5 1.42475109689e-07 0.000114665976665
3.5 1.42478390337e-07 0.000121230690387
3.5 1.42474781628e-07 0.000138256974097
lowest error 3.5 3.56591510861e-08
3.5 3.56591510861e-08 3.14214345076e-06
3.5 3.5659068978e-08 1.15311090818e-05
3.5 3.56592331944e-08 1.78154895814e-05
3.5 3.565898687e-08 2.62042680039e-05
3.5 3.56593153029e-08 3.24889293366e-05
3.5 3.56589047623e-08 4.08773333165e-05
3.5 3.56593974116e-08 4.71624627041e-05
3.5 3.56588226547e-08 5.55503050195e-05
3.5 3.56594795205e-08 6.18360896847e-05
3.5 3.56587405473e-08 7.02231831138e-05
3.5 3.56595616296e-08 7.65098102784e-05
3.5 3.56586584401e-08 8.48959676003e-05
ERROR in TPDF::Open: Cannot open file:../data/190216/pdf/qcd_Ana_rate1_23.pdf
lowest error 3.6 1.29254597617e-07
3.6 1.29254597617e-07 5.79737156325e-06
3.6 1.29254895237e-07 2.2244166523e-05
3.6 1.29254299998e-07 3.38392515347e-05
3.6 1.29255192858e-07 5.02853627284e-05
3.6 1.29254002379e-07 6.18814733953e-05
3.6 1.29255490479e-07 7.83262170576e-05
3.6 1.29253704761e-07 8.99240371242e-05
3.6 1.29255788101e-07 0.000106366729489
3.6 1.29253407144e-07 0.000117966942775
3.6 1.29256085724e-07 0.000134406900077
3.6 1.29253109527e-07 0.000146010190329
3.6 1.29256383348e-07 0.000162446728801
lowest error 3.6 3.72001764622e-08
3.6 3.72001764622e-08 2.06070133046e-06
3.6 3.72002621189e-08 1.11289486626e-05
3.6 3.72000908058e-08 1.52502756854e-05
3.6 3.72003477758e-08 2.4318674293e-05
3.6 3.72000051495e-08 2.84397744039e-05
3.6 3.72004334328e-08 3.750847555e-05
3.6 3.71999194934e-08 4.16291974856e-05
3.6 3.72005190901e-08 5.06983524575e-05
3.6 3.71998338375e-08 5.48185449194e-05
3.6 3.72006047476e-08 6.38883050041e-05
3.6 3.71997481818e-08 6.80078167297e-05
3.6 3.72006904052e-08 7.70783331903e-05
ERROR in TPDF::Open: Cannot open file:../data/190216/pdf/qcd_Ana_rate1_24.pdf
lowest error 3.7 1.16881291025e-07
3.7 1.16881291025e-07 2.92637755317e-06
3.7 1.16881021896e-07 1.21032090772e-05
3.7 1.16881560155e-07 1.79558659585e-05
3.7 1.16880752768e-07 2.71328939201e-05
3.7 1.16881829285e-07 3.2985256166e-05
3.7 1.16880483641e-07 4.21626769764e-05
3.7 1.16882098415e-07 4.80145481627e-05
3.7 1.16880214514e-07 5.71925582462e-05
3.7 1.16882367547e-07 6.30437419491e-05
3.7 1.16879945387e-07 7.22225377303e-05
3.7 1.16882636678e-07 7.80728375269e-05
3.7 1.16879676262e-07 8.72526154163e-05
lowest error 3.7 3.76320606505e-08
3.7 3.76320606505e-08 1.4495139502e-06
3.7 3.76319739995e-08 1.08220240538e-05
3.7 3.76321473016e-08 1.37211174285e-05
3.7 3.76318873488e-08 2.30934965835e-05
3.7 3.76322339529e-08 2.59927863815e-05
3.7 3.76318006983e-08 3.53649036393e-05
3.7 3.76323206044e-08 3.82645208101e-05
3.7 3.7631714048e-08 4.76362452106e-05
3.7 3.76324072561e-08 5.05363207028e-05
3.7 3.76316273978e-08 5.99075213201e-05
3.7 3.76324939081e-08 6.28081860827e-05
3.7 3.76315407479e-08 7.21787319566e-05
ERROR in TPDF::Open: Cannot open file:../data/190216/pdf/qcd_Ana_rate1_25.pdf
lowest error 3.8 1.0434148179e-07
3.8 1.0434148179e-07 7.81327479915e-06
3.8 1.04341241535e-07 9.6891196808e-06
3.8 1.04341722046e-07 2.5315536091e-05
3.8 1.04341001281e-07 2.71916473342e-05
3.8 1.04341962302e-07 4.28176641956e-05
3.8 1.04340761027e-07 4.46943081931e-05
3.8 1.04342202558e-07 6.03196591142e-05
3.8 1.04340520774e-07 6.21971022432e-05
3.8 1.04342442815e-07 7.78215208479e-05
3.8 1.04340280522e-07 7.97000294854e-05
3.8 1.04342683073e-07 9.53232493974e-05
3.8 1.04340040269e-07 9.72030899207e-05
lowest error 3.8 3.868592629e-08
3.8 3.868592629e-08 3.04205951052e-06
3.8 3.86860153678e-08 8.03187748888e-06
3.8 3.86858372125e-08 1.41159431926e-05
3.8 3.86861044457e-08 1.91058678074e-05
3.8 3.86857481351e-08 2.51897735462e-05
3.8 3.86861935238e-08 3.01799114437e-05
3.8 3.8685659058e-08 3.62635505922e-05
3.8 3.86862826022e-08 4.12540083996e-05
3.8 3.86855699811e-08 4.73372743213e-05
3.8 3.86863716808e-08 5.23281586644e-05
3.8 3.86854809044e-08 5.8410944733e-05
3.8 3.86864607595e-08 6.34023622585e-05
ERROR in TPDF::Open: Cannot open file:../data/190216/pdf/qcd_Ana_rate1_26.pdf
lowest error 3.9 9.10420440885e-08
3.9 9.10420440885e-08 1.03352306713e-06
3.9 9.10422537208e-08 1.21698378717e-05
3.9 9.10418344567e-08 1.42369598013e-05
3.9 9.10424633536e-08 2.53731230151e-05
3.9 9.10416248254e-08 2.74404723202e-05
3.9 9.10426729868e-08 3.8576332364e-05
3.9 9.10414151945e-08 4.06440606464e-05
3.9 9.10428826206e-08 5.17794659194e-05
3.9 9.10412055642e-08 5.38477247702e-05
3.9 9.10430922548e-08 6.49825236803e-05
3.9 9.10409959343e-08 6.70514646908e-05
3.9 9.10433018895e-08 7.81855056364e-05
lowest error 3.9 4.01432010027e-08
3.9 4.01432010027e-08 7.974264431e-07
3.9 4.01431085697e-08 8.43651376226e-06
3.9 4.0143293436e-08 1.00314037206e-05
3.9 4.01430161369e-08 1.76704168959e-05
3.9 4.01433858694e-08 1.92654180702e-05
3.9 4.01429237043e-08 2.6904282957e-05
3.9 4.01434783031e-08 2.84994694848e-05
3.9 4.01428312719e-08 3.61381119394e-05
3.9 4.0143570737e-08 3.77335579795e-05
3.9 4.01427388397e-08 4.53719038571e-05
3.9 4.01436631711e-08 4.69676835473e-05
3.9 4.01426464078e-08 5.46056587041e-05
ERROR in TPDF::Open: Cannot open file:../data/190216/pdf/qcd_Ana_rate1_27.pdf
lowest error 4.0 7.97506075039e-08
4.0 7.97506075039e-08 1.38850227138e-06
4.0 7.97504238716e-08 1.27219483255e-05
4.0 7.97507911367e-08 1.5498866301e-05
4.0 7.97502402396e-08 2.68324854891e-05
4.0 7.97509747699e-08 2.96091437515e-05
4.0 7.97500566081e-08 4.09431092203e-05
4.0 7.97511584035e-08 4.3719334649e-05
4.0 7.97498729771e-08 5.50538195205e-05
4.0 7.97513420375e-08 5.78294389815e-05
4.0 7.97496893464e-08 6.91646163897e-05
4.0 7.9751525672e-08 7.19394567494e-05
4.0 7.97495057162e-08 8.32754998159e-05
lowest error 4.0 4.22557680555e-08
4.0 4.22557680555e-08 2.69767716832e-06
4.0 4.22558653531e-08 4.05182822494e-06
4.0 4.22556707581e-08 9.44716276052e-06
4.0 4.22559626509e-08 1.08013534312e-05
4.0 4.22555734609e-08 1.61966285463e-05
4.0 4.2256059949e-08 1.75508984444e-05
4.0 4.2255476164e-08 2.29460745249e-05
4.0 4.22561572473e-08 2.43004632643e-05
4.0 4.22553788672e-08 2.96955006975e-05
4.0 4.22562545458e-08 3.10500478915e-05
4.0 4.22552815708e-08 3.64449070629e-05
4.0 4.22563518445e-08 3.7799652326e-05
ERROR in TPDF::Open: Cannot open file:../data/190216/pdf/qcd_Ana_rate1_28.pdf
lowest error 4.1 5.32888072935e-08
4.1 5.32888072935e-08 2.22357367186e-07
4.1 5.32886845917e-08 8.72842487176e-07
4.1 5.32889299957e-08 1.31755669974e-06
4.1 5.32885618901e-08 1.9680428629e-06
4.1 5.32890526981e-08 2.41275551049e-06
4.1 5.32884391888e-08 3.06324375998e-06
4.1 5.32891754008e-08 3.507953799e-06
4.1 5.32883164877e-08 4.15844517754e-06
4.1 5.32892981038e-08 4.60315156747e-06
4.1 5.3288193787e-08 5.25364711779e-06
4.1 5.32894208071e-08 5.69834881414e-06
4.1 5.32880710865e-08 6.3488495794e-06
lowest error 4.1 4.94804909399e-08
4.1 4.94804909399e-08 1.19925498998e-06
4.1 4.94806048731e-08 4.0419872005e-06
4.1 4.9480377007e-08 6.44048523668e-06
4.1 4.94807188065e-08 9.28324132987e-06
4.1 4.94802630744e-08 1.16817035396e-05
4.1 4.94808327402e-08 1.45245074079e-05
4.1 4.9480149142e-08 1.69229098987e-05
4.1 4.94809466742e-08 1.97657854297e-05
4.1 4.94800352099e-08 2.21641043145e-05
4.1 4.94810606084e-08 2.50070753953e-05
4.1 4.9479921278e-08 2.74052867817e-05
4.1 4.94811745429e-08 3.02483773047e-05
ERROR in TPDF::Open: Cannot open file:../data/190216/pdf/qcd_Ana_rate1_29.pdf
ERROR in TPDF::Open: Cannot open file:../data/190216/pdf/qcd_Ana_rate1_30.pdf
ERROR in TPDF::Open: Cannot open file:../data/190216/pdf/qcd_Ana_rate1_31.pdf
ERROR in TPDF::Open: Cannot open file:../data/190216/pdf/qcd_Ana_rate1_32.pdf
ERROR in TPDF::Open: Cannot open file:../data/190216/pdf/qcd_Ana_rate1_33.pdf
ERROR in TPDF::Open: Cannot open file:../data/190216/pdf/qcd_Ana_rate1_34.pdf
ERROR in TPDF::Open: Cannot open file:../data/190216/pdf/qcd_Ana_rate1_35.pdf
ERROR in TPDF::Open: Cannot open file:../data/190216/pdf/qcd_Ana_rate1_36.pdf
ERROR in TPDF::Open: Cannot open file:../data/190216/pdf/qcd_Ana_rate1_37.pdf
ERROR in TPDF::Open: Cannot open file:../data/190216/pdf/qcd_Ana_rate1_38.pdf
ERROR in TPDF::Open: Cannot open file:../data/190216/pdf/qcd_Ana_rate1_39.pdf
ERROR in TPDF::Open: Cannot open file:../data/190216/pdf/qcd_Ana_rate1_40.pdf
ERROR in TPDF::Open: Cannot open file:../data/190216/pdf/qcd_Ana_rate1_41.pdf
ERROR in TPDF::Open: Cannot open file:../data/190216/pdf/qcd_Ana_rate1_42.pdf
