lowest error 0.002 0.00143837458235
0.002 0.00143837458235 7.54099607039e-05
0.002 0.00143837789434 0.000197139048934
0.002 0.00143837127038 0.000347991269919
0.002 0.00143838120633 0.000469655762671
0.002 0.00143836795841 0.000620604882802
0.002 0.00143838451833 0.000742140184373
0.002 0.00143836464645 0.000893250803031
0.002 0.00143838783033 0.00101459231772
0.002 0.00143836133449 0.00116592903436
0.002 0.00143839114235 0.00128701216679
0.002 0.00143835802255 0.00143863958081
0.002 0.00143839445437 0.00155939973526
lowest error 0.002 6.82447111615e-08
0.002 6.82447111615e-08 9.04461348306e-06
0.002 6.82448683009e-08 1.1031314751e-05
0.002 6.82445540224e-08 2.91203664999e-05
0.002 6.82450254407e-08 3.11074182395e-05
0.002 6.82443968837e-08 4.91959442828e-05
0.002 6.82451825808e-08 5.11836969666e-05
0.002 6.82442397453e-08 6.92713468338e-05
0.002 6.82453397214e-08 7.12601509334e-05
0.002 6.82440826073e-08 8.93465741538e-05
0.002 6.82454968622e-08 9.13367801414e-05
0.002 6.82439254697e-08 0.000109421626245
0.002 6.82456540035e-08 0.000111413584592
lowest error 0.005 0.000574042437668
0.005 0.000574042437668 7.98990058923e-05
0.005 0.000574041115888 9.00044615144e-05
0.005 0.000574043759451 0.000249789922834
0.005 0.000574039794111 0.000259920480309
0.005 0.000574045081237 0.000419668290168
0.005 0.000574038472337 0.000429849051338
0.005 0.000574046403026 0.000589534108971
0.005 0.000574037150566 0.000599790175684
0.005 0.000574047724818 0.000759387380094
0.005 0.000574035828798 0.0007697438542
0.005 0.000574049046613 0.000929228104394
0.005 0.000574034507033 0.000939710087737
lowest error 0.005 4.33067905977e-08
0.005 4.33067905977e-08 8.122863139e-06
0.005 4.33066908803e-08 1.63831508582e-05
0.005 4.33068903154e-08 3.26291382664e-05
0.005 4.33065911631e-08 4.08889037713e-05
0.005 4.33069900333e-08 5.71356745045e-05
0.005 4.33064914461e-08 6.53943955822e-05
0.005 4.33070897515e-08 8.16424718568e-05
0.005 4.33063917293e-08 8.9899626293e-05
0.005 4.33071894699e-08 0.000106149530325
0.005 4.33062920128e-08 0.000114404595907
0.005 4.33072891885e-08 0.000130656849914
0.005 4.33061922964e-08 0.000138909304426
lowest error 0.01 0.000522914879718
0.01 0.000522914879718 6.87321861959e-06
0.01 0.000522913675663 7.73603161317e-05
0.01 0.000522916083775 9.11036685993e-05
0.01 0.000522912471611 0.000161596935842
0.01 0.000522917287835 0.000175331033893
0.01 0.000522911267562 0.000245836640579
0.01 0.000522918491898 0.00025955531457
0.01 0.000522910063516 0.00033007943042
0.01 0.000522919695964 0.000343776510825
0.01 0.000522908859472 0.000414325305556
0.01 0.000522920900032 0.000427994622722
0.01 0.000522907655431 0.000498574266061
lowest error 0.01 3.76790548226e-08
0.01 3.76790548226e-08 2.1659090895e-05
0.01 3.76791415819e-08 6.1668557136e-05
0.01 3.76789680635e-08 0.000104983720095
0.01 3.76792283415e-08 0.000144999224033
0.01 3.76788813045e-08 0.000188305330573
0.01 3.76793151012e-08 0.000228332910054
0.01 3.76787945458e-08 0.00027162392244
0.01 3.76794018611e-08 0.000311669615232
0.01 3.76787077873e-08 0.000354939495804
0.01 3.76794886213e-08 0.00039500933968
0.01 3.7678621029e-08 0.000438252050774
0.01 3.76795753816e-08 0.000478352083505
lowest error 0.05 6.67396615606e-05
0.05 6.67396615606e-05 1.68350148297e-05
0.05 6.6739507887e-05 0.000211711266791
0.05 6.67398152345e-05 0.000245358588366
0.05 6.67393542138e-05 0.000440280258756
0.05 6.67399689088e-05 0.000473859455872
0.05 6.67392005409e-05 0.000668871963317
0.05 6.67401225834e-05 0.000702337620007
0.05 6.67390468684e-05 0.000897486382733
0.05 6.67402762584e-05 0.000930793082825
0.05 6.67388931962e-05 0.00112612351906
0.05 6.67404299337e-05 0.00115922584658
0.05 6.67387395244e-05 0.00135478337496
lowest error 0.05 1.51570610543e-08
0.05 1.51570610543e-08 1.84354955168e-06
0.05 1.51570959547e-08 1.91552971254e-05
0.05 1.51570261539e-08 2.28422045305e-05
0.05 1.51571308553e-08 4.01543355393e-05
0.05 1.51569912536e-08 4.38406677956e-05
0.05 1.51571657559e-08 6.11535656732e-05
0.05 1.51569563534e-08 6.48389393469e-05
0.05 1.51572006566e-08 8.21529875292e-05
0.05 1.51569214532e-08 8.58370191872e-05
0.05 1.51572355574e-08 0.000103152601108
0.05 1.51568865532e-08 0.000106834907318
0.05 1.51572704583e-08 0.000124152406412
lowest error 0.1 3.21268392312e-05
0.1 3.21268392312e-05 0.000100448276203
0.1 3.21267652565e-05 0.000114988370782
0.1 3.21269132061e-05 0.000315864744658
0.1 3.2126691282e-05 0.000330445198193
0.1 3.21269871811e-05 0.000531261036467
0.1 3.21266173076e-05 0.000545922207729
0.1 3.21270611563e-05 0.000746637153521
0.1 3.21265433334e-05 0.000761419401663
0.1 3.21271351317e-05 0.000961993097711
0.1 3.21264693594e-05 0.000976936781687
0.1 3.21272091072e-05 0.00117732887074
0.1 3.21263953856e-05 0.0011924743497
lowest error 0.1 1.56192076973e-08
0.1 1.56192076973e-08 8.97092531593e-06
0.1 1.56192436619e-08 1.23687050082e-05
0.1 1.56191717327e-08 3.031035765e-05
0.1 1.56192796265e-08 3.37085333051e-05
0.1 1.56191357683e-08 5.16495919958e-05
0.1 1.56193155913e-08 5.50485596156e-05
0.1 1.5619099804e-08 7.2988628355e-05
0.1 1.56193515561e-08 7.6388783921e-05
0.1 1.56190638397e-08 9.43274667295e-05
0.1 1.56193875211e-08 9.77292062241e-05
0.1 1.56190278755e-08 0.000115666107102
0.1 1.56194234861e-08 0.000119069826527
lowest error 0.15 2.05765708538e-05
0.15 2.05765708538e-05 2.93825464635e-05
0.15 2.05765234745e-05 0.000153186109361
0.15 2.05766182331e-05 0.000211936711218
0.15 2.05764760954e-05 0.00033576925725
0.15 2.05766656126e-05 0.000394476386369
0.15 2.05764287163e-05 0.000518366898346
0.15 2.05767129922e-05 0.000577001572915
0.15 2.05763813374e-05 0.000700979033808
0.15 2.05767603719e-05 0.000759512271999
0.15 2.05763339586e-05 0.000883605664776
0.15 2.05768077517e-05 0.000942008484774
0.15 2.05762865799e-05 0.00106624679225
lowest error 0.15 1.79967050908e-08
0.15 1.79967050908e-08 5.18134360972e-06
0.15 1.79966636519e-08 1.46107014252e-05
0.15 1.79967465298e-08 2.49735589608e-05
0.15 1.79966222131e-08 3.44025761447e-05
0.15 1.79967879689e-08 4.47659446126e-05
0.15 1.79965807744e-08 5.41942805516e-05
0.15 1.79968294081e-08 6.45585006005e-05
0.15 1.79965393358e-08 7.39858146463e-05
0.15 1.79968708474e-08 8.43512269091e-05
0.15 1.79964978973e-08 9.37771784129e-05
0.15 1.79969122867e-08 0.000104144123541
0.15 1.79964564589e-08 0.000113568371888
lowest error 0.2 1.5151652454e-05
0.2 1.5151652454e-05 5.59155346611e-05
0.2 1.5151617566e-05 9.14313675948e-05
0.2 1.5151687342e-05 0.00020325299768
0.2 1.51515826782e-05 0.000238787709693
0.2 1.51517222301e-05 0.000350581022065
0.2 1.51515477904e-05 0.000386153492239
0.2 1.51517571182e-05 0.000497899608292
0.2 1.51515129027e-05 0.000533528715707
0.2 1.51517920065e-05 0.000645208757225
0.2 1.51514780151e-05 0.000680913380961
0.2 1.51518268948e-05 0.000792508469341
0.2 1.51514431276e-05 0.000828307488477
lowest error 0.2 1.53483961488e-08
0.2 1.53483961488e-08 5.46586466221e-06
0.2 1.53484314898e-08 1.78447230645e-05
0.2 1.53483608078e-08 2.87762161371e-05
0.2 1.53484668309e-08 4.11555470454e-05
0.2 1.5348325467e-08 5.20863313622e-05
0.2 1.53485021721e-08 6.44666072831e-05
0.2 1.53482901262e-08 7.53962103199e-05
0.2 1.53485375134e-08 8.77779037798e-05
0.2 1.53482547855e-08 9.87058530537e-05
0.2 1.53485728547e-08 0.000111089436517
0.2 1.53482194448e-08 0.000122015259545
0.2 1.53486081962e-08 0.000134401205539
lowest error 0.25 9.04725851585e-06
0.25 9.04725851585e-06 4.30680263896e-05
0.25 9.0472376838e-06 0.000104508434002
0.25 9.04727934796e-06 0.000190635018162
0.25 9.04721685178e-06 0.000252094363619
0.25 9.04730018012e-06 0.000338192541925
0.25 9.04719601982e-06 0.000399689762938
0.25 9.04732101232e-06 0.000485740598283
0.25 9.04717518791e-06 0.00054729463283
0.25 9.04734184457e-06 0.000633279187847
0.25 9.04715435604e-06 0.00069490897377
0.25 9.04736267687e-06 0.000780808311089
0.25 9.04713352422e-06 0.000842532786367
lowest error 0.25 1.24935828174e-08
0.25 1.24935828174e-08 6.06580076168e-06
0.25 1.24935540499e-08 1.53740470261e-05
0.25 1.2493611585e-08 2.75058484056e-05
0.25 1.24935252825e-08 3.68136949591e-05
0.25 1.24936403526e-08 4.89460958892e-05
0.25 1.24934965151e-08 5.82531430391e-05
0.25 1.24936691203e-08 7.03865432521e-05
0.25 1.24934677478e-08 7.96923912678e-05
0.25 1.24936978881e-08 9.18271904773e-05
0.25 1.24934389806e-08 0.000101131439629
0.25 1.24937266559e-08 0.000113268037566
0.25 1.24934102134e-08 0.000122570288161
lowest error 0.3 7.06997698445e-06
0.3 7.06997698445e-06 3.90407532658e-06
0.3 7.06999326369e-06 0.000150511615721
0.3 7.06996070524e-06 0.0001583301341
0.3 7.07000954297e-06 0.000304916939741
0.3 7.06994442607e-06 0.000312766561293
0.3 7.07002582229e-06 0.000459311897429
0.3 7.06992814694e-06 0.000467213357603
0.3 7.07004210164e-06 0.000613696489344
0.3 7.06991186785e-06 0.000621670523588
0.3 7.07005838103e-06 0.000768070716453
0.3 7.0698955888e-06 0.000776138060221
0.3 7.07007466046e-06 0.000922434579319
lowest error 0.3 1.17555783399e-08
0.3 1.17555783399e-08 7.70476070056e-07
0.3 1.17556054082e-08 2.53155224734e-05
0.3 1.17555512718e-08 2.68561787564e-05
0.3 1.17556324765e-08 5.1401816878e-05
0.3 1.17555242036e-08 5.29415855657e-05
0.3 1.17556595449e-08 7.74884071464e-05
0.3 1.17554971356e-08 7.90266965471e-05
0.3 1.17556866133e-08 0.000103575293282
0.3 1.17554700676e-08 0.000105111511682
0.3 1.17557136818e-08 0.000129662475266
0.3 1.17554429996e-08 0.000131196030972
0.3 1.17557407504e-08 0.000155749953146
lowest error 0.35 5.77198242436e-06
0.35 5.77198242436e-06 6.07332812135e-05
0.35 5.77196913389e-06 8.85087341618e-05
0.35 5.77199571485e-06 0.000209965612972
0.35 5.77195584346e-06 0.000237760433784
0.35 5.77200900538e-06 0.000359188261606
0.35 5.77194255305e-06 0.000387021818281
0.35 5.77202229594e-06 0.000508401228012
0.35 5.77192926268e-06 0.000536292888282
0.35 5.77203558652e-06 0.000657604512684
0.35 5.77191597234e-06 0.000685573644282
0.35 5.77204887714e-06 0.000806798116251
0.35 5.77190268202e-06 0.000834864087175
lowest error 0.35 1.22411156211e-08
0.35 1.22411156211e-08 8.4177816766e-06
0.35 1.22410874349e-08 1.54774741463e-05
0.35 1.22411438073e-08 3.23132857543e-05
0.35 1.22410592488e-08 3.93724817163e-05
0.35 1.22411719937e-08 5.62090380902e-05
0.35 1.22410310628e-08 6.32672410146e-05
0.35 1.224120018e-08 8.01050386863e-05
0.35 1.22410028768e-08 8.7161752087e-05
0.35 1.22412283665e-08 0.000104001287525
0.35 1.22409746909e-08 0.000111056014914
0.35 1.2241256553e-08 0.000127897784649
0.35 1.2240946505e-08 0.0001349500295
lowest error 0.4 4.89350458984e-06
0.4 4.89350458984e-06 1.50744249199e-05
0.4 4.89351585757e-06 0.000104212550174
0.4 4.89349332215e-06 0.000134367586876
0.4 4.89352712532e-06 0.00022349333862
0.4 4.89348205448e-06 0.000253666936227
0.4 4.89353839309e-06 0.00034276794074
0.4 4.89347078683e-06 0.000372972473189
0.4 4.8935496609e-06 0.000462036356854
0.4 4.89345951921e-06 0.000492284198081
0.4 4.89356092872e-06 0.000581298587283
0.4 4.89344825162e-06 0.000611602111226
0.4 4.89357219658e-06 0.000700554632243
lowest error 0.4 1.33109484033e-08
0.4 1.33109484033e-08 3.74387616642e-06
0.4 1.33109177537e-08 1.81951307927e-05
0.4 1.33109790529e-08 2.56830924168e-05
0.4 1.33108871042e-08 4.01339285023e-05
0.4 1.33110097026e-08 4.76225179398e-05
0.4 1.33108564548e-08 6.20725169442e-05
0.4 1.33110403524e-08 6.95621527385e-05
0.4 1.33108258055e-08 8.40108961215e-05
0.4 1.33110710022e-08 9.15019968142e-05
0.4 1.33107951562e-08 0.000105949066036
0.4 1.33111016521e-08 0.000113442050169
0.4 1.3310764507e-08 0.000127887026688
lowest error 0.45 4.1420563224e-06
0.45 4.1420563224e-06 4.83501227948e-05
0.45 4.14206585985e-06 0.000110486076689
0.45 4.14204678498e-06 0.00020719729191
0.45 4.14207539732e-06 0.000269311307301
0.45 4.14203724757e-06 0.000366055431413
0.45 4.14208493481e-06 0.000428125569797
0.45 4.14202771019e-06 0.000524924542062
0.45 4.14209447233e-06 0.000586928864794
0.45 4.14201817283e-06 0.000683804624476
0.45 4.14210400986e-06 0.000745721193331
0.45 4.14200863549e-06 0.000842695679689
0.45 4.14211354742e-06 0.000904502556027
lowest error 0.45 1.5706701854e-08
0.45 1.5706701854e-08 8.9892186681e-06
0.45 1.5706665688e-08 1.14696249884e-05
0.45 1.57067380201e-08 2.94482443097e-05
0.45 1.57066295221e-08 3.19282866612e-05
0.45 1.57067741862e-08 4.99074519387e-05
0.45 1.57065933563e-08 5.23867663516e-05
0.45 1.57068103524e-08 7.03668415376e-05
0.45 1.57065571906e-08 7.2845064043e-05
0.45 1.57068465188e-08 9.08264131452e-05
0.45 1.5706521025e-08 9.33031797743e-05
0.45 1.57068826851e-08 0.000111286166745
0.45 1.57064848594e-08 0.000113761113528
lowest error 0.5 3.51456030816e-06
0.5 3.51456030816e-06 4.34842784318e-05
0.5 3.51456840074e-06 9.65417146022e-05
0.5 3.51455221559e-06 0.000183518796726
0.5 3.51457649334e-06 0.000236559182891
0.5 3.51454412305e-06 0.0003235618408
0.5 3.51458458596e-06 0.000376568126958
0.5 3.51453603052e-06 0.000463613411177
0.5 3.5145926786e-06 0.000516568547197
0.5 3.51452793801e-06 0.000603673508246
0.5 3.51460077126e-06 0.000656560444372
0.5 3.51451984552e-06 0.000743742132777
0.5 3.51460886394e-06 0.000796543818881
lowest error 0.5 1.89650940169e-08
0.5 1.89650940169e-08 1.65442300126e-06
0.5 1.89651376857e-08 1.97542065723e-05
0.5 1.89650503482e-08 2.30628533222e-05
0.5 1.89651813546e-08 4.11630354393e-05
0.5 1.89650066796e-08 4.44710843728e-05
0.5 1.89652250236e-08 6.25720635812e-05
0.5 1.89649630111e-08 6.58791161552e-05
0.5 1.89652686927e-08 8.3981291001e-05
0.5 1.89649193427e-08 8.72869486717e-05
0.5 1.89653123618e-08 0.0001053907177
0.5 1.89648756744e-08 0.000108694581923
0.5 1.89653560311e-08 0.000126800343681
lowest error 0.55 3.04856177612e-06
0.55 3.04856177612e-06 2.1994159805e-05
0.55 3.0485687957e-06 8.79768881181e-05
0.55 3.04855475656e-06 0.00013197046603
0.55 3.0485758153e-06 0.000197942677991
0.55 3.04854773701e-06 0.000241952030808
0.55 3.04858283491e-06 0.000307903210065
0.55 3.04854071748e-06 0.000351938854293
0.55 3.04858985454e-06 0.000417858484493
0.55 3.04853369796e-06 0.000461930936932
0.55 3.04859687419e-06 0.000527808501723
0.55 3.04852667846e-06 0.000571928278878
0.55 3.04860389385e-06 0.000637753261909
lowest error 0.55 2.06690730417e-08
0.55 2.06690730417e-08 8.79896503658e-07
0.55 2.06690254495e-08 2.04107703876e-05
0.55 2.06691206341e-08 2.21707604799e-05
0.55 2.06689778574e-08 4.17012401948e-05
0.55 2.06691682266e-08 4.34618215435e-05
0.55 2.06689302653e-08 6.29915129018e-05
0.55 2.06692158191e-08 6.47530796964e-05
0.55 2.06688826734e-08 8.42815885473e-05
0.55 2.06692634118e-08 8.60445349211e-05
0.55 2.06688350816e-08 0.000105571467115
0.55 2.06693110046e-08 0.000107336187257
0.55 2.06687874899e-08 0.000126861148606
lowest error 0.6 2.55229576585e-06
0.6 2.55229576585e-06 6.8492667936e-05
0.6 2.55230164274e-06 9.69438703047e-05
0.6 2.55228988898e-06 0.000233941106349
0.6 2.55230751964e-06 0.000262368509224
0.6 2.55228401212e-06 0.000399401445795
0.6 2.55231339655e-06 0.000427781249535
0.6 2.55227813528e-06 0.000564873687125
0.6 2.55231927347e-06 0.000593182092386
0.6 2.55227225845e-06 0.000730357831198
0.6 2.55232515041e-06 0.000758571038484
0.6 2.55226638163e-06 0.000895853878724
0.6 2.55233102736e-06 0.000923948088689
lowest error 0.6 2.06585578192e-08
0.6 2.06585578192e-08 2.945652533e-06
0.6 2.06585102512e-08 1.80923743285e-05
0.6 2.06586053874e-08 2.39838718303e-05
0.6 2.06584626833e-08 3.91302087559e-05
0.6 2.06586529556e-08 4.50222835648e-05
0.6 2.06584151155e-08 6.01678507515e-05
0.6 2.0658700524e-08 6.60608877201e-05
0.6 2.06583675478e-08 8.12053003165e-05
0.6 2.06587480925e-08 8.70996843347e-05
0.6 2.06583199802e-08 0.000102242557434
0.6 2.0658795661e-08 0.000108138673392
0.6 2.06582724127e-08 0.000123279622144
lowest error 0.65 1.97436752953e-06
0.65 1.97436752953e-06 8.71799583635e-06
0.65 1.97437207568e-06 0.000101049825906
0.65 1.97436298339e-06 0.000118491056494
0.65 1.97437662185e-06 0.000210812408886
0.65 1.97435843725e-06 0.000228269356317
0.65 1.97438116802e-06 0.00032056975355
0.65 1.97435389113e-06 0.000338052895554
0.65 1.97438571421e-06 0.000430321860049
0.65 1.97434934502e-06 0.000447841674456
0.65 1.97439026041e-06 0.000540068728632
0.65 1.97434479891e-06 0.000557635693176
0.65 1.97439480661e-06 0.000649810359551
lowest error 0.65 1.9804824579e-08
0.65 1.9804824579e-08 9.98781461847e-06
0.65 1.98048701814e-08 1.03517356229e-05
0.65 1.98047789768e-08 3.0327184974e-05
0.65 1.98049157838e-08 3.06914657333e-05
0.65 1.98047333747e-08 5.06663754818e-05
0.65 1.98049613864e-08 5.10313757145e-05
0.65 1.98046877726e-08 7.1005386125e-05
0.65 1.98050069891e-08 7.13714655682e-05
0.65 1.98046421707e-08 9.13442169055e-05
0.65 1.98050525918e-08 9.17117352959e-05
0.65 1.98045965689e-08 0.000111682867825
0.65 1.98050981947e-08 0.000112052184881
lowest error 0.7 1.40277171392e-06
0.7 1.40277171392e-06 2.97833526837e-05
0.7 1.40277494392e-06 9.16082844831e-05
0.7 1.40276848392e-06 0.000151181397031
0.7 1.40277817393e-06 0.000212993514698
0.7 1.40276525393e-06 0.000272585848897
0.7 1.40278140395e-06 0.000334372338516
0.7 1.40276202395e-06 0.00039399670862
0.7 1.40278463398e-06 0.000455744756167
0.7 1.40275879397e-06 0.00051541397654
0.7 1.40278786402e-06 0.000577110767991
0.7 1.402755564e-06 0.000636837652886
0.7 1.40279109406e-06 0.000698470374324
lowest error 0.7 1.75781837512e-08
0.7 1.75781837512e-08 6.52968454951e-06
0.7 1.7578143276e-08 1.35702400783e-05
0.7 1.75782242265e-08 2.66297848333e-05
0.7 1.75781028009e-08 3.36699890511e-05
0.7 1.75782647019e-08 4.67300607747e-05
0.7 1.75780623259e-08 5.37695623706e-05
0.7 1.75783051774e-08 6.68305123579e-05
0.7 1.75780218509e-08 7.38689600208e-05
0.7 1.7578345653e-08 8.69311396197e-05
0.7 1.75779813761e-08 9.39681820387e-05
0.7 1.75783861287e-08 0.000107031942544
0.7 1.75779409013e-08 0.000114067228408
lowest error 0.75 1.02844246354e-06
0.75 1.02844246354e-06 5.91280490436e-05
0.75 1.02844009546e-06 5.9181729843e-05
0.75 1.02844483162e-06 0.000177431742346
0.75 1.02843772739e-06 0.000177497594626
0.75 1.0284471997e-06 0.000295729350377
0.75 1.02843535933e-06 0.000295819545515
0.75 1.02844956779e-06 0.000414020873449
0.75 1.02843299127e-06 0.000414147583032
0.75 1.02845193589e-06 0.000532306311877
0.75 1.02843062322e-06 0.000532481707386
0.75 1.02845430399e-06 0.000650585665868
0.75 1.02842825518e-06 0.000650821918889
lowest error 0.75 1.5699361868e-08
0.75 1.5699361868e-08 7.05493746977e-07
0.75 1.56993980172e-08 2.09192786018e-05
0.75 1.5699325719e-08 2.23300627806e-05
0.75 1.56994341664e-08 4.25442542689e-05
0.75 1.569928957e-08 4.39544284996e-05
0.75 1.56994703158e-08 6.41694332364e-05
0.75 1.56992534211e-08 6.55785909069e-05
0.75 1.56995064652e-08 8.57948155448e-05
0.75 1.56992172722e-08 8.7202549985e-05
0.75 1.56995426147e-08 0.000107420401176
0.75 1.56991811235e-08 0.000108826305774
0.75 1.56995787642e-08 0.000129046190134
lowest error 0.8 1.07170189836e-06
0.8 1.07170189836e-06 2.69588014721e-05
0.8 1.07169943068e-06 6.83907882109e-05
0.8 1.07170436605e-06 0.000122304438428
0.8 1.071696963e-06 0.000163744330786
0.8 1.07170683374e-06 0.000217646122819
0.8 1.07169449533e-06 0.000259101826332
0.8 1.07170930144e-06 0.000312983854811
0.8 1.07169202766e-06 0.000354463275182
0.8 1.07171176914e-06 0.000408317634481
0.8 1.07168956e-06 0.000449828677415
0.8 1.07171423685e-06 0.000503647462164
0.8 1.07168709235e-06 0.000545198033195
lowest error 0.8 1.60651209653e-08
0.8 1.60651209653e-08 8.32293757469e-06
0.8 1.60651579566e-08 1.23366826563e-05
0.8 1.6065083974e-08 2.89823722328e-05
0.8 1.60651949481e-08 3.29964884433e-05
0.8 1.60650469828e-08 4.96416213194e-05
0.8 1.60652319396e-08 5.36564798246e-05
0.8 1.60650099917e-08 7.03006848366e-05
0.8 1.60652689312e-08 7.43166567845e-05
0.8 1.60649730007e-08 9.09595627863e-05
0.8 1.60653059229e-08 9.49770193235e-05
0.8 1.60649360098e-08 0.000111618255151
0.8 1.60653429147e-08 0.000115637567443
lowest error 0.81 1.11547540754e-06
0.81 1.11547540754e-06 3.59388012576e-05
0.81 1.11547797602e-06 6.7010820989e-05
0.81 1.11547283906e-06 0.000138893031736
0.81 1.1154805445e-06 0.00016995583521
0.81 1.1154702706e-06 0.000241851870653
0.81 1.115483113e-06 0.00027289624152
0.81 1.11546770213e-06 0.000344815318214
0.81 1.11548568149e-06 0.000375832040308
0.81 1.11546513368e-06 0.000447783374534
0.81 1.11548825e-06 0.000478763231689
0.81 1.11546256523e-06 0.000550756040004
0.81 1.11549081851e-06 0.00058168981587
lowest error 0.81 1.61810984405e-08
0.81 1.61810984405e-08 6.42788734551e-06
0.81 1.61811356989e-08 1.34221025405e-05
0.81 1.61810611822e-08 2.62777059188e-05
0.81 1.61811729574e-08 3.32722637411e-05
0.81 1.6181023924e-08 4.61273531807e-05
0.81 1.6181210216e-08 5.31225962579e-05
0.81 1.61809866659e-08 6.59768291151e-05
0.81 1.61812474746e-08 7.29731000919e-05
0.81 1.61809494078e-08 8.58261337582e-05
0.81 1.61812847334e-08 9.28237752271e-05
0.81 1.61809121498e-08 0.000105675267094
0.81 1.61813219922e-08 0.0001126746217
lowest error 0.82 1.16969598719e-06
0.82 1.16969598719e-06 4.46230153437e-05
0.82 1.16969329387e-06 8.10371020386e-05
0.82 1.16969868052e-06 0.000170276267548
0.82 1.16969060055e-06 0.000206704084973
0.82 1.16970137385e-06 0.00029592265495
0.82 1.16968790724e-06 0.000332377933836
0.82 1.16970406719e-06 0.000421562177813
0.82 1.16968521394e-06 0.000458058648891
0.82 1.16970676054e-06 0.000547194836733
0.82 1.16968252064e-06 0.000583746230734
0.82 1.16970945389e-06 0.000672820631978
0.82 1.16967982735e-06 0.000709440679632
lowest error 0.82 1.67251491743e-08
0.82 1.67251491743e-08 6.62477269531e-06
0.82 1.67251876854e-08 1.42219264547e-05
0.82 1.67251106633e-08 2.74712828956e-05
0.82 1.67252261967e-08 3.50688145545e-05
0.82 1.67250721523e-08 4.83176041493e-05
0.82 1.6725264708e-08 5.5915891588e-05
0.82 1.67250336415e-08 6.91637364576e-05
0.82 1.67253032193e-08 7.6763157594e-05
0.82 1.67249951307e-08 9.00096798038e-05
0.82 1.67253417308e-08 9.76106125559e-05
0.82 1.672495662e-08 0.000110855434226
0.82 1.67253802424e-08 0.000118458256475
lowest error 0.83 1.20384063884e-06
0.83 1.20384063884e-06 1.96785639681e-05
0.83 1.2038378669e-06 0.000126054781114
0.83 1.20384341079e-06 0.000165402675683
0.83 1.20383509496e-06 0.000271797360408
0.83 1.20384618274e-06 0.000311117554485
0.83 1.20383232303e-06 0.00041754917437
0.83 1.2038489547e-06 0.000456823200959
0.83 1.20382955111e-06 0.000563310223585
0.83 1.20385172667e-06 0.000602519615692
0.83 1.20382677919e-06 0.000709080508637
0.83 1.20385449865e-06 0.000748206799266
0.83 1.20382400728e-06 0.000854860030112
lowest error 0.83 1.68933585592e-08
0.83 1.68933585592e-08 3.74428986882e-06
0.83 1.68933974577e-08 1.60022834166e-05
0.83 1.68933196609e-08 2.34906936218e-05
0.83 1.68934363562e-08 3.57490262362e-05
0.83 1.68932807626e-08 4.32369278442e-05
0.83 1.68934752548e-08 5.54959385735e-05
0.83 1.68932418645e-08 6.29829925369e-05
0.83 1.68935141535e-08 7.52430204649e-05
0.83 1.68932029664e-08 8.27288876839e-05
0.83 1.68935530523e-08 9.49902718941e-05
0.83 1.68931640684e-08 0.000102474613322
0.83 1.68935919512e-08 0.000114737692864
lowest error 0.84 1.28091408145e-06
0.84 1.28091408145e-06 5.00243043349e-05
0.84 1.28091113204e-06 0.000103952879629
0.84 1.28091703087e-06 0.000203991180515
0.84 1.28090818264e-06 0.000257940372066
0.84 1.28091998029e-06 0.000357947749603
0.84 1.28090523324e-06 0.000411938173664
0.84 1.28092292972e-06 0.000511894012147
0.84 1.28090228385e-06 0.000565946284982
0.84 1.28092587916e-06 0.000665829969118
0.84 1.28089933447e-06 0.000719964706983
0.84 1.2809288286e-06 0.000819755621065
0.84 1.28089638509e-06 0.000873993440213
lowest error 0.84 1.74114524043e-08
0.84 1.74114524043e-08 1.07276052215e-05
0.84 1.74114924957e-08 1.14402674831e-05
0.84 1.7411412313e-08 3.28952642494e-05
0.84 1.74115325871e-08 3.36083538475e-05
0.84 1.74113722217e-08 5.50627096416e-05
0.84 1.74115726787e-08 5.57766538738e-05
0.84 1.74113321306e-08 7.72299413803e-05
0.84 1.74116127704e-08 7.79451675634e-05
0.84 1.74112920396e-08 9.93969594676e-05
0.84 1.74116528622e-08 0.000100113894919
0.84 1.74112519487e-08 0.000121563763906
0.84 1.7411692954e-08 0.000122282835922
lowest error 0.85 1.32755034526e-06
0.85 1.32755034526e-06 1.46317907781e-05
0.85 1.32754728846e-06 0.000109854325856
0.85 1.32755340206e-06 0.000139111169998
0.85 1.32754423167e-06 0.000234347180269
0.85 1.32755645887e-06 0.000263583812056
0.85 1.32754117489e-06 0.000358846772825
0.85 1.32755951568e-06 0.000388049717542
0.85 1.32753811812e-06 0.000483353103891
0.85 1.3275625725e-06 0.000512508886705
0.85 1.32753506136e-06 0.000607866173718
0.85 1.32756562933e-06 0.000636961319914
0.85 1.3275320046e-06 0.000732385982894
lowest error 0.85 1.7921856681e-08
0.85 1.7921856681e-08 5.01200132197e-06
0.85 1.79218979477e-08 1.62617329398e-05
0.85 1.79218154145e-08 2.6285538834e-05
0.85 1.79219392144e-08 3.75356639912e-05
0.85 1.7921774148e-08 4.75588795785e-05
0.85 1.79219804813e-08 5.88097918151e-05
0.85 1.79217328817e-08 6.88320235578e-05
0.85 1.79220217482e-08 8.00841164144e-05
0.85 1.79216916154e-08 9.01049707736e-05
0.85 1.79220630152e-08 0.000101358637789
0.85 1.79216503492e-08 0.000111377721228
0.85 1.79221042823e-08 0.000122633355942
lowest error 0.86 1.29302225544e-06
0.86 1.29302225544e-06 4.95992260232e-05
0.86 1.29301927815e-06 5.23722961501e-05
0.86 1.29302523273e-06 0.000151566227346
0.86 1.29301630086e-06 0.000154348339373
0.86 1.29302821004e-06 0.00025352870802
0.86 1.29301332359e-06 0.000256328903847
0.86 1.29303118735e-06 0.000355486668154
0.86 1.29301034632e-06 0.000358313989681
0.86 1.29303416467e-06 0.00045744010813
0.86 1.29300736905e-06 0.000460303597257
0.86 1.29303714199e-06 0.000559389028058
0.86 1.2930043918e-06 0.000562297726686
lowest error 0.86 1.82068158656e-08
0.86 1.82068158656e-08 5.57810556989e-06
0.86 1.82067739429e-08 1.51629472169e-05
0.86 1.82068577884e-08 2.6319345416e-05
0.86 1.82067320203e-08 3.59038129827e-05
0.86 1.82068997113e-08 4.70607723049e-05
0.86 1.82066900978e-08 5.66444917109e-05
0.86 1.82069416342e-08 6.78023862379e-05
0.86 1.82066481754e-08 7.73849834035e-05
0.86 1.82069835573e-08 8.85441872169e-05
0.86 1.82066062531e-08 9.81252880621e-05
0.86 1.82070254805e-08 0.000109286175244
0.86 1.82065643309e-08 0.000118865405688
lowest error 0.87 1.39412270412e-06
0.87 1.39412270412e-06 3.66393641347e-05
0.87 1.39411949403e-06 6.42940949862e-05
0.87 1.39412591421e-06 0.000137568394094
0.87 1.39411628396e-06 0.000165231983643
0.87 1.3941291243e-06 0.000238492994995
0.87 1.39411307389e-06 0.000266174301939
0.87 1.39413233441e-06 0.000339413167035
0.87 1.39410986383e-06 0.000367121050071
0.87 1.39413554452e-06 0.000440328910405
0.87 1.39410665378e-06 0.000468072228231
0.87 1.39413875464e-06 0.000541240225302
0.87 1.39410344373e-06 0.000569027836615
lowest error 0.87 1.94260275358e-08
0.87 1.94260275358e-08 7.93415996991e-06
0.87 1.94259828058e-08 1.20699182107e-05
0.87 1.9426072266e-08 2.79384121353e-05
0.87 1.94259380759e-08 3.20738223905e-05
0.87 1.94261169962e-08 4.79428382874e-05
0.87 1.9425893346e-08 5.20775526063e-05
0.87 1.94261617265e-08 6.79474384273e-05
0.87 1.94258486163e-08 7.20811088413e-05
0.87 1.9426206457e-08 8.79522125565e-05
0.87 1.94258038867e-08 9.20844910972e-05
0.87 1.94262511875e-08 0.000107957160659
0.87 1.94257591572e-08 0.000112087699377
lowest error 0.88 1.40578854446e-06
0.88 1.40578854446e-06 2.49702851538e-05
0.88 1.40578530751e-06 8.34826453082e-05
0.88 1.40579178141e-06 0.000133418101872
0.88 1.40578207058e-06 0.000191940689755
0.88 1.40579501837e-06 0.000241860805087
0.88 1.40577883365e-06 0.000300403848429
0.88 1.40579825533e-06 0.000350298394944
0.88 1.40577559673e-06 0.000408872121473
0.88 1.40580149231e-06 0.000458730871877
0.88 1.40577235981e-06 0.000517345509323
0.88 1.40580472929e-06 0.00056715823603
0.88 1.40576912291e-06 0.000625824012122
lowest error 0.88 2.00107792017e-08
0.88 2.00107792017e-08 6.10653350819e-06
0.88 2.00107331252e-08 1.44741262997e-05
0.88 2.00108252782e-08 2.66873774755e-05
0.88 2.00106870488e-08 3.50546019314e-05
0.88 2.00108713549e-08 4.72684056034e-05
0.88 2.00106409726e-08 5.56348934264e-05
0.88 2.00109174317e-08 6.78496178939e-05
0.88 2.00105948964e-08 7.62150007656e-05
0.88 2.00109635086e-08 8.84310143485e-05
0.88 2.00105488204e-08 9.67949239534e-05
0.88 2.00110095856e-08 0.000109012594951
0.88 2.00105027444e-08 0.00011737466299
lowest error 0.89 1.44505041817e-06
0.89 1.44505041817e-06 1.53430412726e-05
0.89 1.44504709082e-06 9.45725486319e-05
0.89 1.44505374553e-06 0.000125253378595
0.89 1.44504376348e-06 0.000204493391273
0.89 1.44505707289e-06 0.000235158463585
0.89 1.44504043615e-06 0.000314419487096
0.89 1.44506040026e-06 0.000345058296496
0.89 1.44503710883e-06 0.000424350836256
0.89 1.44506372764e-06 0.000454952877576
0.89 1.44503378151e-06 0.000534287439002
0.89 1.44506705502e-06 0.00056484220698
0.89 1.4450304542e-06 0.000644229295586
lowest error 0.89 2.03285311702e-08
0.89 2.03285311702e-08 1.08879981786e-06
0.89 2.03284843621e-08 1.96045432665e-05
0.89 2.03285779785e-08 2.17823290658e-05
0.89 2.03284375541e-08 4.0297700171e-05
0.89 2.03286247868e-08 4.2476044515e-05
0.89 2.03283907462e-08 6.09906708968e-05
0.89 2.03286715952e-08 6.316994615e-05
0.89 2.03283439384e-08 8.16834554458e-05
0.89 2.03287184038e-08 8.3864033972e-05
0.89 2.03282971307e-08 0.00010237605382
0.89 2.03287652124e-08 0.000104558307982
0.89 2.03282503231e-08 0.000123068466021
lowest error 0.9 1.44852835182e-06
0.9 1.44852835182e-06 5.72573909041e-05
0.9 1.44853168718e-06 8.02260912125e-05
0.9 1.44852501646e-06 0.000194749091442
0.9 1.44853502255e-06 0.0002177013554
0.9 1.44852168111e-06 0.000332249010891
0.9 1.44853835793e-06 0.000355168402028
0.9 1.44851834577e-06 0.000469757149744
0.9 1.44854169332e-06 0.00049262723183
0.9 1.44851501044e-06 0.000607273508368
0.9 1.44854502871e-06 0.000630077845177
0.9 1.44851167511e-06 0.0007447980875
0.9 1.44854836411e-06 0.000767520242559
lowest error 0.9 2.11728831151e-08
0.9 2.11728831151e-08 7.99697959097e-06
0.9 2.11729318675e-08 1.30794494559e-05
0.9 2.11728343628e-08 2.90732155017e-05
0.9 2.11729806201e-08 3.41560716408e-05
0.9 2.11727856106e-08 5.01492582776e-05
0.9 2.11730293727e-08 5.52328869654e-05
0.9 2.11727368585e-08 7.12251079027e-05
0.9 2.11730781255e-08 7.63098954129e-05
0.9 2.11726881065e-08 9.23007644151e-05
0.9 2.11731268783e-08 9.73870970227e-05
0.9 2.11726393547e-08 0.000113376227799
0.9 2.11731756313e-08 0.000118464491777
lowest error 0.95 1.47600218366e-06
0.95 1.47600218366e-06 2.51894150205e-05
0.95 1.47599878504e-06 0.000121263545404
0.95 1.47600558228e-06 0.000171633050516
0.95 1.47599538643e-06 0.000267725831353
0.95 1.47600898091e-06 0.000318067361545
0.95 1.47599198783e-06 0.000414197443419
0.95 1.47601237955e-06 0.000464492348961
0.95 1.47598858924e-06 0.000560678382197
0.95 1.4760157782e-06 0.000610908013229
0.95 1.47598519065e-06 0.00070716864815
0.95 1.47601917686e-06 0.000757314354941
0.95 1.47598179207e-06 0.000853668242131
lowest error 0.95 2.38275834924e-08
0.95 2.38275834924e-08 2.88025700179e-07
0.95 2.38276383575e-08 2.21643405887e-05
0.95 2.38275286275e-08 2.27401728137e-05
0.95 2.38276932228e-08 4.46169260355e-05
0.95 2.38274737626e-08 4.51921007536e-05
0.95 2.38277480881e-08 6.70697306817e-05
0.95 2.38274188979e-08 6.76438095222e-05
0.95 2.38278029536e-08 8.95227545104e-05
0.95 2.38273640333e-08 9.00952991216e-05
0.95 2.38278578192e-08 0.000111975997523
0.95 2.38273091688e-08 0.000112546569554
0.95 2.38279126849e-08 0.000134429459722
lowest error 1.5 5.81424060784e-07
1.5 5.81424060784e-07 1.3205719338e-05
1.5 5.81425399564e-07 4.27754287453e-05
1.5 5.81422722007e-07 6.91882300075e-05
1.5 5.81426738347e-07 9.87552142768e-05
1.5 5.81421383234e-07 0.000125172103295
1.5 5.81428077133e-07 0.000154733637288
1.5 5.81420044463e-07 0.000181157339186
1.5 5.81429415922e-07 0.000210710697814
1.5 5.81418705695e-07 0.000237143937811
1.5 5.81430754715e-07 0.000266686395836
1.5 5.81417366931e-07 0.000293131899155
1.5 5.8143209351e-07 0.000322660731488
lowest error 1.5 3.15695215487e-08
1.5 3.15695215487e-08 6.2866886128e-06
1.5 3.15695942403e-08 1.45281506825e-05
1.5 3.15694488573e-08 2.71013395365e-05
1.5 3.1569666932e-08 3.53431783511e-05
1.5 3.1569376166e-08 4.79158020714e-05
1.5 3.1569739624e-08 5.61583943943e-05
1.5 3.15693034749e-08 6.8730076257e-05
1.5 3.15698123161e-08 7.69737988149e-05
1.5 3.1569230784e-08 8.95441620758e-05
1.5 3.15698850083e-08 9.77893915954e-05
1.5 3.15691580932e-08 0.00011035805953
1.5 3.15699577008e-08 0.000118605172774
lowest error 1.6 5.07772293515e-07
1.6 5.07772293515e-07 9.95657221647e-06
1.6 5.07773462705e-07 4.73705266804e-05
1.6 5.07771124327e-07 6.72851000614e-05
1.6 5.07774631898e-07 0.000104696196766
1.6 5.07769955143e-07 0.00012461505684
1.6 5.07775801094e-07 0.000162020438026
1.6 5.0776878596e-07 0.000181946442586
1.6 5.07776970292e-07 0.000219343250496
1.6 5.07767616781e-07 0.000239279257337
1.6 5.07778139493e-07 0.00027666463421
1.6 5.07766447604e-07 0.000296613501127
1.6 5.07779308697e-07 0.000333984589205
lowest error 1.6 3.26678836398e-08
1.6 3.26678836398e-08 2.29945856445e-06
1.6 3.26678084193e-08 1.6406100309e-05
1.6 3.26679588605e-08 2.10051695682e-05
1.6 3.2667733199e-08 3.51115070529e-05
1.6 3.26680340813e-08 3.97110326871e-05
1.6 3.26676579789e-08 5.38167616679e-05
1.6 3.26681093024e-08 5.84170479563e-05
1.6 3.26675827589e-08 7.25218641571e-05
1.6 3.26681845235e-08 7.71232153589e-05
1.6 3.26675075391e-08 9.12268145199e-05
1.6 3.26682597449e-08 9.58295348976e-05
1.6 3.26674323195e-08 0.000109931612742
lowest error 1.7 4.33496903873e-07
1.7 4.33496903873e-07 1.66337962537e-05
1.7 4.33495905711e-07 3.67813558135e-05
1.7 4.33497902038e-07 7.00477078279e-05
1.7 4.33494907551e-07 9.01977484018e-05
1.7 4.33498900205e-07 0.000123460378891
1.7 4.33493909393e-07 0.00014361538154
1.7 4.33499898374e-07 0.000176871809567
1.7 4.33492911238e-07 0.000197034255258
1.7 4.33500896546e-07 0.000230281999837
1.7 4.33491913084e-07 0.000250454369584
1.7 4.33501894719e-07 0.000283690949729
1.7 4.33490914933e-07 0.000303875724498
lowest error 1.7 3.41417674575e-08
1.7 3.41417674575e-08 8.36179124164e-06
1.7 3.41418460719e-08 9.28947564116e-06
1.7 3.41416888433e-08 2.60129226768e-05
1.7 3.41419246865e-08 2.69408780036e-05
1.7 3.41416102292e-08 4.36639186487e-05
1.7 3.41420033013e-08 4.45924158319e-05
1.7 3.41415316154e-08 6.13147791597e-05
1.7 3.41420819163e-08 6.22440891269e-05
1.7 3.41414530017e-08 7.89655042102e-05
1.7 3.41421605314e-08 7.98958978891e-05
1.7 3.41413743881e-08 9.66160938014e-05
1.7 3.41422391467e-08 9.75478421203e-05
lowest error 1.8 4.02247172488e-07
1.8 4.02247172488e-07 1.74402222188e-05
1.8 4.02246246281e-07 3.97594485251e-05
1.8 4.02248098697e-07 7.46384704633e-05
1.8 4.02245320076e-07 9.69605417502e-05
1.8 4.02249024909e-07 0.000131835296246
1.8 4.02244393873e-07 0.000154163057597
1.8 4.02249951123e-07 0.000189030699601
1.8 4.02243467672e-07 0.000211366996047
1.8 4.02250877338e-07 0.000246224680565
1.8 4.02242541473e-07 0.000268572357137
1.8 4.02251803556e-07 0.000303417239171
1.8 4.02241615276e-07 0.000325779140903
lowest error 1.8 3.59260938441e-08
1.8 3.59260938441e-08 6.35943969085e-06
1.8 3.59260111213e-08 1.14078518054e-05
1.8 3.59261765671e-08 2.41268684391e-05
1.8 3.59259283987e-08 2.91750060515e-05
1.8 3.59262592903e-08 4.18944344238e-05
1.8 3.59258456763e-08 4.69420230487e-05
1.8 3.59263420136e-08 5.96621376778e-05
1.8 3.59257629541e-08 6.47089027974e-05
1.8 3.59264247372e-08 7.74299781865e-05
1.8 3.59256802321e-08 8.24756452831e-05
1.8 3.59265074609e-08 9.51979559503e-05
1.8 3.59255975102e-08 0.000100242250539
lowest error 1.9 3.88247796885e-07
1.9 3.88247796885e-07 8.9604417739e-06
1.9 3.88248690859e-07 2.91214935983e-05
1.9 3.88246902912e-07 4.70430076573e-05
1.9 3.88249584836e-07 6.72027984367e-05
1.9 3.88246008942e-07 8.51262041288e-05
1.9 3.88250478815e-07 0.000105283472752
1.9 3.88245114973e-07 0.000123210031166
1.9 3.88251372796e-07 0.000143363516554
1.9 3.88244221007e-07 0.000161294488779
1.9 3.88252266778e-07 0.000181442929853
1.9 3.88243327042e-07 0.000199379576978
1.9 3.88253160763e-07 0.000219521712626
lowest error 1.9 3.83815933669e-08
1.9 3.83815933669e-08 1.8116848457e-06
1.9 3.83815049901e-08 1.61405733925e-05
1.9 3.83816817438e-08 1.97640832087e-05
1.9 3.83814166135e-08 3.40926915081e-05
1.9 3.8381770121e-08 3.77166216969e-05
1.9 3.83813282371e-08 5.20446694852e-05
1.9 3.83818584984e-08 5.56693003109e-05
1.9 3.83812398609e-08 6.9996507357e-05
1.9 3.8381946876e-08 7.36221190372e-05
1.9 3.8381151485e-08 8.79482051093e-05
1.9 3.83820352538e-08 9.15750779078e-05
1.9 3.83810631092e-08 0.000105899762743
lowest error 2.0 3.44233394919e-07
2.0 3.44233394919e-07 9.2591494294e-07
2.0 3.44232602294e-07 4.11608710311e-05
2.0 3.44234187547e-07 4.30119308019e-05
2.0 3.4423180967e-07 8.32484270981e-05
2.0 3.44234980176e-07 8.50971765591e-05
2.0 3.44231017048e-07 0.000125336753345
2.0 3.44235772808e-07 0.000127181652228
2.0 3.44230224427e-07 0.000167425849751
2.0 3.44236565441e-07 0.000169265357825
2.0 3.44229431809e-07 0.000209515716328
2.0 3.44237358076e-07 0.000211348293325
2.0 3.44228639192e-07 0.000251606353092
lowest error 2.0 3.9307823743e-08
2.0 3.9307823743e-08 3.01633992894e-07
2.0 3.93077332335e-08 1.80109371395e-05
2.0 3.93079142527e-08 1.86143509318e-05
2.0 3.93076427242e-08 3.63233624516e-05
2.0 3.93080047626e-08 3.69272136771e-05
2.0 3.93075522151e-08 5.46356419764e-05
2.0 3.93080952728e-08 5.52402222298e-05
2.0 3.93074617062e-08 7.29477756996e-05
2.0 3.93081857831e-08 7.35533765917e-05
2.0 3.93073711976e-08 9.12597636211e-05
2.0 3.93082762937e-08 9.1866676748e-05
2.0 3.93072806891e-08 0.000109571605743
lowest error 2.1 3.09825386399e-07
2.1 3.09825386399e-07 1.16010866953e-05
2.1 3.09824673001e-07 1.66227170348e-05
2.1 3.098260998e-07 3.98245440874e-05
2.1 3.09823959604e-07 4.48468671075e-05
2.1 3.09826813201e-07 6.80476551462e-05
2.1 3.09823246209e-07 7.30713635262e-05
2.1 3.09827526605e-07 9.62704198497e-05
2.1 3.09822532815e-07 0.000101296206271
2.1 3.0982824001e-07 0.000124492838254
2.1 3.09821819423e-07 0.000129521395395
2.1 3.09828953417e-07 0.000152714910337
2.1 3.09821106033e-07 0.000157746930879
lowest error 2.1 4.10539548165e-08
2.1 4.10539548165e-08 1.01126205632e-06
2.1 4.10540493468e-08 1.60924273587e-05
2.1 4.10538602864e-08 1.81148242979e-05
2.1 4.10541438774e-08 3.31962439781e-05
2.1 4.10537657565e-08 3.52182593515e-05
2.1 4.10542384082e-08 5.03001877892e-05
2.1 4.10536712268e-08 5.23215672179e-05
2.1 4.10543329391e-08 6.74042587909e-05
2.1 4.10535766973e-08 6.94247478989e-05
2.1 4.10544274703e-08 8.4508456986e-05
2.1 4.10534821681e-08 8.65278013946e-05
2.1 4.10545220018e-08 0.000101612782374
lowest error 2.2 2.66285182074e-07
2.2 2.66285182074e-07 1.519036006e-05
2.2 2.6628456893e-07 1.67049807809e-05
2.2 2.66285795219e-07 4.70852585663e-05
2.2 2.66283955788e-07 4.86007639342e-05
2.2 2.66286408365e-07 7.89797147998e-05
2.2 2.66283342647e-07 8.04969894075e-05
2.2 2.66287021513e-07 0.000110873728739
2.2 2.66282729508e-07 0.000112393657205
2.2 2.66287634662e-07 0.00014276730039
2.2 2.6628211637e-07 0.000144290767334
2.2 2.66288247813e-07 0.000174660429759
2.2 2.66281503233e-07 0.000176188319772
lowest error 2.2 4.26595234861e-08
2.2 4.26595234861e-08 6.8083955056e-06
2.2 4.26594252591e-08 1.02640599122e-05
2.2 4.26596217134e-08 2.38809776336e-05
2.2 4.26593270322e-08 2.73363886043e-05
2.2 4.2659719941e-08 4.09536865043e-05
2.2 4.26592288056e-08 4.4408590572e-05
2.2 4.26598181687e-08 5.80265221033e-05
2.2 4.26591305792e-08 6.1480665817e-05
2.2 4.26599163967e-08 7.50994844303e-05
2.2 4.2659032353e-08 7.85526143394e-05
2.2 4.26600146249e-08 9.21725734879e-05
2.2 4.26589341271e-08 9.56244361254e-05
lowest error 2.3 2.48134413333e-07
2.3 2.48134413333e-07 8.25475097299e-06
2.3 2.48133841983e-07 1.59162296902e-05
2.3 2.48134984684e-07 3.24254776225e-05
2.3 2.48133270634e-07 4.00874643702e-05
2.3 2.48135556037e-07 5.65959502392e-05
2.3 2.48132699287e-07 6.42589530697e-05
2.3 2.4813612739e-07 8.07661688684e-05
2.3 2.48132127941e-07 8.84306957913e-05
2.3 2.48136698746e-07 0.000104936133491
2.3 2.48131556596e-07 0.000112602692516
2.3 2.48137270102e-07 0.000129105844112
2.3 2.48130985253e-07 0.000136774943289
lowest error 2.3 4.53295074453e-08
2.3 4.53295074453e-08 2.97783330971e-06
2.3 4.53294030704e-08 1.30906348761e-05
2.3 4.53296118205e-08 1.90464137693e-05
2.3 4.53292986957e-08 2.9158990817e-05
2.3 4.53297161959e-08 3.51151064892e-05
2.3 4.53291943213e-08 4.52272345002e-05
2.3 4.53298205716e-08 5.11839114701e-05
2.3 4.53290899471e-08 6.1295365926e-05
2.3 4.53299249475e-08 6.72528287136e-05
2.3 4.53289855731e-08 7.7363385095e-05
2.3 4.53300293236e-08 8.33218582192e-05
2.3 4.53288811994e-08 9.34312920085e-05
lowest error 2.4 2.19379478621e-07
2.4 2.19379478621e-07 5.41656651309e-06
2.4 2.19379983761e-07 2.1695402713e-05
2.4 2.19378973481e-07 3.25288553324e-05
2.4 2.19380488903e-07 4.88070523486e-05
2.4 2.19378468343e-07 5.96414637504e-05
2.4 2.19380994046e-07 7.5918382374e-05
2.4 2.19377963206e-07 8.67543917686e-05
2.4 2.1938149919e-07 0.000103029392841
2.4 2.1937745807e-07 0.000113867639369
2.4 2.19382004335e-07 0.00013014008373
2.4 2.19376952936e-07 0.000140981206601
2.4 2.19382509481e-07 0.000157250455043
lowest error 2.4 4.71043483431e-08
2.4 4.71043483431e-08 6.12448275206e-06
2.4 4.71042398814e-08 9.04817083658e-06
2.4 4.7104456805e-08 2.12972364446e-05
2.4 4.710413142e-08 2.4220724347e-05
2.4 4.71045652671e-08 3.647009023e-05
2.4 4.71040229589e-08 3.93931777678e-05
2.4 4.71046737295e-08 5.16430441078e-05
2.4 4.7103914498e-08 5.45655310988e-05
2.4 4.71047821921e-08 6.68160980788e-05
2.4 4.71038060373e-08 6.97377843415e-05
2.4 4.7104890655e-08 8.1989252144e-05
2.4 4.71036975769e-08 8.49099374953e-05
lowest error 2.5 2.03431405673e-07
2.5 2.03431405673e-07 8.75105628095e-06
2.5 2.03431874091e-07 2.06403515959e-05
2.5 2.03430937255e-07 3.8142839724e-05
2.5 2.03432342511e-07 5.00313838852e-05
2.5 2.03430468839e-07 6.75349987906e-05
2.5 2.03432810932e-07 7.94220405909e-05
2.5 2.03430000423e-07 9.69275334586e-05
2.5 2.03433279354e-07 0.000108812321719
2.5 2.03429532009e-07 0.000126320443735
2.5 2.03433747777e-07 0.000138202227274
2.5 2.03429063596e-07 0.000155713729622
2.5 2.03434216201e-07 0.000167591757235
lowest error 2.5 4.92861619776e-08
2.5 4.92861619776e-08 6.41902738652e-06
2.5 4.92862754633e-08 9.14224389525e-06
2.5 4.92860484922e-08 2.1980193385e-05
2.5 4.92863889493e-08 2.47036204475e-05
2.5 4.9285935007e-08 3.75412541e-05
2.5 4.92865024355e-08 4.02651022986e-05
2.5 4.9285821522e-08 5.31022095331e-05
2.5 4.9286615922e-08 5.58266894348e-05
2.5 4.92857080374e-08 6.86630596851e-05
2.5 4.92867294088e-08 7.13883818584e-05
2.5 4.9285594553e-08 8.4223804556e-05
2.5 4.92868428958e-08 8.69501795684e-05
lowest error 2.6 1.80549795143e-07
2.6 1.80549795143e-07 5.87484632497e-06
2.6 1.80550210875e-07 1.37519737691e-05
2.6 1.80549379412e-07 2.55018339037e-05
2.6 1.80550626607e-07 3.33786263624e-05
2.6 1.80548963682e-07 4.51289889685e-05
2.6 1.80551042341e-07 5.3005111492e-05
2.6 1.80548547953e-07 6.47563115206e-05
2.6 1.80551458076e-07 7.26314291413e-05
2.6 1.80548132226e-07 8.43838015609e-05
2.6 1.80551873811e-07 9.22575793116e-05
2.6 1.80547716499e-07 0.000104011459074
2.6 1.80552289548e-07 0.000111883562005
lowest error 2.6 5.3716659848e-08
2.6 5.3716659848e-08 1.01265507135e-06
2.6 5.37165361609e-08 1.19506858334e-05
2.6 5.37167835353e-08 1.39760690523e-05
2.6 5.37164124742e-08 2.4913953685e-05
2.6 5.37169072229e-08 2.69395560983e-05
2.6 5.37162887877e-08 3.78771484724e-05
2.6 5.37170309108e-08 3.99031162099e-05
2.6 5.37161651015e-08 5.08402701964e-05
2.6 5.3717154599e-08 5.28667493875e-05
2.6 5.37160414156e-08 6.38033188571e-05
2.6 5.37172782874e-08 6.5830455632e-05
2.6 5.371591773e-08 7.67662944554e-05
lowest error 2.7 1.65021298455e-07
2.7 1.65021298455e-07 7.94003206428e-06
2.7 1.65021678431e-07 1.30390694002e-05
2.7 1.6502091848e-07 2.8919324869e-05
2.7 1.65022058408e-07 3.4017979508e-05
2.7 1.65020538506e-07 4.98988090527e-05
2.7 1.65022438386e-07 5.49966982604e-05
2.7 1.65020158533e-07 7.08784845989e-05
2.7 1.65022818365e-07 7.59752256587e-05
2.7 1.6501977856e-07 9.18583515088e-05
2.7 1.65023198344e-07 9.69535617052e-05
2.7 1.65019398588e-07 0.000112838409784
2.7 1.65023578325e-07 0.000117931706384
lowest error 2.7 5.72781523142e-08
2.7 5.72781523142e-08 4.59783440299e-06
2.7 5.72780204265e-08 6.71207437763e-06
2.7 5.72782842022e-08 1.59077987982e-05
2.7 5.72778885392e-08 1.80219275432e-05
2.7 5.72784160904e-08 2.72178187988e-05
2.7 5.72777566521e-08 2.93317250946e-05
2.7 5.7278547979e-08 3.85278944246e-05
2.7 5.72776247653e-08 4.06414670313e-05
2.7 5.72786798679e-08 4.98380256664e-05
2.7 5.72774928789e-08 5.19511533446e-05
2.7 5.72788117571e-08 6.11482125241e-05
2.7 5.72773609927e-08 6.32607840543e-05
lowest error 2.8 1.45534849128e-07
2.8 1.45534849128e-07 2.26564230843e-06
2.8 1.45535184234e-07 9.70025262115e-06
2.8 1.45534514022e-07 1.42315994918e-05
2.8 1.45535519342e-07 2.16660852974e-05
2.8 1.45534178916e-07 2.61976189289e-05
2.8 1.4553585445e-07 3.36318557106e-05
2.8 1.45533843812e-07 3.81637006206e-05
2.8 1.45536189559e-07 4.55975638816e-05
2.8 1.45533508708e-07 5.01298445559e-05
2.8 1.45536524669e-07 5.75632098001e-05
2.8 1.45533173605e-07 6.20960507565e-05
2.8 1.4553685978e-07 6.95287934667e-05
lowest error 2.8 6.33462630663e-08
2.8 6.33462630663e-08 2.74627918717e-06
2.8 6.33464089266e-08 4.45778143821e-06
2.8 6.33461172063e-08 9.95031724171e-06
2.8 6.33465547873e-08 1.16618646278e-05
2.8 6.33459713467e-08 1.71543327379e-05
2.8 6.33467006483e-08 1.88659703824e-05
2.8 6.33458254873e-08 2.43583256698e-05
2.8 6.33468465096e-08 2.60700987016e-05
2.8 6.33456796283e-08 3.15622960372e-05
2.8 6.33469923713e-08 3.32742495859e-05
2.8 6.33455337697e-08 3.87662438408e-05
2.8 6.33471382333e-08 4.04784230281e-05
lowest error 2.9 1.27296950527e-07
2.9 1.27296950527e-07 5.55766638266e-06
2.9 1.27296657415e-07 6.07323780111e-06
2.9 1.2729724364e-07 1.71885117504e-05
2.9 1.27296364304e-07 1.77042008014e-05
2.9 1.27297536753e-07 2.88192983016e-05
2.9 1.27296071194e-07 2.93352226084e-05
2.9 1.27297829866e-07 4.04500260371e-05
2.9 1.27295778084e-07 4.0966303243e-05
2.9 1.27298122981e-07 5.20806949571e-05
2.9 1.27295484975e-07 5.25974426946e-05
2.9 1.27298416096e-07 6.37113050521e-05
2.9 1.27295191867e-07 6.42286409644e-05
lowest error 2.9 7.17510068979e-08
2.9 7.17510068979e-08 1.01969856114e-07
2.9 7.17511721109e-08 6.6660465623e-06
2.9 7.17508416853e-08 6.8699663589e-06
2.9 7.17513373242e-08 1.34340828963e-05
2.9 7.1750676473e-08 1.36379429398e-05
2.9 7.1751502538e-08 2.0202139146e-05
2.9 7.17505112612e-08 2.04058996114e-05
2.9 7.17516677521e-08 2.69702153113e-05
2.9 7.17503460497e-08 2.71738363677e-05
2.9 7.17518329666e-08 3.37383113869e-05
2.9 7.17501808386e-08 3.39417532085e-05
2.9 7.17519981815e-08 4.05064273838e-05
