lowest error 0.002 0.0013978771311
0.002 0.0013978771311 1.26304460109e-05
0.002 0.00139787391237 0.000259940193612
0.002 0.00139788034983 0.000285168787368
0.002 0.00139787069365 0.000532543135629
0.002 0.00139788356858 0.000557674834097
0.002 0.00139786747494 0.000805178383681
0.002 0.00139788678733 0.00083014858997
0.002 0.00139786425623 0.00107784594154
0.002 0.00139789000608 0.00110259005902
0.002 0.00139786103754 0.00135054581324
0.002 0.00139789322485 0.00137499924496
0.002 0.00139785781885 0.0016232780025
lowest error 0.002 9.9743361385e-08
0.002 9.9743361385e-08 6.35248224112e-06
0.002 9.97431317177e-08 1.49153432907e-05
0.002 9.97435910529e-08 2.76205044161e-05
0.002 9.97429020509e-08 3.61829721625e-05
0.002 9.97438207212e-08 4.88887232741e-05
0.002 9.97426723847e-08 5.74504043751e-05
0.002 9.97440503901e-08 7.01571387989e-05
0.002 9.9742442719e-08 7.87176399308e-05
0.002 9.97442800596e-08 9.14257509907e-05
0.002 9.97422130538e-08 9.99846788314e-05
0.002 9.97445097295e-08 0.000112694559852
0.002 9.97419833891e-08 0.00012125152106
lowest error 0.005 0.000548322415162
0.005 0.000548322415162 6.13357153076e-05
0.005 0.000548323677722 0.000108558854578
0.005 0.000548321152604 0.000231242835423
0.005 0.000548324940286 0.000278440875087
0.005 0.00054831989005 0.000401162506629
0.005 0.000548326202852 0.000448310347295
0.005 0.000548318627498 0.000571094729984
0.005 0.000548327465421 0.000618167272065
0.005 0.000548317364949 0.00074103950635
0.005 0.000548328727993 0.000788011650228
0.005 0.000548316102403 0.000910996836579
0.005 0.000548329990568 0.000957843482872
lowest error 0.005 6.18302496444e-08
0.005 6.18302496444e-08 8.8620782992e-06
0.005 6.18301072752e-08 1.16629381757e-05
0.005 6.1830392014e-08 2.93872779396e-05
0.005 6.18299649063e-08 3.21877714882e-05
0.005 6.18305343839e-08 4.99126607454e-05
0.005 6.18298225377e-08 5.27124216396e-05
0.005 6.18306767541e-08 7.04382267012e-05
0.005 6.18296801694e-08 7.32368886127e-05
0.005 6.18308191247e-08 9.09639758442e-05
0.005 6.18295378015e-08 9.37611724465e-05
0.005 6.18309614956e-08 0.000111489908158
0.005 6.18293954339e-08 0.000114285273124
lowest error 0.01 0.000477046814308
0.01 0.000477046814308 9.60796748872e-06
0.01 0.00047704791275 7.45469897576e-05
0.01 0.000477045715868 9.37660040226e-05
0.01 0.000477049011194 0.000158698867894
0.01 0.000477044617431 0.000177927119924
0.01 0.000477050109642 0.000242847667002
0.01 0.000477043518996 0.000262091315273
0.01 0.000477051208091 0.000326993387154
0.01 0.000477042420564 0.000346258590243
0.01 0.000477052306544 0.00041113602854
0.01 0.000477041322135 0.000430428944929
0.01 0.000477053404998 0.000495275591239
lowest error 0.01 4.53975065537e-08
0.01 4.53975065537e-08 1.20021272192e-05
0.01 4.53976110854e-08 1.31618912529e-05
0.01 4.53974020222e-08 3.71658703764e-05
0.01 4.53977156174e-08 3.8326185043e-05
0.01 4.53972974909e-08 6.23293382214e-05
0.01 4.53978201496e-08 6.34907541315e-05
0.01 4.53971929599e-08 8.74925307577e-05
0.01 4.53979246821e-08 8.8655598566e-05
0.01 4.53970884291e-08 0.000112655447966
0.01 4.53980292148e-08 0.000113820718327
0.01 4.53969838986e-08 0.000137818089894
0.01 4.53981337478e-08 0.000138986113419
lowest error 0.05 6.45217294847e-05
0.05 6.45217294847e-05 4.64376060139e-05
0.05 6.45215809181e-05 0.000182105733738
0.05 6.45218780516e-05 0.000274958237971
0.05 6.45214323518e-05 0.000410671783537
0.05 6.45220266189e-05 0.00050345616419
0.05 6.45212837859e-05 0.000639260545642
0.05 6.45221751865e-05 0.00073193138733
0.05 6.45211352203e-05 0.000867872022309
0.05 6.45223237545e-05 0.000960383909449
0.05 6.45209866551e-05 0.0010965062158
0.05 6.45224723228e-05 0.0011888137328
0.05 6.45208380902e-05 0.00132516312816
lowest error 0.05 2.20300255075e-08
0.05 2.20300255075e-08 6.80394653774e-06
0.05 2.20299747816e-08 1.20923834799e-05
0.05 2.20300762336e-08 2.57004318045e-05
0.05 2.20299240557e-08 3.09885582506e-05
0.05 2.20301269598e-08 4.45970723053e-05
0.05 2.202987333e-08 4.98845777743e-05
0.05 2.20301776861e-08 6.34938680748e-05
0.05 2.20298226044e-08 6.87804420521e-05
0.05 2.20302284125e-08 8.23908190974e-05
0.05 2.20297718789e-08 8.76761510855e-05
0.05 2.2030279139e-08 0.000101287925374
0.05 2.20297211536e-08 0.00010657170486
lowest error 0.1 3.07400096855e-05
0.1 3.07400096855e-05 7.25171734186e-05
0.1 3.07399389041e-05 7.35600777704e-05
0.1 3.0740080467e-05 0.000218585147268
0.1 3.07398681228e-05 0.000219646606888
0.1 3.07401512488e-05 0.000364643844367
0.1 3.07397973417e-05 0.000365742414394
0.1 3.07402220307e-05 0.000510693265305
0.1 3.07397265608e-05 0.000511847501136
0.1 3.07402928127e-05 0.000656733410541
0.1 3.07396557801e-05 0.000657961867576
0.1 3.0740363595e-05 0.000802764280924
0.1 3.07395849995e-05 0.000804085514302
lowest error 0.1 2.26289290101e-08
0.1 2.26289290101e-08 6.47266528375e-06
0.1 2.26288769052e-08 1.60723930351e-05
0.1 2.26289811152e-08 2.90179446152e-05
0.1 2.26288248003e-08 3.86172303837e-05
0.1 2.26290332204e-08 5.15634449414e-05
0.1 2.26287726956e-08 6.11618467432e-05
0.1 2.26290853258e-08 7.41091662646e-05
0.1 2.2628720591e-08 8.37062421168e-05
0.1 2.26291374312e-08 9.6655108587e-05
0.1 2.26286684865e-08 0.000106250416507
0.1 2.26291895368e-08 0.000119201271911
0.1 2.26286163821e-08 0.000128794369914
lowest error 0.15 1.96625119692e-05
0.15 1.96625119692e-05 4.57447745288e-05
0.15 1.96624666946e-05 6.45047679377e-05
0.15 1.96625572438e-05 0.000155989032378
0.15 1.96624214202e-05 0.000174759595178
0.15 1.96626025186e-05 0.000266228005863
0.15 1.96623761458e-05 0.00028501970764
0.15 1.96626477935e-05 0.000376461695236
0.15 1.96623308716e-05 0.00039528510548
0.15 1.96626930684e-05 0.000486690100752
0.15 1.96622855975e-05 0.000505555788951
0.15 1.96627383435e-05 0.000596913222565
0.15 1.96622403234e-05 0.000615831758306
lowest error 0.15 2.57867731663e-08
0.15 2.57867731663e-08 8.59894836758e-06
0.15 2.57867137902e-08 1.70196840643e-05
0.15 2.57868325426e-08 3.42178661561e-05
0.15 2.57866544141e-08 4.26380311431e-05
0.15 2.57868919191e-08 5.98370693039e-05
0.15 2.57865950382e-08 6.82560928724e-05
0.15 2.57869512957e-08 8.54565578137e-05
0.15 2.57865356625e-08 9.38738692322e-05
0.15 2.57870106724e-08 0.000111076331667
0.15 2.57864762868e-08 0.000119491360272
0.15 2.57870700492e-08 0.000136696390912
0.15 2.57864169113e-08 0.00014510856597
lowest error 0.2 1.44684164255e-05
0.2 1.44684164255e-05 7.07477370376e-06
0.2 1.44683831108e-05 0.000140275007405
0.2 1.44684497403e-05 0.000154415115276
0.2 1.44683497962e-05 0.000287634228526
0.2 1.44684830552e-05 0.000301746018179
0.2 1.44683164816e-05 0.000435002890262
0.2 1.44685163701e-05 0.000449067482884
0.2 1.44682831671e-05 0.000582380993219
0.2 1.44685496852e-05 0.000596379509998
0.2 1.44682498527e-05 0.000729768538
0.2 1.44685830003e-05 0.000743682100123
0.2 1.44682165383e-05 0.000877165525081
lowest error 0.2 2.25595794823e-08
0.2 2.25595794823e-08 4.22068738093e-06
0.2 2.25596314277e-08 1.39376624739e-05
0.2 2.2559527537e-08 2.2378893878e-05
0.2 2.25596833732e-08 3.20961556888e-05
0.2 2.25594755918e-08 4.05369570182e-05
0.2 2.25597353189e-08 5.02547922636e-05
0.2 2.25594236468e-08 5.86948767869e-05
0.2 2.25597872647e-08 6.84135722002e-05
0.2 2.25593717018e-08 7.68526532164e-05
0.2 2.25598392105e-08 8.65724954835e-05
0.2 2.2559319757e-08 9.50102862927e-05
0.2 2.25598911566e-08 0.000104731562146
lowest error 0.25 8.67387182039e-06
0.25 8.67387182039e-06 4.80721206886e-06
0.25 8.67389179274e-06 0.000142762395912
0.25 8.67385184809e-06 0.000152386288805
0.25 8.67391176514e-06 0.00029032253561
0.25 8.67383187583e-06 0.000299974834906
0.25 8.67393173758e-06 0.000437873207899
0.25 8.67381190362e-06 0.000447572850979
0.25 8.67395171007e-06 0.000585414413254
0.25 8.67379193145e-06 0.000595180337633
0.25 8.67397168261e-06 0.000732946152279
0.25 8.67377195933e-06 0.000742797295344
0.25 8.67399165519e-06 0.000880468425588
lowest error 0.25 1.8108063134e-08
0.25 1.8108063134e-08 7.22208476844e-06
0.25 1.81080214387e-08 1.04327539892e-05
0.25 1.81081048294e-08 2.48770590452e-05
0.25 1.81079797435e-08 2.80874572285e-05
0.25 1.81081465249e-08 4.25321688433e-05
0.25 1.81079380484e-08 4.57420249349e-05
0.25 1.81081882205e-08 6.01874141619e-05
0.25 1.81078963534e-08 6.33964571404e-05
0.25 1.81082299162e-08 7.78427950041e-05
0.25 1.81078546584e-08 8.10507538307e-05
0.25 1.8108271612e-08 9.54983113535e-05
0.25 1.81078129636e-08 9.87049150067e-05
lowest error 0.3 6.82326125114e-06
0.3 6.82326125114e-06 5.91432845987e-05
0.3 6.82324554002e-06 9.5277719514e-05
0.3 6.8232769623e-06 0.000213553921381
0.3 6.82322982893e-06 0.000249709091654
0.3 6.82329267349e-06 0.000367954191395
0.3 6.82321411789e-06 0.000404150832515
0.3 6.82330838472e-06 0.000522344095605
0.3 6.82319840687e-06 0.000558602942794
0.3 6.82332409599e-06 0.000676723634575
0.3 6.8231826959e-06 0.000713065423189
0.3 6.82333980729e-06 0.000831092808999
0.3 6.82316698496e-06 0.000867538274255
lowest error 0.3 1.75290346698e-08
0.3 1.75290346698e-08 4.38814328207e-06
0.3 1.75290750319e-08 1.95958983293e-05
0.3 1.75289943077e-08 2.8371934794e-05
0.3 1.75291153942e-08 4.35801900438e-05
0.3 1.75289539458e-08 5.23554761878e-05
0.3 1.75291557565e-08 6.75647318626e-05
0.3 1.75289135839e-08 7.63387675082e-05
0.3 1.75291961189e-08 9.1549523789e-05
0.3 1.75288732222e-08 0.000100321808737
0.3 1.75292364814e-08 0.000115534565825
0.3 1.75288328605e-08 0.000124304599876
0.3 1.7529276844e-08 0.000139519857954
lowest error 0.35 5.5976017928e-06
0.35 5.5976017928e-06 2.44487825318e-05
0.35 5.59761468177e-06 0.000124776522707
0.35 5.59758890386e-06 0.000173683769985
0.35 5.59762757077e-06 0.000273992146226
0.35 5.59757601495e-06 0.000322928440548
0.35 5.5976404598e-06 0.000423198088654
0.35 5.59756312607e-06 0.000472182794715
0.35 5.59765334886e-06 0.000572394350618
0.35 5.59755023722e-06 0.000621446833114
0.35 5.59766623794e-06 0.000721580932747
0.35 5.5975373484e-06 0.000770720556374
0.35 5.59767912706e-06 0.000870757835536
lowest error 0.35 1.79133165303e-08
0.35 1.79133165303e-08 1.23856109018e-05
0.35 1.79133577772e-08 1.32704097857e-05
0.35 1.79132752834e-08 3.80413454026e-05
0.35 1.79133990243e-08 3.89267166616e-05
0.35 1.79132340366e-08 6.36967937209e-05
0.35 1.79134402715e-08 6.45833097304e-05
0.35 1.79131927899e-08 8.93519558374e-05
0.35 1.79134815188e-08 9.02401889942e-05
0.35 1.79131515433e-08 0.0001150068318
0.35 1.79135227661e-08 0.000115897354434
0.35 1.79131102968e-08 0.00014066142159
0.35 1.79135640136e-08 0.000141554806099
lowest error 0.4 4.75296919993e-06
0.4 4.75296919993e-06 2.38455945758e-05
0.4 4.75295825583e-06 9.52055098264e-05
0.4 4.75298014406e-06 0.000142890536987
0.4 4.75294731175e-06 0.000214262776538
0.4 4.75299108821e-06 0.000261929317726
0.4 4.7529363677e-06 0.000333326205879
0.4 4.75300203239e-06 0.000380961937008
0.4 4.75292542367e-06 0.000452395798062
0.4 4.7530129766e-06 0.00049998839536
0.4 4.75291447967e-06 0.000571471553616
0.4 4.75302392083e-06 0.000619008692997
0.4 4.75290353569e-06 0.000690553472757
lowest error 0.4 1.86893845458e-08
0.4 1.86893845458e-08 7.58985525762e-06
0.4 1.86893415119e-08 1.49761568644e-05
0.4 1.86894275797e-08 3.01560888034e-05
0.4 1.86892984782e-08 3.75419476053e-05
0.4 1.86894706138e-08 5.27225437548e-05
0.4 1.86892554445e-08 6.01075169464e-05
0.4 1.86895136479e-08 7.52892201143e-05
0.4 1.8689212411e-08 8.26728648908e-05
0.4 1.86895566822e-08 9.78561178839e-05
0.4 1.86891693775e-08 0.000105237991441
0.4 1.86895997165e-08 0.000120423237066
0.4 1.86891263442e-08 0.000127802896598
lowest error 0.45 4.08741749997e-06
0.45 4.08741749997e-06 6.72275816149e-05
0.45 4.08740808835e-06 9.1611207985e-05
0.45 4.08742691161e-06 0.000226055402052
0.45 4.08739867676e-06 0.000250460967372
0.45 4.08743632327e-06 0.00038487225436
0.45 4.08738926519e-06 0.000409321697296
0.45 4.08744573495e-06 0.000543678139162
0.45 4.08737985364e-06 0.000568193398514
0.45 4.08745514665e-06 0.000702473057209
0.45 4.08737044211e-06 0.000727076071791
0.45 4.08746455837e-06 0.000861257009266
0.45 4.0873610306e-06 0.000885969717736
lowest error 0.45 2.13249489412e-08
0.45 2.13249489412e-08 2.70539161251e-06
0.45 2.13249980438e-08 1.86284755763e-05
0.45 2.13248998388e-08 2.40390609187e-05
0.45 2.13250471465e-08 3.996254065e-05
0.45 2.13248507364e-08 4.53725323442e-05
0.45 2.13250962492e-08 6.12968035902e-05
0.45 2.13248016342e-08 6.67058058901e-05
0.45 2.13251453521e-08 8.26312644384e-05
0.45 2.13247525321e-08 8.80388815405e-05
0.45 2.13251944552e-08 0.000103965923176
0.45 2.13247034301e-08 0.000109371759334
0.45 2.13252435583e-08 0.000125300779807
lowest error 0.5 3.50313601629e-06
0.5 3.50313601629e-06 3.57070184132e-05
0.5 3.50312795003e-06 0.000104322232046
0.5 3.50314408257e-06 0.000175727743835
0.5 3.50311988379e-06 0.000244360007938
0.5 3.50315214886e-06 0.000315739944985
0.5 3.50311181756e-06 0.000384406309783
0.5 3.50316021518e-06 0.000455743622261
0.5 3.50310375136e-06 0.000524461138097
0.5 3.50316828151e-06 0.00059573877618
0.5 3.50309568518e-06 0.000664524493403
0.5 3.50317634786e-06 0.000735725407259
0.5 3.50308761901e-06 0.000804596376217
lowest error 0.5 2.2991060274e-08
0.5 2.2991060274e-08 6.19446908567e-06
0.5 2.29911132129e-08 1.54281569769e-05
0.5 2.29910073352e-08 2.78168918726e-05
0.5 2.2991166152e-08 3.70509863177e-05
0.5 2.29909543965e-08 4.94391113661e-05
0.5 2.29912190911e-08 5.86740189386e-05
0.5 2.29909014579e-08 7.10611276067e-05
0.5 2.29912720304e-08 8.02972548408e-05
0.5 2.29908485195e-08 9.2682940577e-05
0.5 2.29913249699e-08 0.000101920694027
0.5 2.29907955811e-08 0.000114304550279
0.5 2.29913779094e-08 0.000123544336479
lowest error 0.55 3.09282964892e-06
0.55 3.09282964892e-06 1.94253316619e-05
0.55 3.09282252743e-06 9.05488114276e-05
0.55 3.09283677044e-06 0.000129394216562
0.55 3.09281540595e-06 0.000200528212958
0.55 3.09284389196e-06 0.000239357843426
0.55 3.09280828449e-06 0.000310512873181
0.55 3.09285101351e-06 0.000349316212701
0.55 3.09280116304e-06 0.000420502792348
0.55 3.09285813507e-06 0.000459269324541
0.55 3.09279404161e-06 0.000530497970612
0.55 3.09286525665e-06 0.000569217179196
0.55 3.0927869202e-06 0.000640498408421
lowest error 0.55 2.12472633104e-08
0.55 2.12472633104e-08 9.8667203865e-06
0.55 2.12472143869e-08 1.16392453711e-05
0.55 2.12473122341e-08 3.13728872539e-05
0.55 2.12471654634e-08 3.31450100592e-05
0.55 2.12473611579e-08 5.28792552141e-05
0.55 2.12471165401e-08 5.46505736598e-05
0.55 2.12474100819e-08 7.43858242696e-05
0.55 2.12470676168e-08 7.61559361755e-05
0.55 2.12474590059e-08 9.5892594421e-05
0.55 2.12470186937e-08 9.7661097608e-05
0.55 2.124750793e-08 0.000117399565671
0.55 2.12469697707e-08 0.000119166057959
lowest error 0.6 2.61730298213e-06
0.6 2.61730298213e-06 5.65139224684e-05
0.6 2.61729695558e-06 0.00010892551004
0.6 2.6173090087e-06 0.000221941455448
0.6 2.61729092903e-06 0.000274376842929
0.6 2.61731503528e-06 0.000387357089615
0.6 2.61728490251e-06 0.000439840077057
0.6 2.61732106188e-06 0.000552760826112
0.6 2.61727887599e-06 0.000605315213279
0.6 2.61732708849e-06 0.000718152665652
0.6 2.61727284949e-06 0.000770802252305
0.6 2.61733311512e-06 0.000883532609088
0.6 2.617266823e-06 0.000936301195284
lowest error 0.6 1.78411153041e-08
0.6 1.78411153041e-08 9.27893306857e-06
0.6 1.78411563849e-08 1.22629485384e-05
0.6 1.78410742235e-08 3.08206129147e-05
0.6 1.78411974657e-08 3.3805031908e-05
0.6 1.78410331429e-08 5.23620909827e-05
0.6 1.78412385466e-08 5.53473170428e-05
0.6 1.78409920625e-08 7.39033673125e-05
0.6 1.78412796276e-08 7.68898039438e-05
0.6 1.78409509821e-08 9.54444418868e-05
0.6 1.78413207087e-08 9.8432492595e-05
0.6 1.78409099019e-08 0.000116985314708
0.6 1.78413617899e-08 0.000119975383035
lowest error 0.65 2.08306105785e-06
0.65 2.08306105785e-06 4.37681028029e-05
0.65 2.08305626143e-06 0.000104544889887
0.65 2.08306585428e-06 0.000192071532125
0.65 2.08305146502e-06 0.000252867446561
0.65 2.08307065072e-06 0.000340365398697
0.65 2.08304666862e-06 0.000401199567833
0.65 2.08307544718e-06 0.000488649703004
0.65 2.08304187224e-06 0.000549541254192
0.65 2.08308024364e-06 0.000636924445926
0.65 2.08303707586e-06 0.000697892506516
0.65 2.08308504012e-06 0.000785189627946
0.65 2.0830322795e-06 0.000846253325292
lowest error 0.65 1.39599544105e-08
0.65 1.39599544105e-08 4.28630347971e-06
0.65 1.39599865545e-08 1.71772984565e-05
0.65 1.39599222666e-08 2.57497051197e-05
0.65 1.39600186986e-08 3.86411006734e-05
0.65 1.39598901227e-08 4.72129064639e-05
0.65 1.39600508428e-08 6.01051032092e-05
0.65 1.39598579789e-08 6.86759075159e-05
0.65 1.39600829871e-08 8.15693060474e-05
0.65 1.39598258352e-08 9.01387082761e-05
0.65 1.39601151314e-08 0.00010303370919
0.65 1.39597936915e-08 0.000111601308729
0.65 1.39601472758e-08 0.000124498312639
lowest error 0.7 1.55404646576e-06
0.7 1.55404646576e-06 3.22960121046e-05
0.7 1.55405004409e-06 8.90957435074e-05
0.7 1.55404288744e-06 0.000153694174903
0.7 1.55405362243e-06 0.000210481092271
0.7 1.55403930913e-06 0.000275098745227
0.7 1.55405720077e-06 0.000331860034524
0.7 1.55403573082e-06 0.000396509723305
0.7 1.55406077912e-06 0.000453232570605
0.7 1.55403215253e-06 0.000517927109693
0.7 1.55406435748e-06 0.000574598700744
0.7 1.55402857424e-06 0.00063935090462
0.7 1.55406793585e-06 0.000695958425496
lowest error 0.7 9.92517104741e-09
0.7 9.92517104741e-09 4.38008027093e-06
0.7 9.92514819389e-09 1.77443742726e-05
0.7 9.92519390099e-09 2.65047475989e-05
0.7 9.92512534041e-09 3.98686159544e-05
0.7 9.92521675462e-09 4.86296277922e-05
0.7 9.92510248699e-09 6.19926448557e-05
0.7 9.9252396083e-09 7.07547207743e-05
0.7 9.92507963363e-09 8.41164608998e-05
0.7 9.92526246203e-09 9.28800265867e-05
0.7 9.92505678031e-09 0.000106240064128
0.7 9.92528531582e-09 0.000115005545271
0.7 9.92503392705e-09 0.000128363454582
lowest error 0.75 1.24326297405e-06
0.75 1.24326297405e-06 3.70549374549e-05
0.75 1.24326583677e-06 9.4501016739e-05
0.75 1.24326011133e-06 0.000168618416728
0.75 1.2432686995e-06 0.000226049446285
0.75 1.24325724862e-06 0.000300189421508
0.75 1.24327156223e-06 0.000357590351613
0.75 1.24325438592e-06 0.000431767952112
0.75 1.24327442498e-06 0.000489123733038
0.75 1.24325152323e-06 0.000563354009202
0.75 1.24327728772e-06 0.000620649591222
0.75 1.24324866054e-06 0.000694947593093
0.75 1.24328015048e-06 0.00075216792648
lowest error 0.75 5.10806011872e-09
0.75 5.10806011872e-09 5.62535989346e-07
0.75 5.10804835699e-09 1.98894093599e-05
0.75 5.10807188048e-09 2.10146631656e-05
0.75 5.10803659529e-09 4.03411728112e-05
0.75 5.10808364226e-09 4.14669722431e-05
0.75 5.10802483361e-09 6.07927544385e-05
0.75 5.10809540407e-09 6.19194631506e-05
0.75 5.10801307197e-09 8.12441541709e-05
0.75 5.10810716591e-09 8.23721359269e-05
0.75 5.10800131034e-09 0.000101695372047
0.75 5.10811892778e-09 0.000102824990609
0.75 5.10798954875e-09 0.000122146408104
lowest error 0.8 1.24473814871e-06
0.8 1.24473814871e-06 3.39642103668e-05
0.8 1.24473528259e-06 0.00012479792155
0.8 1.24474101483e-06 0.000192715384002
0.8 1.24473241649e-06 0.000283571012504
0.8 1.24474388095e-06 0.000351455600112
0.8 1.24472955039e-06 0.000442355063252
0.8 1.24474674708e-06 0.000510184859454
0.8 1.2447266843e-06 0.00060115007441
0.8 1.24474961322e-06 0.000668903162642
0.8 1.24472381821e-06 0.000759956047016
0.8 1.24475247937e-06 0.000827610510715
0.8 1.24472095213e-06 0.000918772981687
lowest error 0.8 5.97260783984e-09
0.8 5.97260783984e-09 9.61488878293e-07
0.8 5.97262159229e-09 2.11916410984e-05
0.8 5.97259408742e-09 2.31144054434e-05
0.8 5.97263534478e-09 4.33449844102e-05
0.8 5.97258033503e-09 4.5267108677e-05
0.8 5.9726490973e-09 6.54985410984e-05
0.8 5.97256658267e-09 6.74195985031e-05
0.8 5.97266284985e-09 8.76523112048e-05
0.8 5.97255283034e-09 8.95718749629e-05
0.8 5.97267660243e-09 0.000109806294653
0.8 5.97253907805e-09 0.000111723938098
0.8 5.97269035504e-09 0.000131960491522
lowest error 0.81 1.27232189241e-06
0.81 1.27232189241e-06 6.91869099883e-05
0.81 1.27231896278e-06 9.7928869061e-05
0.81 1.27232482204e-06 0.000236290547085
0.81 1.27231603316e-06 0.000265056790948
0.81 1.27232775168e-06 0.000403382043108
0.81 1.27231310355e-06 0.000432196856552
0.81 1.27233068133e-06 0.000570461398793
0.81 1.27231017394e-06 0.000599349066609
0.81 1.27233361098e-06 0.00073752861532
0.81 1.27230724434e-06 0.000766513422299
0.81 1.27233654064e-06 0.000904583693419
0.81 1.27230431475e-06 0.000933689924354
lowest error 0.81 6.91623911952e-09
0.81 6.91623911952e-09 6.17435386818e-06
0.81 6.91622319431e-09 1.66163407411e-05
0.81 6.91625504477e-09 2.89652743519e-05
0.81 6.91620726914e-09 3.94068095586e-05
0.81 6.91627097005e-09 5.17564206324e-05
0.81 6.916191344e-09 6.21970525052e-05
0.81 6.91628689537e-09 7.45477927926e-05
0.81 6.9161754189e-09 8.4987069624e-05
0.81 6.91630282073e-09 9.73393907535e-05
0.81 6.91615949383e-09 0.000107776860958
0.81 6.91631874613e-09 0.000120131214558
0.81 6.91614356881e-09 0.000130566426428
lowest error 0.82 1.31556708785e-06
0.82 1.31556708785e-06 3.56655037979e-05
0.82 1.31556405865e-06 0.000134040611135
0.82 1.31557011706e-06 0.0002053590978
0.82 1.31556102945e-06 0.000303759248224
0.82 1.31557314627e-06 0.000375040171645
0.82 1.31555800026e-06 0.000473490408242
0.82 1.31557617549e-06 0.000544708726257
0.82 1.31555497108e-06 0.000643234092114
0.82 1.31557920472e-06 0.000714364762558
0.82 1.31555194191e-06 0.000812990300763
0.82 1.31558223396e-06 0.000884008281473
0.82 1.31554891274e-06 0.000982759035113
lowest error 0.82 7.5850771067e-09
0.82 7.5850771067e-09 9.1620577094e-06
0.82 7.58509457201e-09 1.24507531947e-05
0.82 7.58505964143e-09 3.07746655608e-05
0.82 7.58511203735e-09 3.40637672314e-05
0.82 7.58504217621e-09 5.23870702835e-05
0.82 7.58512950274e-09 5.56769843252e-05
0.82 7.58502471102e-09 7.39992719572e-05
0.82 7.58514696816e-09 7.7290404517e-05
0.82 7.58500724588e-09 9.56112705062e-05
0.82 7.58516443363e-09 9.89040278458e-05
0.82 7.58498978077e-09 0.000117223065971
0.82 7.58518189914e-09 0.000120517854238
lowest error 0.83 1.36722502848e-06
0.83 1.36722502848e-06 2.39523665391e-05
0.83 1.36722188034e-06 8.25228901404e-05
0.83 1.36722817664e-06 0.000130422694273
0.83 1.36721873219e-06 0.000189003075993
0.83 1.3672313248e-06 0.000236888093291
0.83 1.36721558406e-06 0.000295488191152
0.83 1.36723447297e-06 0.000343348563819
0.83 1.36721243593e-06 0.000401978236035
0.83 1.36723762115e-06 0.000449804105993
0.83 1.36720928781e-06 0.000508473210777
0.83 1.36724076933e-06 0.000556254720229
0.83 1.3672061397e-06 0.000614973115604
lowest error 0.83 8.3573771238e-09
0.83 8.3573771238e-09 7.04972176369e-06
0.83 8.35735788025e-09 1.66141490348e-05
0.83 8.35739636739e-09 3.07138360744e-05
0.83 8.35733863674e-09 4.0277776407e-05
0.83 8.35741561103e-09 5.43781938172e-05
0.83 8.35731939328e-09 6.39411602714e-05
0.83 8.35743485471e-09 7.80427950353e-05
0.83 8.35730014986e-09 8.76043007145e-05
0.83 8.35745409844e-09 0.000101707639774
0.83 8.35728090649e-09 0.000111267197655
0.83 8.35747334221e-09 0.000125372727951
0.83 8.35726166316e-09 0.000134929851137
lowest error 0.84 1.40409017364e-06
0.84 1.40409017364e-06 1.17317570663e-05
0.84 1.40408694061e-06 0.000142247985876
0.84 1.40409340668e-06 0.000165701191916
0.84 1.40408370758e-06 0.000296238037462
0.84 1.40409663973e-06 0.00031966031964
0.84 1.40408047456e-06 0.000450238398383
0.84 1.40409987279e-06 0.000473609140788
0.84 1.40407724155e-06 0.000604249069329
0.84 1.40410310585e-06 0.000627547656053
0.84 1.40407400855e-06 0.000758270050987
0.84 1.40410633892e-06 0.000781475866123
0.84 1.40407077555e-06 0.000912301343916
lowest error 0.84 8.88092086047e-09
0.84 8.88092086047e-09 4.73532087675e-06
0.84 8.88094130957e-09 1.61437033763e-05
0.84 8.88090041142e-09 2.56141556321e-05
0.84 8.88096175872e-09 3.70229172031e-05
0.84 8.88087996241e-09 4.64928008168e-05
0.84 8.88098220791e-09 5.79023205316e-05
0.84 8.88085951345e-09 6.73712565069e-05
0.84 8.88100265715e-09 7.87819134001e-05
0.84 8.88083906454e-09 8.82495226304e-05
0.84 8.88102310644e-09 9.96616958475e-05
0.84 8.88081861568e-09 0.000109127599226
0.84 8.88104355577e-09 0.000120541667802
lowest error 0.85 1.47956823898e-06
0.85 1.47956823898e-06 3.44218588055e-05
0.85 1.47957164582e-06 9.00601556344e-05
0.85 1.47956483215e-06 0.000158910610802
0.85 1.47957505266e-06 0.000214535432884
0.85 1.47956142533e-06 0.000283406100719
0.85 1.47957845951e-06 0.000339003973196
0.85 1.47955801852e-06 0.000407908328921
0.85 1.47958186637e-06 0.000463465777156
0.85 1.47955461172e-06 0.000532417295774
0.85 1.47958527324e-06 0.000587920845019
0.85 1.47955120492e-06 0.00065693300153
0.85 1.47958868011e-06 0.000712369177149
lowest error 0.85 9.62451824221e-09
0.85 9.62451824221e-09 3.10982914087e-07
0.85 9.6245404035e-09 1.9834977472e-05
0.85 9.62449608096e-09 2.04567668045e-05
0.85 9.62456256485e-09 3.99811142828e-05
0.85 9.62447391976e-09 4.06023742379e-05
0.85 9.62458472625e-09 6.0127427592e-05
0.85 9.62445175862e-09 6.07478052506e-05
0.85 9.6246068877e-09 8.02739173289e-05
0.85 9.62442959753e-09 8.08930597729e-05
0.85 9.62462904921e-09 0.000100420583531
0.85 9.62440743648e-09 0.000101038137879
0.85 9.62465121076e-09 0.000120567426237
lowest error 0.86 1.45158008081e-06
0.86 1.45158008081e-06 2.79999204347e-05
0.86 1.45157673843e-06 0.000121750936275
0.86 1.45158342321e-06 0.000177741027522
0.86 1.45157339606e-06 0.000271511543244
0.86 1.4515867656e-06 0.000327472385623
0.86 1.45157005369e-06 0.000421281900971
0.86 1.45159010801e-06 0.00047719399537
0.86 1.45156671133e-06 0.000571062010359
0.86 1.45159345042e-06 0.000626905857267
0.86 1.45156336898e-06 0.000720851871908
0.86 1.45159679284e-06 0.000776607972211
0.86 1.45156002663e-06 0.000870651486255
lowest error 0.86 9.79523816379e-09
0.86 9.79523816379e-09 4.63256310068e-06
0.86 9.79521560944e-09 1.73280538358e-05
0.86 9.79526071818e-09 2.65933896815e-05
0.86 9.79519305515e-09 3.92884610512e-05
0.86 9.79528327263e-09 4.85544259479e-05
0.86 9.79517050091e-09 6.12486586262e-05
0.86 9.79530582713e-09 7.05156719407e-05
0.86 9.79514794672e-09 8.32086464846e-05
0.86 9.79532838168e-09 9.24771275845e-05
0.86 9.79512539259e-09 0.000105168424706
0.86 9.79535093628e-09 0.000114438792959
0.86 9.7951028385e-09 0.000127127993215
lowest error 0.87 1.53802006038e-06
0.87 1.53802006038e-06 3.85898912691e-05
0.87 1.5380236018e-06 9.60792528892e-05
0.87 1.53801651896e-06 0.000173266920878
0.87 1.53802714324e-06 0.00023074051194
0.87 1.53801297755e-06 0.000307951836399
0.87 1.53803068468e-06 0.000365393886583
0.87 1.53800943615e-06 0.000442644638295
0.87 1.53803422613e-06 0.00050003937716
0.87 1.53800589475e-06 0.000577345327026
0.87 1.53803776759e-06 0.000634676984134
0.87 1.53800235337e-06 0.000712053903055
0.87 1.53804130906e-06 0.000769306707966
lowest error 0.87 1.05313246256e-08
0.87 1.05313246256e-08 5.31535412129e-06
0.87 1.05313003764e-08 1.51808950548e-05
0.87 1.05313488749e-08 2.58117859491e-05
0.87 1.05312761272e-08 3.56769615806e-05
0.87 1.05313731243e-08 4.63084004121e-05
0.87 1.05312518781e-08 5.61728454582e-05
0.87 1.05313973737e-08 6.68051975481e-05
0.87 1.0531227629e-08 7.66685466882e-05
0.87 1.05314216232e-08 8.73021773407e-05
0.87 1.053120338e-08 9.71640652558e-05
0.87 1.05314458727e-08 0.000107799339792
0.87 1.0531179131e-08 0.000117659401197
lowest error 0.88 1.55855452362e-06
0.88 1.55855452362e-06 2.36929909647e-06
0.88 1.55855093492e-06 0.000119885167076
0.88 1.55855811233e-06 0.00012461726728
0.88 1.55854734623e-06 0.000242146131584
0.88 1.55856170105e-06 0.000246858737818
0.88 1.55854375755e-06 0.000364413594662
0.88 1.55856528977e-06 0.000369093711059
0.88 1.55854016887e-06 0.000486687556876
0.88 1.55856887851e-06 0.000491322187347
0.88 1.5585365802e-06 0.000608968018459
0.88 1.55857246725e-06 0.000613544166917
0.88 1.55853299154e-06 0.00073125497976
lowest error 0.88 1.08623551961e-08
0.88 1.08623551961e-08 3.69901305675e-06
0.88 1.08623802076e-08 1.71536905906e-05
0.88 1.08623301846e-08 2.45515276287e-05
0.88 1.08624052192e-08 3.80065832974e-05
0.88 1.08623051732e-08 4.5403853163e-05
0.88 1.08624302308e-08 5.8859665065e-05
0.88 1.08622801618e-08 6.62559896436e-05
0.88 1.08624552425e-08 7.97129358951e-05
0.88 1.08622551505e-08 8.71079370719e-05
0.88 1.08624802543e-08 0.00010056639579
0.88 1.08622301393e-08 0.00010795969545
0.88 1.08625052661e-08 0.000121420044731
lowest error 0.89 1.60983735266e-06
0.89 1.60983735266e-06 3.79163173641e-05
0.89 1.60984105945e-06 0.00010367869999
0.89 1.60983364587e-06 0.000179520052006
0.89 1.60984476625e-06 0.000245265000467
0.89 1.6098299391e-06 0.000321132504726
0.89 1.60984847306e-06 0.000386842584603
0.89 1.60982623233e-06 0.000462753675933
0.89 1.60985217988e-06 0.000528411452934
0.89 1.60982252558e-06 0.000604383566164
0.89 1.6098558867e-06 0.000669971605998
0.89 1.60981881883e-06 0.000746022175957
0.89 1.60985959354e-06 0.00081152304433
lowest error 0.89 1.15598180926e-08
0.89 1.15598180926e-08 4.33594067717e-06
0.89 1.15597914751e-08 1.855217474e-05
0.89 1.15598447101e-08 2.72242838641e-05
0.89 1.15597648578e-08 4.14400623909e-05
0.89 1.15598713276e-08 5.01128548231e-05
0.89 1.15597382404e-08 6.4327722276e-05
0.89 1.15598979452e-08 7.30016535559e-05
0.89 1.15597116232e-08 8.7215154378e-05
0.89 1.15599245629e-08 9.58906800457e-05
0.89 1.1559685006e-08 0.00011010235874
0.89 1.15599511807e-08 0.000118779934334
0.89 1.15596583889e-08 0.000132989335344
lowest error 0.9 1.58334662253e-06
0.9 1.58334662253e-06 1.91977086574e-05
0.9 1.58334297674e-06 0.00011828941857
0.9 1.58335026832e-06 0.000156676617615
0.9 1.58333933097e-06 0.000255784764434
0.9 1.58335391413e-06 0.000294147309039
0.9 1.5833356852e-06 0.00039328832943
0.9 1.58335755994e-06 0.000431609783299
0.9 1.58333203943e-06 0.000530800114045
0.9 1.58336120576e-06 0.000569064040886
0.9 1.58332839368e-06 0.000668320118772
0.9 1.58336485159e-06 0.000706510082289
0.9 1.58332474794e-06 0.000805848344104
lowest error 0.9 1.17678466406e-08
0.9 1.17678466406e-08 7.22634407513e-06
0.9 1.17678737371e-08 1.41569197742e-05
0.9 1.17678195442e-08 2.86094091244e-05
0.9 1.17679008337e-08 3.55403824264e-05
0.9 1.17677924478e-08 4.99922753749e-05
0.9 1.17679279303e-08 5.69240438826e-05
0.9 1.17677653515e-08 7.13749428285e-05
0.9 1.1767955027e-08 7.8307904126e-05
0.9 1.17677382552e-08 9.27574114682e-05
0.9 1.17679821237e-08 9.96919631961e-05
0.9 1.1767711159e-08 0.000114139681334
0.9 1.17680092205e-08 0.000121076221076
lowest error 0.95 1.61050842102e-06
0.95 1.61050842102e-06 8.95628140896e-06
0.95 1.61051212936e-06 0.00010084929881
0.95 1.6105047127e-06 0.000118767104146
0.95 1.61051583771e-06 0.00021064963676
0.95 1.61050100438e-06 0.000228583169653
0.95 1.61051954606e-06 0.000320444732691
0.95 1.61049729606e-06 0.00033840447818
0.95 1.61052325442e-06 0.000430234586756
0.95 1.61049358776e-06 0.00044823102988
0.95 1.61052696279e-06 0.0005400191994
0.95 1.61048987947e-06 0.000558062825197
0.95 1.61053067117e-06 0.000649798570777
lowest error 0.95 1.34180065642e-08
0.95 1.34180065642e-08 8.21297826681e-06
0.95 1.34180374603e-08 1.24078808152e-05
0.95 1.34179756681e-08 2.88336524719e-05
0.95 1.34180683565e-08 3.3028924777e-05
0.95 1.34179447721e-08 4.94541418017e-05
0.95 1.34180992528e-08 5.36501536184e-05
0.95 1.34179138762e-08 7.00744462572e-05
0.95 1.34181301492e-08 7.42715673243e-05
0.95 1.34178829804e-08 9.06945658228e-05
0.95 1.34181610456e-08 9.48931659317e-05
0.95 1.34178520846e-08 0.000111314500535
0.95 1.34181919421e-08 0.000115514949425
lowest error 1.0 1.53433432194e-06
1.0 1.53433432194e-06 3.90382580879e-05
1.0 1.53433785488e-06 9.24340831339e-05
1.0 1.53433078901e-06 0.000170518114936
1.0 1.53434138783e-06 0.000223898909393
1.0 1.53432725608e-06 0.000302005487723
1.0 1.53434492078e-06 0.000355356221002
1.0 1.53432372317e-06 0.000433500376878
1.0 1.53434845375e-06 0.000486806018391
1.0 1.53432019026e-06 0.000565002782832
1.0 1.53435198672e-06 0.000618248301989
1.0 1.53431665736e-06 0.000696512706014
1.0 1.5343555197e-06 0.000749683072225
lowest error 1.0 1.06289166155e-08
1.0 1.06289166155e-08 8.69901601064e-06
1.0 1.06289410895e-08 1.11153713687e-05
1.0 1.06288921416e-08 2.85132326909e-05
1.0 1.06289655636e-08 3.09299294488e-05
1.0 1.06288676677e-08 4.83272786558e-05
1.0 1.06289900377e-08 5.0744658231e-05
1.0 1.06288431938e-08 6.8141153942e-05
1.0 1.06290145119e-08 7.05595577166e-05
1.0 1.062881872e-08 8.79548585337e-05
1.0 1.06290389861e-08 9.03746278893e-05
1.0 1.06287942463e-08 0.000107768392432
1.0 1.06290634604e-08 0.000110189868787
lowest error 1.1 1.50678400021e-06
1.1 1.50678400021e-06 2.79178171336e-05
1.1 1.50678053072e-06 8.57154409535e-05
1.1 1.50678746972e-06 0.000141545461292
1.1 1.50677706123e-06 0.000199354313247
1.1 1.50679093923e-06 0.0002551674918
1.1 1.50677359176e-06 0.000312998799923
1.1 1.50679440875e-06 0.000368783908933
1.1 1.50677012229e-06 0.000426648901461
1.1 1.50679787827e-06 0.000482394712868
1.1 1.50676665282e-06 0.000540304618037
1.1 1.50680134781e-06 0.000595999904085
1.1 1.50676318337e-06 0.00065396594993
lowest error 1.1 1.13522252559e-08
1.1 1.13522252559e-08 1.11355963384e-06
1.1 1.13522513954e-08 2.10896919555e-05
1.1 1.13521991165e-08 2.33165969044e-05
1.1 1.1352277535e-08 4.32931579062e-05
1.1 1.13521729771e-08 4.55194198379e-05
1.1 1.13523036746e-08 6.54968382001e-05
1.1 1.13521468378e-08 6.77220284366e-05
1.1 1.13523298143e-08 8.7700732839e-05
1.1 1.13521206985e-08 8.99244227019e-05
1.1 1.1352355954e-08 0.000109904841825
1.1 1.13520945594e-08 0.000112126602637
1.1 1.13523820938e-08 0.000132109165161
lowest error 1.2 1.33957489555e-06
1.2 1.33957489555e-06 8.05150005867e-05
1.2 1.33957181107e-06 8.18483781995e-05
1.2 1.33957798004e-06 0.000242866918243
1.2 1.33956872659e-06 0.000244223219214
1.2 1.33958106453e-06 0.000405207375438
1.2 1.33956564212e-06 0.000406609523118
1.2 1.33958414904e-06 0.000567536372977
1.2 1.33956255766e-06 0.000569007290723
1.2 1.33958723355e-06 0.000729853911668
1.2 1.33955947321e-06 0.00073141652284
1.2 1.33959031806e-06 0.000892159992323
1.2 1.33955638876e-06 0.000893837220274
lowest error 1.2 1.12008504831e-08
1.2 1.12008504831e-08 6.20176231436e-06
1.2 1.12008246922e-08 1.41657681394e-05
1.2 1.1200876274e-08 2.65694731332e-05
1.2 1.12007989014e-08 3.45331182299e-05
1.2 1.1200902065e-08 4.69373643179e-05
1.2 1.12007731106e-08 5.49002879411e-05
1.2 1.12009278561e-08 6.73054358709e-05
1.2 1.12007473199e-08 7.52672773103e-05
1.2 1.12009536472e-08 8.76736877746e-05
1.2 1.12007215293e-08 9.56340863212e-05
1.2 1.12009794384e-08 0.000108042120068
1.2 1.12006957387e-08 0.000116000714975
lowest error 1.3 1.14212332237e-06
1.3 1.14212332237e-06 1.27229022158e-05
1.3 1.14212069254e-06 0.000113945110441
1.3 1.14212595221e-06 0.000139383939338
1.3 1.14211806271e-06 0.000240620099244
1.3 1.14212858206e-06 0.000266038001196
1.3 1.14211543289e-06 0.000367302064463
1.3 1.14213121191e-06 0.000392685088174
1.3 1.14211280308e-06 0.000493991006482
1.3 1.14213384177e-06 0.000519325200657
1.3 1.14211017327e-06 0.000620686925686
1.3 1.14213647163e-06 0.000645958339028
1.3 1.14210754347e-06 0.00074738982246
lowest error 1.3 1.21551969476e-08
1.3 1.21551969476e-08 6.28442156314e-06
1.3 1.21551689592e-08 1.36385105338e-05
1.3 1.2155224936e-08 2.62075262536e-05
1.3 1.2155140971e-08 3.35612700737e-05
1.3 1.21552529245e-08 4.61308035229e-05
1.3 1.21551129827e-08 5.34838570401e-05
1.3 1.2155280913e-08 6.60542533706e-05
1.3 1.21550849946e-08 7.34062714347e-05
1.3 1.21553089016e-08 8.59778757993e-05
1.3 1.21550570065e-08 9.33285132585e-05
1.3 1.21553368903e-08 0.000105901670811
1.3 1.21550290185e-08 0.000113250582514
lowest error 1.4 9.29768867247e-07
1.4 9.29768867247e-07 2.92048925044e-07
1.4 9.29771008121e-07 8.73877464267e-05
1.4 9.29766726377e-07 8.79751869012e-05
1.4 9.29773149e-07 0.00017506419928
1.4 9.29764585513e-07 0.000175661667631
1.4 9.29775289885e-07 0.000262737309763
1.4 9.29762444653e-07 0.000263351491242
1.4 9.29777430774e-07 0.000350407077924
1.4 9.29760303798e-07 0.000351044657782
1.4 9.29779571668e-07 0.000438073504049
1.4 9.29758162948e-07 0.000438741167535
1.4 9.29781712567e-07 0.000525736588184
lowest error 1.4 1.54610149462e-08
1.4 1.54610149462e-08 1.45971799226e-06
1.4 1.54610505465e-08 1.93594838613e-05
1.4 1.54609793459e-08 2.22787313771e-05
1.4 1.54610861469e-08 4.01788741673e-05
1.4 1.54609437457e-08 4.30975563321e-05
1.4 1.54611217475e-08 6.09984529265e-05
1.4 1.54609081456e-08 6.39161928402e-05
1.4 1.5461157348e-08 8.18182201412e-05
1.4 1.54608725456e-08 8.47346409034e-05
1.4 1.54611929487e-08 0.000102638175813
1.4 1.54608369457e-08 0.000105552900523
1.4 1.54612285495e-08 0.000123458319943
lowest error 1.5 7.44200572876e-07
1.5 7.44200572876e-07 1.64384993435e-05
1.5 7.44198859293e-07 6.55551303343e-05
1.5 7.44202286463e-07 9.84292060799e-05
1.5 7.44197145714e-07 0.000147551683057
1.5 7.44204000054e-07 0.00018041698998
1.5 7.44195432138e-07 0.000229551158928
1.5 7.44205713649e-07 0.000262401851075
1.5 7.44193718567e-07 0.00031155355798
1.5 7.44207427248e-07 0.000344383789614
1.5 7.44192005e-07 0.000393558880463
1.5 7.44209140851e-07 0.00042636280563
1.5 7.44190291436e-07 0.000475567126407
lowest error 1.5 1.94416446084e-08
1.5 1.94416446084e-08 7.82542087352e-06
1.5 1.94416893745e-08 1.34082019296e-05
1.5 1.94415998424e-08 2.90588476295e-05
1.5 1.94417341406e-08 3.46420207622e-05
1.5 1.94415550765e-08 5.02920783787e-05
1.5 1.94417789069e-08 5.58760356268e-05
1.5 1.94415103107e-08 7.15251131038e-05
1.5 1.94418236733e-08 7.7110246524e-05
1.5 1.9441465545e-08 9.27579518057e-05
1.5 1.94418684399e-08 9.83446534568e-05
1.5 1.94414207794e-08 0.000113990594488
1.5 1.94419132065e-08 0.000119579256407
lowest error 1.6 6.43321402387e-07
1.6 6.43321402387e-07 2.86754688541e-05
1.6 6.43322883691e-07 6.59138185872e-05
1.6 6.43319921087e-07 0.000123268646468
1.6 6.43324364999e-07 0.000160499216022
1.6 6.4331843979e-07 0.000217865714409
1.6 6.4332584631e-07 0.000255080723522
1.6 6.43316958496e-07 0.000312466672839
1.6 6.43327327624e-07 0.000349658341415
1.6 6.43315477206e-07 0.000407071521921
1.6 6.43328808941e-07 0.00044423206978
1.6 6.43313995919e-07 0.000501680261725
1.6 6.43330290262e-07 0.000538801908776
lowest error 1.6 2.3969556582e-08
1.6 2.3969556582e-08 2.62377223503e-07
1.6 2.39695013901e-08 2.1020129604e-05
1.6 2.3969611774e-08 2.15450809669e-05
1.6 2.39694461983e-08 4.23024394989e-05
1.6 2.39696669661e-08 4.28279816647e-05
1.6 2.39693910067e-08 6.35845524624e-05
1.6 2.39697221584e-08 6.41110793009e-05
1.6 2.39693358152e-08 8.48664684976e-05
1.6 2.39697773508e-08 8.5394373877e-05
1.6 2.39692806238e-08 0.000106148187605
1.6 2.39698325433e-08 0.000106677865395
1.6 2.39692254326e-08 0.000127429709769
lowest error 1.7 5.35512977636e-07
1.7 5.35512977636e-07 4.89563767836e-06
1.7 5.35514210702e-07 6.99310806844e-05
1.7 5.35511744574e-07 7.97247904791e-05
1.7 5.35515443771e-07 0.000144755364688
1.7 5.35510511514e-07 0.000154556377796
1.7 5.35516676842e-07 0.000219577214411
1.7 5.35509278457e-07 0.000229390399646
1.7 5.35517909916e-07 0.000294396629867
1.7 5.35508045402e-07 0.000304226856237
1.7 5.35519142993e-07 0.000369213611269
1.7 5.35506812351e-07 0.000379065747583
1.7 5.35520376073e-07 0.000444028158628
lowest error 1.7 2.82510113747e-08
1.7 2.82510113747e-08 7.67323786954e-06
1.7 2.82509463245e-08 1.37344643361e-05
1.7 2.82510764252e-08 2.90811393331e-05
1.7 2.82508812743e-08 3.51419672859e-05
1.7 2.82511414758e-08 5.04892400555e-05
1.7 2.82508162243e-08 5.65492709628e-05
1.7 2.82512065265e-08 7.18975400398e-05
1.7 2.82507511745e-08 7.7956375407e-05
1.7 2.82512715774e-08 9.33060392678e-05
1.7 2.82506861248e-08 9.93632806008e-05
1.7 2.82513366284e-08 0.00011471473778
1.7 2.82506210753e-08 0.000120769986546
lowest error 1.8 4.82916450667e-07
1.8 4.82916450667e-07 1.10787833925e-05
1.8 4.82915338712e-07 4.40502368e-05
1.8 4.82917562624e-07 6.62064822152e-05
1.8 4.8291422676e-07 9.91805783941e-05
1.8 4.82918674584e-07 0.000121332859699
1.8 4.8291311481e-07 0.000154312241421
1.8 4.82919786547e-07 0.000176457915829
1.8 4.82912002863e-07 0.000209445225865
1.8 4.82920898512e-07 0.000231581650731
1.8 4.82910890918e-07 0.000264579531853
1.8 4.8292201048e-07 0.000286704064392
1.8 4.82909778976e-07 0.00031971515937
lowest error 1.8 3.24766331778e-08
1.8 3.24766331778e-08 7.11043473345e-06
1.8 3.24765583977e-08 1.08583387863e-05
1.8 3.24767079581e-08 2.50793486352e-05
1.8 3.24764836177e-08 2.88269719255e-05
1.8 3.24767827386e-08 4.30484029197e-05
1.8 3.2476408838e-08 4.6795464685e-05
1.8 3.24768575192e-08 6.10175975888e-05
1.8 3.24763340583e-08 6.47638170497e-05
1.8 3.24769323e-08 7.8986932627e-05
1.8 3.24762592789e-08 8.27320290528e-05
1.8 3.2477007081e-08 9.69564080675e-05
1.8 3.24761844996e-08 0.00010070010068
lowest error 1.9 4.62375698072e-07
1.9 4.62375698072e-07 1.56586505402e-05
1.9 4.62374633414e-07 3.0759259591e-05
1.9 4.62376762732e-07 6.20756238909e-05
1.9 4.62373568758e-07 7.71781065203e-05
1.9 4.62377827395e-07 0.00010849166044
1.9 4.62372504105e-07 0.000123597890268
1.9 4.62378892061e-07 0.000154906760288
1.9 4.62371439454e-07 0.000170018610852
1.9 4.62379956729e-07 0.000201320923413
1.9 4.62370374805e-07 0.00021644026825
1.9 4.62381021399e-07 0.000247734149834
1.9 4.62369310159e-07 0.000262862862563
lowest error 1.9 3.72352265018e-08
1.9 3.72352265018e-08 8.58303517148e-08
1.9 3.72353122392e-08 1.80807668393e-05
1.9 3.72351407646e-08 1.82522840713e-05
1.9 3.72353979768e-08 3.62475075364e-05
1.9 3.72350550277e-08 3.64185943043e-05
1.9 3.72354837145e-08 5.4414391724e-05
1.9 3.72349692909e-08 5.45847610507e-05
1.9 3.72355694525e-08 7.25814194023e-05
1.9 3.72348835543e-08 7.27507843128e-05
1.9 3.72356551907e-08 9.07485905741e-05
1.9 3.72347978179e-08 9.0916664091e-05
1.9 3.7235740929e-08 0.000108915905239
lowest error 2.0 3.98051257266e-07
2.0 3.98051257266e-07 1.49330043975e-05
2.0 3.98052173814e-07 2.1156466846e-05
2.0 3.98050340721e-07 5.10230419288e-05
2.0 3.98053090365e-07 5.72453718104e-05
2.0 3.98049424177e-07 8.7113645757e-05
2.0 3.98054006917e-07 9.33337105047e-05
2.0 3.98048507635e-07 0.00012320481589
2.0 3.98054923471e-07 0.000129421482906
2.0 3.98047591096e-07 0.000159296552306
2.0 3.98055840027e-07 0.000165508689087
2.0 3.98046674558e-07 0.000195388855077
2.0 3.98056756586e-07 0.000201595329025
lowest error 2.0 3.99307070241e-08
2.0 3.99307070241e-08 4.21275047335e-06
2.0 3.9930798968e-08 1.42683132571e-05
2.0 3.99306150803e-08 2.26936657053e-05
2.0 3.99308909122e-08 3.27495254719e-05
2.0 3.99305231368e-08 4.11744324396e-05
2.0 3.99309828566e-08 5.1230886204e-05
2.0 3.99304311935e-08 5.96550506766e-05
2.0 3.99310748012e-08 6.9712395439e-05
2.0 3.99303392504e-08 7.81355204191e-05
2.0 3.9931166746e-08 8.81940531769e-05
2.0 3.99302473075e-08 9.66158416671e-05
2.0 3.9931258691e-08 0.000106675859421
lowest error 2.1 3.39486102249e-07
2.1 3.39486102249e-07 8.67135363158e-06
2.1 3.39485320554e-07 3.33582135341e-05
2.1 3.39486883945e-07 5.07001528094e-05
2.1 3.39484538861e-07 7.53885487774e-05
2.1 3.39487665643e-07 9.27281839758e-05
2.1 3.3948375717e-07 0.000117419652074
2.1 3.39488447344e-07 0.000134755447144
2.1 3.3948297548e-07 0.000159451523438
2.1 3.39489229046e-07 0.00017678194233
2.1 3.39482193793e-07 0.000201484162884
2.1 3.39490010749e-07 0.000218807669545
2.1 3.39481412107e-07 0.000243517570426
lowest error 2.1 4.29784748604e-08
2.1 4.29784748604e-08 7.88807257868e-06
2.1 4.29783758989e-08 9.79333865025e-06
2.1 4.29785738221e-08 2.55696197518e-05
2.1 4.29782769377e-08 2.74746139683e-05
2.1 4.29786727841e-08 4.32513028525e-05
2.1 4.29781779766e-08 4.51557533609e-05
2.1 4.29787717462e-08 6.09331218837e-05
2.1 4.29780790159e-08 6.28367568289e-05
2.1 4.29788707086e-08 7.86150768453e-05
2.1 4.29779800553e-08 8.05176243737e-05
2.1 4.29789696712e-08 9.6297167739e-05
2.1 4.29778810949e-08 9.81983559956e-05
lowest error 2.2 2.96287957417e-07
2.2 2.96287957417e-07 3.72955841099e-06
2.2 2.9628727519e-07 2.27768780707e-05
2.2 2.96288639646e-07 3.0235689398e-05
2.2 2.96286592964e-07 4.92836200277e-05
2.2 2.96289321877e-07 5.67415149408e-05
2.2 2.9628591074e-07 7.57906674629e-05
2.2 2.96290004109e-07 8.32470350192e-05
2.2 2.96285228517e-07 0.00010229802038
2.2 2.96290686343e-07 0.000109752249636
2.2 2.96284546296e-07 0.000128805678783
2.2 2.96291368578e-07 0.000136257158797
2.2 2.96283864076e-07 0.000155313642674
lowest error 2.2 4.57461974344e-08
2.2 4.57461974344e-08 6.02626364499e-06
2.2 4.57460921e-08 1.10780810036e-05
2.2 4.5746302769e-08 2.31307354936e-05
2.2 4.57459867658e-08 2.81822984536e-05
2.2 4.57464081039e-08 4.02353345437e-05
2.2 4.57458814319e-08 4.52863887053e-05
2.2 4.5746513439e-08 5.73400607804e-05
2.2 4.57457760982e-08 6.23903517445e-05
2.2 4.57466187743e-08 7.44449142349e-05
2.2 4.57456707648e-08 7.94941876028e-05
2.2 4.57467241099e-08 9.1549894893e-05
2.2 4.57455654316e-08 9.65978962659e-05
lowest error 2.3 2.65618304393e-07
2.3 2.65618304393e-07 1.45661367266e-05
2.3 2.65617692785e-07 1.69095565132e-05
2.3 2.65618916003e-07 4.60413992225e-05
2.3 2.65617081179e-07 4.83856805036e-05
2.3 2.65619527614e-07 7.75162309794e-05
2.3 2.65616469574e-07 7.98622352494e-05
2.3 2.65620139226e-07 0.000108990632004
2.3 2.6561585797e-07 0.00011133922073
2.3 2.6562075084e-07 0.000140464602274
2.3 2.65615246367e-07 0.000142816637006
2.3 2.65621362455e-07 0.00017193814185
2.3 2.65614634766e-07 0.000174294484056
lowest error 2.3 4.95663569374e-08
2.3 4.95663569374e-08 5.72641393681e-06
2.3 4.95662428068e-08 1.07473261552e-05
2.3 4.95664710683e-08 2.22002720234e-05
2.3 4.95661286764e-08 2.72209482404e-05
2.3 4.95665851994e-08 3.8674248104e-05
2.3 4.95660145463e-08 4.36944523479e-05
2.3 4.95666993308e-08 5.51483421796e-05
2.3 4.95659004165e-08 6.01678384649e-05
2.3 4.95668134625e-08 7.16225542519e-05
2.3 4.95657862869e-08 7.66411065909e-05
2.3 4.95669275945e-08 8.80968843062e-05
2.3 4.95656721576e-08 9.31142567278e-05
lowest error 2.4 2.25620210459e-07
2.4 2.25620210459e-07 1.25456477162e-06
2.4 2.2562072997e-07 2.31555581736e-05
2.4 2.2561969095e-07 2.56649467856e-05
2.4 2.25621249481e-07 4.75654220295e-05
2.4 2.25619171442e-07 5.00755878727e-05
2.4 2.25621768994e-07 7.19750268434e-05
2.4 2.25618651935e-07 7.44864880344e-05
2.4 2.25622288508e-07 9.63843725956e-05
2.4 2.2561813243e-07 9.88976472738e-05
2.4 2.25622808023e-07 0.000120793459289
2.4 2.25617612925e-07 0.000123309065573
2.4 2.25623327539e-07 0.000145202286927
lowest error 2.4 5.32529903478e-08
2.4 5.32529903478e-08 3.98805183677e-06
2.4 5.32528677284e-08 8.01161599462e-06
2.4 5.32531129675e-08 1.59877822741e-05
2.4 5.32527451093e-08 2.0011221221e-05
2.4 5.32532355875e-08 2.79875753169e-05
2.4 5.32526224905e-08 3.20107638427e-05
2.4 5.32533582077e-08 3.99874309549e-05
2.4 5.32524998719e-08 4.40102438493e-05
2.4 5.32534808283e-08 5.198734921e-05
2.4 5.32523772537e-08 5.60096612623e-05
2.4 5.32536034491e-08 6.39873300718e-05
2.4 5.32522546357e-08 6.80090160716e-05
lowest error 2.5 2.01183796789e-07
2.5 2.01183796789e-07 6.35233861335e-06
2.5 2.01184260032e-07 1.99492164326e-05
2.5 2.01183333547e-07 3.2654194432e-05
2.5 2.01184723277e-07 4.62504706857e-05
2.5 2.01182870306e-07 5.89563510274e-05
2.5 2.01185186522e-07 7.25514241959e-05
2.5 2.01182407065e-07 8.52588084022e-05
2.5 2.01185649769e-07 9.88520769436e-05
2.5 2.01181943826e-07 0.00011156156656
2.5 2.01186113017e-07 0.000125152428932
2.5 2.01181480588e-07 0.000137864625482
2.5 2.01186576265e-07 0.000151452480165
lowest error 2.5 5.69564614589e-08
2.5 5.69564614589e-08 2.22880480782e-06
2.5 5.69563303119e-08 9.84016210337e-06
2.5 5.69565926061e-08 1.42978350497e-05
2.5 5.69561991653e-08 2.19090656843e-05
2.5 5.69567237537e-08 2.63669286125e-05
2.5 5.69560680189e-08 3.39779059351e-05
2.5 5.69568549015e-08 3.84360855166e-05
2.5 5.69559368729e-08 4.60466828565e-05
2.5 5.69569860497e-08 5.05053057527e-05
2.5 5.69558057272e-08 5.81153964485e-05
2.5 5.69571171982e-08 6.25745893208e-05
2.5 5.69556745817e-08 7.01840467006e-05
lowest error 2.6 1.7334646913e-07
2.6 1.7334646913e-07 3.59205047795e-06
2.6 1.73346069986e-07 1.45560774398e-05
2.6 1.73346868276e-07 2.17400351827e-05
2.6 1.73345670842e-07 3.27043485555e-05
2.6 1.73347267422e-07 3.98878767083e-05
2.6 1.733452717e-07 5.08527628704e-05
2.6 1.7334766657e-07 5.8035575039e-05
2.6 1.73344872558e-07 6.90013203846e-05
2.6 1.73348065718e-07 7.61831301768e-05
2.6 1.73344473417e-07 8.71500211006e-05
2.6 1.73348464867e-07 9.43305421224e-05
2.6 1.73344074277e-07 0.000105298865019
lowest error 2.6 6.200190024e-08
2.6 6.200190024e-08 4.63102234916e-06
2.6 6.20020430048e-08 8.44132289402e-06
2.6 6.20017574755e-08 1.77032932824e-05
2.6 6.200218577e-08 2.15137424355e-05
2.6 6.20016147114e-08 3.07754899294e-05
2.6 6.20023285355e-08 3.45862362758e-05
2.6 6.20014719475e-08 4.38476122797e-05
2.6 6.20024713013e-08 4.76588044154e-05
2.6 6.2001329184e-08 5.69196603331e-05
2.6 6.20026140674e-08 6.0731446855e-05
2.6 6.20011864209e-08 6.99916340898e-05
2.6 6.20027568338e-08 7.38041635948e-05
lowest error 2.7 1.52415803527e-07
2.7 1.52415803527e-07 3.33053231216e-06
2.7 1.52416154478e-07 6.11642402637e-06
2.7 1.52415452577e-07 1.27775274446e-05
2.7 1.52416505429e-07 1.55633415626e-05
2.7 1.52415101628e-07 2.22245613877e-05
2.7 1.52416856382e-07 2.50102202974e-05
2.7 1.52414750679e-07 3.16716341331e-05
2.7 1.52417207335e-07 3.445706023e-05
2.7 1.52414399732e-07 4.11187456817e-05
2.7 1.52417558289e-07 4.39038613607e-05
2.7 1.52414048785e-07 5.05658960335e-05
2.7 1.52417909243e-07 5.33506236904e-05
lowest error 2.7 6.97970391707e-08
2.7 6.97970391707e-08 3.39684446793e-07
2.7 6.97971998845e-08 8.30568180099e-06
2.7 6.97968784573e-08 8.98501819835e-06
2.7 6.97973605987e-08 1.69510805459e-05
2.7 6.97967177442e-08 1.76303194457e-05
2.7 6.97975213132e-08 2.55965117879e-05
2.7 6.97965570315e-08 2.62755882048e-05
2.7 6.97976820282e-08 3.42419755266e-05
2.7 6.97963963192e-08 3.49208244672e-05
2.7 6.97978427434e-08 4.2887471762e-05
2.7 6.97962356072e-08 4.35660282339e-05
2.7 6.97980034591e-08 5.15330004869e-05
lowest error 2.8 1.27009147207e-07
2.8 1.27009147207e-07 2.72938408985e-06
2.8 1.27008854758e-07 7.74765867417e-06
2.8 1.27009439657e-07 1.32063791289e-05
2.8 1.2700856231e-07 1.82247491636e-05
2.8 1.27009732107e-07 2.36833264426e-05
2.8 1.27008269862e-07 2.87018873788e-05
2.8 1.27010024558e-07 3.4160226023e-05
2.8 1.27007977415e-07 3.91790733203e-05
2.8 1.2701031701e-07 4.46370778873e-05
2.8 1.27007684969e-07 4.96563069783e-05
2.8 1.27010609463e-07 5.51138820271e-05
2.8 1.27007392523e-07 6.01335883719e-05
lowest error 2.8 8.54637608268e-08
2.8 8.54637608268e-08 9.53188348696e-07
2.8 8.54639576146e-08 2.8895391111e-06
2.8 8.54635640395e-08 4.79590938829e-06
2.8 8.54641544029e-08 6.73227299153e-06
2.8 8.54633672526e-08 8.63862400768e-06
2.8 8.54643511916e-08 1.05750132886e-05
2.8 8.54631704661e-08 1.24813322073e-05
2.8 8.54645479808e-08 1.4417760009e-05
2.8 8.54629736801e-08 1.63240339828e-05
2.8 8.54647447704e-08 1.826051315e-05
2.8 8.54627768946e-08 2.01667293416e-05
2.8 8.54649415605e-08 2.21032727117e-05
