0.002 0.0001 4.12720763203e+11
0.002 0.00012589254 4.74181054641e+11
0.002 0.00015848932 5.04218810319e+11
0.002 0.00019952623 4.17400048107e+11
0.002 0.00025118864 2.92680365439e+11
0.002 0.00031622777 1.76836416862e+11
0.002 0.001 553846.9622
0.002 0.0031622777 9.6406604e-35
0.002 1.2589254e-05 1626139995.21
0.002 1.2589254e-06 187629.601845
0.002 1.2589254e-07 20.9880146586
0.002 1.2589254e-08 0.00203756469363
0.002 1.2589254e-09 1.88553970149e-07
0.002 1.5848932e-05 4411375051.88
0.002 1.5848932e-06 422025.751679
0.002 1.5848932e-07 48.6507846624
0.002 1.5848932e-08 0.0047489049206
0.002 1.5848932e-09 4.34528824454e-07
0.002 1.9952623e-05 9435396074.37
0.002 1.9952623e-06 1274238.57611
0.002 1.9952623e-07 110.385568525
0.002 1.9952623e-08 0.012051849914
0.002 1.9952623e-09 1.16197429251e-06
0.002 1e-05 776783236.908
0.002 1e-06 78179.7189054
0.002 1e-07 7.21270598692
0.002 1e-08 0.000727791935325
0.002 1e-09 7.00957322471e-08
0.002 2.5118864e-05 22932463171.4
0.002 2.5118864e-06 3156137.4685
0.002 2.5118864e-07 312.672963586
0.002 2.5118864e-08 0.0270724829019
0.002 2.5118864e-09 2.89839982712e-06
0.002 3.1622777e-05 45459286079.6
0.002 3.1622777e-06 6862763.15515
0.002 3.1622777e-07 810.974959788
0.002 3.1622777e-08 0.0693931487585
0.002 3.1622777e-09 6.90506992329e-06
0.002 3.9810717e-05 85422171924.6
0.002 3.9810717e-06 19222055.9771
0.002 3.9810717e-07 1999.69250482
0.002 3.9810717e-08 0.183308181664
0.002 3.9810717e-09 1.88241807675e-05
0.002 5.0118723e-05 1.49641576264e+11
0.002 5.0118723e-06 46500035.6414
0.002 5.0118723e-07 3750.59219494
0.002 5.0118723e-08 0.445660395588
0.002 5.0118723e-09 4.6673405451e-05
0.002 6.3095734e-05 2.39661053582e+11
0.002 6.3095734e-06 120962757.229
0.002 6.3095734e-07 11764.4024513
0.002 6.3095734e-08 1.19519893828
0.002 6.3095734e-09 0.000110176999491
0.002 7.9432823e-05 3.29831985693e+11
0.002 7.9432823e-06 286243747.01
0.002 7.9432823e-07 25628.1032818
0.002 7.9432823e-08 2.86101395204
0.002 7.9432823e-09 0.000298152313744
0.005 0.0001 46134021196.2
0.005 0.00012589254 26167627586.1
0.005 0.00015848932 9697001708.8
0.005 0.00019952623 4758726488.39
0.005 0.00025118864 1605473193.02
0.005 0.00031622777 25661972.3661
0.005 0.001 1.42196292006e-10
0.005 1.2589254e-05 5989883909.8
0.005 1.2589254e-06 969281.750738
0.005 1.2589254e-07 106.655288341
0.005 1.2589254e-08 0.0118714978143
0.005 1.2589254e-09 1.15411246828e-06
0.005 1.5848932e-05 11051926210.0
0.005 1.5848932e-06 2884449.19127
0.005 1.5848932e-07 289.674216854
0.005 1.5848932e-08 0.0269898402485
0.005 1.5848932e-09 2.89312943219e-06
0.005 1.9952623e-05 21057698466.3
0.005 1.9952623e-06 7664042.46881
0.005 1.9952623e-07 690.81364186
0.005 1.9952623e-08 0.0725732202125
0.005 1.9952623e-09 6.89803984919e-06
0.005 1e-05 3183211629.39
0.005 1e-06 474055.282959
0.005 1e-07 45.7401651484
0.005 1e-08 0.00430945990629
0.005 1e-09 4.70117315797e-07
0.005 2.5118864e-05 33991129022.2
0.005 2.5118864e-06 20445324.6488
0.005 2.5118864e-07 1694.83390842
0.005 2.5118864e-08 0.196435138729
0.005 2.5118864e-09 1.80126548305e-05
0.005 3.1622777e-05 49232521853.9
0.005 3.1622777e-06 44441260.24
0.005 3.1622777e-07 4366.19746401
0.005 3.1622777e-08 0.457406246207
0.005 3.1622777e-09 4.71625117659e-05
0.005 3.9810717e-05 65176593692.7
0.005 3.9810717e-06 105321208.065
0.005 3.9810717e-07 11688.5443206
0.005 3.9810717e-08 1.08995534276
0.005 3.9810717e-09 0.000104782171106
0.005 5.0118723e-05 71309755436.5
0.005 5.0118723e-06 247356023.291
0.005 5.0118723e-07 27810.8774561
0.005 5.0118723e-08 3.16371570662
0.005 5.0118723e-09 0.000311345174699
0.005 6.3095734e-05 69997721653.3
0.005 6.3095734e-06 610366492.176
0.005 6.3095734e-07 79318.5970878
0.005 6.3095734e-08 7.72220380932
0.005 6.3095734e-09 0.00067270621341
0.005 7.9432823e-05 58535342534.9
0.005 7.9432823e-06 1311473453.14
0.005 7.9432823e-07 185951.474863
0.005 7.9432823e-08 18.8034087336
0.005 7.9432823e-09 0.00176670746484
0.01 0.0001 504130560.15
0.01 0.00012589254 130603749.57
0.01 0.00015848932 2248472.7132
0.01 0.00019952623 1184508.16571
0.01 0.00025118864 5.86409652088
0.01 0.00031622777 0.0228795656501
0.01 1.2589254e-05 8561324051.63
0.01 1.2589254e-06 4151845.68481
0.01 1.2589254e-07 429.762666285
0.01 1.2589254e-08 0.0454283119725
0.01 1.2589254e-09 5.07560918115e-06
0.01 1.5848932e-05 11494777398.2
0.01 1.5848932e-06 11247099.0737
0.01 1.5848932e-07 1113.09495291
0.01 1.5848932e-08 0.109868569404
0.01 1.5848932e-09 1.21168758513e-05
0.01 1.9952623e-05 15472397678.6
0.01 1.9952623e-06 28050583.0213
0.01 1.9952623e-07 3160.75206943
0.01 1.9952623e-08 0.245712693895
0.01 1.9952623e-09 3.02096195885e-05
0.01 1e-05 5637390360.7
0.01 1e-06 1789755.45724
0.01 1e-07 231.148484482
0.01 1e-08 0.0198998657923
0.01 1e-09 1.95853752272e-06
0.01 2.5118864e-05 17643765533.1
0.01 2.5118864e-06 69992945.8592
0.01 2.5118864e-07 6120.60699929
0.01 2.5118864e-08 0.930513325413
0.01 2.5118864e-09 7.31021819094e-05
0.01 3.1622777e-05 19367584556.6
0.01 3.1622777e-06 151617931.807
0.01 3.1622777e-07 18874.4594485
0.01 3.1622777e-08 0.101282556669
0.01 3.1622777e-09 0.000160688057818
0.01 3.9810717e-05 15212736472.5
0.01 3.9810717e-06 345058904.523
0.01 3.9810717e-07 44564.6000032
0.01 3.9810717e-08 3.82472287226
0.01 3.9810717e-09 0.00044417291794
0.01 5.0118723e-05 11622341322.9
0.01 5.0118723e-06 809014874.052
0.01 5.0118723e-07 109252.568431
0.01 5.0118723e-08 11.4233046367
0.01 5.0118723e-09 0.00117429458716
0.01 6.3095734e-05 8663272951.83
0.01 6.3095734e-06 1500988447.2
0.01 6.3095734e-07 272239.732563
0.01 6.3095734e-08 28.8575404791
0.01 6.3095734e-09 0.00294303226942
0.01 7.9432823e-05 4147462675.44
0.01 7.9432823e-06 2979255346.0
0.01 7.9432823e-07 691764.364746
0.01 7.9432823e-08 73.1790937899
0.01 7.9432823e-09 0.00730612513932
0.05 0.0001 9.9005564035e-15
0.05 1.2589254e-05 130147941.231
0.05 1.2589254e-06 49481031.7295
0.05 1.2589254e-07 8172.66031498
0.05 1.2589254e-08 0.770628122026
0.05 1.2589254e-09 7.77017487589e-05
0.05 1.5848932e-05 79293371.003
0.05 1.5848932e-06 86465938.4897
0.05 1.5848932e-07 18151.5067471
0.05 1.5848932e-08 1.92018799004
0.05 1.5848932e-09 0.00018004543398
0.05 1.9952623e-05 19538026.3246
0.05 1.9952623e-06 152603644.491
0.05 1.9952623e-07 51417.7052837
0.05 1.9952623e-08 5.01238672305
0.05 1.9952623e-09 0.000497293793808
0.05 1e-05 338519422.493
0.05 1e-06 22649316.4671
0.05 1e-07 2948.09443337
0.05 1e-08 0.278945625953
0.05 1e-09 2.98098187414e-05
0.05 2.5118864e-05 6784162.48496
0.05 2.5118864e-06 249274840.927
0.05 2.5118864e-07 120576.297435
0.05 2.5118864e-08 14.3112108448
0.05 2.5118864e-09 0.00128762181192
0.05 3.1622777e-05 207179.453852
0.05 3.1622777e-06 370990720.065
0.05 3.1622777e-07 274513.098656
0.05 3.1622777e-08 25.9164578661
0.05 3.1622777e-09 0.00338201934393
0.05 3.9810717e-05 2050.7557084
0.05 3.9810717e-06 462544602.044
0.05 3.9810717e-07 54165.318522
0.05 3.9810717e-08 71.5097623604
0.05 3.9810717e-09 0.00863832799627
0.05 5.0118723e-05 37.6439432488
0.05 5.0118723e-06 547406741.84
0.05 5.0118723e-07 1773544.00491
0.05 5.0118723e-08 221.536756596
0.05 5.0118723e-09 0.0192605092653
0.05 6.3095734e-05 2.03088376392e-06
0.05 6.3095734e-06 499048905.285
0.05 6.3095734e-07 4114365.06859
0.05 6.3095734e-08 508.912993001
0.05 6.3095734e-09 0.0441422350698
0.05 7.9432823e-05 3.74746926478e-11
0.05 7.9432823e-06 411662158.488
0.05 7.9432823e-07 9223556.3945
0.05 7.9432823e-08 1292.98845184
0.05 7.9432823e-09 0.133800518095
0.1 1.2589254e-05 339152.02853
0.1 1.2589254e-06 15815031.1809
0.1 1.2589254e-07 1725.63713693
0.1 1.2589254e-08 0.721370152636
0.1 1.2589254e-09 6.98767994323e-05
0.1 1.5848932e-05 58159.162327
0.1 1.5848932e-06 24409729.3867
0.1 1.5848932e-07 14976.074932
0.1 1.5848932e-08 1.70162482119
0.1 1.5848932e-09 0.000182145431706
0.1 1.9952623e-05 122.21667605
0.1 1.9952623e-06 32284992.3851
0.1 1.9952623e-07 36219.0320464
0.1 1.9952623e-08 4.16414872517
0.1 1.9952623e-09 0.000428249602515
0.1 1e-05 1567224.5344
0.1 1e-06 9937113.7796
0.1 1e-07 2561.66138725
0.1 1e-08 0.266018931325
0.1 1e-09 2.71308702182e-05
0.1 2.5118864e-05 309.08772275
0.1 2.5118864e-06 38854840.633
0.1 2.5118864e-07 97037.9996579
0.1 2.5118864e-08 11.0984129853
0.1 2.5118864e-09 0.00103547599674
0.1 3.1622777e-05 1.3483830143e-07
0.1 3.1622777e-06 41341806.387
0.1 3.1622777e-07 238759.425618
0.1 3.1622777e-08 27.5556884729
0.1 3.1622777e-09 0.00263551344413
0.1 3.9810717e-05 1.19761423253e-09
0.1 3.9810717e-06 34337527.063
0.1 3.9810717e-07 521288.858293
0.1 3.9810717e-08 69.33274964
0.1 3.9810717e-09 0.00650570236743
0.1 5.0118723e-05 2.16440413658e-24
0.1 5.0118723e-06 26957885.059
0.1 5.0118723e-07 1302143.37736
0.1 5.0118723e-08 150.309103266
0.1 5.0118723e-09 0.0157674877745
0.1 6.3095734e-06 17453246.8502
0.1 6.3095734e-07 2602750.22189
0.1 6.3095734e-08 396.16447962
0.1 6.3095734e-09 0.0439481163737
0.1 7.9432823e-06 6279527.2673
0.1 7.9432823e-07 5456409.01428
0.1 7.9432823e-08 1176.15374807
0.1 7.9432823e-09 0.035170624181
0.15 1.2589254e-05 541.87955094
0.15 1.2589254e-06 5191723.2801
0.15 1.2589254e-07 3345.3170387
0.15 1.2589254e-08 0.38692025967
0.15 1.2589254e-09 4.3873516141e-05
0.15 1.5848932e-05 0.14482648054
0.15 1.5848932e-06 6199477.55
0.15 1.5848932e-07 10007.7152546
0.15 1.5848932e-08 0.98769632052
0.15 1.5848932e-09 0.000100748798542
0.15 1.9952623e-05 7.6323749796e-05
0.15 1.9952623e-06 6944992.7407
0.15 1.9952623e-07 26367.6996345
0.15 1.9952623e-08 2.33558281838
0.15 1.9952623e-09 0.000224066368435
0.15 1e-05 9808.331897
0.15 1e-06 3695864.6249
0.15 1e-07 1841.94756046
0.15 1e-08 0.162250390547
0.15 1e-09 1.6161526941e-05
0.15 2.5118864e-05 1.32606370401e-08
0.15 2.5118864e-06 6658924.6108
0.15 2.5118864e-07 58676.05695
0.15 2.5118864e-08 6.1982628806
0.15 2.5118864e-09 0.00065944086894
0.15 3.1622777e-05 2.8287989103e-24
0.15 3.1622777e-06 5384054.6144
0.15 3.1622777e-07 127545.616261
0.15 3.1622777e-08 18.9325577392
0.15 3.1622777e-09 0.00173738201616
0.15 3.9810717e-05 3.11229632e-36
0.15 3.9810717e-06 3309696.8786
0.15 3.9810717e-07 288017.24224
0.15 3.9810717e-08 40.313543263
0.15 3.9810717e-09 0.0046622521449
0.15 5.0118723e-06 1460478.5713
0.15 5.0118723e-07 603546.52106
0.15 5.0118723e-08 109.17595031
0.15 5.0118723e-09 0.0094185350567
0.15 6.3095734e-06 632984.51524
0.15 6.3095734e-07 1216868.62703
0.15 6.3095734e-08 250.412844388
0.15 6.3095734e-09 0.0258685090195
0.15 7.9432823e-06 147054.83646
0.15 7.9432823e-07 2197018.8457
0.15 7.9432823e-08 653.84817904
0.15 7.9432823e-09 0.067512849299
0.2 1.2589254e-05 0.016493028734
0.2 1.2589254e-06 3004910.8257
0.2 1.2589254e-07 5475.0703294
0.2 1.2589254e-08 0.6638747276
0.2 1.2589254e-09 6.8150830209e-05
0.2 1.5848932e-05 3.334794652e-07
0.2 1.5848932e-06 3435865.4771
0.2 1.5848932e-07 12740.9148636
0.2 1.5848932e-08 1.83229678275
0.2 1.5848932e-09 0.000155374706116
0.2 1.9952623e-05 8.3129200896e-10
0.2 1.9952623e-06 3307255.6888
0.2 1.9952623e-07 33219.02367
0.2 1.9952623e-08 4.6182496297
0.2 1.9952623e-09 0.0003648520778
0.2 1e-05 70.19471053
0.2 1e-06 280134.2397
0.2 1e-07 138.91080028
0.2 1e-08 0.31816183833
0.2 1e-09 2.37758888976e-05
0.2 2.5118864e-05 7.11396794108e-31
0.2 2.5118864e-06 2422224.8505
0.2 2.5118864e-07 71776.547234
0.2 2.5118864e-08 10.1404704205
0.2 2.5118864e-09 0.00110587078329
0.2 3.1622777e-05 1.81556522e-37
0.2 3.1622777e-06 1506644.6948
0.2 3.1622777e-07 164885.422002
0.2 3.1622777e-08 25.647483309
0.2 3.1622777e-09 0.00238621551266
0.2 3.9810717e-06 532301.868
0.2 3.9810717e-07 365306.5458
0.2 3.9810717e-08 70.94557428
0.2 3.9810717e-09 0.0062636130025
0.2 5.0118723e-06 243630.72692
0.2 5.0118723e-07 630962.71413
0.2 5.0118723e-08 146.196078602
0.2 5.0118723e-09 0.0150984395331
0.2 6.3095734e-06 22599.917039
0.2 6.3095734e-07 1083123.22692
0.2 6.3095734e-08 460.72297859
0.2 6.3095734e-09 0.04063492265
0.2 7.9432823e-06 687.0607086
0.2 7.9432823e-07 1852096.8151
0.2 7.9432823e-08 988.13457785
0.2 7.9432823e-09 0.095494477827
0.25 1.1220184543e-05 7.7085247386e-10
0.25 1.122018454e-05 7.7085247386e-10
0.25 1.2589254e-05 8.76649761386e-17
0.25 1.2589254e-06 940148.5324
0.25 1.2589254e-07 13725.3639306
0.25 1.2589254e-08 1.63617210435
0.25 1.2589254e-09 0.000175091907851
0.25 1.41253754462e-05 5.87200492868e-19
0.25 1.412537545e-05 5.87200492868e-19
0.25 1.5848932e-05 2.68372703553e-31
0.25 1.5848932e-06 690232.5353
0.25 1.5848932e-07 31372.846141
0.25 1.5848932e-08 4.4981720945
0.25 1.5848932e-09 0.00039537846208
0.25 1.77827941004e-05 8.406085219e-37
0.25 1.77827941e-05 8.406085219e-37
0.25 1.9952623e-05 3.92683998e-37
0.25 1.9952623e-06 381676.56653
0.25 1.9952623e-07 65923.566443
0.25 1.9952623e-08 9.6534885153
0.25 1.9952623e-09 0.00107953700953
0.25 1e-05 5.6152890528e-06
0.25 1e-06 1134552.8649
0.25 1e-07 5751.0895918
0.25 1e-08 0.64401388926
0.25 1e-09 6.9353972429e-05
0.25 2.5118864e-06 220035.55161
0.25 2.5118864e-07 147844.4814
0.25 2.5118864e-08 26.768552433
0.25 2.5118864e-09 0.0026982397659
0.25 3.1622777e-06 62372.018114
0.25 3.1622777e-07 270958.74211
0.25 3.1622777e-08 74.093073495
0.25 3.1622777e-09 0.0068983183598
0.25 3.9810717e-06 7294.9967867
0.25 3.9810717e-07 464993.2728
0.25 3.9810717e-08 172.956473872
0.25 3.9810717e-09 0.0166558137004
0.25 5.0118723e-06 107.28749766
0.25 5.0118723e-07 718711.39368
0.25 5.0118723e-08 403.79635275
0.25 5.0118723e-09 0.044450995239
0.25 6.3095734e-06 26.9713835328
0.25 6.3095734e-07 974677.91715
0.25 6.3095734e-08 976.66032814
0.25 6.3095734e-09 0.117776769509
0.25 7.9432823e-06 0.0078607238626
0.25 7.9432823e-07 1160850.9633
0.25 7.9432823e-08 2230.0286267
0.25 7.9432823e-09 0.28902266197
0.3 1.2589254e-05 1.39266748584e-23
0.3 1.2589254e-06 375899.86308
0.3 1.2589254e-07 13868.5901935
0.3 1.2589254e-08 2.21981268054
0.3 1.2589254e-09 0.000187358647812
0.3 1.5848932e-06 207267.83756
0.3 1.5848932e-07 35359.357334
0.3 1.5848932e-08 4.3717183461
0.3 1.5848932e-09 0.00045519221552
0.3 1.9952623e-06 86345.26719
0.3 1.9952623e-07 62647.658528
0.3 1.9952623e-08 12.4643247939
0.3 1.9952623e-09 0.00117854047031
0.3 1e-05 4.39783441674e-15
0.3 1e-06 507924.41581
0.3 1e-07 6412.8801016
0.3 1e-08 0.71140755735
0.3 1e-09 8.3607335742e-05
0.3 2.5118864e-06 32338.978126
0.3 2.5118864e-07 117182.878596
0.3 2.5118864e-08 30.713097835
0.3 2.5118864e-09 0.0029361819445
0.3 3.1622777e-06 4900.6108543
0.3 3.1622777e-07 209965.86583
0.3 3.1622777e-08 72.544313373
0.3 3.1622777e-09 0.0070146720014
0.3 3.9810717e-06 214.23458259
0.3 3.9810717e-07 331665.32427
0.3 3.9810717e-08 204.54298718
0.3 3.9810717e-09 0.019934568269
0.3 5.0118723e-06 2.7650734153
0.3 5.0118723e-07 434189.13664
0.3 5.0118723e-08 457.55609375
0.3 5.0118723e-09 0.048262835194
0.3 6.3095734e-06 0.004349891735
0.3 6.3095734e-07 548880.2032
0.3 6.3095734e-08 1115.16833386
0.3 6.3095734e-09 0.128069736935
0.3 7.9432823e-06 1.06556942839e-09
0.3 7.9432823e-07 578197.42799
0.3 7.9432823e-08 2890.2664917
0.3 7.9432823e-09 0.29945554828
0.35 1.2589254e-06 128055.949
0.35 1.2589254e-07 12108.37607
0.35 1.2589254e-08 1.7776008607
0.35 1.2589254e-09 0.0001903294428
0.35 1.5848932e-06 67889.10716
0.35 1.5848932e-07 24355.475809
0.35 1.5848932e-08 3.7168290411
0.35 1.5848932e-09 0.00039967425666
0.35 1.9952623e-06 18537.807736
0.35 1.9952623e-07 48441.25755
0.35 1.9952623e-08 11.4612787016
0.35 1.9952623e-09 0.00091023194486
0.35 1e-05 9.23045703818e-28
0.35 1e-06 210617.27715
0.35 1e-07 4889.3349001
0.35 1e-08 0.62684101634
0.35 1e-09 6.2093902759e-05
0.35 2.5118864e-06 4052.8170753
0.35 2.5118864e-07 80187.703372
0.35 2.5118864e-08 25.561679283
0.35 2.5118864e-09 0.002584394176
0.35 3.1622777e-06 177.2996918
0.35 3.1622777e-07 143058.64251
0.35 3.1622777e-08 70.344359442
0.35 3.1622777e-09 0.0064310901018
0.35 3.9810717e-06 9.797869928
0.35 3.9810717e-07 186276.23966
0.35 3.9810717e-08 156.7896722
0.35 3.9810717e-09 0.016485551866
0.35 5.0118723e-06 0.14178436547
0.35 5.0118723e-07 262520.85531
0.35 5.0118723e-08 383.78970273
0.35 5.0118723e-09 0.042670403916
0.35 6.3095734e-06 6.20609083527e-05
0.35 6.3095734e-07 271916.56527
0.35 6.3095734e-08 933.63895016
0.35 6.3095734e-09 0.106336116565
0.35 7.9432823e-06 1.29854530537e-11
0.35 7.9432823e-07 279554.97115
0.35 7.9432823e-08 2164.4650279
0.35 7.9432823e-09 0.25458103328
0.4 1.2589254e-06 33786.5815
0.4 1.2589254e-07 7367.355009
0.4 1.2589254e-08 1.2095410509
0.4 1.2589254e-09 0.00012112876517
0.4 1.5848932e-06 13090.848169
0.4 1.5848932e-07 15842.067108
0.4 1.5848932e-08 3.1483632005
0.4 1.5848932e-09 0.00030012225565
0.4 1.9952623e-06 1868.5185309
0.4 1.9952623e-07 28009.981153
0.4 1.9952623e-08 8.460971456
0.4 1.9952623e-09 0.00079040812564
0.4 1e-05 9.00614034005e-28
0.4 1e-06 58395.51872
0.4 1e-07 3739.8083968
0.4 1e-08 0.43269602047
0.4 1e-09 4.5294968908e-05
0.4 2.5118864e-06 561.72395615
0.4 2.5118864e-07 48649.595477
0.4 2.5118864e-08 19.304361174
0.4 2.5118864e-09 0.0016955996995
0.4 3.1622777e-06 31.817675442
0.4 3.1622777e-07 72339.84499
0.4 3.1622777e-08 42.92612016
0.4 3.1622777e-09 0.0046413256386
0.4 3.9810717e-06 3.08099089123
0.4 3.9810717e-07 93939.50657
0.4 3.9810717e-08 115.1095631
0.4 3.9810717e-09 0.012728956233
0.4 5.0118723e-06 5.785982979e-06
0.4 5.0118723e-07 110816.9272
0.4 5.0118723e-08 266.70787199
0.4 5.0118723e-09 0.034792871463
0.4 6.3095734e-06 5.20924928734e-10
0.4 6.3095734e-07 110650.90554
0.4 6.3095734e-08 676.91317575
0.4 6.3095734e-09 0.07455085099
0.4 7.9432823e-06 9.48940383657e-16
0.4 7.9432823e-07 99328.46133
0.4 7.9432823e-08 234.3904059
0.4 7.9432823e-09 0.17990877254
0.45 1.2589254e-06 6303.129168
0.45 1.2589254e-07 3486.488138
0.45 1.2589254e-08 0.5973471133
0.45 1.2589254e-09 5.94013175e-05
0.45 1.5848932e-06 2571.5937982
0.45 1.5848932e-07 7078.665657
0.45 1.5848932e-08 1.4439903933
0.45 1.5848932e-09 0.00015137377451
0.45 1.9952623e-06 237.0834557
0.45 1.9952623e-07 11805.429552
0.45 1.9952623e-08 3.891082979
0.45 1.9952623e-09 0.0004143185186
0.45 1e-06 15832.759201
0.45 1e-07 1698.9927276
0.45 1e-08 0.25801431488
0.45 1e-09 2.5654836613e-05
0.45 2.5118864e-06 12.7958712098
0.45 2.5118864e-07 19958.145277
0.45 2.5118864e-08 9.789264107
0.45 2.5118864e-09 0.001024945285
0.45 3.1622777e-06 0.1109998673
0.45 3.1622777e-07 28380.47282
0.45 3.1622777e-08 24.162584537
0.45 3.1622777e-09 0.0023974923546
0.45 3.9810717e-06 0.00013912143056
0.45 3.9810717e-07 35782.65306
0.45 3.9810717e-08 56.30073113
0.45 3.9810717e-09 0.00594373157
0.45 5.0118723e-06 1.6288249061e-09
0.45 5.0118723e-07 37450.71624
0.45 5.0118723e-08 145.23964707
0.45 5.0118723e-09 0.016544237115
0.45 6.3095734e-06 3.64298998001e-14
0.45 6.3095734e-07 35559.38344
0.45 6.3095734e-08 331.3294691
0.45 6.3095734e-09 0.0376887749
0.45 7.9432823e-06 4.02654529733e-26
0.45 7.9432823e-07 27907.13884
0.45 7.9432823e-08 742.9753681
0.45 7.9432823e-09 0.09648366035
0.5 1.2589254e-06 781.372508
0.5 1.2589254e-07 1207.943163
0.5 1.2589254e-08 0.1984817478
0.5 1.2589254e-09 2.071325032e-05
0.5 1.5848932e-06 174.7723712
0.5 1.5848932e-07 2265.023663
0.5 1.5848932e-08 0.5283471375
0.5 1.5848932e-09 5.027015308e-05
0.5 1.9952623e-06 15.82412195
0.5 1.9952623e-07 4103.591261
0.5 1.9952623e-08 1.316340032
0.5 1.9952623e-09 0.0001284019443
0.5 1e-06 3369.181634
0.5 1e-07 571.2009709
0.5 1e-08 0.0823463242
0.5 1e-09 7.6099779e-06
0.5 2.5118864e-06 0.3700003552
0.5 2.5118864e-07 6140.405971
0.5 2.5118864e-08 3.083751811
0.5 2.5118864e-09 0.0003265172953
0.5 3.1622777e-06 0.0006958910336
0.5 3.1622777e-07 9133.42402
0.5 3.1622777e-08 7.647884237
0.5 3.1622777e-09 0.0008357049337
0.5 3.9810717e-06 4.423978349e-08
0.5 3.9810717e-07 10955.69538
0.5 3.9810717e-08 20.50606999
0.5 3.9810717e-09 0.002100082131
0.5 5.0118723e-06 8.8687127354e-09
0.5 5.0118723e-07 10803.28431
0.5 5.0118723e-08 46.42354374
0.5 5.0118723e-09 0.005320470568
0.5 6.3095734e-06 2.748375336e-22
0.5 6.3095734e-07 7991.62854
0.5 6.3095734e-08 112.8418186
0.5 6.3095734e-09 0.01266288695
0.5 7.9432823e-06 3.92985212571e-38
0.5 7.9432823e-07 6329.629145
0.5 7.9432823e-08 243.2600352
0.5 7.9432823e-09 0.03245232298
0.55 1.2589254e-06 164.807895
0.55 1.2589254e-07 487.729473
0.55 1.2589254e-08 0.0909163003
0.55 1.5848932e-06 9.60328355
0.55 1.5848932e-07 938.377349
0.55 1.5848932e-08 0.2178995378
0.55 1.9952623e-06 0.1917682466
0.55 1.9952623e-07 1612.228912
0.55 1.9952623e-08 0.567320117
0.55 1e-06 516.398414
0.55 1e-07 238.8796732
0.55 1e-08 0.03576094606
0.55 2.5118864e-06 0.000910738003
0.55 2.5118864e-07 2375.19338
0.55 2.5118864e-08 1.405350786
0.55 3.1622777e-06 5.2090759e-07
0.55 3.1622777e-07 3049.588213
0.55 3.1622777e-08 3.33369421
0.55 3.1622777e-09 0.0003668269626
0.55 3.9810717e-06 3.40457264e-15
0.55 3.9810717e-07 3426.676071
0.55 3.9810717e-08 8.24519514
0.55 3.9810717e-09 0.000935132562
0.55 5.0118723e-06 2.9392708639e-22
0.55 5.0118723e-07 3138.4731
0.55 5.0118723e-08 20.03497412
0.55 5.0118723e-09 0.002313925201
0.55 6.3095734e-06 8.0129553e-35
0.55 6.3095734e-07 2175.324018
0.55 6.3095734e-08 7.6792366
0.55 6.3095734e-09 0.00586605425
0.55 7.9432823e-07 1157.03826
0.55 7.9432823e-08 107.26821
0.55 7.9432823e-09 0.01366829191
0.6 1.2589254e-06 4.88408851
0.6 1.2589254e-07 207.809175
0.6 1.2589254e-08 0.0451443146
0.6 1.5848932e-06 0.565643281
0.6 1.5848932e-07 391.118679
0.6 1.5848932e-08 0.110879524
0.6 1.9952623e-06 0.00663705882
0.6 1.9952623e-07 568.969835
0.6 1.9952623e-08 0.273712628
0.6 1e-06 40.3381146
0.6 1e-07 74.343892
0.6 1e-08 0.01810790765
0.6 2.5118864e-06 1.784364099e-06
0.6 2.5118864e-07 798.808199
0.6 2.5118864e-08 0.69020413
0.6 3.1622777e-06 8.14985192e-14
0.6 3.1622777e-07 936.337255
0.6 3.1622777e-08 1.643459349
0.6 3.1622777e-09 0.0001883410704
0.6 3.9810717e-06 4.159568259e-21
0.6 3.9810717e-07 917.281547
0.6 3.9810717e-08 4.09876264
0.6 3.9810717e-09 0.000458877426
0.6 5.0118723e-06 1.53324507107e-30
0.6 5.0118723e-07 697.718567
0.6 5.0118723e-08 10.21978517
0.6 5.0118723e-09 0.001133710921
0.6 6.3095734e-06 1.22148999e-42
0.6 6.3095734e-07 436.752274
0.6 6.3095734e-08 22.25377182
0.6 6.3095734e-09 0.00287209118
0.6 7.9432823e-07 208.3731076
0.6 7.9432823e-08 15.5807757
0.6 7.9432823e-09 0.00723239125
0.65 1.1220184543e-06 0.417652361
0.65 1.122018454e-06 0.417652361
0.65 1.2589254e-06 0.101393117
0.65 1.2589254e-07 50.0001943
0.65 1.2589254e-08 0.014932456
0.65 1.41253754462e-06 0.00526661898
0.65 1.412537545e-06 0.00526661898
0.65 1.5848932e-06 0.00051462999
0.65 1.5848932e-07 76.1026
0.65 1.5848932e-08 0.0380509962
0.65 1.77827941004e-06 6.8182898e-06
0.65 1.77827941e-06 6.8182898e-06
0.65 1.9952623e-06 8.1019015e-06
0.65 1.9952623e-07 104.424117
0.65 1.9952623e-08 0.091280658
0.65 1e-06 1.61341887
0.65 1e-08 0.00603084804
0.65 2.23872113857e-06 1.48077398e-06
0.65 2.238721139e-06 1.48077398e-06
0.65 2.5118864e-06 4.01541007e-10
0.65 2.5118864e-07 123.037082
0.65 2.5118864e-08 0.22316791
0.65 2.81838293126e-06 1.29885301e-13
0.65 2.818382931e-06 1.29885301e-13
0.65 3.1622777e-06 3.24779693e-21
0.65 3.1622777e-07 126.260743
0.65 3.1622777e-08 0.54122306
0.65 3.1622777e-09 6.04812285e-05
0.65 3.54813389234e-06 2.28040757e-29
0.65 3.548133892e-06 2.28040757e-29
0.65 3.9810717e-06 3.85872172e-29
0.65 3.9810717e-07 93.267104
0.65 3.9810717e-08 1.28309657
0.65 3.9810717e-09 0.000155678593
0.65 5.0118723e-07 62.639213
0.65 5.0118723e-08 3.15882252
0.65 5.0118723e-09 0.000420929824
0.65 6.3095734e-07 24.0585744
0.65 6.3095734e-08 6.8251722
0.65 6.3095734e-09 0.00095211298
0.65 7.9432823e-07 10.6707272
0.65 7.9432823e-08 14.7200949
0.65 7.9432823e-09 0.00265431173
0.7 1.2589254e-06 1.29345566e-05
0.7 1.2589254e-07 29.563576
0.7 1.2589254e-08 0.0148760157
0.7 1.5848932e-06 5.97715629e-09
0.7 1.5848932e-07 36.4780465
0.7 1.5848932e-08 0.0372675541
0.7 1.9952623e-06 2.12764286e-16
0.7 1.9952623e-07 45.1565835
0.7 1.9952623e-08 0.087066504
0.7 1e-06 0.0224596806
0.7 1e-07 18.84701
0.7 1e-08 0.00622822669
0.7 2.5118864e-06 4.97092764e-22
0.7 2.5118864e-07 45.3651079
0.7 2.5118864e-07 45.3651079
0.7 2.5118864e-08 0.227191923
0.7 3.1622777e-06 4.7998139e-40
0.7 3.1622777e-07 31.2410259
0.7 3.1622777e-08 0.518909601
0.7 3.1622777e-09 5.89233358e-05
0.7 3.9810717e-07 15.9805436
0.7 3.9810717e-08 1.13396885
0.7 3.9810717e-09 0.000159100767
0.7 5.0118723e-07 5.27611483
0.7 5.0118723e-08 2.65407219
0.7 5.0118723e-09 0.000379053626
0.7 6.3095734e-07 1.57593674
0.7 6.3095734e-08 5.65153519
0.7 6.3095734e-09 0.00093709182
0.7 7.9432823e-07 0.108639118
0.7 7.9432823e-08 10.1453639
0.7 7.9432823e-09 0.00245947345
0.75 1.1220184543e-06 6.256173e-08
0.75 1.122018454e-06 6.256173e-08
0.75 1.2589254e-06 2.81873844e-10
0.75 1.2589254e-07 13.4019193
0.75 1.2589254e-08 0.0147474544
0.75 1.41253754462e-06 4.26664784e-15
0.75 1.412537545e-06 4.26664784e-15
0.75 1.5848932e-06 1.00497551e-15
0.75 1.5848932e-07 13.6135251
0.75 1.5848932e-08 0.0342079556
0.75 1.77827941004e-06 1.49757587e-23
0.75 1.77827941e-06 1.49757587e-23
0.75 1.9952623e-06 1.57223227e-34
0.75 1.9952623e-07 13.4027859
0.75 1.9952623e-08 0.083474573
0.75 1e-06 2.09343456e-07
0.75 1e-07 10.2267732
0.75 1e-08 0.00583001132
0.75 2.23872113857e-06 4.25876682e-40
0.75 2.238721139e-06 4.25876682e-40
0.75 2.5118864e-06 6.5518649e-41
0.75 2.5118864e-07 8.9324746
0.75 2.5118864e-08 0.194275221
0.75 3.1622777e-07 4.36506966
0.75 3.1622777e-08 0.473863285
0.75 3.1622777e-09 5.97765175e-05
0.75 3.9810717e-07 1.6260727
0.75 3.9810717e-08 0.99931132
0.75 3.9810717e-09 0.000141334284
0.75 5.0118723e-07 0.470680826
0.75 5.0118723e-08 2.07758383
0.75 5.0118723e-09 0.000365728433
0.75 6.3095734e-07 0.0481426001
0.75 6.3095734e-08 3.84790273
0.75 6.3095734e-09 0.0009965214
0.75 7.9432823e-07 0.00073087007
0.75 7.9432823e-08 7.0444472
0.75 7.9432823e-09 0.00212865583
0.8 1.1220184543e-06 2.48423553e-08
0.8 1.122018454e-06 2.48423553e-08
0.8 1.2589254e-06 2.58545518e-11
0.8 1.2589254e-07 6.70266394
0.8 1.2589254e-08 0.00608554149
0.8 1.41253754462e-06 5.25983367e-11
0.8 1.412537545e-06 5.25983367e-11
0.8 1.5848932e-06 2.21474526e-15
0.8 1.5848932e-07 7.6679617
0.8 1.5848932e-08 0.0161214935
0.8 1.77827941004e-06 3.73849693e-22
0.8 1.77827941e-06 3.73849693e-22
0.8 1.9952623e-06 7.6962403e-24
0.8 1.9952623e-07 6.7036823
0.8 1.9952623e-08 0.0374668532
0.8 1e-06 3.23162343e-05
0.8 1e-07 5.24407002
0.8 1e-08 0.0028299551
0.8 2.23872113857e-06 2.00066118e-36
0.8 2.238721139e-06 2.00066118e-36
0.8 2.5118864e-06 4.09942792e-39
0.8 2.5118864e-07 5.20596223
0.8 2.5118864e-08 0.089876332
0.8 2.81838293126e-06 1.86920251e-40
0.8 2.818382931e-06 1.86920251e-40
0.8 3.1622777e-07 2.99112926
0.8 3.1622777e-08 0.214252199
0.8 3.1622777e-09 2.56048534e-05
0.8 3.9810717e-07 1.20670816
0.8 3.9810717e-08 0.480324817
0.8 3.9810717e-09 6.36498436e-05
0.8 5.0118723e-07 0.219617636
0.8 5.0118723e-08 0.97109971
0.8 5.0118723e-09 0.000165007962
0.8 6.3095734e-07 0.0420893067
0.8 6.3095734e-08 1.85320156
0.8 6.3095734e-09 0.000409256155
0.8 7.9432823e-07 0.00146654767
0.8 7.9432823e-08 3.46320807
0.8 7.9432823e-09 0.00106212463
0.81 1.1220184543e-06 7.8321817e-06
0.81 1.122018454e-06 7.8321817e-06
0.81 1.2589254e-06 5.58386773e-10
0.81 1.2589254e-07 6.1247949
0.81 1.2589254e-08 0.0050652784
0.81 1.41253754462e-06 4.34589848e-09
0.81 1.412537545e-06 4.34589848e-09
0.81 1.5848932e-06 9.0490519e-13
0.81 1.5848932e-07 7.1823906
0.81 1.5848932e-08 0.0112943019
0.81 1.77827941004e-06 6.7695257e-17
0.81 1.77827941e-06 6.7695257e-17
0.81 1.9952623e-06 3.67415034e-19
0.81 1.9952623e-07 7.1202264
0.81 1.9952623e-08 0.0282596321
0.81 1e-06 5.18623784e-06
0.81 1e-07 4.36280369
0.81 1e-08 0.00196406392
0.81 2.23872113857e-06 2.30026447e-28
0.81 2.238721139e-06 2.30026447e-28
0.81 2.5118864e-06 4.04854289e-42
0.81 2.5118864e-07 5.4833128
0.81 2.5118864e-08 0.073655666
0.81 3.1622777e-07 3.47662301
0.81 3.1622777e-08 0.155616951
0.81 3.1622777e-09 1.93145974e-05
0.81 3.9810717e-07 1.00480226
0.81 3.9810717e-08 0.358685278
0.81 3.9810717e-09 5.17246324e-05
0.81 5.0118723e-07 0.59442369
0.81 5.0118723e-08 0.7367605
0.81 5.0118723e-09 0.000127787177
0.81 6.3095734e-07 0.0398469911
0.81 6.3095734e-08 1.53409347
0.81 6.3095734e-09 0.000312759853
0.81 7.9432823e-07 0.00175982352
0.81 7.9432823e-08 2.6151552
0.81 7.9432823e-09 0.00077390957
0.82 1.1220184543e-06 7.6781649e-06
0.82 1.122018454e-06 7.6781649e-06
0.82 1.2589254e-06 5.1689197e-09
0.82 1.2589254e-07 5.38500977
0.82 1.2589254e-08 0.00368999953
0.82 1.41253754462e-06 4.27499072e-11
0.82 1.412537545e-06 4.27499072e-11
0.82 1.5848932e-06 1.08758391e-12
0.82 1.5848932e-07 6.39031561
0.82 1.5848932e-08 0.0090346704
0.82 1.77827941004e-06 4.19069609e-20
0.82 1.77827941e-06 4.19069609e-20
0.82 1.9952623e-06 3.91406988e-20
0.82 1.9952623e-07 6.36474937
0.82 1.9952623e-08 0.022498119
0.82 1e-06 0.000519234947
0.82 1e-07 3.72771056
0.82 1e-08 0.00147560028
0.82 2.23872113857e-06 7.712943e-30
0.82 2.238721139e-06 7.712943e-30
0.82 2.5118864e-06 8.7243828e-41
0.82 2.5118864e-07 5.33146558
0.82 2.5118864e-08 0.0534744168
0.82 2.81838293126e-06 5.62343684e-39
0.82 2.818382931e-06 5.62343684e-39
0.82 3.1622777e-07 3.44594936
0.82 3.1622777e-08 0.133158585
0.82 3.1622777e-09 1.52823937e-05
0.82 3.9810717e-07 1.79693066
0.82 3.9810717e-08 0.273774165
0.82 3.9810717e-09 3.91968094e-05
0.82 5.0118723e-07 0.577678094
0.82 5.0118723e-08 0.627959066
0.82 5.0118723e-09 9.9495102e-05
0.82 6.3095734e-07 0.071128428
0.82 6.3095734e-08 1.25033587
0.82 6.3095734e-09 0.000238524601
0.82 7.9432823e-07 0.00484190553
0.82 7.9432823e-08 2.20751412
0.82 7.9432823e-09 0.000611929626
0.83 1.1220184543e-06 1.97517789e-05
0.83 1.122018454e-06 1.97517789e-05
0.83 1.2589254e-06 8.9163221e-08
0.83 1.2589254e-07 4.38462199
0.83 1.2589254e-08 0.0029342929
0.83 1.41253754462e-06 4.46288241e-12
0.83 1.412537545e-06 4.46288241e-12
0.83 1.5848932e-06 6.72279153e-14
0.83 1.5848932e-07 5.80080214
0.83 1.5848932e-08 0.0074138225
0.83 1.77827941004e-06 1.73248173e-12
0.83 1.77827941e-06 1.73248173e-12
0.83 1.9952623e-06 5.92096764e-19
0.83 1.9952623e-07 5.78261404
0.83 1.9952623e-08 0.0174504757
0.83 1e-06 0.000267984059
0.83 1e-07 2.92727169
0.83 1e-08 0.00109969314
0.83 2.23872113857e-06 3.47322185e-21
0.83 2.238721139e-06 3.47322185e-21
0.83 2.5118864e-06 2.87033306e-32
0.83 2.5118864e-07 4.87381769
0.83 2.5118864e-08 0.0448973091
0.83 2.81838293126e-06 4.15500715e-35
0.83 2.818382931e-06 4.15500715e-35
0.83 3.1622777e-07 4.03965044
0.83 3.1622777e-08 0.093494702
0.83 3.1622777e-09 1.18655824e-05
0.83 3.9810717e-07 1.4918393
0.83 3.9810717e-08 0.227217424
0.83 3.9810717e-09 2.81569435e-05
0.83 5.0118723e-07 0.585165252
0.83 5.0118723e-08 0.462692951
0.83 5.0118723e-09 7.4144896e-05
0.83 6.3095734e-07 0.0546860986
0.83 6.3095734e-08 1.02672829
0.83 6.3095734e-09 0.000171308298
0.83 7.9432823e-07 0.007760585
0.83 7.9432823e-08 1.80007415
0.83 7.9432823e-09 0.00047060944
0.84 1.2589254e-06 5.39178647e-07
0.84 1.2589254e-07 3.84998761
0.84 1.2589254e-08 0.0023055053
0.84 1.5848932e-06 1.85679669e-12
0.84 1.5848932e-07 4.71947336
0.84 1.5848932e-08 0.00560748755
0.84 1.9952623e-06 8.3047594e-16
0.84 1.9952623e-07 5.37283565
0.84 1.9952623e-08 0.0133455546
0.84 1e-06 0.000221078221
0.84 1e-07 2.53987664
0.84 1e-08 0.00087838135
0.84 2.5118864e-06 6.5688217e-27
0.84 2.5118864e-07 4.18374516
0.84 2.5118864e-08 0.0327559561
0.84 3.1622777e-07 3.74333512
0.84 3.1622777e-08 0.074875059
0.84 3.1622777e-09 8.7989286e-06
0.84 3.9810717e-07 1.60228467
0.84 3.9810717e-08 0.161788354
0.84 3.9810717e-09 2.28271421e-05
0.84 5.0118723e-07 0.545765605
0.84 5.0118723e-08 0.366117549
0.84 5.0118723e-09 5.47245188e-05
0.84 6.3095734e-07 0.168661283
0.84 6.3095734e-08 0.79236717
0.84 6.3095734e-09 0.000130449606
0.84 7.9432823e-07 0.00526260595
0.84 7.9432823e-08 1.41386147
0.84 7.9432823e-09 0.000337461635
0.85 1.2589254e-06 8.1682342e-06
0.85 1.2589254e-07 2.94489055
0.85 1.2589254e-08 0.0014955108
0.85 1.5848932e-06 1.40665399e-08
0.85 1.5848932e-07 4.05370973
0.85 1.5848932e-08 0.00398257265
0.85 1.9952623e-06 1.76958355e-17
0.85 1.9952623e-07 4.84016148
0.85 1.9952623e-08 0.009829526
0.85 1e-06 0.00071187613
0.85 1e-07 1.94316241
0.85 1e-08 0.000657518246
0.85 2.5118864e-06 3.62290362e-26
0.85 2.5118864e-07 4.73757809
0.85 3.1622777e-06 1.29552052e-42
0.85 3.1622777e-07 3.3500089
0.85 3.1622777e-08 0.0541646777
0.85 3.1622777e-09 6.49006666e-06
0.85 3.9810717e-07 1.73686373
0.85 3.9810717e-08 0.123735213
0.85 3.9810717e-09 1.61615461e-05
0.85 5.0118723e-07 0.75171978
0.85 5.0118723e-08 0.29458786
0.85 5.0118723e-09 3.95451889e-05
0.85 6.3095734e-07 0.202532806
0.85 6.3095734e-08 0.592095581
0.85 6.3095734e-09 0.000101452491
0.85 7.9432823e-07 0.0086295783
0.85 7.9432823e-08 1.08701327
0.85 7.9432823e-09 0.00026094579
0.86 1.1220184543e-06 4.25761616e-06
0.86 1.122018454e-06 4.25761616e-06
0.86 1.2589254e-06 1.17135375e-05
0.86 1.2589254e-07 2.42142054
0.86 1.2589254e-08 0.00113913667
0.86 1.41253754462e-06 1.39239527e-07
0.86 1.412537545e-06 1.39239527e-07
0.86 1.5848932e-06 4.83402871e-10
0.86 1.5848932e-07 3.04567081
0.86 1.5848932e-08 0.00293103062
0.86 1.77827941004e-06 1.23947082e-14
0.86 1.77827941e-06 1.23947082e-14
0.86 1.9952623e-06 7.0423612e-16
0.86 1.9952623e-07 3.68336227
0.86 1.9952623e-08 0.007153839
0.86 1e-06 0.000643379338
0.86 1e-07 1.46802999
0.86 1e-08 0.000527293354
0.86 2.23872113857e-06 1.79982369e-24
0.86 2.238721139e-06 1.79982369e-24
0.86 2.5118864e-06 1.32283256e-24
0.86 2.5118864e-07 3.04876432
0.86 2.5118864e-08 0.0181212374
0.86 2.81838293126e-06 1.16480525e-37
0.86 2.818382931e-06 1.16480525e-37
0.86 3.1622777e-06 7.2580081e-39
0.86 3.1622777e-07 2.18740781
0.86 3.1622777e-08 0.0434273021
0.86 3.1622777e-09 5.15893392e-06
0.86 3.9810717e-07 1.16376225
0.86 3.9810717e-08 0.095062156
0.86 3.9810717e-09 1.31727736e-05
0.86 5.0118723e-07 0.329296604
0.86 5.0118723e-08 0.221894848
0.86 5.0118723e-09 3.34582108e-05
0.86 6.3095734e-07 0.124819051
0.86 6.3095734e-08 0.433520297
0.86 6.3095734e-09 7.476595e-05
0.86 7.9432823e-07 0.0206128496
0.86 7.9432823e-08 0.86923935
0.86 7.9432823e-09 0.000195184227
0.87 1.1220184543e-06 6.18284135e-05
0.87 1.122018454e-06 6.18284135e-05
0.87 1.2589254e-06 6.54404513e-07
0.87 1.2589254e-07 1.84568783
0.87 1.2589254e-08 0.00075593077
0.87 1.41253754462e-06 6.49599258e-08
0.87 1.412537545e-06 6.49599258e-08
0.87 1.5848932e-06 8.3610345e-12
0.87 1.5848932e-07 2.49849439
0.87 1.5848932e-08 0.00193172819
0.87 1.77827941004e-06 8.7603278e-11
0.87 1.77827941e-06 8.7603278e-11
0.87 1.9952623e-06 1.72028066e-15
0.87 1.9952623e-07 2.95886367
0.87 1.9952623e-08 0.00477088185
0.87 1e-06 0.00296929731
0.87 1e-07 1.09172028
0.87 1e-08 0.000327477066
0.87 2.23872113857e-06 8.6011954e-20
0.87 2.238721139e-06 8.6011954e-20
0.87 2.5118864e-06 3.04390968e-26
0.87 2.5118864e-07 2.89368576
0.87 2.5118864e-08 0.0114372734
0.87 2.81838293126e-06 1.86858203e-31
0.87 2.818382931e-06 1.86858203e-31
0.87 3.1622777e-06 7.8382948e-39
0.87 3.1622777e-07 2.37563368
0.87 3.1622777e-08 0.0291766678
0.87 3.1622777e-09 3.4127541e-06
0.87 3.9810717e-07 1.53240255
0.87 3.9810717e-08 0.0664594084
0.87 3.9810717e-09 8.3144299e-06
0.87 5.0118723e-07 0.506801043
0.87 5.0118723e-08 0.150858407
0.87 5.0118723e-09 2.02113408e-05
0.87 6.3095734e-07 0.178059448
0.87 6.3095734e-08 0.331091411
0.87 6.3095734e-09 4.8486928e-05
0.87 7.9432823e-07 0.0230018887
0.87 7.9432823e-08 0.612925691
0.87 7.9432823e-09 0.000133041314
0.88 1.1220184543e-06 0.000109024664
0.88 1.122018454e-06 0.000109024664
0.88 1.2589254e-06 6.32912455e-06
0.88 1.2589254e-07 1.23650023
0.88 1.2589254e-08 0.000590674322
0.88 1.41253754462e-06 1.68871507e-07
0.88 1.412537545e-06 1.68871507e-07
0.88 1.5848932e-06 1.15283049e-07
0.88 1.5848932e-07 1.91619953
0.88 1.5848932e-08 0.00138029255
0.88 1.77827941004e-06 1.0983665e-11
0.88 1.77827941e-06 1.0983665e-11
0.88 1.9952623e-06 1.11768265e-16
0.88 1.9952623e-07 2.25787191
0.88 1.9952623e-08 0.0033037424
0.88 1e-06 0.00099252818
0.88 1e-07 0.79628605
0.88 1e-08 0.000225821358
0.88 2.23872113857e-06 1.12212394e-17
0.88 2.238721139e-06 1.12212394e-17
0.88 2.5118864e-06 9.7175981e-26
0.88 2.5118864e-07 2.09332704
0.88 2.5118864e-08 0.0083584333
0.88 2.81838293126e-06 9.4848299e-30
0.88 2.818382931e-06 9.4848299e-30
0.88 3.1622777e-06 1.85349962e-36
0.88 3.1622777e-07 1.64609249
0.88 3.1622777e-08 0.0204522731
0.88 3.1622777e-09 2.18466619e-06
0.88 3.54813389234e-06 1.92153878e-37
0.88 3.548133892e-06 1.92153878e-37
0.88 3.9810717e-07 1.09359264
0.88 3.9810717e-08 0.0446069869
0.88 3.9810717e-09 5.93622099e-06
0.88 5.0118723e-07 0.43910405
0.88 5.0118723e-08 0.099048894
0.88 5.0118723e-09 1.49733815e-05
0.88 6.3095734e-07 0.157166156
0.88 6.3095734e-08 0.230507592
0.88 6.3095734e-09 3.65254939e-05
0.88 7.9432823e-07 0.0340208183
0.88 7.9432823e-08 0.414695645
0.88 7.9432823e-09 8.6476957e-05
0.89 1.1220184543e-06 8.3123572e-05
0.89 1.122018454e-06 8.3123572e-05
0.89 1.2589254e-06 1.70193296e-06
0.89 1.2589254e-07 0.91111237
0.89 1.2589254e-08 0.000340950778
0.89 1.41253754462e-06 8.1803169e-06
0.89 1.412537545e-06 8.1803169e-06
0.89 1.5848932e-06 1.23432309e-07
0.89 1.5848932e-07 1.32282745
0.89 1.5848932e-08 0.00083675802
0.89 1.77827941004e-06 1.8272247e-09
0.89 1.77827941e-06 1.8272247e-09
0.89 1.9952623e-06 3.80646308e-13
0.89 1.9952623e-07 1.51074903
0.89 1.9952623e-08 0.00221581528
0.89 1e-06 0.00139606761
0.89 1e-07 0.55464353
0.89 1e-08 0.000140516509
0.89 2.23872113857e-06 8.3392281e-18
0.89 2.238721139e-06 8.3392281e-18
0.89 2.5118864e-06 1.40873817e-25
0.89 2.5118864e-07 1.66843474
0.89 2.5118864e-08 0.00535323999
0.89 2.81838293126e-06 2.23654004e-26
0.89 2.818382931e-06 2.23654004e-26
0.89 3.1622777e-06 2.41039435e-29
0.89 3.1622777e-07 1.40343084
0.89 3.1622777e-08 0.0125227641
0.89 3.1622777e-09 1.39788257e-06
0.89 3.54813389234e-06 3.2475401e-43
0.89 3.548133892e-06 3.2475401e-43
0.89 3.9810717e-07 0.93645993
0.89 3.9810717e-08 0.0296493925
0.89 3.9810717e-09 3.66651705e-06
0.89 5.0118723e-07 0.436829778
0.89 5.0118723e-08 0.070994756
0.89 5.0118723e-09 9.8083671e-06
0.89 6.3095734e-07 0.086537941
0.89 6.3095734e-08 0.154003143
0.89 6.3095734e-09 2.23716647e-05
0.89 7.9432823e-07 0.0160882876
0.89 7.9432823e-08 0.286233815
0.89 7.9432823e-09 5.85939606e-05
0.9 1.1220184543e-06 3.1525081e-05
0.9 1.122018454e-06 3.1525081e-05
0.9 1.2589254e-06 3.37016568e-06
0.9 1.2589254e-07 0.588565173
0.9 1.2589254e-08 0.00022414161
0.9 1.41253754462e-06 3.56138006e-07
0.9 1.412537545e-06 3.56138006e-07
0.9 1.5848932e-06 5.63261034e-09
0.9 1.5848932e-07 0.84215712
0.9 1.5848932e-08 0.000540954526
0.9 1.77827941004e-06 7.0306705e-12
0.9 1.77827941e-06 7.0306705e-12
0.9 1.9952623e-06 2.48337145e-13
0.9 1.9952623e-07 1.03541025
0.9 1.9952623e-08 0.0013457913
0.9 1e-06 0.000361393956
0.9 1e-07 0.330935451
0.9 1e-08 8.8392913e-05
0.9 2.23872113857e-06 9.3191518e-18
0.9 2.238721139e-06 9.3191518e-18
0.9 2.5118864e-06 3.38425115e-17
0.9 2.5118864e-07 1.02511822
0.9 2.5118864e-08 0.00340387572
0.9 2.81838293126e-06 1.89075243e-27
0.9 2.818382931e-06 1.89075243e-27
0.9 3.1622777e-06 5.59213053e-24
0.9 3.1622777e-07 0.83844544
0.9 3.1622777e-08 0.0082177851
0.9 3.1622777e-09 9.0477086e-07
0.9 3.54813389234e-06 1.68731108e-43
0.9 3.548133892e-06 1.68731108e-43
0.9 3.9810717e-07 0.576563855
0.9 3.9810717e-08 0.018753756
0.9 3.9810717e-09 2.15288619e-06
0.9 5.0118723e-07 0.304804612
0.9 5.0118723e-08 0.0426278601
0.9 5.0118723e-09 5.49577749e-06
0.9 6.3095734e-07 0.09668484
0.9 6.3095734e-08 0.094420501
0.9 6.3095734e-09 1.38195428e-05
0.9 7.9432823e-07 0.0155049041
0.9 7.9432823e-08 0.180759012
0.9 7.9432823e-09 3.64553287e-05
0.95 1.1220184543e-06 2.57454477e-06
0.95 1.122018454e-06 2.57454477e-06
0.95 1.2589254e-06 7.1413489e-08
0.95 1.2589254e-07 0.00155248541
0.95 1.2589254e-08 5.46002751e-07
0.95 1.41253754462e-06 7.0083762e-09
0.95 1.412537545e-06 7.0083762e-09
0.95 1.5848932e-06 3.37745646e-10
0.95 1.5848932e-07 0.00232913884
0.95 1.5848932e-08 1.25744129e-06
0.95 1.77827941004e-06 1.27378188e-13
0.95 1.77827941e-06 1.27378188e-13
0.95 1.9952623e-06 1.29502989e-13
0.95 1.9952623e-07 0.00298974256
0.95 1.9952623e-08 3.26525773e-06
0.95 1e-06 7.146895e-06
0.95 1e-07 0.00090314686
0.95 1e-08 2.13718988e-07
0.95 2.23872113857e-06 2.01037578e-15
0.95 2.238721139e-06 2.01037578e-15
0.95 2.5118864e-06 1.7449656e-22
0.95 2.5118864e-07 0.00326004763
0.95 2.5118864e-08 8.2084555e-06
0.95 2.81838293126e-06 6.02589057e-24
0.95 2.818382931e-06 6.02589057e-24
0.95 3.1622777e-06 4.78079434e-30
0.95 3.1622777e-07 0.0029084524
0.95 3.1622777e-08 1.98778258e-05
0.95 3.1622777e-09 2.0334979e-09
0.95 3.54813389234e-06 6.91405365e-48
0.95 3.548133892e-06 6.91405365e-48
0.95 3.9810717e-06 1.44491011e-45
0.95 3.9810717e-07 0.00205046366
0.95 3.9810717e-08 4.40865964e-05
0.95 3.9810717e-09 5.49128272e-09
0.95 5.0118723e-07 0.00095212439
0.95 5.0118723e-08 0.000107938215
0.95 5.0118723e-09 1.35684423e-08
0.95 6.3095734e-07 0.000380367393
0.95 6.3095734e-08 0.000216061615
0.95 6.3095734e-09 3.53774799e-08
0.95 7.9432823e-07 5.67224266e-05
0.95 7.9432823e-08 0.000463089991
0.95 7.9432823e-09 8.7361848e-08
