0.002 0.00012589254 20000 19559 18074 17901 4967 3035
0.002 0.00015848932 20000 19561 18076 17897 4979 3084
0.002 0.00019952623 20000 19598 18110 17918 4959 3040
0.002 0.0001 20000 19582 18055 17851 4930 2986
0.002 0.00025118864 20000 19557 18030 17829 5119 3145
0.002 0.00031622777 20000 19556 18062 17881 5161 3221
0.002 0.001 20000 19569 18050 17870 5059 3066
0.002 0.0031622777 20000 19552 18034 17867 5035 3125
0.002 0.01 20000 19599 18052 17855 5008 3081
0.002 0.031622777 20000 19586 18107 17925 5006 3038
0.002 0.1 20000 19563 18059 17882 4970 3021
0.002 1.2589254e-05 20000 19521 18054 17878 5080 3101
0.002 1.2589254e-06 20000 19555 18026 17835 4975 3055
0.002 1.2589254e-07 20000 19576 18047 17854 5012 3101
0.002 1.2589254e-08 20000 19572 18050 17886 4961 2995
0.002 1.2589254e-09 15000 14600 13304 13102 3776 2182
0.002 1.5848932e-05 20000 19588 18069 17864 5012 3069
0.002 1.5848932e-06 20000 19552 18089 17911 5081 3080
0.002 1.5848932e-07 20000 19553 18034 17863 4985 3112
0.002 1.5848932e-08 20000 19582 18155 17957 5025 3099
0.002 1.5848932e-09 20000 19552 18020 17849 4966 3042
0.002 1.9952623e-05 20000 19569 18111 17943 5042 3077
0.002 1.9952623e-06 20000 19550 18071 17903 5064 3097
0.002 1.9952623e-07 20000 19577 18066 17892 5005 3094
0.002 1.9952623e-08 20000 19577 18023 17845 4897 2954
0.002 1.9952623e-09 20000 19575 18043 17864 5040 3067
0.002 1e-05 20000 19575 17997 17834 5004 3144
0.002 1e-06 20000 19535 18038 17868 5015 3129
0.002 1e-07 20000 19549 18048 17885 5073 3168
0.002 1e-08 20000 19571 18026 17864 5008 3054
0.002 1e-09 20000 19576 18012 17847 5037 3020
0.002 2.5118864e-05 20000 19546 18015 17849 5039 3136
0.002 2.5118864e-06 20000 19567 18088 17898 5023 3115
0.002 2.5118864e-07 20000 19577 18064 17874 4983 3085
0.002 2.5118864e-08 20000 19544 18060 17880 4974 3028
0.002 2.5118864e-09 20000 19564 18089 17906 5103 3145
0.002 3.1622777e-05 20000 19579 18117 17919 5017 3095
0.002 3.1622777e-06 20000 19570 18063 17856 4938 3020
0.002 3.1622777e-07 20000 19552 18062 17866 5082 3167
0.002 3.1622777e-08 20000 19570 18107 17903 5116 3100
0.002 3.1622777e-09 20000 19554 18072 17889 5072 3132
0.002 3.9810717e-05 20000 19558 18051 17870 5022 3065
0.002 3.9810717e-06 20000 19586 18076 17884 5029 3117
0.002 3.9810717e-07 20000 19596 18121 17936 5060 3058
0.002 3.9810717e-08 20000 19555 18079 17892 5002 3032
0.002 3.9810717e-09 20000 19570 18106 17916 5033 3130
0.002 5.0118723e-05 20000 19542 18065 17873 5123 3211
0.002 5.0118723e-06 20000 19561 18065 17873 4931 3091
0.002 5.0118723e-07 20000 19553 18141 17943 4921 3024
0.002 5.0118723e-08 20000 19567 18024 17839 5073 3056
0.002 5.0118723e-09 20000 19552 18041 17864 4990 3057
0.002 6.3095734e-05 20000 19568 18115 17941 5029 3125
0.002 6.3095734e-06 20000 19564 17994 17794 5054 3099
0.002 6.3095734e-07 20000 19562 18023 17852 5014 3049
0.002 6.3095734e-08 20000 19549 18041 17855 5065 3201
0.002 6.3095734e-09 20000 19560 18074 17882 4947 3066
0.002 7.9432823e-05 20000 19577 18089 17906 5146 3193
0.002 7.9432823e-06 20000 19584 18090 17913 5035 3117
0.002 7.9432823e-07 20000 19590 18105 17921 4981 3023
0.002 7.9432823e-08 20000 19533 18023 17816 4987 3079
0.002 7.9432823e-09 20000 19542 18049 17866 4984 3097
0.005 0.00012589254 20000 19525 17157 16993 4844 2800
0.005 0.00015848932 20000 19595 17281 17119 4866 2772
0.005 0.00019952623 20000 19581 17338 17192 4842 2783
0.005 0.0001 20000 19568 17291 17149 4851 2779
0.005 0.00025118864 20000 19604 17375 17248 4903 2731
0.005 0.00031622777 20000 19579 17320 17176 4906 2798
0.005 0.001 20000 19550 17303 17151 4865 2790
0.005 0.0031622777 20000 19544 17297 17139 4860 2756
0.005 0.01 20000 19521 17251 17093 4931 2859
0.005 0.031622777 20000 19575 17367 17214 4870 2762
0.005 0.1 20000 19565 17360 17201 4878 2824
0.005 1.2589254e-05 20000 19506 17323 17176 4760 2755
0.005 1.2589254e-06 20000 19568 17250 17094 4849 2803
0.005 1.2589254e-07 20000 19577 17337 17199 4905 2754
0.005 1.2589254e-08 20000 19555 17268 17121 4920 2797
0.005 1.2589254e-09 15000 14610 12798 12660 3714 2060
0.005 1.5848932e-05 20000 19539 17317 17167 4932 2812
0.005 1.5848932e-06 20000 19573 17263 17112 4797 2720
0.005 1.5848932e-07 15000 14557 12801 12645 3631 2017
0.005 1.5848932e-08 20000 19587 17253 17082 4799 2719
0.005 1.5848932e-09 20000 19545 17272 17140 4884 2809
0.005 1.9952623e-05 20000 19568 17370 17215 4874 2737
0.005 1.9952623e-06 20000 19543 17186 17044 4893 2799
0.005 1.9952623e-07 20000 19543 17273 17130 4866 2763
0.005 1.9952623e-08 20000 19539 17276 17139 4882 2798
0.005 1.9952623e-09 20000 19529 17253 17100 4926 2801
0.005 1e-05 20000 19558 17308 17153 4900 2827
0.005 1e-06 20000 19545 17255 17120 4944 2828
0.005 1e-07 20000 19560 17334 17185 4970 2812
0.005 1e-08 20000 19545 17390 17233 4899 2781
0.005 1e-09 20000 19528 17280 17155 4862 2775
0.005 2.5118864e-05 20000 19524 17310 17150 4995 2852
0.005 2.5118864e-06 20000 19566 17336 17165 4952 2810
0.005 2.5118864e-07 20000 19523 17296 17120 4818 2743
0.005 2.5118864e-08 20000 19523 17296 17154 4976 2791
0.005 2.5118864e-09 20000 19559 17324 17168 4920 2757
0.005 3.1622777e-05 20000 19584 17261 17093 4831 2704
0.005 3.1622777e-06 20000 19539 17253 17119 4868 2733
0.005 3.1622777e-07 20000 19597 17279 17126 4842 2693
0.005 3.1622777e-08 20000 19571 17297 17168 4922 2817
0.005 3.1622777e-09 20000 19522 17272 17121 4856 2806
0.005 3.9810717e-05 20000 19540 17279 17147 4867 2802
0.005 3.9810717e-06 20000 19541 17301 17171 4843 2775
0.005 3.9810717e-07 20000 19560 17183 17018 4791 2771
0.005 3.9810717e-08 20000 19552 17326 17195 4787 2715
0.005 3.9810717e-09 20000 19537 17274 17130 4954 2767
0.005 5.0118723e-05 20000 19558 17329 17182 4946 2785
0.005 5.0118723e-06 15000 14546 12640 12485 3664 1909
0.005 5.0118723e-07 20000 19555 17261 17098 4829 2809
0.005 5.0118723e-08 20000 19564 17249 17103 4855 2790
0.005 5.0118723e-09 20000 19565 17241 17112 4944 2822
0.005 6.3095734e-05 20000 19524 17182 17028 4765 2793
0.005 6.3095734e-06 20000 19525 17245 17104 4753 2730
0.005 6.3095734e-07 20000 19567 17316 17135 4903 2879
0.005 6.3095734e-08 20000 19531 17251 17128 4864 2804
0.005 6.3095734e-09 20000 19573 17290 17134 4850 2701
0.005 7.9432823e-05 20000 19514 17217 17071 4843 2758
0.005 7.9432823e-06 20000 19574 17277 17119 4812 2735
0.005 7.9432823e-07 15000 14607 12776 12632 3612 1934
0.005 7.9432823e-08 20000 19567 17393 17260 4958 2757
0.005 7.9432823e-09 20000 19558 17342 17190 4951 2810
0.01 0.00012589254 20000 19570 17127 16990 4790 2689
0.01 0.00015848932 20000 19547 17049 16923 4725 2676
0.01 0.00019952623 20000 19540 17014 16884 4881 2810
0.01 0.0001 20000 19548 17015 16903 4743 2710
0.01 0.00025118864 20000 19540 17067 16932 4919 2819
0.01 0.00031622777 20000 19566 17000 16858 4739 2679
0.01 0.001 20000 19533 17059 16935 4713 2612
0.01 0.0031622777 20000 19562 17015 16880 4755 2762
0.01 0.01 20000 19528 17075 16969 4866 2765
0.01 0.031622777 20000 19546 16943 16833 4767 2664
0.01 0.1 20000 19560 17095 16963 4845 2739
0.01 1.2589254e-05 20000 19582 17077 16951 4813 2729
0.01 1.2589254e-06 20000 19547 17026 16875 4695 2614
0.01 1.2589254e-07 20000 19586 17138 16997 4826 2759
0.01 1.2589254e-08 20000 19567 17061 16943 4769 2748
0.01 1.2589254e-09 20000 19541 17095 16958 4745 2687
0.01 1.5848932e-05 20000 19526 16997 16855 4791 2677
0.01 1.5848932e-06 20000 19544 17059 16948 4907 2769
0.01 1.5848932e-07 20000 19551 17075 16945 4811 2766
0.01 1.5848932e-08 20000 19539 17107 16969 4936 2821
0.01 1.5848932e-09 20000 19566 17060 16916 4747 2698
0.01 1.9952623e-05 20000 19565 17178 17063 4863 2750
0.01 1.9952623e-06 20000 19563 17071 16942 4912 2773
0.01 1.9952623e-07 20000 19555 17125 16990 4852 2692
0.01 1.9952623e-08 20000 19554 17091 16962 4702 2756
0.01 1.9952623e-09 20000 19568 17126 17007 4765 2759
0.01 1e-05 20000 19553 16998 16861 4792 2749
0.01 1e-06 20000 19531 17006 16875 4861 2748
0.01 1e-07 20000 19532 17084 16946 4831 2737
0.01 1e-08 20000 19581 17085 16957 4913 2749
0.01 1e-09 20000 19553 17026 16894 4854 2807
0.01 2.5118864e-05 20000 19557 17051 16907 4676 2731
0.01 2.5118864e-06 20000 19536 17120 16980 4813 2716
0.01 2.5118864e-07 20000 19548 17116 16998 4834 2838
0.01 2.5118864e-08 20000 19542 17015 16877 4844 2760
0.01 2.5118864e-09 15000 14565 12411 12288 3651 1985
0.01 3.1622777e-05 15000 14609 12770 12665 3507 1993
0.01 3.1622777e-06 20000 19522 17053 16904 4760 2730
0.01 3.1622777e-07 20000 19537 17008 16888 4816 2800
0.01 3.1622777e-08 15000 14884 13325 13288 3642 2364
0.01 3.1622777e-09 20000 19578 17072 16943 4862 2755
0.01 3.9810717e-05 20000 19543 17158 17022 4839 2760
0.01 3.9810717e-06 20000 19499 16965 16840 4739 2706
0.01 3.9810717e-07 20000 19566 17050 16928 4961 2837
0.01 3.9810717e-08 20000 19596 17030 16875 4742 2666
0.01 3.9810717e-09 20000 19555 17004 16858 4740 2733
0.01 5.0118723e-05 20000 19589 17072 16935 4890 2695
0.01 5.0118723e-06 20000 19514 16982 16854 4799 2742
0.01 5.0118723e-07 20000 19517 17009 16884 4783 2756
0.01 5.0118723e-08 20000 19572 17033 16906 4795 2715
0.01 5.0118723e-09 20000 19576 17093 16983 4899 2783
0.01 6.3095734e-05 20000 19554 17133 17000 4772 2693
0.01 6.3095734e-06 15000 14583 12694 12556 3590 1985
0.01 6.3095734e-07 20000 19556 17138 17007 4781 2692
0.01 6.3095734e-08 20000 19605 17071 16932 4867 2787
0.01 6.3095734e-09 20000 19544 17105 16971 4879 2772
0.01 7.9432823e-05 20000 19565 17073 16936 4896 2758
0.01 7.9432823e-06 20000 19588 17108 16960 4755 2676
0.01 7.9432823e-07 20000 19551 17098 16936 4825 2760
0.01 7.9432823e-08 20000 19592 17040 16897 4684 2675
0.01 7.9432823e-09 20000 19551 17081 16955 4805 2713
0.05 0.00012589254 20000 19688 17246 17221 4883 2774
0.05 0.00015848932 20000 19697 17311 17289 4838 2737
0.05 0.00019952623 20000 19668 17183 17159 4867 2811
0.05 0.0001 20000 19678 17219 17191 4932 2837
0.05 0.00025118864 20000 19694 17187 17156 4962 2845
0.05 0.00031622777 20000 19692 17304 17270 4887 2779
0.05 0.001 15000 14761 12863 12843 3606 2067
0.05 0.0031622777 20000 19675 17237 17215 5072 2936
0.05 0.01 20000 19714 17325 17296 4959 2807
0.05 0.031622777 20000 19697 17160 17133 4813 2713
0.05 0.1 20000 19711 17248 17217 4915 2842
0.05 1.2589254e-05 20000 19695 17301 17273 4884 2755
0.05 1.2589254e-06 20000 19702 17284 17260 4949 2834
0.05 1.2589254e-07 20000 19696 17160 17144 4942 2771
0.05 1.2589254e-08 20000 19705 17226 17198 4933 2804
0.05 1.2589254e-09 20000 19700 17252 17223 4806 2693
0.05 1.5848932e-05 20000 19688 17242 17206 4827 2721
0.05 1.5848932e-06 20000 19706 17204 17181 4926 2804
0.05 1.5848932e-07 20000 19715 17249 17216 4912 2728
0.05 1.5848932e-08 20000 19680 17215 17199 4880 2745
0.05 1.5848932e-09 20000 19688 17232 17197 4886 2757
0.05 1.9952623e-05 20000 19716 17253 17224 4932 2763
0.05 1.9952623e-06 20000 19691 17250 17223 4880 2758
0.05 1.9952623e-07 15000 14715 12658 12627 3695 1961
0.05 1.9952623e-08 20000 19702 17196 17166 4852 2782
0.05 1.9952623e-09 20000 19685 17265 17232 4862 2782
0.05 1e-05 20000 19695 17256 17226 4926 2843
0.05 1e-06 10000 9772 8445 8430 2473 1329
0.05 1e-07 20000 19711 17223 17190 4964 2805
0.05 1e-08 20000 19703 17274 17244 4884 2764
0.05 1e-09 20000 19711 17247 17222 4871 2790
0.05 2.5118864e-05 20000 19689 17232 17198 4868 2819
0.05 2.5118864e-06 20000 19713 17308 17284 4973 2822
0.05 2.5118864e-07 20000 19704 17183 17154 4827 2720
0.05 2.5118864e-08 20000 19696 17265 17229 4935 2830
0.05 2.5118864e-09 20000 19679 17227 17201 4904 2800
0.05 3.1622777e-05 20000 19697 17257 17238 4932 2776
0.05 3.1622777e-06 20000 19702 17227 17195 4922 2817
0.05 3.1622777e-07 20000 19691 17183 17161 4906 2774
0.05 3.1622777e-08 20000 19677 17150 17127 4954 2785
0.05 3.1622777e-09 20000 19699 17261 17227 4917 2756
0.05 3.9810717e-05 20000 19725 17313 17281 4921 2788
0.05 3.9810717e-06 20000 19724 17262 17232 4913 2752
0.05 3.9810717e-07 15000 14870 13348 13332 3712 2337
0.05 3.9810717e-08 20000 19656 17188 17163 4801 2759
0.05 3.9810717e-09 20000 19705 17265 17224 4936 2809
0.05 5.0118723e-05 20000 19687 17129 17102 4884 2753
0.05 5.0118723e-06 20000 19664 17137 17113 4938 2858
0.05 5.0118723e-07 20000 19727 17231 17208 4942 2842
0.05 5.0118723e-08 20000 19670 17219 17195 4889 2798
0.05 5.0118723e-09 20000 19697 17265 17235 5067 2863
0.05 6.3095734e-05 20000 19658 17154 17127 4881 2761
0.05 6.3095734e-06 20000 19684 17233 17201 4963 2877
0.05 6.3095734e-07 20000 19708 17241 17217 5023 2890
0.05 6.3095734e-08 20000 19686 17231 17209 4986 2904
0.05 6.3095734e-09 20000 19696 17277 17234 4994 2862
0.05 7.9432823e-05 20000 19708 17198 17165 4957 2788
0.05 7.9432823e-06 20000 19714 17240 17213 4867 2769
0.05 7.9432823e-07 20000 19698 17220 17192 4927 2795
0.05 7.9432823e-08 20000 19713 17286 17254 4935 2798
0.05 7.9432823e-09 20000 19686 17178 17133 4921 2759
0.1 0.00012589254 20000 19883 17711 17711 5113 3034
0.1 0.00015848932 15000 14883 13232 13232 3808 2159
0.1 0.00019952623 20000 19867 17762 17762 5079 3025
0.1 0.0001 20000 19894 17712 17712 5003 2901
0.1 0.00025118864 20000 19883 17711 17711 5036 2897
0.1 0.00031622777 20000 19864 17772 17772 5018 2959
0.1 0.001 20000 19890 17705 17705 4957 2932
0.1 0.0031622777 15000 14898 13109 13109 3862 2144
0.1 0.01 20000 19888 17726 17726 5031 2926
0.1 0.031622777 20000 19899 17769 17769 5075 2976
0.1 0.1 20000 19879 17732 17732 5108 3013
0.1 1.2589254e-05 20000 19908 17755 17755 5069 2998
0.1 1.2589254e-06 20000 19888 17711 17711 5027 2971
0.1 1.2589254e-07 15000 14948 13533 13533 3625 2288
0.1 1.2589254e-08 20000 19879 17723 17723 5088 3022
0.1 1.2589254e-09 20000 19873 17759 17759 5038 3019
0.1 1.5848932e-05 20000 19891 17787 17787 5062 3027
0.1 1.5848932e-06 20000 19882 17747 17747 5039 2982
0.1 1.5848932e-07 20000 19890 17717 17717 4965 2938
0.1 1.5848932e-08 20000 19865 17756 17756 5134 3053
0.1 1.5848932e-09 20000 19893 17672 17672 5099 3027
0.1 1.9952623e-05 20000 19885 17755 17755 5080 3030
0.1 1.9952623e-06 20000 19881 17701 17701 5020 2931
0.1 1.9952623e-07 20000 19880 17705 17705 5038 2931
0.1 1.9952623e-08 20000 19894 17781 17781 5133 3004
0.1 1.9952623e-09 20000 19895 17740 17740 4959 2930
0.1 1e-05 20000 19875 17625 17625 5185 3078
0.1 1e-06 20000 19872 17829 17829 5149 3062
0.1 1e-07 20000 19870 17612 17612 5001 2957
0.1 1e-08 20000 19881 17738 17738 5014 2977
0.1 1e-09 20000 19876 17774 17774 5128 3014
0.1 2.5118864e-05 20000 19881 17722 17722 5107 3067
0.1 2.5118864e-06 20000 19896 17664 17664 5007 2997
0.1 2.5118864e-07 20000 19872 17793 17793 5055 2956
0.1 2.5118864e-08 20000 19885 17695 17695 5140 2952
0.1 2.5118864e-09 20000 19884 17728 17728 5083 2979
0.1 3.1622777e-05 20000 19895 17695 17695 5008 2941
0.1 3.1622777e-06 20000 19896 17726 17726 5090 3046
0.1 3.1622777e-07 20000 19889 17780 17780 5112 3016
0.1 3.1622777e-08 15000 14920 13262 13262 3826 2169
0.1 3.1622777e-09 20000 19885 17816 17816 5045 2971
0.1 3.9810717e-05 20000 19885 17778 17778 5123 3024
0.1 3.9810717e-06 20000 19896 17770 17770 5027 2976
0.1 3.9810717e-07 20000 19893 17738 17738 5089 2952
0.1 3.9810717e-08 20000 19886 17776 17776 5085 3031
0.1 3.9810717e-09 20000 19889 17757 17757 5011 2931
0.1 5.0118723e-05 20000 19890 17744 17744 5039 2921
0.1 5.0118723e-06 20000 19890 17770 17770 5080 2976
0.1 5.0118723e-07 20000 19888 17827 17827 5173 3070
0.1 5.0118723e-08 20000 19879 17735 17735 4970 2976
0.1 5.0118723e-09 20000 19890 17768 17768 5082 2956
0.1 6.3095734e-05 20000 19897 17779 17779 5108 2956
0.1 6.3095734e-06 20000 19878 17681 17681 5033 2935
0.1 6.3095734e-07 20000 19878 17767 17767 5149 3013
0.1 6.3095734e-08 20000 19864 17764 17764 5090 2945
0.1 6.3095734e-09 20000 19882 17741 17741 5132 3028
0.1 7.9432823e-05 20000 19881 17719 17719 5073 3001
0.1 7.9432823e-06 20000 19877 17734 17734 5010 2896
0.1 7.9432823e-07 20000 19876 17712 17712 5017 2932
0.1 7.9432823e-08 20000 19893 17743 17743 5125 3052
0.1 7.9432823e-09 15000 14936 13523 13523 3827 2421
0.15 0.00012589254 15000 14983 13725 13725 3835 2422
0.15 0.00015848932 15000 14991 13793 13793 3867 2450
0.15 0.00019952623 15000 14984 13723 13723 3808 2409
0.15 0.0001 15000 14992 13707 13707 3883 2437
0.15 0.00025118864 15000 14987 13662 13662 3820 2397
0.15 0.00031622777 15000 14991 13754 13754 3831 2424
0.15 0.001 15000 14985 13749 13749 3797 2367
0.15 0.0031622777 15000 14981 13677 13677 3877 2483
0.15 0.01 15000 14984 13739 13739 3787 2364
0.15 0.031622777 15000 14987 13783 13783 3871 2427
0.15 0.1 15000 14990 13734 13734 3829 2470
0.15 1.2589254e-05 15000 14978 13774 13774 3901 2516
0.15 1.2589254e-06 15000 14983 13662 13662 3812 2447
0.15 1.2589254e-07 15000 14984 13703 13703 3816 2394
0.15 1.2589254e-08 15000 14989 13711 13711 3856 2427
0.15 1.2589254e-09 15000 14988 13682 13682 3764 2392
0.15 1.5848932e-05 15000 14978 13694 13694 3843 2454
0.15 1.5848932e-06 15000 14984 13721 13721 3810 2405
0.15 1.5848932e-07 15000 14992 13740 13740 3724 2383
0.15 1.5848932e-08 15000 14987 13767 13767 3782 2383
0.15 1.5848932e-09 15000 14987 13795 13795 3837 2410
0.15 1.9952623e-05 15000 14985 13695 13695 3762 2347
0.15 1.9952623e-06 15000 14977 13728 13728 3799 2429
0.15 1.9952623e-07 15000 14985 13653 13653 3767 2338
0.15 1.9952623e-08 15000 14983 13777 13777 3895 2460
0.15 1.9952623e-09 15000 14987 13759 13759 3761 2372
0.15 1e-05 15000 14977 13742 13742 3851 2464
0.15 1e-06 15000 14988 13745 13745 3815 2435
0.15 1e-07 15000 14990 13671 13671 3820 2420
0.15 1e-08 15000 14993 13732 13732 3897 2439
0.15 1e-09 15000 14986 13686 13686 3727 2395
0.15 2.5118864e-05 15000 14982 13691 13691 3767 2419
0.15 2.5118864e-06 15000 14982 13659 13659 3802 2410
0.15 2.5118864e-07 15000 14990 13729 13729 3841 2453
0.15 2.5118864e-08 15000 14986 13739 13739 3836 2425
0.15 2.5118864e-09 15000 14988 13724 13724 3876 2457
0.15 3.1622777e-05 15000 14990 13622 13622 3799 2414
0.15 3.1622777e-06 15000 14991 13708 13708 3783 2454
0.15 3.1622777e-07 15000 14975 13678 13678 3809 2427
0.15 3.1622777e-08 15000 14991 13703 13703 3949 2549
0.15 3.1622777e-09 15000 14974 13687 13687 3855 2435
0.15 3.9810717e-05 15000 14990 13750 13750 3856 2468
0.15 3.9810717e-06 15000 14989 13649 13649 3916 2423
0.15 3.9810717e-07 15000 14983 13759 13759 3896 2479
0.15 3.9810717e-08 15000 14990 13689 13689 3772 2384
0.15 3.9810717e-09 15000 14989 13713 13713 3888 2524
0.15 5.0118723e-05 15000 14993 13761 13761 3892 2457
0.15 5.0118723e-06 15000 14979 13762 13762 3859 2459
0.15 5.0118723e-07 15000 14989 13745 13745 3752 2364
0.15 5.0118723e-08 15000 14981 13693 13693 3855 2490
0.15 5.0118723e-09 15000 14986 13737 13737 3870 2438
0.15 6.3095734e-05 15000 14981 13759 13759 3838 2426
0.15 6.3095734e-06 15000 14987 13783 13783 3831 2418
0.15 6.3095734e-07 15000 14982 13735 13735 3850 2456
0.15 6.3095734e-08 15000 14981 13715 13715 3797 2405
0.15 6.3095734e-09 15000 14982 13742 13742 3790 2407
0.15 7.9432823e-05 15000 14977 13727 13727 3860 2503
0.15 7.9432823e-06 15000 14988 13682 13682 3788 2364
0.15 7.9432823e-07 15000 14988 13728 13728 3833 2408
0.15 7.9432823e-08 15000 14986 13634 13634 3840 2460
0.15 7.9432823e-09 15000 14989 13774 13774 3757 2343
0.2 0.00012589254 15000 15000 13884 13884 3908 2463
0.2 0.00015848932 15000 15000 13921 13921 3882 2530
0.2 0.00019952623 15000 15000 13940 13940 3904 2489
0.2 0.0001 15000 15000 13912 13912 3918 2491
0.2 0.00025118864 15000 15000 13868 13868 4028 2599
0.2 0.00031622777 15000 15000 13909 13909 3934 2564
0.2 0.001 15000 15000 13954 13954 3921 2533
0.2 0.0031622777 15000 15000 13963 13963 3979 2571
0.2 0.01 15000 15000 13911 13911 3927 2516
0.2 0.031622777 15000 15000 13888 13888 3890 2487
0.2 0.1 15000 15000 13942 13942 3900 2513
0.2 1.2589254e-05 15000 15000 13857 13857 3867 2432
0.2 1.2589254e-06 15000 15000 13858 13858 3907 2474
0.2 1.2589254e-07 15000 15000 13890 13890 3872 2460
0.2 1.2589254e-08 10000 10000 9259 9259 2766 1691
0.2 1.2589254e-09 15000 15000 13919 13919 3892 2530
0.2 1.5848932e-05 10000 10000 9342 9342 2669 1752
0.2 1.5848932e-06 15000 15000 13919 13919 3922 2465
0.2 1.5848932e-07 15000 15000 13934 13934 3952 2484
0.2 1.5848932e-08 15000 14999 13960 13960 3954 2549
0.2 1.5848932e-09 15000 15000 13883 13883 3913 2511
0.2 1.9952623e-05 15000 15000 13927 13927 3973 2532
0.2 1.9952623e-06 15000 15000 13874 13874 3962 2548
0.2 1.9952623e-07 15000 15000 13916 13916 3897 2445
0.2 1.9952623e-08 15000 15000 13891 13891 3994 2516
0.2 1.9952623e-09 15000 15000 13949 13949 3913 2476
0.2 1e-05 15000 15000 13933 13933 3887 2473
0.2 1e-06 10000 10000 9327 9327 2521 1663
0.2 1e-07 10000 10000 9350 9350 2565 1691
0.2 1e-08 15000 15000 13945 13945 3842 2483
0.2 1e-09 15000 15000 13902 13902 3930 2522
0.2 2.5118864e-05 15000 15000 13909 13909 3900 2521
0.2 2.5118864e-06 15000 15000 13896 13896 3945 2523
0.2 2.5118864e-07 15000 15000 13943 13943 3921 2483
0.2 2.5118864e-08 15000 15000 13886 13886 3913 2546
0.2 2.5118864e-09 10000 10000 9305 9305 2664 1724
0.2 3.1622777e-05 15000 15000 14007 14007 3958 2496
0.2 3.1622777e-06 15000 15000 13951 13951 3993 2519
0.2 3.1622777e-07 15000 15000 13923 13923 3952 2489
0.2 3.1622777e-08 15000 15000 13945 13945 3998 2536
0.2 3.1622777e-09 15000 15000 13945 13945 3989 2548
0.2 3.9810717e-05 15000 15000 13898 13898 3967 2531
0.2 3.9810717e-06 15000 15000 13909 13909 3940 2522
0.2 3.9810717e-07 15000 15000 13944 13944 3954 2517
0.2 3.9810717e-08 15000 15000 13832 13832 3914 2591
0.2 3.9810717e-09 15000 15000 13912 13912 3902 2459
0.2 5.0118723e-05 15000 15000 13904 13904 3930 2496
0.2 5.0118723e-06 15000 15000 13927 13927 3922 2483
0.2 5.0118723e-07 15000 15000 13922 13922 3909 2547
0.2 5.0118723e-08 15000 15000 13914 13914 3941 2544
0.2 5.0118723e-09 15000 15000 13933 13933 3959 2537
0.2 6.3095734e-05 15000 15000 13909 13909 3965 2557
0.2 6.3095734e-06 15000 15000 13949 13949 3876 2488
0.2 6.3095734e-07 15000 15000 13906 13906 3790 2395
0.2 6.3095734e-08 15000 15000 13901 13901 3882 2512
0.2 6.3095734e-09 15000 15000 13960 13960 3944 2530
0.2 7.9432823e-05 15000 15000 13819 13819 3853 2476
0.2 7.9432823e-06 15000 15000 13995 13995 3948 2543
0.2 7.9432823e-07 15000 15000 13907 13907 3979 2547
0.2 7.9432823e-08 15000 15000 13956 13956 3994 2554
0.2 7.9432823e-09 15000 15000 13951 13951 3942 2534
0.25 0.00012589254 15000 14967 14322 14317 4337 3041
0.25 0.00015848932 15000 14959 14252 14250 4316 3034
0.25 0.00019952623 15000 14982 14233 14227 4305 3005
0.25 0.0001 15000 14959 14302 14301 4362 3012
0.25 0.00025118864 15000 14964 14268 14265 4409 3089
0.25 0.00031622777 15000 14961 14270 14266 4268 3005
0.25 0.25 15000 14960 14267 14263 4349 3080
0.25 1.1220185e-05 15000 14965 14232 14232 4289 3023
0.25 1.1220185e-05 15000 14965 14232 14232 4289 3023
0.25 1.2589254e-05 15000 14971 14293 14289 4305 3034
0.25 1.2589254e-06 15000 14972 14324 14323 4357 3050
0.25 1.2589254e-07 15000 14975 14280 14275 4219 2950
0.25 1.2589254e-08 15000 14963 14284 14281 4262 2986
0.25 1.2589254e-09 15000 14973 14300 14294 4167 2957
0.25 1.4125375e-05 15000 14967 14256 14256 4279 3003
0.25 1.4125375e-05 15000 14967 14256 14256 4279 3003
0.25 1.5848932e-05 15000 14962 14268 14265 4383 3095
0.25 1.5848932e-06 15000 14960 14313 14309 4392 3121
0.25 1.5848932e-07 15000 14964 14275 14274 4328 3014
0.25 1.5848932e-08 15000 14961 14300 14298 4262 2953
0.25 1.5848932e-09 15000 14957 14274 14273 4339 3053
0.25 1.7782794e-05 15000 14955 14264 14260 4231 2941
0.25 1.7782794e-05 15000 14955 14264 14260 4231 2941
0.25 1.9952623e-05 15000 14968 14266 14264 4285 3048
0.25 1.9952623e-06 15000 14959 14326 14326 4111 2865
0.25 1.9952623e-07 15000 14961 14310 14305 4311 3008
0.25 1.9952623e-08 15000 14973 14262 14258 4270 2968
0.25 1.9952623e-09 15000 14963 14273 14271 4151 2944
0.25 1e-05 15000 14966 14290 14288 4259 3010
0.25 1e-06 15000 14974 14277 14273 4291 3023
0.25 1e-07 15000 14973 14267 14264 4302 2979
0.25 1e-08 15000 14957 14251 14246 4293 2989
0.25 1e-09 15000 14958 14250 14245 4376 3041
0.25 2.2387211e-05 15000 14971 14309 14305 4251 2939
0.25 2.5118864e-05 15000 14966 14293 14288 4301 3047
0.25 2.5118864e-06 15000 14977 14253 14249 4310 3008
0.25 2.5118864e-07 15000 14967 14299 14295 4215 2988
0.25 2.5118864e-08 15000 14966 14319 14318 4357 3066
0.25 2.5118864e-09 15000 14954 14301 14295 4275 3004
0.25 2.8183829e-05 15000 14965 14279 14277 4239 2929
0.25 3.1622777e-05 15000 14966 14276 14275 4249 3011
0.25 3.1622777e-06 15000 14963 14291 14288 4373 3048
0.25 3.1622777e-07 15000 14963 14281 14280 4387 3078
0.25 3.1622777e-08 15000 14980 14248 14248 4371 3037
0.25 3.1622777e-09 15000 14973 14265 14264 4244 2959
0.25 3.5481339e-05 15000 14970 14315 14311 4342 3010
0.25 3.9810717e-05 15000 14964 14276 14273 4259 2998
0.25 3.9810717e-06 15000 14962 14267 14265 4325 3010
0.25 3.9810717e-07 15000 14979 14306 14303 4338 3049
0.25 3.9810717e-08 15000 14966 14266 14264 4155 2873
0.25 3.9810717e-09 15000 14963 14288 14288 4266 2989
0.25 4.4668359e-05 15000 14959 14242 14241 4214 2927
0.25 5.0118723e-05 10000 9979 9490 9484 2988 2023
0.25 5.0118723e-06 10000 9982 9505 9504 2857 2023
0.25 5.0118723e-07 15000 14967 14271 14270 4305 3040
0.25 5.0118723e-08 15000 14974 14269 14267 4324 3069
0.25 5.0118723e-09 15000 14958 14246 14240 4139 2939
0.25 5.6234133e-05 15000 14974 14275 14273 4370 3016
0.25 6.3095734e-05 15000 14962 14268 14265 4255 2975
0.25 6.3095734e-06 15000 14961 14269 14267 4357 3027
0.25 6.3095734e-07 15000 14961 14296 14291 4310 3056
0.25 6.3095734e-08 15000 14968 14296 14295 4332 3067
0.25 6.3095734e-09 15000 14978 14275 14273 4283 2995
0.25 7.0794578e-05 15000 14959 14304 14300 4277 3035
0.25 7.9432823e-05 15000 14960 14294 14291 4335 3076
0.25 7.9432823e-06 15000 14967 14301 14299 4199 2978
0.25 7.9432823e-07 15000 14962 14310 14306 4243 2954
0.25 7.9432823e-08 15000 14959 14278 14272 4243 3002
0.25 7.9432823e-09 15000 14970 14263 14257 4310 2995
0.3 0.00012589254 15000 14986 14371 14371 4433 3060
0.3 0.00015848932 15000 14981 14396 14394 4476 3049
0.3 0.00019952623 15000 14983 14398 14398 4505 3124
0.3 0.0001 15000 14987 14386 14386 4366 3036
0.3 0.00025118864 15000 14984 14389 14389 4416 3130
0.3 0.00031622777 15000 14979 14360 14360 4441 3119
0.3 1.2589254e-05 15000 14980 14353 14353 4451 3110
0.3 1.2589254e-06 15000 14979 14360 14360 4404 3039
0.3 1.2589254e-07 15000 14985 14377 14377 4504 3190
0.3 1.2589254e-08 15000 14986 14339 14338 4432 3079
0.3 1.2589254e-09 15000 14981 14344 14344 4352 3023
0.3 1.5848932e-05 15000 14980 14352 14352 4399 3135
0.3 1.5848932e-06 15000 14969 14333 14333 4516 3169
0.3 1.5848932e-07 10000 9991 9568 9568 2868 2028
0.3 1.5848932e-08 15000 14990 14336 14335 4448 3088
0.3 1.5848932e-09 15000 14969 14358 14358 4435 2999
0.3 1.9952623e-05 15000 14984 14330 14330 4449 3087
0.3 1.9952623e-06 15000 14983 14335 14335 4498 3172
0.3 1.9952623e-07 15000 14985 14345 14345 4377 3041
0.3 1.9952623e-08 15000 14986 14329 14329 4495 3151
0.3 1.9952623e-09 15000 14982 14345 14345 4412 3052
0.3 1e-05 15000 14987 14375 14375 4521 3131
0.3 1e-06 10000 9991 9605 9605 2931 2064
0.3 1e-07 15000 14984 14383 14382 4514 3105
0.3 1e-08 15000 14986 14339 14339 4430 3122
0.3 1e-09 15000 14986 14334 14334 4463 3125
0.3 2.5118864e-05 15000 14981 14336 14336 4457 3092
0.3 2.5118864e-06 15000 14981 14338 14338 4467 3106
0.3 2.5118864e-07 15000 14982 14386 14386 4478 3108
0.3 2.5118864e-08 15000 14987 14382 14382 4573 3192
0.3 2.5118864e-09 15000 14978 14343 14342 4491 3077
0.3 3.1622777e-05 15000 14985 14381 14381 4361 3015
0.3 3.1622777e-06 15000 14980 14348 14348 4395 3056
0.3 3.1622777e-07 15000 14980 14360 14360 4534 3142
0.3 3.1622777e-08 15000 14977 14320 14320 4415 3056
0.3 3.1622777e-09 15000 14979 14346 14346 4458 3112
0.3 3.9810717e-05 15000 14981 14346 14346 4425 3051
0.3 3.9810717e-06 15000 14983 14378 14378 4425 3044
0.3 3.9810717e-07 15000 14992 14360 14360 4582 3153
0.3 3.9810717e-08 15000 14987 14367 14367 4491 3155
0.3 3.9810717e-09 15000 14985 14370 14370 4416 3123
0.3 5.0118723e-05 15000 14980 14351 14351 4457 3136
0.3 5.0118723e-06 15000 14982 14353 14353 4391 3120
0.3 5.0118723e-07 15000 14990 14380 14378 4426 3099
0.3 5.0118723e-08 15000 14978 14366 14366 4469 3162
0.3 5.0118723e-09 10000 9993 9617 9617 2877 2041
0.3 6.3095734e-05 15000 14986 14357 14357 4438 3091
0.3 6.3095734e-06 15000 14981 14374 14374 4414 3043
0.3 6.3095734e-07 15000 14981 14350 14350 4305 2981
0.3 6.3095734e-08 15000 14988 14382 14382 4469 3151
0.3 6.3095734e-09 15000 14984 14339 14339 4406 3055
0.3 7.9432823e-05 15000 14978 14379 14379 4389 3052
0.3 7.9432823e-06 15000 14980 14345 14345 4520 3171
0.3 7.9432823e-07 15000 14983 14334 14334 4432 3099
0.3 7.9432823e-08 15000 14980 14388 14388 4440 3124
0.3 7.9432823e-09 15000 14985 14343 14343 4439 3139
0.35 0.00012589254 15000 14993 14427 14427 4576 3152
0.35 0.00015848932 15000 14996 14420 14420 4602 3133
0.35 0.00019952623 15000 14996 14424 14424 4561 3211
0.35 0.0001 15000 14998 14435 14435 4603 3228
0.35 0.00025118864 15000 14993 14350 14350 4549 3129
0.35 0.00031622777 15000 14992 14383 14383 4584 3145
0.35 1.2589254e-05 15000 14995 14454 14454 4465 3068
0.35 1.2589254e-06 10000 9997 9575 9575 3121 2150
0.35 1.2589254e-07 15000 14995 14382 14382 4665 3225
0.35 1.2589254e-08 15000 14997 14429 14429 4533 3156
0.35 1.2589254e-09 15000 14995 14427 14427 4602 3236
0.35 1.5848932e-05 15000 14995 14395 14395 4632 3245
0.35 1.5848932e-06 15000 14987 14433 14433 4577 3194
0.35 1.5848932e-07 15000 14996 14401 14401 4537 3143
0.35 1.5848932e-08 15000 14995 14395 14395 4549 3143
0.35 1.5848932e-09 15000 14999 14406 14406 4573 3156
0.35 1.9952623e-05 15000 14993 14459 14459 4560 3141
0.35 1.9952623e-06 15000 14995 14398 14398 4593 3187
0.35 1.9952623e-07 15000 14992 14383 14383 4657 3229
0.35 1.9952623e-08 15000 14992 14398 14398 4552 3232
0.35 1.9952623e-09 15000 14997 14458 14458 4517 3144
0.35 1e-05 15000 14997 14424 14424 4607 3182
0.35 1e-06 15000 14994 14393 14393 4503 3124
0.35 1e-07 15000 14997 14423 14423 4460 3139
0.35 1e-08 15000 14996 14407 14407 4564 3184
0.35 1e-09 15000 14996 14369 14369 4421 3109
0.35 2.5118864e-05 15000 14997 14399 14399 4606 3192
0.35 2.5118864e-06 15000 14992 14394 14394 4502 3171
0.35 2.5118864e-07 15000 14996 14410 14410 4467 3083
0.35 2.5118864e-08 15000 14995 14403 14403 4569 3148
0.35 2.5118864e-09 15000 14996 14426 14426 4684 3210
0.35 3.1622777e-05 15000 14998 14436 14436 4567 3188
0.35 3.1622777e-06 15000 14997 14386 14386 4493 3094
0.35 3.1622777e-07 15000 14999 14448 14448 4590 3240
0.35 3.1622777e-08 15000 14997 14430 14430 4602 3163
0.35 3.1622777e-09 15000 14996 14399 14399 4473 3095
0.35 3.9810717e-05 15000 14998 14385 14385 4611 3237
0.35 3.9810717e-06 15000 14996 14375 14375 4553 3185
0.35 3.9810717e-07 15000 14993 14403 14403 4567 3161
0.35 3.9810717e-08 15000 14994 14398 14398 4574 3172
0.35 3.9810717e-09 15000 14998 14408 14408 4628 3177
0.35 5.0118723e-05 15000 14993 14443 14443 4442 3097
0.35 5.0118723e-06 15000 14995 14397 14397 4564 3221
0.35 5.0118723e-07 15000 14995 14411 14411 4616 3187
0.35 5.0118723e-08 15000 14999 14405 14405 4511 3139
0.35 5.0118723e-09 15000 14995 14383 14383 4444 3162
0.35 6.3095734e-05 15000 14994 14426 14426 4598 3230
0.35 6.3095734e-06 15000 14998 14389 14389 4567 3157
0.35 6.3095734e-07 15000 14995 14394 14394 4586 3241
0.35 6.3095734e-08 15000 14996 14412 14412 4610 3190
0.35 6.3095734e-09 15000 14996 14441 14441 4644 3230
0.35 7.9432823e-05 15000 14994 14415 14415 4597 3181
0.35 7.9432823e-06 15000 14998 14403 14403 4497 3159
0.35 7.9432823e-07 15000 14994 14435 14435 4533 3134
0.35 7.9432823e-08 15000 14996 14382 14382 4551 3228
0.35 7.9432823e-09 15000 14993 14402 14402 4585 3133
0.3 1.5848932e-05 15000 14980 14352 14352 4399 3135
0.4 0.00012589254 15000 15000 14494 14242 4507 3183
0.4 0.00015848932 15000 15000 14526 14273 4611 3245
0.4 0.00019952623 15000 14998 14506 14232 4556 3237
0.4 0.0001 15000 14999 14508 14240 4599 3281
0.4 0.00025118864 10000 9999 9701 9525 3058 2166
0.4 0.00031622777 15000 15000 14489 14255 4615 3238
0.4 1.2589254e-05 10000 9999 9671 9509 3031 2128
0.4 1.2589254e-06 15000 14999 14510 14240 4515 3206
0.4 1.2589254e-07 15000 14998 14547 14273 4543 3196
0.4 1.2589254e-08 15000 14999 14503 14230 4630 3265
0.4 1.2589254e-09 15000 15000 14528 14246 4610 3272
0.4 1.5848932e-05 15000 14999 14522 14263 4605 3207
0.4 1.5848932e-06 15000 14999 14482 14232 4599 3267
0.4 1.5848932e-07 15000 15000 14512 14258 4562 3219
0.4 1.5848932e-08 15000 15000 14502 14250 4645 3228
0.4 1.5848932e-09 15000 15000 14492 14236 4569 3232
0.4 1.9952623e-05 15000 14999 14538 14260 4702 3255
0.4 1.9952623e-06 15000 15000 14521 14254 4544 3161
0.4 1.9952623e-07 15000 14999 14534 14254 4564 3195
0.4 1.9952623e-08 15000 15000 14525 14265 4599 3210
0.4 1.9952623e-09 15000 14999 14529 14281 4588 3188
0.4 1e-05 15000 14998 14514 14262 4516 3183
0.4 1e-06 15000 15000 14547 14302 4611 3289
0.4 1e-07 15000 14999 14517 14232 4556 3198
0.4 1e-08 15000 15000 14477 14210 4606 3203
0.4 1e-09 15000 14997 14496 14268 4600 3191
0.4 2.5118864e-05 15000 15000 14520 14238 4618 3248
0.4 2.5118864e-06 15000 15000 14471 14226 4596 3282
0.4 2.5118864e-07 15000 15000 14527 14261 4679 3313
0.4 2.5118864e-08 15000 14999 14524 14258 4629 3239
0.4 2.5118864e-09 15000 14998 14520 14261 4648 3238
0.4 3.1622777e-05 15000 15000 14496 14246 4550 3154
0.4 3.1622777e-06 15000 14999 14471 14187 4560 3225
0.4 3.1622777e-07 15000 15000 14499 14254 4565 3211
0.4 3.1622777e-08 15000 14999 14471 14218 4586 3228
0.4 3.1622777e-09 15000 14999 14513 14278 4524 3165
0.4 3.9810717e-05 15000 14999 14480 14239 4560 3207
0.4 3.9810717e-06 15000 14999 14517 14271 4631 3225
0.4 3.9810717e-07 15000 15000 14514 14272 4551 3206
0.4 3.9810717e-08 15000 14999 14507 14230 4596 3231
0.4 3.9810717e-09 15000 15000 14487 14248 4517 3213
0.4 5.0118723e-05 15000 15000 14504 14240 4554 3076
0.4 5.0118723e-06 15000 15000 14516 14243 4622 3299
0.4 5.0118723e-07 15000 14999 14508 14231 4551 3208
0.4 5.0118723e-08 10000 10000 9686 9500 2992 2123
0.4 5.0118723e-09 15000 14999 14533 14294 4638 3276
0.4 6.3095734e-05 15000 14999 14528 14261 4539 3224
0.4 6.3095734e-06 15000 15000 14492 14233 4685 3320
0.4 6.3095734e-07 15000 15000 14489 14225 4522 3178
0.4 6.3095734e-08 15000 15000 14515 14252 4657 3231
0.4 6.3095734e-09 15000 14999 14461 14201 4530 3218
0.4 7.9432823e-05 15000 15000 14514 14263 4540 3235
0.4 7.9432823e-06 15000 14999 14498 14252 4675 3309
0.4 7.9432823e-07 15000 15000 14542 14282 4615 3339
0.4 7.9432823e-08 10000 10000 9679 9538 3014 2146
0.4 7.9432823e-09 15000 15000 14455 14192 4539 3197
0.45 0.00012589254 15000 15000 14577 14135 4537 3216
0.45 0.00015848932 15000 15000 14585 14120 4627 3270
0.45 0.00019952623 15000 15000 14557 14122 4584 3267
0.45 0.0001 15000 15000 14585 14138 4574 3265
0.45 0.00025118864 15000 15000 14597 14151 4661 3327
0.45 0.00031622777 15000 15000 14572 14139 4507 3229
0.45 1.2589254e-05 15000 15000 14579 14171 4679 3403
0.45 1.2589254e-06 15000 15000 14563 14143 4600 3304
0.45 1.2589254e-07 15000 15000 14613 14175 4545 3229
0.45 1.2589254e-08 15000 15000 14609 14187 4614 3347
0.45 1.2589254e-09 15000 15000 14600 14139 4589 3288
0.45 1.5848932e-05 15000 15000 14552 14092 4597 3304
0.45 1.5848932e-06 15000 15000 14551 14138 4646 3312
0.45 1.5848932e-07 15000 15000 14587 14182 4540 3243
0.45 1.5848932e-08 15000 15000 14586 14157 4618 3277
0.45 1.5848932e-09 15000 15000 14565 14144 4556 3262
0.45 1.9952623e-05 15000 15000 14576 14147 4553 3222
0.45 1.9952623e-06 15000 15000 14594 14196 4686 3373
0.45 1.9952623e-07 15000 15000 14626 14185 4516 3220
0.45 1.9952623e-08 15000 15000 14570 14134 4663 3309
0.45 1.9952623e-09 15000 15000 14621 14164 4622 3296
0.45 1e-05 15000 15000 14603 14155 4527 3251
0.45 1e-06 15000 14999 14561 14108 4577 3245
0.45 1e-07 15000 15000 14588 14139 4619 3278
0.45 1e-08 15000 14999 14620 14163 4614 3292
0.45 1e-09 15000 15000 14580 14122 4588 3291
0.45 2.5118864e-05 15000 15000 14579 14168 4707 3360
0.45 2.5118864e-06 15000 15000 14601 14164 4652 3320
0.45 2.5118864e-07 15000 15000 14592 14141 4575 3241
0.45 2.5118864e-08 15000 15000 14594 14138 4730 3376
0.45 2.5118864e-09 15000 15000 14581 14142 4557 3248
0.45 3.1622777e-05 15000 15000 14597 14129 4546 3252
0.45 3.1622777e-06 15000 15000 14577 14133 4566 3244
0.45 3.1622777e-07 15000 15000 14535 14089 4586 3261
0.45 3.1622777e-08 15000 14999 14572 14125 4596 3282
0.45 3.1622777e-09 15000 15000 14591 14125 4445 3164
0.45 3.9810717e-05 15000 15000 14597 14133 4567 3297
0.45 3.9810717e-06 15000 14999 14572 14115 4704 3338
0.45 3.9810717e-07 15000 15000 14573 14140 4594 3274
0.45 3.9810717e-08 15000 15000 14541 14115 4640 3314
0.45 3.9810717e-09 15000 15000 14540 14117 4644 3302
0.45 5.0118723e-05 15000 15000 14552 14086 4646 3354
0.45 5.0118723e-06 15000 15000 14597 14167 4625 3324
0.45 5.0118723e-07 15000 15000 14551 14129 4566 3237
0.45 5.0118723e-08 15000 15000 14560 14132 4611 3192
0.45 5.0118723e-09 15000 15000 14606 14157 4707 3363
0.45 6.3095734e-05 15000 15000 14562 14110 4616 3273
0.45 6.3095734e-06 15000 15000 14580 14116 4539 3231
0.45 6.3095734e-07 15000 15000 14601 14155 4644 3303
0.45 6.3095734e-08 15000 15000 14622 14190 4582 3265
0.45 6.3095734e-09 15000 15000 14582 14159 4638 3275
0.45 7.9432823e-05 15000 15000 14569 14114 4585 3266
0.45 7.9432823e-06 15000 15000 14609 14141 4464 3157
0.45 7.9432823e-07 15000 15000 14607 14187 4714 3418
0.45 7.9432823e-08 15000 15000 14577 14153 4574 3257
0.45 7.9432823e-09 15000 15000 14615 14172 4703 3391
0.5 0.00012589254 15000 15000 14628 14047 4631 3396
0.5 0.00015848932 15000 15000 14685 14061 4613 3333
0.5 0.00019952623 15000 15000 14642 14031 4691 3429
0.5 0.0001 15000 15000 14659 14049 4716 3431
0.5 0.00025118864 15000 15000 14662 14019 4571 3310
0.5 0.00031622777 15000 15000 14685 14096 4666 3408
0.5 1.2589254e-05 15000 15000 14640 14059 4595 3321
0.5 1.2589254e-06 15000 15000 14611 13992 4622 3357
0.5 1.2589254e-07 15000 15000 14680 14064 4674 3408
0.5 1.2589254e-08 15000 15000 14648 14075 4634 3377
0.5 1.2589254e-09 15000 15000 14659 14033 4593 3372
0.5 1.5848932e-05 15000 15000 14626 13967 4617 3310
0.5 1.5848932e-06 15000 15000 14623 14031 4618 3384
0.5 1.5848932e-07 15000 15000 14675 14047 4726 3394
0.5 1.5848932e-08 15000 15000 14662 14004 4549 3301
0.5 1.5848932e-09 15000 15000 14654 14020 4630 3360
0.5 1.9952623e-05 15000 15000 14660 14005 4515 3268
0.5 1.9952623e-06 15000 15000 14647 14034 4628 3376
0.5 1.9952623e-07 15000 15000 14672 14039 4711 3388
0.5 1.9952623e-08 15000 15000 14656 14018 4602 3316
0.5 1.9952623e-09 15000 15000 14674 14023 4652 3339
0.5 1e-05 15000 15000 14647 13973 4516 3295
0.5 1e-06 15000 15000 14600 13900 4589 3355
0.5 1e-07 15000 15000 14654 14028 4643 3410
0.5 1e-08 15000 15000 14654 14068 4667 3368
0.5 1e-09 15000 15000 14626 13970 4584 3338
0.5 2.5118864e-05 15000 15000 14658 14047 4645 3347
0.5 2.5118864e-06 10000 10000 9751 9340 2945 2178
0.5 2.5118864e-07 15000 15000 14655 14029 4535 3321
0.5 2.5118864e-08 15000 15000 14634 13948 4614 3321
0.5 2.5118864e-09 15000 15000 14621 14012 4610 3296
0.5 3.1622777e-05 15000 15000 14645 14036 4628 3372
0.5 3.1622777e-06 15000 15000 14657 14010 4620 3412
0.5 3.1622777e-07 15000 15000 14644 14053 4711 3409
0.5 3.1622777e-08 15000 15000 14631 14007 4573 3274
0.5 3.1622777e-09 15000 15000 14662 14042 4529 3328
0.5 3.9810717e-05 15000 15000 14685 14081 4615 3300
0.5 3.9810717e-06 15000 15000 14660 14045 4592 3343
0.5 3.9810717e-07 15000 15000 14647 14045 4705 3439
0.5 3.9810717e-08 15000 15000 14630 14050 4590 3341
0.5 3.9810717e-09 15000 15000 14668 14088 4665 3395
0.5 5.0118723e-05 15000 15000 14657 14041 4636 3358
0.5 5.0118723e-06 15000 15000 14640 14023 4685 3377
0.5 5.0118723e-07 15000 15000 14635 13988 4678 3475
0.5 5.0118723e-08 15000 15000 14665 13984 4541 3337
0.5 5.0118723e-09 15000 15000 14666 13983 4682 3390
0.5 6.3095734e-05 15000 15000 14666 14071 4715 3392
0.5 6.3095734e-06 10000 10000 9761 9365 3193 2339
0.5 6.3095734e-07 15000 15000 14632 14037 4527 3261
0.5 6.3095734e-08 15000 15000 14674 14052 4647 3391
0.5 6.3095734e-09 15000 15000 14665 14039 4566 3283
0.5 7.9432823e-05 15000 15000 14681 14077 4604 3337
0.5 7.9432823e-06 15000 15000 14655 14041 4598 3362
0.5 7.9432823e-07 15000 15000 14626 13980 4666 3381
0.5 7.9432823e-08 15000 15000 14671 14050 4533 3241
0.5 7.9432823e-09 15000 15000 14652 14036 4613 3293
0.55 1.2589254e-05 10000 10000 9807 9193 3091 2263
0.55 1.2589254e-06 10000 10000 9842 9236 3137 2299
0.55 1.2589254e-07 10000 10000 9819 9220 3066 2233
0.55 1.2589254e-08 10000 10000 9807 9247 3099 2237
0.55 1.5848932e-05 10000 10000 9809 9200 3065 2235
0.55 1.5848932e-06 10000 10000 9824 9215 3135 2294
0.55 1.5848932e-07 10000 10000 9833 9230 3103 2266
0.55 1.5848932e-08 10000 10000 9824 9179 3065 2215
0.55 1.9952623e-05 10000 10000 9794 9178 3060 2209
0.55 1.9952623e-06 10000 10000 9800 9209 3052 2233
0.55 1.9952623e-07 10000 10000 9827 9245 3170 2318
0.55 1.9952623e-08 10000 10000 9816 9231 3120 2283
0.55 1e-05 10000 10000 9801 9213 2975 2182
0.55 1e-06 10000 10000 9799 9158 3074 2251
0.55 1e-07 10000 10000 9795 9235 3090 2261
0.55 1e-08 10000 10000 9816 9177 3073 2279
0.55 2.5118864e-05 10000 10000 9798 9202 3137 2298
0.55 2.5118864e-06 10000 10000 9806 9151 3107 2274
0.55 2.5118864e-07 10000 10000 9790 9206 3039 2209
0.55 2.5118864e-08 10000 10000 9809 9207 3018 2234
0.55 3.1622777e-05 10000 10000 9833 9183 3055 2265
0.55 3.1622777e-06 10000 10000 9826 9203 3057 2228
0.55 3.1622777e-07 10000 10000 9795 9200 3072 2240
0.55 3.1622777e-08 10000 10000 9847 9225 3101 2261
0.55 3.1622777e-09 10000 10000 9819 9225 3084 2272
0.55 3.9810717e-06 10000 10000 9817 9219 3032 2231
0.55 3.9810717e-07 10000 10000 9807 9239 3097 2311
0.55 3.9810717e-08 10000 10000 9827 9198 3035 2206
0.55 3.9810717e-09 10000 10000 9827 9216 3151 2325
0.55 5.0118723e-06 10000 10000 9816 9177 3042 2214
0.55 5.0118723e-07 10000 10000 9826 9204 3119 2258
0.55 5.0118723e-08 10000 10000 9800 9194 3143 2250
0.55 5.0118723e-09 10000 10000 9799 9184 3048 2229
0.55 6.3095734e-06 10000 10000 9807 9152 3036 2225
0.55 6.3095734e-07 10000 10000 9798 9165 3046 2231
0.55 6.3095734e-08 5000 5000 4907 4634 1528 1112
0.55 6.3095734e-09 10000 10000 9800 9181 3127 2286
0.55 7.9432823e-06 10000 10000 9815 9239 3131 2269
0.55 7.9432823e-07 10000 10000 9825 9196 3073 2242
0.55 7.9432823e-08 10000 10000 9829 9211 3079 2227
0.55 7.9432823e-09 10000 10000 9815 9228 3043 2178
0.6 1.2589254e-05 10000 10000 9849 8980 3084 2307
0.6 1.2589254e-06 10000 10000 9845 8941 3002 2185
0.6 1.2589254e-07 10000 10000 9847 9034 2998 2239
0.6 1.2589254e-08 10000 10000 9850 8977 2996 2196
0.6 1.5848932e-05 10000 10000 9832 8971 3147 2309
0.6 1.5848932e-06 10000 10000 9843 8987 3012 2205
0.6 1.5848932e-07 10000 10000 9844 9019 3152 2392
0.6 1.5848932e-08 10000 10000 9846 8943 3069 2274
0.6 1.9952623e-05 10000 10000 9846 8953 3050 2260
0.6 1.9952623e-06 10000 10000 9861 8996 3015 2245
0.6 1.9952623e-07 10000 10000 9868 8990 3028 2255
0.6 1.9952623e-08 10000 10000 9842 8996 2986 2230
0.6 1e-05 10000 10000 9842 8989 3077 2284
0.6 1e-06 10000 10000 9846 8951 2890 2100
0.6 1e-07 5000 5000 4933 4491 1609 1176
0.6 1e-08 10000 10000 9850 9010 3053 2282
0.6 2.5118864e-05 10000 10000 9862 8967 2998 2238
0.6 2.5118864e-06 10000 10000 9854 8975 3074 2214
0.6 2.5118864e-07 10000 10000 9836 8949 3004 2207
0.6 2.5118864e-08 10000 10000 9842 8962 3009 2221
0.6 3.1622777e-05 10000 10000 9847 8969 3058 2249
0.6 3.1622777e-06 10000 10000 9842 8970 2963 2159
0.6 3.1622777e-07 10000 10000 9842 8959 2982 2224
0.6 3.1622777e-08 10000 10000 9845 9010 2982 2183
0.6 3.1622777e-09 10000 10000 9879 9045 3114 2317
0.6 3.9810717e-06 10000 10000 9850 8999 2992 2197
0.6 3.9810717e-07 10000 10000 9863 8988 3040 2218
0.6 3.9810717e-08 10000 10000 9845 9037 3020 2247
0.6 3.9810717e-09 10000 10000 9877 9040 2963 2191
0.6 5.0118723e-06 10000 10000 9847 8992 3007 2222
0.6 5.0118723e-07 10000 10000 9850 9027 3067 2263
0.6 5.0118723e-08 10000 10000 9842 9010 3112 2315
0.6 5.0118723e-09 10000 10000 9845 9008 2982 2228
0.6 6.3095734e-06 10000 10000 9856 9024 3100 2245
0.6 6.3095734e-07 10000 10000 9863 8968 2970 2200
0.6 6.3095734e-08 10000 10000 9854 9052 2958 2161
0.6 6.3095734e-09 10000 10000 9878 9056 3005 2227
0.6 7.9432823e-06 10000 10000 9856 8956 2918 2150
0.6 7.9432823e-07 10000 10000 9838 8974 3052 2256
0.6 7.9432823e-08 5000 5000 4938 4490 1489 1092
0.6 7.9432823e-09 10000 10000 9836 8956 3017 2254
0.65 1.1220185e-06 5000 5000 4956 4351 1482 1083
0.65 1.1220185e-06 5000 5000 4956 4351 1482 1083
0.65 1.2589254e-05 5000 5000 4953 4337 1381 1037
0.65 1.2589254e-06 5000 5000 4950 4333 1510 1072
0.65 1.2589254e-07 5000 5000 4949 4372 1458 1093
0.65 1.2589254e-08 5000 5000 4946 4328 1445 1071
0.65 1.4125375e-06 5000 5000 4955 4328 1427 1069
0.65 1.4125375e-06 5000 5000 4955 4328 1427 1069
0.65 1.5848932e-05 5000 5000 4947 4325 1485 1089
0.65 1.5848932e-06 5000 5000 4937 4308 1490 1094
0.65 1.5848932e-07 5000 5000 4949 4321 1445 1044
0.65 1.5848932e-08 5000 5000 4960 4324 1507 1114
0.65 1.7782794e-06 5000 5000 4959 4343 1436 1056
0.65 1.7782794e-06 5000 5000 4959 4343 1436 1056
0.65 1.9952623e-05 5000 5000 4963 4336 1444 1062
0.65 1.9952623e-06 5000 5000 4951 4309 1471 1086
0.65 1.9952623e-07 5000 5000 4949 4361 1464 1066
0.65 1.9952623e-08 5000 5000 4948 4327 1478 1096
0.65 1e-05 5000 5000 4949 4353 1445 1066
0.65 1e-06 5000 5000 4945 4340 1467 1084
0.65 1e-08 5000 5000 4947 4357 1445 1091
0.65 2.2387211e-06 5000 5000 4954 4292 1481 1082
0.65 2.2387211e-06 5000 5000 4954 4292 1481 1082
0.65 2.5118864e-05 5000 5000 4939 4317 1472 1103
0.65 2.5118864e-06 5000 5000 4939 4343 1434 1063
0.65 2.5118864e-07 5000 5000 4953 4348 1410 1043
0.65 2.5118864e-08 5000 5000 4939 4309 1457 1062
0.65 2.8183829e-06 5000 5000 4948 4357 1486 1113
0.65 2.8183829e-06 5000 5000 4948 4357 1486 1113
0.65 3.1622777e-05 5000 5000 4950 4320 1436 1075
0.65 3.1622777e-06 5000 5000 4963 4310 1452 1084
0.65 3.1622777e-07 5000 5000 4955 4344 1454 1074
0.65 3.1622777e-08 5000 5000 4948 4326 1452 1075
0.65 3.1622777e-09 5000 5000 4953 4326 1503 1120
0.65 3.5481339e-06 5000 5000 4952 4311 1443 1097
0.65 3.5481339e-06 5000 5000 4952 4311 1443 1097
0.65 3.9810717e-06 5000 5000 4946 4318 1455 1068
0.65 3.9810717e-07 5000 5000 4954 4329 1489 1091
0.65 3.9810717e-08 5000 5000 4958 4334 1449 1047
0.65 3.9810717e-09 5000 5000 4934 4327 1458 1093
0.65 4.4668359e-06 5000 5000 4940 4394 1440 1054
0.65 4.4668359e-06 5000 5000 4940 4394 1440 1054
0.65 5.0118723e-06 5000 5000 4955 4313 1430 1069
0.65 5.0118723e-07 5000 5000 4934 4303 1460 1093
0.65 5.0118723e-08 5000 5000 4944 4335 1457 1118
0.65 5.0118723e-09 5000 5000 4949 4339 1459 1104
0.65 5.6234133e-06 5000 5000 4948 4363 1488 1119
0.65 6.3095734e-06 5000 5000 4962 4338 1485 1084
0.65 6.3095734e-07 5000 5000 4948 4321 1443 1047
0.65 6.3095734e-08 5000 5000 4956 4331 1450 1107
0.65 6.3095734e-09 5000 5000 4958 4385 1469 1069
0.65 7.0794578e-06 5000 5000 4948 4324 1373 1002
0.65 7.9432823e-06 5000 5000 4944 4358 1417 1033
0.65 7.9432823e-07 5000 5000 4952 4370 1436 1084
0.65 7.9432823e-08 5000 5000 4962 4353 1493 1099
0.65 7.9432823e-09 5000 5000 4950 4315 1458 1109
0.65 8.9125094e-06 5000 5000 4946 4352 1483 1068
0.7 1.2589254e-05 5000 5000 4963 3934 1305 947
0.7 1.2589254e-06 5000 5000 4969 3946 1330 987
0.7 1.2589254e-07 5000 5000 4963 3927 1346 1024
0.7 1.2589254e-08 5000 5000 4965 3937 1307 960
0.7 1.5848932e-05 5000 5000 4960 3940 1380 1025
0.7 1.5848932e-06 5000 5000 4968 3901 1263 942
0.7 1.5848932e-07 5000 5000 4974 3927 1279 942
0.7 1.5848932e-08 5000 5000 4956 3955 1388 1009
0.7 1.9952623e-05 5000 5000 4969 3927 1326 951
0.7 1.9952623e-06 5000 5000 4964 3942 1320 969
0.7 1.9952623e-07 5000 5000 4968 3901 1364 1028
0.7 1.9952623e-08 5000 5000 4978 3872 1336 982
0.7 1e-05 5000 5000 4969 3930 1354 1003
0.7 1e-06 5000 5000 4975 3924 1363 1032
0.7 1e-07 5000 5000 4968 3945 1333 1007
0.7 1e-08 5000 5000 4974 3958 1356 1025
0.7 2.5118864e-05 5000 5000 4972 3957 1314 996
0.7 2.5118864e-06 5000 5000 4970 3978 1383 1039
0.7 2.5118864e-07 5000 5000 4964 3937 1344 978
0.7 2.5118864e-08 5000 5000 4970 3961 1365 1012
0.7 3.1622777e-05 5000 5000 4965 3929 1330 996
0.7 3.1622777e-06 5000 5000 4962 3961 1343 1006
0.7 3.1622777e-07 5000 5000 4969 3918 1274 946
0.7 3.1622777e-08 5000 5000 4975 3946 1307 995
0.7 3.1622777e-09 5000 5000 4963 3942 1296 940
0.7 3.9810717e-06 5000 5000 4977 3958 1338 986
0.7 3.9810717e-07 5000 5000 4966 3938 1322 985
0.7 3.9810717e-08 5000 5000 4969 3906 1326 994
0.7 3.9810717e-09 5000 5000 4976 3934 1359 1025
0.7 5.0118723e-06 5000 5000 4961 3943 1348 1005
0.7 5.0118723e-07 5000 5000 4966 3936 1298 937
0.7 5.0118723e-08 5000 5000 4973 3954 1372 1012
0.7 5.0118723e-09 5000 5000 4971 3907 1304 955
0.7 6.3095734e-06 5000 5000 4971 3925 1350 998
0.7 6.3095734e-07 5000 5000 4963 3935 1384 1044
0.7 6.3095734e-08 5000 5000 4962 3915 1336 999
0.7 6.3095734e-09 5000 5000 4969 3938 1314 958
0.7 7.9432823e-06 5000 5000 4968 3934 1329 983
0.7 7.9432823e-07 5000 5000 4959 3982 1358 980
0.7 7.9432823e-08 5000 5000 4974 3962 1258 942
0.7 7.9432823e-09 5000 5000 4968 3962 1387 1028
0.75 1.1220185e-06 5000 5000 4978 3814 1296 938
0.75 1.1220185e-06 5000 5000 4978 3814 1296 938
0.75 1.2589254e-05 5000 5000 4976 3755 1287 937
0.75 1.2589254e-06 5000 5000 4978 3835 1315 975
0.75 1.2589254e-07 5000 5000 4986 3771 1314 968
0.75 1.2589254e-08 5000 5000 4970 3794 1347 996
0.75 1.4125375e-06 5000 5000 4978 3831 1345 999
0.75 1.4125375e-06 5000 5000 4978 3831 1345 999
0.75 1.5848932e-05 5000 5000 4978 3763 1300 943
0.75 1.5848932e-06 5000 5000 4971 3787 1257 937
0.75 1.5848932e-07 5000 5000 4983 3782 1278 945
0.75 1.5848932e-08 5000 5000 4976 3778 1316 988
0.75 1.7782794e-06 5000 5000 4977 3858 1291 958
0.75 1.7782794e-06 5000 5000 4977 3858 1291 958
0.75 1.9952623e-05 5000 5000 4972 3799 1298 972
0.75 1.9952623e-06 5000 5000 4975 3808 1282 966
0.75 1.9952623e-07 5000 5000 4985 3779 1316 998
0.75 1.9952623e-08 5000 5000 4982 3782 1325 1001
0.75 1e-05 5000 5000 4980 3842 1351 1014
0.75 1e-06 5000 5000 4984 3718 1317 977
0.75 1e-07 5000 5000 4977 3809 1296 976
0.75 1e-08 5000 5000 4978 3839 1296 995
0.75 2.2387211e-06 5000 5000 4985 3841 1304 970
0.75 2.2387211e-06 5000 5000 4985 3841 1304 970
0.75 2.5118864e-05 5000 5000 4985 3795 1304 981
0.75 2.5118864e-06 5000 5000 4989 3822 1397 1037
0.75 2.5118864e-07 5000 5000 4982 3807 1272 925
0.75 2.5118864e-08 5000 5000 4984 3761 1316 974
0.75 2.8183829e-06 5000 5000 4983 3846 1332 994
0.75 3.1622777e-05 5000 5000 4977 3817 1285 941
0.75 3.1622777e-06 5000 5000 4979 3772 1294 969
0.75 3.1622777e-07 5000 5000 4964 3775 1214 907
0.75 3.1622777e-08 5000 5000 4977 3851 1349 1019
0.75 3.1622777e-09 5000 5000 4976 3752 1328 999
0.75 3.5481339e-06 5000 5000 4983 3735 1322 971
0.75 3.9810717e-06 5000 5000 4981 3802 1341 985
0.75 3.9810717e-07 5000 5000 4982 3795 1271 972
0.75 3.9810717e-08 5000 5000 4980 3814 1323 993
0.75 3.9810717e-09 5000 5000 4983 3832 1304 964
0.75 4.4668359e-06 5000 5000 4984 3792 1298 961
0.75 5.0118723e-06 5000 5000 4976 3754 1305 965
0.75 5.0118723e-07 5000 5000 4977 3785 1317 990
0.75 5.0118723e-08 5000 5000 4981 3794 1315 997
0.75 5.0118723e-09 5000 5000 4977 3813 1283 967
0.75 5.6234133e-06 5000 5000 4985 3810 1275 929
0.75 6.3095734e-06 5000 5000 4982 3753 1262 953
0.75 6.3095734e-07 5000 5000 4980 3800 1254 950
0.75 6.3095734e-08 5000 5000 4984 3747 1296 962
0.75 6.3095734e-09 5000 5000 4978 3898 1379 1042
0.75 7.0794578e-06 5000 5000 4977 3803 1313 983
0.75 7.9432823e-06 5000 5000 4986 3810 1324 1000
0.75 7.9432823e-07 5000 5000 4977 3785 1311 980
0.75 7.9432823e-08 5000 5000 4983 3799 1357 1025
0.75 7.9432823e-09 5000 5000 4985 3794 1251 914
0.75 8.9125094e-06 5000 5000 4986 3776 1335 1021
0.7 2.5118864e-07 5000 5000 4964 3937 1344 978
0.8 1.1220185e-06 5000 5000 4976 3861 1363 1031
0.8 1.2589254e-05 5000 5000 4984 3876 1306 979
0.8 1.2589254e-06 5000 5000 4972 3909 1364 1025
0.8 1.2589254e-07 5000 5000 4981 3903 1337 1021
0.8 1.2589254e-08 5000 5000 4983 3876 1298 945
0.8 1.4125375e-06 5000 5000 4980 3887 1334 972
0.8 1.5848932e-05 5000 5000 4983 3881 1311 1010
0.8 1.5848932e-06 5000 5000 4979 3862 1295 971
0.8 1.5848932e-07 5000 5000 4980 3858 1316 1002
0.8 1.5848932e-08 5000 5000 4978 3856 1326 1037
0.8 1.7782794e-06 5000 5000 4982 3907 1343 1003
0.8 1.9952623e-05 5000 5000 4982 3877 1271 921
0.8 1.9952623e-06 5000 5000 4973 3868 1296 974
0.8 1.9952623e-07 5000 5000 4981 3929 1358 1037
0.8 1.9952623e-08 5000 5000 4982 3904 1337 1004
0.8 1e-05 5000 5000 4978 3895 1281 968
0.8 1e-06 5000 5000 4976 3896 1309 992
0.8 1e-07 5000 5000 4982 3910 1387 1050
0.8 1e-08 5000 5000 4982 3897 1376 1058
0.8 2.2387211e-06 5000 5000 4980 3822 1302 992
0.8 2.5118864e-05 5000 5000 4977 3933 1301 964
0.8 2.5118864e-06 5000 5000 4983 3862 1343 1000
0.8 2.5118864e-07 5000 5000 4976 3856 1314 978
0.8 2.5118864e-08 5000 5000 4985 3943 1342 1010
0.8 2.8183829e-06 5000 5000 4982 3903 1303 980
0.8 3.1622777e-05 5000 5000 4968 3924 1333 1001
0.8 3.1622777e-06 5000 5000 4982 3868 1369 1038
0.8 3.1622777e-07 5000 5000 4979 3874 1367 1032
0.8 3.1622777e-08 5000 5000 4984 3854 1354 1014
0.8 3.1622777e-09 5000 5000 4979 3920 1331 987
0.8 3.5481339e-06 5000 5000 4980 3913 1374 1044
0.8 3.9810717e-06 5000 5000 4977 3896 1319 981
0.8 3.9810717e-07 5000 5000 4985 3894 1386 1034
0.8 3.9810717e-08 5000 5000 4980 3863 1382 1036
0.8 3.9810717e-09 5000 5000 4976 3880 1300 980
0.8 4.4668359e-06 5000 5000 4972 3875 1352 1032
0.8 5.0118723e-06 5000 5000 4981 3890 1346 1010
0.8 5.0118723e-07 5000 5000 4986 3905 1332 980
0.8 5.0118723e-08 5000 5000 4979 3861 1356 1019
0.8 5.0118723e-09 5000 5000 4980 3865 1302 992
0.8 5.6234133e-06 5000 5000 4989 3872 1304 981
0.8 6.3095734e-06 5000 5000 4981 3864 1353 1003
0.8 6.3095734e-07 5000 5000 4986 3878 1387 1067
0.8 6.3095734e-08 5000 5000 4981 3884 1361 1008
0.8 6.3095734e-09 5000 5000 4977 3842 1317 1001
0.8 7.0794578e-06 5000 5000 4982 3906 1328 1004
0.8 7.9432823e-06 5000 5000 4980 3838 1277 933
0.8 7.9432823e-07 5000 5000 4975 3937 1346 1009
0.8 7.9432823e-08 5000 5000 4980 3850 1357 1067
0.8 7.9432823e-09 5000 5000 4977 3915 1379 1041
0.8 8.9125094e-06 5000 5000 4975 3919 1342 997
0.81 1.1220185e-06 5000 5000 4974 3932 1357 1032
0.81 1.1220185e-06 5000 5000 4974 3932 1357 1032
0.81 1.2589254e-05 5000 5000 4985 3989 1369 1026
0.81 1.2589254e-06 5000 5000 4980 3944 1357 993
0.81 1.2589254e-07 5000 5000 4970 3963 1358 1011
0.81 1.2589254e-08 5000 5000 4975 3926 1376 1046
0.81 1.4125375e-06 5000 5000 4978 3942 1364 997
0.81 1.4125375e-06 5000 5000 4978 3942 1364 997
0.81 1.5848932e-05 5000 5000 4976 3990 1334 1006
0.81 1.5848932e-06 5000 5000 4982 3927 1338 1025
0.81 1.5848932e-07 5000 5000 4976 3971 1358 1032
0.81 1.5848932e-08 5000 5000 4975 3892 1279 973
0.81 1.7782794e-06 5000 5000 4990 3943 1339 1011
0.81 1.7782794e-06 5000 5000 4990 3943 1339 1011
0.81 1.9952623e-05 5000 5000 4976 3948 1370 1046
0.81 1.9952623e-06 5000 5000 4984 3946 1363 1028
0.81 1.9952623e-07 5000 5000 4980 3904 1368 1044
0.81 1.9952623e-08 5000 5000 4979 3920 1337 1006
0.81 1e-05 5000 5000 4975 3955 1296 996
0.81 1e-06 5000 5000 4979 3961 1331 1015
0.81 1e-07 5000 5000 4975 3909 1373 1021
0.81 1e-08 5000 5000 4979 3987 1351 1023
0.81 2.2387211e-06 5000 5000 4967 3949 1375 1025
0.81 2.2387211e-06 5000 5000 4967 3949 1375 1025
0.81 2.5118864e-05 5000 5000 4981 3912 1339 1036
0.81 2.5118864e-06 5000 5000 4983 3964 1369 1026
0.81 2.5118864e-07 5000 5000 4976 3932 1357 1022
0.81 2.5118864e-08 5000 5000 4974 4001 1429 1093
0.81 2.8183829e-06 5000 5000 4981 3914 1313 980
0.81 3.1622777e-05 5000 5000 4982 3944 1334 1002
0.81 3.1622777e-06 5000 5000 4974 3905 1399 1028
0.81 3.1622777e-07 5000 5000 4972 3933 1362 1020
0.81 3.1622777e-08 5000 5000 4979 3953 1371 1006
0.81 3.1622777e-09 5000 5000 4976 3948 1343 981
0.81 3.5481339e-06 5000 5000 4985 3954 1348 1020
0.81 3.9810717e-06 5000 5000 4971 3940 1336 1003
0.81 3.9810717e-07 5000 5000 4979 3968 1394 1038
0.81 3.9810717e-08 5000 5000 4971 3988 1357 1026
0.81 3.9810717e-09 5000 5000 4977 3924 1348 1042
0.81 4.4668359e-06 5000 5000 4978 3931 1311 993
0.81 5.0118723e-06 5000 5000 4980 3943 1292 965
0.81 5.0118723e-07 5000 5000 4973 3951 1338 1025
0.81 5.0118723e-08 5000 5000 4985 3886 1298 978
0.81 5.0118723e-09 5000 5000 4982 4001 1352 1033
0.81 5.6234133e-06 5000 5000 4975 3968 1370 1048
0.81 6.3095734e-06 5000 5000 4970 3915 1376 1045
0.81 6.3095734e-07 5000 5000 4977 3985 1393 1035
0.81 6.3095734e-08 5000 5000 4981 3942 1370 1038
0.81 6.3095734e-09 5000 5000 4974 3910 1298 985
0.81 7.0794578e-06 5000 5000 4976 3992 1379 1056
0.81 7.9432823e-06 5000 5000 4971 3949 1364 1014
0.81 7.9432823e-07 5000 5000 4975 3932 1347 1033
0.81 7.9432823e-08 5000 5000 4982 3961 1330 967
0.81 7.9432823e-09 5000 5000 4985 3929 1359 1016
0.81 8.9125094e-06 5000 5000 4981 3938 1320 977
0.82 1.1220185e-06 5000 5000 4980 4000 1404 1062
0.82 1.1220185e-06 5000 5000 4980 4000 1404 1062
0.82 1.2589254e-05 5000 5000 4976 4009 1352 1011
0.82 1.2589254e-06 5000 5000 4974 3988 1379 1047
0.82 1.2589254e-07 5000 5000 4975 4048 1349 1032
0.82 1.2589254e-08 5000 5000 4981 4016 1390 1058
0.82 1.4125375e-06 5000 5000 4980 3955 1290 994
0.82 1.4125375e-06 5000 5000 4980 3955 1290 994
0.82 1.5848932e-05 5000 5000 4976 3975 1355 1036
0.82 1.5848932e-06 5000 5000 4979 3993 1376 1042
0.82 1.5848932e-07 5000 5000 4977 3967 1345 1030
0.82 1.5848932e-08 5000 5000 4986 4018 1351 1030
0.82 1.7782794e-06 5000 5000 4967 3986 1378 1058
0.82 1.7782794e-06 5000 5000 4967 3986 1378 1058
0.82 1.9952623e-05 5000 5000 4985 3983 1387 1055
0.82 1.9952623e-06 5000 5000 4974 4021 1371 1052
0.82 1.9952623e-07 5000 5000 4964 3975 1327 1001
0.82 1.9952623e-08 5000 5000 4965 4012 1362 1044
0.82 1e-05 5000 5000 4980 3983 1368 1033
0.82 1e-06 5000 5000 4983 4025 1389 1062
0.82 1e-07 5000 5000 4978 4034 1381 1050
0.82 1e-08 5000 5000 4976 4012 1373 1039
0.82 2.2387211e-06 5000 5000 4975 3985 1282 987
0.82 2.2387211e-06 5000 5000 4975 3985 1282 987
0.82 2.5118864e-05 5000 5000 4976 3989 1378 1042
0.82 2.5118864e-06 5000 5000 4975 3988 1374 1033
0.82 2.5118864e-07 5000 5000 4970 4005 1330 983
0.82 2.5118864e-08 5000 5000 4977 4032 1353 1017
0.82 2.8183829e-06 5000 5000 4967 4016 1371 1004
0.82 2.8183829e-06 5000 5000 4967 4016 1371 1004
0.82 3.1622777e-05 5000 5000 4979 4058 1370 1023
0.82 3.1622777e-06 5000 5000 4968 3970 1337 1028
0.82 3.1622777e-07 5000 5000 4978 3981 1324 1008
0.82 3.1622777e-08 5000 5000 4968 3987 1378 1067
0.82 3.1622777e-09 5000 5000 4984 4008 1389 1047
0.82 3.5481339e-06 5000 5000 4977 4008 1404 1079
0.82 3.9810717e-06 5000 5000 4962 3962 1390 1056
0.82 3.9810717e-07 5000 5000 4979 3962 1320 1012
0.82 3.9810717e-08 5000 5000 4972 4010 1322 1004
0.82 3.9810717e-09 5000 5000 4977 3993 1384 1060
0.82 4.4668359e-06 5000 5000 4975 3981 1398 1071
0.82 5.0118723e-06 5000 5000 4974 4057 1410 1084
0.82 5.0118723e-07 5000 5000 4979 3977 1335 1024
0.82 5.0118723e-08 5000 5000 4982 4027 1409 1081
0.82 5.0118723e-09 5000 5000 4979 4026 1424 1070
0.82 5.6234133e-06 5000 5000 4973 4003 1398 1070
0.82 6.3095734e-06 5000 5000 4974 3919 1363 1058
0.82 6.3095734e-07 5000 5000 4979 4037 1414 1102
0.82 6.3095734e-08 5000 5000 4975 4002 1387 1051
0.82 6.3095734e-09 5000 5000 4976 4013 1341 1022
0.82 7.0794578e-06 5000 5000 4973 4035 1421 1063
0.82 7.9432823e-06 5000 5000 4982 3991 1410 1067
0.82 7.9432823e-07 5000 5000 4978 4057 1414 1081
0.82 7.9432823e-08 5000 5000 4979 4015 1399 1033
0.82 7.9432823e-09 5000 5000 4976 3975 1412 1064
0.82 8.9125094e-06 5000 5000 4971 3951 1392 1077
0.83 1.1220185e-06 5000 5000 4974 4094 1457 1115
0.83 1.1220185e-06 5000 5000 4974 4094 1457 1115
0.83 1.2589254e-05 5000 5000 4971 4021 1418 1101
0.83 1.2589254e-06 5000 5000 4977 4066 1430 1086
0.83 1.2589254e-07 5000 5000 4972 4008 1390 1047
0.83 1.2589254e-08 5000 5000 4976 4002 1403 1085
0.83 1.4125375e-06 5000 5000 4966 4094 1409 1061
0.83 1.4125375e-06 5000 5000 4966 4094 1409 1061
0.83 1.5848932e-05 5000 5000 4980 4039 1386 1062
0.83 1.5848932e-06 5000 5000 4965 4071 1392 1054
0.83 1.5848932e-07 5000 5000 4969 4038 1417 1072
0.83 1.5848932e-08 5000 5000 4969 4087 1421 1100
0.83 1.7782794e-06 5000 5000 4978 4064 1413 1055
0.83 1.7782794e-06 5000 5000 4978 4064 1413 1055
0.83 1.9952623e-05 5000 5000 4980 4020 1381 1032
0.83 1.9952623e-06 5000 5000 4979 4079 1385 1076
0.83 1.9952623e-07 5000 5000 4972 4080 1407 1066
0.83 1.9952623e-08 5000 5000 4975 4092 1375 1063
0.83 1e-05 5000 5000 4969 4011 1403 1058
0.83 1e-06 5000 5000 4974 4020 1386 1074
0.83 1e-07 5000 5000 4972 4009 1368 1016
0.83 1e-08 5000 5000 4984 4004 1377 1026
0.83 2.2387211e-06 5000 5000 4970 4074 1392 1047
0.83 2.2387211e-06 5000 5000 4970 4074 1392 1047
0.83 2.5118864e-05 5000 5000 4982 4061 1368 1059
0.83 2.5118864e-06 5000 5000 4974 4054 1383 1028
0.83 2.5118864e-07 5000 5000 4964 4001 1407 1044
0.83 2.5118864e-08 5000 5000 4974 4069 1425 1086
0.83 2.8183829e-06 5000 5000 4968 4022 1350 1008
0.83 2.8183829e-06 5000 5000 4968 4022 1350 1008
0.83 3.1622777e-05 5000 5000 4976 4088 1383 1075
0.83 3.1622777e-06 5000 5000 4964 4092 1435 1071
0.83 3.1622777e-07 5000 5000 4968 4059 1412 1098
0.83 3.1622777e-08 5000 5000 4989 4031 1332 991
0.83 3.1622777e-09 5000 5000 4968 4060 1426 1063
0.83 3.5481339e-06 5000 5000 4975 4031 1397 1074
0.83 3.9810717e-06 5000 5000 4980 4090 1371 1037
0.83 3.9810717e-07 5000 5000 4975 4040 1426 1052
0.83 3.9810717e-08 5000 5000 4969 4025 1371 1065
0.83 3.9810717e-09 5000 5000 4978 4077 1388 1037
0.83 4.4668359e-06 5000 5000 4979 4009 1442 1127
0.83 5.0118723e-06 5000 5000 4972 3998 1364 1022
0.83 5.0118723e-07 5000 5000 4968 4017 1386 1075
0.83 5.0118723e-08 5000 5000 4967 4037 1354 994
0.83 5.0118723e-09 5000 5000 4963 4027 1395 1047
0.83 5.6234133e-06 5000 5000 4973 4030 1371 1042
0.83 6.3095734e-06 5000 5000 4968 4047 1370 1082
0.83 6.3095734e-07 5000 5000 4975 4029 1336 994
0.83 6.3095734e-08 5000 5000 4975 4079 1384 1099
0.83 6.3095734e-09 5000 5000 4975 4059 1351 989
0.83 7.0794578e-06 5000 5000 4974 4024 1386 1029
0.83 7.9432823e-06 5000 5000 4967 4044 1337 1023
0.83 7.9432823e-07 5000 5000 4977 4045 1381 1087
0.83 7.9432823e-08 5000 5000 4978 4054 1372 1042
0.83 7.9432823e-09 5000 5000 4978 4089 1399 1077
0.83 8.9125094e-06 5000 5000 4974 4080 1441 1069
0.84 1.2589254e-05 5000 5000 4985 4108 1392 1073
0.84 1.2589254e-06 5000 5000 4976 4172 1422 1070
0.84 1.2589254e-07 5000 5000 4966 4073 1441 1093
0.84 1.2589254e-08 5000 5000 4978 4109 1445 1119
0.84 1.5848932e-05 5000 5000 4976 4118 1425 1068
0.84 1.5848932e-06 5000 5000 4957 4100 1467 1112
0.84 1.5848932e-07 5000 5000 4979 4143 1374 1030
0.84 1.5848932e-08 5000 5000 4969 4115 1447 1119
0.84 1.9952623e-05 5000 5000 4968 4159 1410 1086
0.84 1.9952623e-06 5000 5000 4976 4116 1327 1003
0.84 1.9952623e-07 5000 5000 4967 4163 1436 1106
0.84 1.9952623e-08 5000 5000 4974 4055 1421 1088
0.84 1e-05 5000 5000 4976 4146 1412 1077
0.84 1e-06 5000 5000 4972 4164 1438 1113
0.84 1e-07 5000 5000 4973 4086 1416 1093
0.84 1e-08 5000 5000 4974 4141 1415 1070
0.84 2.5118864e-05 5000 5000 4972 4104 1433 1123
0.84 2.5118864e-06 5000 5000 4975 4089 1426 1104
0.84 2.5118864e-07 5000 5000 4965 4140 1383 1064
0.84 2.5118864e-08 5000 5000 4963 4113 1441 1122
0.84 3.1622777e-05 5000 5000 4965 4149 1350 1031
0.84 3.1622777e-06 5000 5000 4974 4083 1421 1074
0.84 3.1622777e-07 5000 5000 4972 4085 1394 1048
0.84 3.1622777e-08 5000 5000 4971 4106 1452 1108
0.84 3.1622777e-09 5000 5000 4971 4168 1398 1064
0.84 3.9810717e-06 5000 5000 4979 4120 1397 1084
0.84 3.9810717e-07 5000 5000 4972 4155 1420 1080
0.84 3.9810717e-08 5000 5000 4969 4133 1397 1035
0.84 3.9810717e-09 5000 5000 4978 4115 1391 1060
0.84 5.0118723e-06 5000 5000 4972 4081 1395 1060
0.84 5.0118723e-07 5000 5000 4970 4104 1397 1087
0.84 5.0118723e-08 5000 5000 4982 4111 1390 1070
0.84 5.0118723e-09 5000 5000 4962 4114 1434 1084
0.84 6.3095734e-06 5000 5000 4974 4133 1433 1113
0.84 6.3095734e-07 5000 5000 4974 4111 1390 1056
0.84 6.3095734e-08 5000 5000 4969 4106 1428 1096
0.84 6.3095734e-09 5000 5000 4969 4119 1400 1048
0.84 7.9432823e-06 5000 5000 4966 4094 1418 1090
0.84 7.9432823e-07 5000 5000 4962 4098 1438 1120
0.84 7.9432823e-08 5000 5000 4973 4109 1387 1045
0.84 7.9432823e-09 5000 5000 4980 4133 1380 1082
0.85 1.2589254e-05 5000 5000 4967 4227 1473 1129
0.85 1.2589254e-06 5000 5000 4970 4197 1460 1135
0.85 1.2589254e-07 5000 5000 4968 4196 1429 1068
0.85 1.2589254e-08 5000 5000 4966 4201 1414 1100
0.85 1.5848932e-05 5000 5000 4975 4174 1446 1128
0.85 1.5848932e-06 5000 5000 4963 4217 1494 1149
0.85 1.5848932e-07 5000 5000 4962 4209 1419 1090
0.85 1.5848932e-08 5000 5000 4964 4228 1452 1159
0.85 1.9952623e-05 5000 5000 4963 4192 1390 1027
0.85 1.9952623e-06 5000 5000 4969 4185 1432 1095
0.85 1.9952623e-07 5000 5000 4972 4221 1480 1139
0.85 1.9952623e-08 5000 5000 4982 4214 1465 1113
0.85 1e-05 5000 5000 4962 4154 1443 1090
0.85 1e-06 5000 5000 4972 4166 1399 1071
0.85 1e-07 5000 5000 4968 4192 1414 1073
0.85 1e-08 5000 5000 4961 4226 1457 1133
0.85 2.5118864e-05 5000 5000 4967 4217 1477 1123
0.85 2.5118864e-06 5000 5000 4962 4206 1448 1149
0.85 2.5118864e-07 5000 5000 4961 4170 1425 1092
0.85 3.1622777e-05 5000 5000 4963 4180 1458 1133
0.85 3.1622777e-06 5000 5000 4966 4198 1473 1117
0.85 3.1622777e-07 5000 5000 4965 4219 1439 1088
0.85 3.1622777e-08 5000 5000 4969 4221 1439 1100
0.85 3.1622777e-09 5000 5000 4978 4205 1458 1119
0.85 3.9810717e-06 5000 5000 4964 4140 1423 1076
0.85 3.9810717e-07 5000 5000 4963 4212 1446 1125
0.85 3.9810717e-08 5000 5000 4959 4147 1454 1098
0.85 3.9810717e-09 5000 5000 4969 4145 1436 1118
0.85 5.0118723e-06 5000 5000 4967 4180 1428 1113
0.85 5.0118723e-07 5000 5000 4972 4190 1426 1082
0.85 5.0118723e-08 5000 5000 4973 4195 1457 1141
0.85 5.0118723e-09 5000 5000 4962 4189 1447 1108
0.85 6.3095734e-06 5000 5000 4972 4194 1382 1061
0.85 6.3095734e-07 5000 5000 4969 4204 1464 1119
0.85 6.3095734e-08 5000 5000 4972 4207 1461 1132
0.85 6.3095734e-09 5000 5000 4967 4272 1435 1095
0.85 7.9432823e-06 5000 5000 4969 4226 1508 1158
0.85 7.9432823e-07 5000 5000 4958 4160 1460 1126
0.85 7.9432823e-08 5000 5000 4975 4202 1427 1078
0.85 7.9432823e-09 5000 5000 4958 4211 1479 1137
0.86 1.1220185e-06 5000 5000 4972 4176 1411 1078
0.86 1.1220185e-06 5000 5000 4972 4176 1411 1078
0.86 1.2589254e-05 5000 5000 4965 4179 1451 1098
0.86 1.2589254e-06 5000 5000 4971 4172 1443 1090
0.86 1.2589254e-07 5000 5000 4974 4180 1442 1128
0.86 1.2589254e-08 5000 5000 4978 4146 1396 1047
0.86 1.4125375e-06 5000 5000 4970 4234 1420 1104
0.86 1.4125375e-06 5000 5000 4970 4234 1420 1104
0.86 1.5848932e-05 5000 5000 4955 4165 1449 1099
0.86 1.5848932e-06 5000 5000 4973 4219 1444 1095
0.86 1.5848932e-07 5000 5000 4970 4222 1417 1095
0.86 1.5848932e-08 5000 5000 4970 4231 1442 1089
0.86 1.7782794e-06 5000 5000 4963 4195 1469 1139
0.86 1.7782794e-06 5000 5000 4963 4195 1469 1139
0.86 1.9952623e-05 5000 5000 4966 4204 1456 1106
0.86 1.9952623e-06 5000 5000 4965 4170 1399 1096
0.86 1.9952623e-07 5000 5000 4966 4226 1510 1130
0.86 1.9952623e-08 5000 5000 4974 4197 1446 1084
0.86 1e-05 5000 5000 4967 4205 1442 1056
0.86 1e-06 5000 5000 4967 4190 1495 1150
0.86 1e-07 5000 5000 4971 4173 1422 1069
0.86 1e-08 5000 5000 4971 4222 1496 1146
0.86 2.2387211e-06 5000 5000 4970 4182 1398 1057
0.86 2.2387211e-06 5000 5000 4970 4182 1398 1057
0.86 2.5118864e-05 5000 5000 4965 4218 1450 1140
0.86 2.5118864e-06 5000 5000 4975 4199 1507 1161
0.86 2.5118864e-07 5000 5000 4970 4181 1396 1097
0.86 2.5118864e-08 5000 5000 4965 4176 1483 1121
0.86 2.8183829e-06 5000 5000 4968 4192 1451 1139
0.86 2.8183829e-06 5000 5000 4968 4192 1451 1139
0.86 3.1622777e-05 5000 5000 4973 4204 1466 1104
0.86 3.1622777e-06 5000 5000 4976 4250 1458 1137
0.86 3.1622777e-07 5000 5000 4969 4181 1465 1119
0.86 3.1622777e-08 5000 5000 4968 4195 1454 1130
0.86 3.1622777e-09 5000 5000 4966 4229 1449 1145
0.86 3.5481339e-06 5000 5000 4963 4184 1420 1089
0.86 3.9810717e-06 5000 5000 4968 4189 1432 1117
0.86 3.9810717e-07 5000 5000 4966 4168 1471 1132
0.86 3.9810717e-08 5000 5000 4979 4193 1401 1104
0.86 3.9810717e-09 5000 5000 4959 4206 1482 1147
0.86 4.4668359e-06 5000 5000 4964 4182 1473 1145
0.86 5.0118723e-06 5000 5000 4965 4177 1369 1049
0.86 5.0118723e-07 5000 5000 4976 4183 1355 1035
0.86 5.0118723e-08 5000 5000 4975 4213 1494 1136
0.86 5.0118723e-09 5000 5000 4967 4171 1559 1193
0.86 5.6234133e-06 5000 5000 4965 4273 1501 1151
0.86 6.3095734e-06 5000 5000 4973 4213 1433 1117
0.86 6.3095734e-07 5000 5000 4972 4148 1474 1139
0.86 6.3095734e-08 5000 5000 4964 4169 1394 1076
0.86 6.3095734e-09 5000 5000 4973 4200 1420 1094
0.86 7.0794578e-06 5000 5000 4965 4182 1500 1161
0.86 7.9432823e-06 5000 5000 4967 4188 1443 1118
0.86 7.9432823e-07 5000 5000 4982 4180 1460 1092
0.86 7.9432823e-08 5000 5000 4981 4227 1459 1113
0.86 7.9432823e-09 5000 5000 4962 4214 1454 1106
0.86 8.9125094e-06 5000 5000 4974 4188 1466 1123
0.87 1.1220185e-06 5000 5000 4966 4261 1433 1107
0.87 1.1220185e-06 5000 5000 4966 4261 1433 1107
0.87 1.2589254e-05 5000 5000 4963 4286 1483 1157
0.87 1.2589254e-06 5000 5000 4960 4286 1474 1128
0.87 1.2589254e-07 5000 5000 4961 4259 1495 1163
0.87 1.2589254e-08 5000 5000 4963 4297 1439 1117
0.87 1.4125375e-06 5000 5000 4961 4307 1452 1123
0.87 1.4125375e-06 5000 5000 4961 4307 1452 1123
0.87 1.5848932e-05 5000 5000 4972 4270 1413 1081
0.87 1.5848932e-06 5000 5000 4964 4295 1475 1122
0.87 1.5848932e-07 5000 5000 4961 4304 1490 1141
0.87 1.5848932e-08 5000 5000 4961 4275 1454 1115
0.87 1.7782794e-06 5000 5000 4972 4316 1517 1178
0.87 1.7782794e-06 5000 5000 4972 4316 1517 1178
0.87 1.9952623e-05 5000 5000 4965 4295 1496 1145
0.87 1.9952623e-06 5000 5000 4973 4344 1413 1117
0.87 1.9952623e-07 5000 5000 4976 4319 1451 1146
0.87 1.9952623e-08 5000 5000 4962 4305 1471 1111
0.87 1e-05 5000 5000 4970 4283 1484 1120
0.87 1e-06 5000 5000 4968 4276 1479 1126
0.87 1e-07 5000 5000 4958 4295 1439 1117
0.87 1e-08 5000 5000 4957 4294 1526 1185
0.87 2.2387211e-06 5000 5000 4964 4298 1460 1102
0.87 2.2387211e-06 5000 5000 4964 4298 1460 1102
0.87 2.5118864e-05 5000 5000 4973 4325 1458 1114
0.87 2.5118864e-06 5000 5000 4956 4272 1447 1102
0.87 2.5118864e-07 5000 5000 4970 4305 1483 1138
0.87 2.5118864e-08 5000 5000 4971 4308 1438 1112
0.87 2.8183829e-06 5000 5000 4971 4286 1470 1129
0.87 2.8183829e-06 5000 5000 4971 4286 1470 1129
0.87 3.1622777e-05 5000 5000 4972 4325 1468 1158
0.87 3.1622777e-06 5000 5000 4957 4295 1446 1117
0.87 3.1622777e-07 5000 5000 4973 4282 1484 1149
0.87 3.1622777e-08 5000 5000 4973 4266 1448 1135
0.87 3.1622777e-09 5000 5000 4960 4310 1487 1162
0.87 3.5481339e-06 5000 5000 4958 4298 1462 1135
0.87 3.9810717e-06 5000 5000 4963 4321 1471 1127
0.87 3.9810717e-07 5000 5000 4974 4311 1472 1124
0.87 3.9810717e-08 5000 5000 4960 4243 1453 1140
0.87 3.9810717e-09 5000 5000 4960 4271 1516 1149
0.87 4.4668359e-06 5000 5000 4971 4309 1470 1113
0.87 5.0118723e-06 5000 5000 4963 4327 1454 1118
0.87 5.0118723e-07 5000 5000 4952 4290 1451 1123
0.87 5.0118723e-08 5000 5000 4965 4274 1482 1139
0.87 5.0118723e-09 5000 5000 4959 4275 1431 1122
0.87 5.6234133e-06 5000 5000 4979 4271 1473 1160
0.87 6.3095734e-06 5000 5000 4969 4312 1528 1171
0.87 6.3095734e-07 5000 5000 4961 4287 1447 1093
0.87 6.3095734e-08 5000 5000 4970 4275 1466 1154
0.87 6.3095734e-09 5000 5000 4966 4314 1479 1100
0.87 7.0794578e-06 5000 5000 4966 4297 1454 1115
0.87 7.9432823e-06 5000 5000 4974 4289 1542 1179
0.87 7.9432823e-07 5000 5000 4968 4349 1551 1209
0.87 7.9432823e-08 5000 5000 4972 4325 1472 1128
0.87 7.9432823e-09 5000 5000 4951 4308 1491 1152
0.87 8.9125094e-06 5000 5000 4965 4320 1491 1156
0.88 1.1220185e-06 5000 5000 4969 4339 1550 1178
0.88 1.1220185e-06 5000 5000 4969 4339 1550 1178
0.88 1.2589254e-05 5000 5000 4969 4379 1491 1149
0.88 1.2589254e-06 5000 5000 4961 4357 1504 1140
0.88 1.2589254e-07 5000 5000 4958 4326 1465 1106
0.88 1.2589254e-08 5000 5000 4956 4339 1548 1223
0.88 1.4125375e-06 5000 5000 4961 4333 1519 1177
0.88 1.4125375e-06 5000 5000 4961 4333 1519 1177
0.88 1.5848932e-05 5000 5000 4962 4340 1473 1151
0.88 1.5848932e-06 5000 5000 4959 4344 1503 1169
0.88 1.5848932e-07 5000 5000 4963 4360 1553 1210
0.88 1.5848932e-08 5000 5000 4969 4376 1493 1114
0.88 1.7782794e-06 5000 5000 4970 4341 1488 1150
0.88 1.7782794e-06 5000 5000 4970 4341 1488 1150
0.88 1.9952623e-05 5000 5000 4967 4301 1463 1141
0.88 1.9952623e-06 5000 5000 4965 4383 1506 1164
0.88 1.9952623e-07 5000 5000 4967 4361 1563 1206
0.88 1.9952623e-08 5000 5000 4963 4340 1448 1116
0.88 1e-05 5000 5000 4952 4352 1510 1166
0.88 1e-06 5000 5000 4968 4314 1491 1138
0.88 1e-07 5000 5000 4970 4320 1487 1157
0.88 1e-08 5000 5000 4965 4343 1490 1170
0.88 2.2387211e-06 5000 5000 4962 4304 1541 1191
0.88 2.2387211e-06 5000 5000 4962 4304 1541 1191
0.88 2.5118864e-05 5000 5000 4962 4333 1454 1140
0.88 2.5118864e-06 5000 5000 4952 4284 1471 1128
0.88 2.5118864e-07 5000 5000 4976 4348 1491 1136
0.88 2.5118864e-08 5000 5000 4965 4336 1485 1166
0.88 2.8183829e-06 5000 5000 4973 4326 1479 1172
0.88 2.8183829e-06 5000 5000 4973 4326 1479 1172
0.88 3.1622777e-05 5000 5000 4963 4345 1480 1134
0.88 3.1622777e-06 5000 5000 4970 4326 1517 1168
0.88 3.1622777e-07 5000 5000 4964 4334 1414 1109
0.88 3.1622777e-08 5000 5000 4965 4322 1524 1183
0.88 3.1622777e-09 5000 5000 4972 4333 1460 1100
0.88 3.5481339e-06 5000 5000 4963 4295 1452 1124
0.88 3.5481339e-06 5000 5000 4963 4295 1452 1124
0.88 3.9810717e-06 5000 5000 4964 4334 1489 1162
0.88 3.9810717e-07 5000 5000 4962 4351 1482 1165
0.88 3.9810717e-08 5000 5000 4964 4312 1458 1131
0.88 3.9810717e-09 5000 5000 4962 4326 1548 1215
0.88 4.4668359e-06 5000 5000 4954 4402 1519 1170
0.88 5.0118723e-06 5000 5000 4965 4310 1468 1126
0.88 5.0118723e-07 5000 5000 4969 4319 1470 1129
0.88 5.0118723e-08 5000 5000 4965 4318 1459 1108
0.88 5.0118723e-09 5000 5000 4964 4341 1525 1204
0.88 5.6234133e-06 5000 5000 4966 4317 1442 1102
0.88 6.3095734e-06 5000 5000 4963 4288 1519 1177
0.88 6.3095734e-07 5000 5000 4953 4322 1553 1206
0.88 6.3095734e-08 5000 5000 4967 4288 1543 1202
0.88 6.3095734e-09 5000 5000 4971 4365 1465 1152
0.88 7.0794578e-06 5000 5000 4965 4348 1518 1177
0.88 7.9432823e-06 5000 5000 4972 4326 1444 1138
0.88 7.9432823e-07 5000 5000 4971 4364 1468 1136
0.88 7.9432823e-08 5000 5000 4963 4350 1428 1088
0.88 7.9432823e-09 5000 5000 4961 4333 1479 1132
0.88 8.9125094e-06 5000 5000 4967 4376 1500 1160
0.89 1.1220185e-06 5000 5000 4961 4387 1537 1186
0.89 1.1220185e-06 5000 5000 4961 4387 1537 1186
0.89 1.2589254e-05 5000 5000 4963 4353 1489 1161
0.89 1.2589254e-06 5000 5000 4962 4387 1486 1162
0.89 1.2589254e-07 5000 5000 4966 4397 1555 1199
0.89 1.2589254e-08 5000 5000 4965 4360 1495 1151
0.89 1.4125375e-06 5000 5000 4949 4390 1530 1198
0.89 1.4125375e-06 5000 5000 4949 4390 1530 1198
0.89 1.5848932e-05 5000 5000 4963 4385 1524 1185
0.89 1.5848932e-06 5000 5000 4969 4386 1477 1129
0.89 1.5848932e-07 5000 5000 4965 4429 1518 1179
0.89 1.5848932e-08 5000 5000 4965 4402 1488 1132
0.89 1.7782794e-06 5000 5000 4961 4434 1516 1169
0.89 1.7782794e-06 5000 5000 4961 4434 1516 1169
0.89 1.9952623e-05 5000 5000 4962 4423 1553 1217
0.89 1.9952623e-06 5000 5000 4959 4420 1509 1192
0.89 1.9952623e-07 5000 5000 4966 4393 1491 1150
0.89 1.9952623e-08 5000 5000 4957 4421 1511 1197
0.89 1e-05 5000 5000 4957 4379 1505 1206
0.89 1e-06 5000 5000 4950 4421 1469 1125
0.89 1e-07 5000 5000 4963 4428 1508 1204
0.89 1e-08 5000 5000 4971 4410 1465 1135
0.89 2.2387211e-06 5000 5000 4957 4383 1456 1139
0.89 2.2387211e-06 5000 5000 4957 4383 1456 1139
0.89 2.5118864e-05 5000 5000 4961 4384 1531 1202
0.89 2.5118864e-06 5000 5000 4959 4363 1471 1179
0.89 2.5118864e-07 5000 5000 4968 4413 1501 1194
0.89 2.5118864e-08 5000 5000 4961 4385 1516 1200
0.89 2.8183829e-06 5000 5000 4961 4399 1491 1148
0.89 2.8183829e-06 5000 5000 4961 4399 1491 1148
0.89 3.1622777e-05 5000 5000 4963 4382 1499 1152
0.89 3.1622777e-06 5000 5000 4959 4383 1498 1146
0.89 3.1622777e-07 5000 5000 4957 4398 1552 1220
0.89 3.1622777e-08 5000 5000 4962 4372 1450 1131
0.89 3.1622777e-09 5000 5000 4962 4412 1536 1155
0.89 3.5481339e-06 5000 5000 4958 4434 1488 1138
0.89 3.5481339e-06 5000 5000 4958 4434 1488 1138
0.89 3.9810717e-06 5000 5000 4960 4450 1530 1211
0.89 3.9810717e-07 5000 5000 4962 4411 1575 1239
0.89 3.9810717e-08 5000 5000 4968 4419 1491 1156
0.89 3.9810717e-09 5000 5000 4958 4408 1552 1205
0.89 4.4668359e-06 5000 5000 4964 4418 1532 1202
0.89 5.0118723e-06 5000 5000 4961 4423 1608 1290
0.89 5.0118723e-07 5000 5000 4959 4320 1487 1162
0.89 5.0118723e-08 5000 5000 4963 4439 1594 1245
0.89 5.0118723e-09 5000 5000 4951 4401 1508 1177
0.89 5.6234133e-06 5000 5000 4969 4393 1497 1152
0.89 6.3095734e-06 5000 5000 4957 4423 1523 1196
0.89 6.3095734e-07 5000 5000 4954 4398 1435 1122
0.89 6.3095734e-08 5000 5000 4970 4403 1541 1219
0.89 6.3095734e-09 5000 5000 4967 4432 1548 1186
0.89 7.0794578e-06 5000 5000 4956 4416 1592 1251
0.89 7.9432823e-06 5000 5000 4966 4417 1480 1155
0.89 7.9432823e-07 5000 5000 4961 4425 1487 1145
0.89 7.9432823e-08 5000 5000 4962 4356 1437 1128
0.89 7.9432823e-09 5000 5000 4961 4397 1507 1147
0.8 1.1220185e-06 5000 5000 4976 3861 1363 1031
0.8 1.4125375e-06 5000 5000 4980 3887 1334 972
0.8 1.7782794e-06 5000 5000 4982 3907 1343 1003
0.8 2.2387211e-06 5000 5000 4980 3822 1302 992
0.8 2.8183829e-06 5000 5000 4982 3903 1303 980
0.9 1.1220185e-06 5000 5000 4953 4414 1526 1172
0.9 1.2589254e-05 5000 5000 4962 4435 1527 1211
0.9 1.2589254e-06 5000 5000 4958 4451 1508 1175
0.9 1.2589254e-07 5000 5000 4959 4407 1551 1222
0.9 1.2589254e-08 5000 5000 4956 4469 1528 1174
0.9 1.4125375e-06 5000 5000 4964 4460 1563 1198
0.9 1.5848932e-05 5000 5000 4970 4457 1499 1163
0.9 1.5848932e-06 5000 5000 4964 4467 1530 1198
0.9 1.5848932e-07 5000 5000 4958 4437 1536 1209
0.9 1.5848932e-08 5000 5000 4955 4413 1531 1202
0.9 1.7782794e-06 5000 5000 4953 4451 1504 1182
0.9 1.9952623e-05 5000 5000 4960 4435 1569 1218
0.9 1.9952623e-06 5000 5000 4957 4469 1561 1215
0.9 1.9952623e-07 5000 5000 4963 4457 1524 1182
0.9 1.9952623e-08 5000 5000 4965 4450 1549 1208
0.9 1e-05 5000 5000 4950 4420 1580 1219
0.9 1e-06 5000 5000 4959 4460 1449 1141
0.9 1e-07 5000 5000 4956 4451 1479 1168
0.9 1e-08 5000 5000 4972 4428 1542 1210
0.9 2.2387211e-06 5000 5000 4960 4441 1524 1183
0.9 2.5118864e-05 5000 5000 4966 4403 1551 1216
0.9 2.5118864e-06 5000 5000 4946 4396 1528 1200
0.9 2.5118864e-07 5000 5000 4963 4439 1475 1151
0.9 2.5118864e-08 5000 5000 4951 4466 1547 1230
0.9 2.8183829e-06 5000 5000 4953 4464 1540 1206
0.9 3.1622777e-05 5000 5000 4961 4432 1532 1205
0.9 3.1622777e-06 5000 5000 4938 4427 1562 1241
0.9 3.1622777e-07 5000 5000 4964 4468 1514 1157
0.9 3.1622777e-08 5000 5000 4963 4459 1544 1218
0.9 3.1622777e-09 5000 5000 4964 4460 1569 1225
0.9 3.5481339e-06 5000 5000 4962 4420 1537 1197
0.9 3.9810717e-06 5000 5000 4953 4439 1496 1167
0.9 3.9810717e-07 5000 5000 4961 4444 1551 1194
0.9 3.9810717e-08 5000 5000 4972 4442 1534 1206
0.9 3.9810717e-09 5000 5000 4966 4433 1477 1162
0.9 4.4668359e-06 5000 5000 4967 4425 1506 1162
0.9 5.0118723e-06 5000 5000 4969 4412 1438 1127
0.9 5.0118723e-07 5000 5000 4968 4484 1529 1212
0.9 5.0118723e-08 5000 5000 4965 4473 1535 1175
0.9 5.0118723e-09 5000 5000 4971 4439 1467 1149
0.9 5.6234133e-06 5000 5000 4968 4492 1467 1151
0.9 6.3095734e-06 5000 5000 4962 4449 1479 1164
0.9 6.3095734e-07 5000 5000 4965 4456 1517 1224
0.9 6.3095734e-08 5000 5000 4966 4467 1537 1235
0.9 6.3095734e-09 5000 5000 4969 4453 1483 1157
0.9 7.0794578e-06 5000 5000 4958 4385 1450 1137
0.9 7.9432823e-06 5000 5000 4958 4433 1528 1198
0.9 7.9432823e-07 5000 5000 4964 4458 1562 1229
0.9 7.9432823e-08 5000 5000 4954 4431 1486 1147
0.9 7.9432823e-09 5000 5000 4949 4432 1511 1193
0.9 8.9125094e-06 5000 5000 4965 4441 1502 1172
0.95 1.1220185e-06 5000 5000 4949 4613 1565 1229
0.95 1.1220185e-06 5000 5000 4949 4613 1565 1229
0.95 1.2589254e-05 5000 5000 4961 4623 1581 1258
0.95 1.2589254e-06 5000 5000 4962 4651 1563 1212
0.95 1.2589254e-07 5000 5000 4966 4613 1641 1281
0.95 1.2589254e-08 5000 5000 4957 4599 1597 1253
0.95 1.4125375e-06 5000 5000 4963 4648 1601 1264
0.95 1.4125375e-06 5000 5000 4963 4648 1601 1264
0.95 1.5848932e-05 5000 5000 4955 4631 1577 1235
0.95 1.5848932e-06 5000 5000 4941 4624 1613 1276
0.95 1.5848932e-07 5000 5000 4958 4644 1606 1262
0.95 1.5848932e-08 5000 5000 4969 4623 1550 1216
0.95 1.7782794e-06 5000 5000 4963 4627 1616 1284
0.95 1.7782794e-06 5000 5000 4963 4627 1616 1284
0.95 1.9952623e-05 5000 5000 4950 4613 1598 1246
0.95 1.9952623e-06 5000 5000 4963 4637 1588 1240
0.95 1.9952623e-07 5000 5000 4956 4614 1587 1257
0.95 1.9952623e-08 5000 5000 4958 4611 1594 1266
0.95 1e-05 5000 5000 4960 4628 1593 1273
0.95 1e-06 5000 5000 4948 4586 1557 1215
0.95 1e-07 5000 5000 4944 4607 1618 1275
0.95 1e-08 5000 5000 4961 4616 1598 1236
0.95 2.2387211e-06 5000 5000 4956 4636 1562 1249
0.95 2.2387211e-06 5000 5000 4956 4636 1562 1249
0.95 2.5118864e-05 5000 5000 4947 4645 1622 1280
0.95 2.5118864e-06 5000 5000 4955 4612 1536 1194
0.95 2.5118864e-07 5000 5000 4959 4652 1579 1250
0.95 2.5118864e-08 5000 5000 4947 4634 1573 1258
0.95 2.8183829e-06 5000 5000 4964 4607 1554 1227
0.95 2.8183829e-06 5000 5000 4964 4607 1554 1227
0.95 3.1622777e-05 5000 5000 4963 4647 1641 1269
0.95 3.1622777e-06 5000 5000 4956 4597 1583 1236
0.95 3.1622777e-07 5000 5000 4968 4615 1575 1228
0.95 3.1622777e-08 5000 5000 4957 4607 1616 1269
0.95 3.1622777e-09 5000 5000 4964 4609 1539 1224
0.95 3.5481339e-06 5000 5000 4959 4638 1542 1228
0.95 3.5481339e-06 5000 5000 4959 4638 1542 1228
0.95 3.9810717e-06 5000 5000 4959 4639 1596 1263
0.95 3.9810717e-07 5000 5000 4958 4634 1568 1223
0.95 3.9810717e-08 5000 5000 4959 4612 1521 1214
0.95 3.9810717e-09 5000 5000 4954 4628 1588 1274
0.95 4.4668359e-06 5000 5000 4956 4609 1570 1266
0.95 5.0118723e-06 5000 5000 4951 4617 1576 1262
0.95 5.0118723e-07 5000 5000 4945 4614 1560 1210
0.95 5.0118723e-08 5000 5000 4964 4636 1617 1296
0.95 5.0118723e-09 5000 5000 4959 4632 1583 1248
0.95 5.6234133e-06 5000 5000 4959 4601 1591 1248
0.95 6.3095734e-06 5000 5000 4955 4619 1585 1274
0.95 6.3095734e-07 5000 5000 4945 4628 1605 1257
0.95 6.3095734e-08 5000 5000 4942 4608 1503 1192
0.95 6.3095734e-09 5000 5000 4958 4586 1604 1268
0.95 7.0794578e-06 5000 5000 4958 4624 1578 1212
0.95 7.9432823e-06 5000 5000 4957 4628 1557 1241
0.95 7.9432823e-07 5000 5000 4971 4622 1552 1216
0.95 7.9432823e-08 5000 5000 4960 4619 1552 1229
0.95 7.9432823e-09 5000 5000 4964 4622 1591 1290
0.95 8.9125094e-06 5000 5000 4956 4627 1500 1189
0.9 1.1220185e-06 5000 5000 4953 4414 1526 1172
0.9 1.4125375e-06 5000 5000 4964 4460 1563 1198
0.9 1.7782794e-06 5000 5000 4953 4451 1504 1182
0.9 2.2387211e-06 5000 5000 4960 4441 1524 1183
0.9 2.8183829e-06 5000 5000 4953 4464 1540 1206
0.9 3.5481339e-06 5000 5000 4962 4420 1537 1197
