1 1.25892541179e-06 0.8932 1.685166e-07 0.98326975
1 1.25892541179e-07 0.8936 0.068666429 0.91765448
1 1.58489319246e-07 0.8908 0.077306046 0.91759024
1 1.99526231497e-07 0.9036 0.071511351 0.91939174
1 1.99526231497e-08 0.8924 0.0038467533 0.89313571
1 1e-06 0.8928 1.568818e-05 0.81827165
1 1e-07 0.8874 0.059100246 0.91157574
1 1e-06 0.90225 1.4095581e-05 0.86992985
1 1e-07 0.89575 0.055999426 0.90943965
1 1e-08 0.8946 0.001050145 0.87662929
1 2.51188643151e-07 0.9018 0.060193178 0.92899331
1 2.51188643151e-08 0.8956 0.0065770903 0.84818971
1 3.16227766017e-07 0.8985 0.040638324 0.92207841
1 3.16227766017e-08 0.8955 0.009616766 0.88095592
1 3.98107170553e-07 0.89975 0.020352702 0.89478812
1 3.98107170553e-08 0.8938 0.014933818 0.88812715
1 5.01187233627e-07 0.8854 0.0084462893 0.90049333
1 5.01187233627e-08 0.89975 0.021692747 0.92204435
1 5e-07 0.8958 0.0087168544 0.88494893
1 5e-08 0.8975 0.02219072 0.89166554
1 5e-09 0.89125 0.00026130821 0.85958025
1 6.3095734448e-07 0.8932 0.0020082749 0.927234
1 6.3095734448e-08 0.8978 0.030142533 0.92291089
1 7.94328234724e-07 0.8958 0.00033577091 0.87288405
1 7.94328234724e-08 0.8938 0.045101642 0.88434218
1.1 1.25892541179e-07 0.9048 0.069291734 0.9137347
1.1 1.58489319246e-07 0.9014 0.07171088 0.90496229
1.1 1.99526231497e-07 0.8958 0.070028534 0.93116486
1.1 1e-07 0.88825 0.059607265 0.90202808
1.1 1e-06 0.906 8.9994329e-06 0.95936203
1.1 2.51188643151e-07 0.9052 0.060320291 0.90831993
1.1 2.5e-08 0.89 0.0063429376 0.88590186
1.1 2e-06 0.90288889 7.659544e-16 0.99674992
1.1 2e-08 0.901 0.0042470503 0.90740703
1.1 3.16227766017e-07 0.9046 0.037986043 0.92335611
1.1 3.16227766017e-08 0.9054 0.0099068589 0.8908767
1.1 3.98107170553e-08 0.8976 0.014966707 0.89583543
1.1 3e-07 0.9028 0.041554678 0.92436968
1.1 3e-08 0.90542857 0.0088450766 0.87927782
1.1 5.01187233627e-08 0.8966 0.021956179 0.90613058
1.1 5e-07 0.9055 0.0065529818 0.95538403
1.1 6.3095734448e-08 0.8946 0.032004841 0.90382522
1.1 7.94328234724e-08 0.8945571 0.045247181 0.9086639
1.1 8e-07 0.9066 0.00015658118 0.92195228
1.2 1.25892541179e-07 0.889 0.073206278 0.9182933
1.2 1.58489319246e-07 0.8785 0.075846775 0.92365208
1.2 1.99526231497e-07 0.8896 0.06866874 0.90857548
1.2 1e-07 0.8972 0.060220738 0.91807602
1.2 1e-06 0.87955556 1.2785264e-06 0.92118689
1.2 2.51188643151e-07 0.8866 0.046504424 0.92509429
1.2 2.5e-08 0.886 0.0074350865 0.8962263
1.2 2e-06 0.88777778 1.8698264e-16 0.99998597
1.2 2e-08 0.88444444 0.0047348527 0.88746675
1.2 3.16227766017e-07 0.8786 0.029583508 0.92045311
1.2 3.16227766017e-08 0.8832 0.011626185 0.89188325
1.2 3.98107170553e-08 0.8788 0.01778298 0.89649102
1.2 3e-07 0.884 0.034465185 0.91632848
1.2 3e-08 0.8784 0.010684707 0.87258765
1.2 5.01187233627e-08 0.8798 0.025969216 0.89805187
1.2 5e-07 0.8782 0.0039910794 0.91106642
1.2 6.3095734448e-08 0.8805 0.035440471 0.9061204
1.2 7.94328234724e-08 0.87980105 0.049266506 0.89785657
1.2 8e-07 0.8838 6.4337891e-05 0.94758779
1.3 1.25892541179e-07 0.8528 0.075489311 0.91842188
1.3 1.58489319246e-07 0.8392 0.075499659 0.91995757
1.3 1e-07 0.8508 0.070203887 0.917044
1.3 1e-06 0.8494 1.4334948e-07 0.80355194
1.3 2.51188643151e-07 0.8554 0.041074588 0.91671095
1.3 2.5e-08 0.84888889 0.0095967012 0.87355905
1.3 2e-06 0.8376 1.0769371e-19 0.99996228
1.3 2e-08 0.84222222 0.0064691425 0.87417033
1.3 3.16227766017e-07 0.8506 0.019374725 0.90722476
1.3 3.16227766017e-08 0.8496 0.014077093 0.89848192
1.3 3.98107170553e-08 0.8502 0.022223554 0.88305683
1.3 3e-07 0.8454 0.026310456 0.9360881
1.3 3e-08 0.8466 0.012884562 0.89369863
1.3 5.01187233627e-08 0.8434 0.031788811 0.89515987
1.3 5e-07 0.8522 0.0015349693 0.94022568
1.3 6.3095734448e-08 0.847 0.044797928 0.89630672
1.3 7.94328234724e-08 0.8454 0.055816216 0.89944478
1.3 8e-07 0.85257143 6.8538049e-06 0.83263512
1.4 1.25892541179e-07 0.7844 0.081839128 0.9230681
1.4 1.58489319246e-07 0.8004 0.068660551 0.92915205
1.4 1.99526231497e-07 0.78723863 0.052528854 0.91842964
1.4 1e-07 0.7874 0.079869767 0.91872584
1.4 1e-06 0.7946 3.6737874e-09 0.90334662
1.4 2.51188643151e-07 0.8008 0.029362869 0.91835869
1.4 2.5e-08 0.7988 0.012702184 0.89946196
1.4 2e-06 0.7976 4.1993607e-29 0.99999994
1.4 2e-08 0.796 0.0081970712 0.88581633
1.4 3.16227766017e-07 0.7938 0.013984772 0.90466937
1.4 3.16227766017e-08 0.79791755 0.018890408 0.902826
1.4 3.98107170553e-08 0.7962 0.029438489 0.87130842
1.4 3e-07 0.7992 0.015602009 0.92427897
1.4 3e-08 0.7948 0.017129997 0.90085348
1.4 5.01187233627e-08 0.7988 0.040278793 0.89382478
1.4 5e-07 0.808 0.00073988708 0.93308161
1.4 6.3095734448e-08 0.7868 0.05484308 0.89420283
1.4 7.94328234724e-08 0.79925 0.070906293 0.90307808
1.4 8e-07 0.8076 4.1967581e-07 0.82560393
1.5 1.25892541179e-07 0.7454 0.080989866 0.92529744
1.5 1.58489319246e-07 0.7514 0.064600361 0.93422504
1.5 1.99526231497e-07 0.7466 0.04088559 0.9412609
1.5 1e-07 0.7484 0.089464559 0.91087668
1.5 1e-06 0.74688889 8.3574049e-11 0.2247381
1.5 2.51188643151e-07 0.739 0.020176172 0.92888325
1.5 2.5e-08 0.7492 0.018188248 0.87034571
1.5 2e-08 0.729 0.012106562 0.87271254
1.5 3.16227766017e-07 0.7456 0.0068797603 0.89094881
1.5 3.16227766017e-08 0.7402 0.026168047 0.89864919
1.5 3.98107170553e-08 0.7396 0.036730673 0.89492041
1.5 3e-07 0.7404 0.0087820801 0.90397159
1.5 3e-08 0.7472 0.02331172 0.90628479
1.5 5.01187233627e-08 0.7494 0.054291798 0.92316447
1.5 5e-07 0.7496 0.00011620619 0.85710727
1.5 6.3095734448e-08 0.74475 0.069279104 0.90631048
1.5 7.94328234724e-08 0.7535 0.080158009 0.91969061
1.5 8e-07 0.7382 4.6559576e-08 0.97204611
1.6 1.25892541179e-07 0.7262 0.079131194 0.92390777
1.6 1.58489319246e-07 0.725 0.059341301 0.94447638
1.6 1.99526231497e-07 0.7206 0.032743693 0.91787377
1.6 1e-07 0.7182 0.088461509 0.93985734
1.6 1e-06 0.717 1.7145617e-13 0.99289188
1.6 2.51188643151e-07 0.7176 0.013594151 0.93259396
1.6 2.5e-08 0.7204 0.019707686 0.89188096
1.6 2e-08 0.713 0.014021059 0.90226931
1.6 3.16227766017e-07 0.70225 0.0046375682 0.90846829
1.6 3.16227766017e-08 0.7246 0.029779857 0.91083605
1.6 3.98107170553e-08 0.716 0.043611426 0.91598185
1.6 3e-07 0.721 0.0057419039 0.90223902
1.6 3e-08 0.732 0.028175451 0.90529214
1.6 5.01187233627e-08 0.7132 0.060135475 0.89358669
1.6 5e-07 0.723 6.6491353e-05 0.96519944
1.6 7.94328234724e-08 0.7142 0.086511331 0.91250509
1.6 8e-07 0.7316 4.3470076e-09 0.29785513
1.7 1.25892541179e-07 0.69975 0.07766238 0.92027174
1.7 1.58489319246e-07 0.7032 0.048724692 0.93968351
1.7 1.99526231497e-07 0.7176 0.025189255 0.94224819
1.7 1e-07 0.71625 0.087128742 0.92237196
1.7 1e-06 0.68933333 1.060056e-14 0.9999997
1.7 2.51188643151e-07 0.7116 0.0089457762 0.94899572
1.7 2.5e-08 0.71177778 0.023273935 0.88384593
1.7 2e-08 0.70066667 0.015851999 0.88397427
1.7 3.16227766017e-07 0.7148 0.0021970832 0.92920809
1.7 3.16227766017e-08 0.702 0.034868922 0.8993078
1.7 3.98107170553e-08 0.7152 0.049562559 0.90301143
1.7 3e-07 0.70533333 0.0032595413 0.90259761
1.7 3e-08 0.7138 0.031985366 0.89446284
1.7 5.01187233627e-08 0.699 0.066593041 0.90282041
1.7 5e-07 0.70822222 1.0967771e-05 0.92747237
1.7 6.3095734448e-08 0.7116 0.077625383 0.91088634
1.7 7.94328234724e-08 0.7078 0.090007611 0.91375029
1.7 8e-07 0.7182 3.1287422e-10 0.53038416
1.8 1.25892541179e-07 0.7124 0.06814635 0.92765141
1.8 1.58489319246e-07 0.7068 0.046408972 0.93831945
1.8 1.99526231497e-07 0.7108 0.022538901 0.90794344
1.8 1e-07 0.702 0.084126611 0.93616204
1.8 1e-06 0.7146 7.3007389e-16 0.96280852
1.8 2.51188643151e-07 0.7098 0.0076685532 0.94294963
1.8 2.5e-08 0.70711111 0.024636566 0.88029372
1.8 2e-08 0.718 0.016797012 0.87314525
1.8 3.16227766017e-07 0.7072 0.0016859211 0.93227044
1.8 3.98107170553e-07 0.7048 0.00017472067 0.97349991
1.8 3.98107170553e-08 0.71727749 0.047807024 0.89546497
1.8 3e-07 0.7042 0.0025683869 0.93456621
1.8 3e-08 0.7156 0.034968664 0.9079997
1.8 5.01187233627e-08 0.7072 0.063004987 0.91699697
1.8 5e-07 0.7096 6.9223511e-06 0.92646396
1.8 6.3095734448e-08 0.7208 0.079601989 0.92237295
1.8 7.94328234724e-08 0.70043573 0.090342214 0.91573731
1.8 8e-07 0.7154 6.7908371e-11 0.89913629
1.9 1.25892541179e-07 0.7398 0.069198659 0.94815789
1.9 1.58489319246e-07 0.73875 0.046124099 0.93917873
1.9 1.99526231497e-07 0.736 0.021077712 0.93098113
1.9 1e-07 0.7562 0.081453565 0.92576024
1.9 1e-06 0.7454 3.8197258e-16 0.99380193
1.9 2.51188643151e-07 0.7388 0.0081057243 0.93507285
1.9 2.5e-08 0.7442 0.022893331 0.89996401
1.9 2e-08 0.7476 0.015436733 0.8912813
1.9 3.16227766017e-07 0.746 0.0018580967 0.90060867
1.9 3.98107170553e-07 0.758 0.00015238517 0.88159639
1.9 3.98107170553e-08 0.7472 0.049433784 0.9016739
1.9 3e-07 0.74377778 0.0022234178 0.91813338
1.9 3e-08 0.7364 0.031474184 0.8913573
1.9 5.01187233627e-08 0.74025 0.066335726 0.89737417
1.9 5e-07 0.7528 6.3449632e-06 0.98620861
1.9 6.3095734448e-08 0.7384 0.077945062 0.90459995
1.9 7.94328234724e-08 0.7365 0.088879311 0.92135206
1.9 8e-07 0.7482 2.1764265e-11 0.99967413
2 1.25892541179e-07 0.7386 0.06403575 0.92102083
2 1.99526231497e-07 0.7242 0.016591995 0.93113565
2 1.99526231497e-08 0.7246 0.018630972 0.87223815
2 1e-06 0.74 1.5478026e-18 0.56726429
2 1e-07 0.733 0.077675891 0.92362765
2 1e-08 0.7244 0.0049605928 0.87542093
2 2.51188643151e-07 0.732 0.0054969226 0.93515364
2 2.51188643151e-08 0.723 0.02767388 0.88144246
2 3.16227766017e-08 0.735 0.037826227 0.90933662
2 3.98107170553e-08 0.7316 0.053070652 0.90718259
2 5.01187233627e-08 0.7284 0.066734939 0.9129585
2 5e-07 0.7185 1.4879696e-06 0.76931896
2 5e-08 0.7322 0.066642689 0.91356546
2 5e-09 0.72666667 0.0012504658 0.89912972
2 6.3095734448e-08 0.7334 0.080234271 0.92228571
2 7.94328234724e-08 0.7252 0.088327977 0.91748588
2.1 1.25892541179e-07 0.7322 0.056410332 0.92256798
2.1 1.58489319246e-07 0.7272 0.029470983 0.95223341
2.1 1.5e-07 0.743 0.034828918 0.92502852
2.1 1.99526231497e-07 0.7324 0.012215488 0.94038545
2.1 1e-07 0.7292 0.073896811 0.92682642
2.1 2.4e-08 0.7232 0.027256768 0.87062115
2.1 2.6e-08 0.7226 0.031126964 0.90537382
2.1 2e-07 0.7298 0.012040761 0.91326236
2.1 3.5e-08 0.7244 0.049768653 0.9051544
2.1 3.98107170553e-08 0.7252 0.057361451 0.90973072
2.1 3e-07 0.7328 0.00098566402 0.91534656
2.1 3e-08 0.721 0.038385055 0.90132938
2.1 4e-07 0.7238 3.6610934e-05 0.99321719
2.1 5.01187233627e-08 0.7288 0.075364999 0.91670591
2.1 6.3095734448e-08 0.7222 0.085222022 0.90580778
2.1 7.94328234724e-08 0.72 0.089110071 0.93439531
2.2 1.25892541179e-07 0.7374 0.049557898 0.93076723
2.2 1.58489319246e-07 0.728 0.025089708 0.93876448
2.2 1.5e-07 0.7212 0.032309035 0.94310129
2.2 1.99526231497e-07 0.7262 0.0097241938 0.94217132
2.2 1e-07 0.7204 0.071269973 0.93559273
2.2 2.4e-08 0.7344 0.029802948 0.90721793
2.2 2.6e-08 0.7212 0.034216313 0.90063034
2.2 2e-07 0.7354 0.0097033575 0.91525852
2.2 3.5e-08 0.73844444 0.050713159 0.90008108
2.2 3.98107170553e-08 0.7258 0.062277351 0.91138211
2.2 3e-07 0.737 0.00047808218 0.95171686
2.2 3e-08 0.719 0.042579531 0.88726979
2.2 4e-07 0.72444444 9.9386003e-06 0.98834031
2.2 5.01187233627e-08 0.7292 0.075617695 0.90516445
2.2 6.3095734448e-08 0.7224 0.087484854 0.91856005
2.2 7.94328234724e-08 0.7186 0.085068271 0.93102737
2.3 1.25892541179e-07 0.73 0.043759167 0.91812466
2.3 1.5e-07 0.7322 0.027298313 0.93926588
2.3 1e-07 0.7338 0.068401079 0.94521536
2.3 2.4e-08 0.7386 0.031837911 0.8840447
2.3 2.6e-08 0.7322 0.035806467 0.89478714
2.3 2e-07 0.748 0.0074541192 0.93612033
2.3 3.5e-08 0.7392 0.054964346 0.89567148
2.3 3.98107170553e-08 0.741 0.061393967 0.90781803
2.3 3e-07 0.7234 0.00029140374 0.92923028
2.3 3e-08 0.7302 0.043523894 0.88749809
2.3 4e-07 0.7336 5.5966043e-06 0.99206565
2.3 5.01187233627e-08 0.7336 0.078080105 0.90855272
2.3 6.3095734448e-08 0.739 0.086218511 0.91842315
2.3 7.94328234724e-08 0.7288 0.085681878 0.9185162
2.4 1.25892541179e-07 0.7412 0.039164524 0.92918293
2.4 1.5e-07 0.73977778 0.023142644 0.96100165
2.4 1e-07 0.7386 0.065576937 0.92775811
2.4 2.4e-08 0.746 0.033775999 0.88530765
2.4 2.6e-08 0.7506 0.039706088 0.89365653
2.4 2e-07 0.7466 0.0060845807 0.94569095
2.4 3.5e-08 0.7452 0.056310156 0.90331069
2.4 3.98107170553e-08 0.75175 0.065919469 0.90720419
2.4 3e-07 0.7346 0.00018790035 0.96038293
2.4 3e-08 0.7362 0.046584238 0.90497143
2.4 4e-07 0.74533333 2.8397283e-06 0.65471701
2.4 5.01187233627e-08 0.7342 0.079101222 0.90142049
2.4 6.3095734448e-08 0.74225 0.087719674 0.92583298
2.4 7.94328234724e-08 0.7422 0.082744501 0.94167989
2.5 1.25892541179e-07 0.7478 0.035537623 0.94880542
2.5 1.5e-07 0.7564 0.020952789 0.937301
2.5 1e-07 0.7484 0.059539314 0.93891436
2.5 2.4e-08 0.7424 0.03618759 0.87983081
2.5 2.6e-08 0.7492 0.039698953 0.88855529
2.5 2e-07 0.754 0.0046037841 0.92936951
2.5 3.5e-08 0.7378 0.058533137 0.91004452
2.5 3.98107170553e-08 0.7434 0.068264514 0.91382485
2.5 3e-07 0.7526 9.9718677e-05 0.96292523
2.5 3e-08 0.7562 0.047785802 0.90655473
2.5 4e-07 0.752 9.8636917e-07 0.83263853
2.5 5.01187233627e-08 0.7432 0.079492311 0.89354757
2.5 6.3095734448e-08 0.7458 0.085009612 0.93364384
2.5 7.94328234724e-08 0.7548 0.081554172 0.92484236
2.6 1.25892541179e-07 0.7674 0.031570988 0.94168935
2.6 1.5e-07 0.7512 0.0165873 0.93328473
2.6 1e-07 0.755 0.057568272 0.93829596
2.6 2.4e-08 0.7512 0.038176112 0.89702402
2.6 2.6e-08 0.7676 0.040937258 0.90205967
2.6 2e-07 0.7534 0.0034346 0.95266513
2.6 3.5e-08 0.7718 0.059438622 0.90524583
2.6 3.98107170553e-08 0.7692 0.066761051 0.91408661
2.6 3e-07 0.7624 7.0681535e-05 0.96522853
2.6 3e-08 0.7566 0.051029654 0.89150749
2.6 4e-07 0.7526 3.5684924e-07 0.79110906
2.6 5.01187233627e-08 0.7646 0.07998452 0.92833117
2.6 6.3095734448e-08 0.759 0.088917812 0.92818872
2.6 7.94328234724e-08 0.7558 0.077488879 0.94291706
2.7 1.5e-07 0.774 0.015523799 0.95132021
2.7 1e-07 0.7748 0.053104005 0.93048879
2.7 2.4e-08 0.7758 0.038404561 0.91622616
2.7 2.6e-08 0.7754 0.043049017 0.90091651
2.7 2e-07 0.767 0.0028701088 0.94667021
2.7 3.5e-08 0.7676 0.060988321 0.91660227
2.7 3.98107170553e-08 0.7588 0.073685067 0.91497637
2.7 3e-07 0.7754 5.1622994e-05 0.94313509
2.7 3e-08 0.7766 0.051299166 0.89870587
2.7 4e-07 0.76755556 2.0510544e-07 0.94198803
2.7 5.01187233627e-08 0.7734 0.081145034 0.92471308
2.7 6.3095734448e-08 0.7796 0.082238811 0.92102288
2.7 7.94328234724e-08 0.7696 0.070241405 0.93314326
2.8 1.25892541179e-07 0.77820311 0.027591105 0.95597911
2.8 1.5e-07 0.784 0.013023434 0.93673072
2.8 1e-07 0.7824 0.052125332 0.9307845
2.8 2.4e-08 0.7808 0.040006642 0.91269586
2.8 2.6e-08 0.789 0.042456438 0.90861725
2.8 2e-07 0.7948 0.0030639292 0.93419789
2.8 3.5e-08 0.7888 0.062248864 0.89535869
2.8 3.98107170553e-08 0.7862 0.069200151 0.89561244
2.8 3e-07 0.779 3.3286526e-05 0.91056858
2.8 3e-08 0.7842 0.054006539 0.90670063
2.8 4e-07 0.7842 1.5324546e-07 0.99975487
2.8 5.01187233627e-08 0.7886 0.082394079 0.92478359
2.8 6.3095734448e-08 0.7822 0.088180716 0.91563623
2.8 7.94328234724e-08 0.7856 0.072400698 0.93352396
2.9 1.25892541179e-07 0.7926 0.023516246 0.92801669
2.9 1.5e-07 0.7926 0.011543887 0.94758035
2.9 2.4e-08 0.7838 0.042173593 0.90810741
2.9 2.6e-08 0.787 0.046221518 0.88209234
2.9 2e-07 0.786 0.0017309973 0.92363023
2.9 3.5e-08 0.7924 0.067226158 0.91215059
2.9 3.98107170553e-08 0.7816 0.074886564 0.91473679
2.9 3e-07 0.7796 1.8549629e-05 0.94511948
2.9 3e-08 0.788 0.058539825 0.90892937
2.9 4e-07 0.795 7.9951313e-08 0.97525819
2.9 5.01187233627e-08 0.7812 0.083618542 0.91119357
2.9 6.3095734448e-08 0.7928 0.079268067 0.92874756
2.9 7.94328234724e-08 0.7848 0.066593047 0.95111624
3 1.25892541179e-07 0.7956 0.019682783 0.9419896
3 1.58489319246e-07 0.80666667 0.0057394014 0.96723866
3 1.99526231497e-07 0.785 0.0013028692 0.93992043
3 1e-07 0.7842 0.043042494 0.94068436
3 1e-06 0.7115 3.6534141e-39 1
3 1e-07 0.77901578 0.045769378 0.9527611
3 1e-08 0.7925 0.0098566595 0.88863412
3 2.51188643151e-07 0.8042 0.0001212886 0.93309392
3 3.16227766017e-07 0.80285714 8.2340906e-06 0.94549006
3 3.16227766017e-08 0.7966 0.059435707 0.91257682
3 3.98107170553e-08 0.7868 0.080498688 0.92264904
3 5.01187233627e-08 0.7908 0.080020732 0.91458904
3 5e-07 0.78613649 9.9982507e-12 0.98641257
3 5e-08 0.78766667 0.088533116 0.9322547
3 5e-09 0.80195321 0.0025186463 0.89144303
3 6.3095734448e-08 0.7818 0.0800049 0.93394401
3.1 1.5e-07 0.7792 0.008623221 0.9575516
3.1 1e-07 0.7864 0.040183539 0.94013184
3.1 2e-07 0.776 0.0011181652 0.93663183
3.1 3.98107170553e-08 0.7648 0.080840328 0.92187279
3.1 3e-08 0.7914 0.060667817 0.91215445
3.1 5e-08 0.7746 0.088094844 0.91356266
3.1 6.3095734448e-08 0.787 0.082800871 0.92571335
3.1 8e-08 0.7852 0.065784096 0.94707038
3.2 1.25892541179e-07 0.7792 0.016553449 0.9619889
3.2 1.5e-07 0.7728 0.0067120065 0.96672358
3.2 1e-07 0.76555556 0.037402291 0.95352073
3.2 2e-07 0.7508 0.00082258965 0.95963912
3.2 3.98107170553e-08 0.7604 0.083194731 0.92264051
3.2 3e-08 0.7706 0.067304613 0.89472098
3.2 5e-08 0.7754 0.089665498 0.93108337
3.2 6.3095734448e-08 0.7716 0.081016867 0.94210506
3.2 8e-08 0.776 0.060583238 0.93437863
3.3 1.5e-07 0.7678 0.0059027876 0.94018702
3.3 1e-07 0.7684 0.034534349 0.94642434
3.3 2e-07 0.7664 0.00063173251 0.97659566
3.3 3.98107170553e-08 0.7702 0.085945261 0.93310322
3.3 3e-08 0.7638 0.070544289 0.90723604
3.3 5e-08 0.7652 0.091259827 0.91815008
3.3 6.3095734448e-08 0.7644 0.08252788 0.92323907
3.3 8e-08 0.7608 0.060530955 0.94466417
3.4 1.25892541179e-07 0.76504237 0.01354345 0.97039394
3.4 1.5e-07 0.766 0.0048110995 0.94465285
3.4 1e-07 0.765 0.034661896 0.94708963
3.4 2e-07 0.7508 0.00034843004 0.95907616
3.4 3.98107170553e-08 0.7674 0.087291558 0.93096599
3.4 3e-08 0.77111111 0.067624145 0.91015134
3.4 5e-08 0.7618 0.091323734 0.91744398
3.4 6.3095734448e-08 0.769 0.079791968 0.9487024
3.4 8e-08 0.767 0.05778958 0.93128128
3.5 1.25892541179e-07 0.7604 0.010629035 0.95344958
3.5 1.5e-07 0.7628 0.0040345924 0.9565196
3.5 1e-07 0.7638 0.029302627 0.95847173
3.5 2e-07 0.7726 0.00036343544 0.95106437
3.5 3.98107170553e-08 0.7645 0.086575573 0.91847984
3.5 3e-08 0.7626 0.075137817 0.90595236
3.5 5e-08 0.7718 0.088250851 0.93222252
3.5 6.3095734448e-08 0.7606 0.078627521 0.9235683
3.5 8e-08 0.777 0.056398295 0.93802341
3.6 1.25892541179e-07 0.772 0.0078559314 0.9709048
3.6 1.58489319246e-07 0.764 0.0015890597 0.96787987
3.6 1.99526231497e-07 0.7588 0.00011675141 0.98354007
3.6 1e-07 0.772 0.024836315 0.95786943
3.6 2.51188643151e-07 0.7618 7.7873044e-06 0.97732313
3.6 2.51188643151e-08 0.7696 0.06320704 0.91196895
3.6 3.16227766017e-08 0.7662 0.081069496 0.91960487
3.6 3.98107170553e-08 0.7652 0.089584612 0.92208572
3.6 5.01187233627e-08 0.77588686 0.089378964 0.91893363
3.6 6.3095734448e-08 0.7652 0.075200873 0.94197481
3.6 7.94328234724e-08 0.76190476 0.046043702 0.92681849
3.7 1.25892541179e-07 0.778 0.006801986 0.92688158
3.7 1.5e-07 0.76844444 0.0021371102 0.92961219
3.7 1e-07 0.78111111 0.02130513 0.93588519
3.7 2e-07 0.771 9.6920475e-05 0.96918395
3.7 3.98107170553e-08 0.767 0.096103012 0.92344675
3.7 3e-08 0.7706 0.080022004 0.91573465
3.7 5e-08 0.7744 0.087992346 0.92854619
3.7 6.3095734448e-08 0.7644 0.072782698 0.94024855
3.7 8e-08 0.78170956 0.044051473 0.94993838
3.8 1.25892541179e-07 0.7676 0.0046637741 0.94097059
3.8 1.58489319246e-07 0.76065891 0.00073422689 0.97691669
3.8 1.99526231497e-07 0.76159555 4.8329514e-05 0.95274386
3.8 1e-07 0.7682 0.01584854 0.95849605
3.8 2.51188643151e-07 0.7598 1.0632183e-06 0.98116003
3.8 2.51188643151e-08 0.7582 0.077241584 0.92065095
3.8 3.98107170553e-08 0.7552 0.098220003 0.92127027
3.8 5.01187233627e-08 0.7528 0.089171218 0.93764118
3.8 6.3095734448e-08 0.7714 0.068382628 0.94184297
3.8 7.94328234724e-08 0.7556 0.040582642 0.94977297
3.9 1.25892541179e-07 0.7478 0.0028711359 0.97222124
3.9 1.58489319246e-07 0.7488 0.00037326943 0.94347675
3.9 1.99526231497e-07 0.75378297 1.4863948e-05 0.98823683
3.9 1e-07 0.7496 0.012681786 0.94109129
3.9 2.51188643151e-07 0.7494 2.2590979e-07 0.9325948
3.9 2.51188643151e-08 0.7582 0.083865069 0.92541065
3.9 3.16227766017e-08 0.7558 0.10036029 0.92396487
3.9 5.01187233627e-08 0.7554 0.085267789 0.93583409
3.9 7.94328234724e-08 0.7624 0.0351255 0.95662593
4 1e-07 0.72904776 0.0089056352 0.95190163
4 1e-08 0.737 0.027085962 0.89969972
4 2e-08 0.7368 0.075484952 0.88911072
4 3.98107170553e-08 0.7498 0.10093348 0.9337607
4 4e-07 0.7394 1.181361e-17 0.99336229
4 5.01187233627e-08 0.74975 0.08553542 0.95021906
4 5e-07 0.741 5.7172724e-26 0.99999999
4 5e-08 0.7386 0.082319571 0.95100018
4 5e-09 0.7374 0.007498672 0.89653059
4 6e-08 0.743 0.061138689 0.95153159
4 8e-08 0.752 0.027435344 0.94211191
4 8e-09 0.734 0.017777995 0.89543181
4.1 1.25892541179e-08 0.7244 0.047993176 0.90279322
4.1 1.58489319246e-08 0.713 0.068350846 0.92063456
4.1 1.99526231497e-08 0.7186 0.090374741 0.91179645
4.1 1e-07 0.71617647 0.005561578 0.96878223
4.1 1e-08 0.719 0.035427048 0.90948864
4.1 2e-07 0.7162 1.4838085e-06 0.99006533
4.1 2e-08 0.7248 0.090979229 0.92779098
4.1 2e-09 0.7086 0.0016254856 0.90767484
4.1 2.51188643151e-08 0.7102 0.11066768 0.92832999
4.1 3.16227766017e-08 0.7194 0.11128099 0.94764124
4.1 3.98107170553e-08 0.7206 0.10048331 0.9453117
4.1 4e-10 0.7056 6.4723576e-05 0.88992212
4.1 4e-07 0.7182 2.7439785e-19 0.98952268
4.1 4e-09 0.72043011 0.006108298 0.92478802
4.1 5.01187233627e-08 0.715 0.075130932 0.95380607
4.1 6e-10 0.7234 0.0001486734 0.89165728
4.1 6e-09 0.7256 0.013679378 0.89352927
4.1 6.3095734448e-08 0.72631579 0.047865999 0.96811974
4.1 7.94328234724e-08 0.71191554 0.019098157 0.94927156
4.1 8e-10 0.7152 0.00026130769 0.90624093
4.1 8e-08 0.7196 0.017956403 0.96303042
4.1 8e-09 0.7116 0.023443968 0.89766056
4.2 1.25892541179e-08 0.7296 0.050818253 0.91017308
4.2 1.58489319246e-08 0.72015766 0.072313713 0.92124398
4.2 1.99526231497e-08 0.7348 0.089348872 0.91449563
4.2 1e-07 0.728 0.0045166811 0.93837421
4.2 1e-08 0.7322 0.035488723 0.91821238
4.2 2.51188643151e-08 0.70149254 0.10978884 0.91375213
4.2 3.16227766017e-08 0.7294 0.11168703 0.93778582
4.2 3.98107170553e-08 0.7216 0.10227032 0.94752132
4.2 4e-10 0.7316 6.3068992e-05 0.89636825
4.2 4e-07 0.7362 1.968668e-19 0.91152591
4.2 4e-09 0.74257885 0.006429196 0.88652137
4.2 5.01187233627e-08 0.74530831 0.071004738 0.9286167
4.2 6.3095734448e-08 0.74136321 0.042250505 0.95198288
4.2 7.94328234724e-08 0.7238 0.017753868 0.96397625
4.2 8e-10 0.70508475 0.00027646982 0.88579861
4.2 8e-08 0.716 0.01698419 0.96551891
4.2 8e-09 0.7314 0.023131253 0.8978187
4.3 1.25892541179e-08 0.73622047 0.051912862 0.94780606
4.3 1.58489319246e-08 0.7594 0.062836514 0.91098746
4.3 1.99526231497e-08 0.759 0.079505438 0.91828084
4.3 1e-07 0.748 0.0056694551 0.95439618
4.3 1e-08 0.78695652 0.028845342 0.86564101
4.3 2.51188643151e-08 0.7558 0.097321502 0.92378696
4.3 3.16227766017e-08 0.77178423 0.10230785 0.90224532
4.3 3.98107170553e-08 0.761 0.09884582 0.93879427
4.3 4e-08 0.7606 0.099752933 0.94582615
4.3 4e-09 0.7602 0.0054694076 0.88026724
4.3 4.21696503429e-08 0.76 0.094055272 0.93978116
4.3 4.46683592151e-08 0.7538 0.092753394 0.94201014
4.3 4.73151258961e-08 0.7568 0.084718643 0.94527402
4.3 5.01187233627e-08 0.7468 0.079552689 0.94708172
4.3 6e-07 0.754 4.2916265e-39 0.99999732
4.3 6e-08 0.755 0.053123759 0.94961852
4.3 6e-09 0.75611511 0.01227508 0.91476488
4.3 6.3095734448e-08 0.7516 0.047852375 0.94962874
4.3 7.94328234724e-08 0.751 0.018689831 0.94800032
4.3 8e-10 0.7506 0.00023027796 0.89983351
4.3 8e-08 0.75 0.019641631 0.95950136
4.3 8e-09 0.75961538 0.02096015 0.90406123
4.4 1.25892541179e-08 0.7414 0.054477336 0.92081621
4.4 1.58489319246e-08 0.728 0.078226639 0.91990115
4.4 1.99526231497e-08 0.73 0.094645331 0.91022125
4.4 1e-07 0.73309609 0.0029540483 0.98646267
4.4 1e-08 0.73991142 0.037210546 0.91020266
4.4 2e-07 0.7346 3.1601708e-07 0.98784408
4.4 2.51188643151e-08 0.7384 0.11101082 0.93053555
4.4 3.16227766017e-08 0.7236 0.11194093 0.9354096
4.4 3.98107170553e-08 0.7192 0.10186905 0.93600384
4.4 4e-10 0.7446 6.9239522e-05 0.89592758
4.4 4e-07 0.7332 4.8604241e-20 0.99999819
4.4 4e-08 0.7288 0.10018144 0.95563387
4.4 4e-09 0.7414 0.0071243438 0.90435534
4.4 4.21696503429e-08 0.73367983 0.090345302 0.94153781
4.4 4.46683592151e-08 0.737 0.083016498 0.95194847
4.4 5.01187233627e-08 0.7394 0.068552248 0.94376216
4.4 6e-10 0.74612567 0.00016209619 0.88508304
4.4 6e-09 0.7322 0.015872034 0.89854677
4.4 6.3095734448e-08 0.72438163 0.035260304 0.96274742
4.4 7.94328234724e-08 0.7354 0.013124566 0.95872307
4.4 8e-10 0.7322 0.00029435631 0.90450394
4.4 8e-08 0.7388 0.013153038 0.95763026
4.4 8e-09 0.70578231 0.027567979 0.91483602
4.5 1.25892541179e-08 0.7492 0.050691202 0.91386488
4.5 1.58489319246e-08 0.74801587 0.069404021 0.91851223
4.5 1.99526231497e-08 0.7588 0.090304285 0.90904918
4.5 1e-07 0.7468 0.003732105 0.95445915
4.5 1e-08 0.75036075 0.037152253 0.91373724
4.5 2e-07 0.7506 4.9354226e-07 0.9974522
4.5 2e-08 0.74760471 0.089475707 0.92825582
4.5 2.51188643151e-08 0.75 0.10459377 0.9304858
4.5 3.16227766017e-08 0.75340136 0.11041785 0.93864012
4.5 4e-10 0.746 7.0876698e-05 0.89456906
4.5 4e-07 0.755 3.5847092e-21 0.99952694
4.5 4e-08 0.7422 0.098793703 0.94286209
4.5 4e-09 0.7446 0.0069243649 0.89643187
4.5 4.21696503429e-08 0.7508 0.093954225 0.94664223
4.5 4.46683592151e-08 0.7516 0.081456968 0.94789468
4.5 4.73151258961e-08 0.7448 0.07589993 0.95119232
4.5 5.01187233627e-08 0.75741891 0.065974258 0.95245798
4.5 6e-09 0.73636364 0.016659044 0.91017426
4.5 6.3095734448e-08 0.7514 0.034560202 0.94639893
4.5 7.94328234724e-08 0.749 0.01450944 0.9478035
4.5 8e-10 0.7498 0.0002778011 0.91069098
4.5 8e-08 0.743 0.014069066 0.96258125
4.5 8e-09 0.73263889 0.025612908 0.89503329
4.6 1.25892541179e-08 0.7486 0.053457483 0.90552025
4.6 1.58489319246e-08 0.7622 0.070587938 0.91408058
4.6 1.99526231497e-08 0.7628 0.091412488 0.91834988
4.6 1e-07 0.7588 0.0030911512 0.97484122
4.6 1e-08 0.76315789 0.040020997 0.91706399
4.6 2e-07 0.7594 1.6321618e-07 0.96345636
4.6 2e-09 0.7572 0.0018407486 0.90008728
4.6 3.16227766017e-08 0.7666 0.1114271 0.92405538
4.6 3.98107170553e-08 0.7632 0.095696105 0.94229469
4.6 4e-10 0.77300945 6.6300709e-05 0.90637211
4.6 4e-07 0.7592 2.1856326e-21 0.97496279
4.6 4e-08 0.764 0.098446053 0.9403047
4.6 4.21696503429e-08 0.759 0.089200984 0.94172684
4.6 4.46683592151e-08 0.769 0.084331312 0.93898409
4.6 4.73151258961e-08 0.7595 0.076258305 0.93768407
4.6 5.01187233627e-08 0.7624 0.067601601 0.9443032
4.6 6e-10 0.7602 0.00015819036 0.90832463
4.6 6e-08 0.7644 0.041440359 0.94555409
4.6 6e-09 0.7548 0.014660275 0.88888181
4.6 6.3095734448e-08 0.7612 0.034681198 0.94496389
4.6 7.94328234724e-08 0.7492 0.013070131 0.94815769
4.6 8e-10 0.7596 0.00028863686 0.90385675
4.6 8e-08 0.7562 0.012547551 0.95281414
4.7 1.25892541179e-08 0.756 0.055833074 0.92097407
4.7 1.58489319246e-08 0.7502 0.075714496 0.9117157
4.7 1.99526231497e-08 0.75421822 0.091938418 0.92287089
4.7 1e-07 0.7674 0.0022026494 0.97525485
4.7 2e-07 0.75268817 3.0348586e-08 0.99866296
4.7 2e-08 0.7604 0.09313213 0.91925917
4.7 2.51188643151e-08 0.7576 0.10830889 0.92456789
4.7 3.16227766017e-08 0.7518 0.11132822 0.93358641
4.7 3.98107170553e-08 0.7594 0.090896813 0.94534001
4.7 4e-10 0.7614 7.6988215e-05 0.89538516
4.7 4e-07 0.7492 2.0160114e-22 1
4.7 4.21696503429e-08 0.7538 0.086961867 0.94034205
4.7 4.46683592151e-08 0.7572 0.079982319 0.93668178
4.7 4.73151258961e-08 0.7596 0.070929649 0.94991452
4.7 5.01187233627e-08 0.74045802 0.065612888 0.94597384
4.7 6e-10 0.754 0.00016791136 0.90418827
4.7 6e-08 0.7562 0.038121747 0.96170393
4.7 6e-09 0.76303488 0.016282678 0.91895683
4.7 6.3095734448e-08 0.76 0.033068533 0.94941303
4.7 7.94328234724e-08 0.7544 0.012052136 0.96682727
4.7 8e-10 0.73671498 0.0003224628 0.9022274
4.7 8e-08 0.7498 0.010216586 0.95601522
4.7 8e-09 0.75649351 0.026196603 0.89715378
4.8 1.25892541179e-08 0.78057554 0.0658757 0.90059316
4.8 1.58489319246e-08 0.7492 0.083174117 0.9245892
4.8 1.99526231497e-08 0.7472 0.1016199 0.9277324
4.8 1e-07 0.7502 0.0018532673 0.94688222
4.8 1e-08 0.75 0.036907329 0.8950698
4.8 2e-07 0.761 1.5507987e-08 0.93759268
4.8 2e-08 0.7428 0.10446905 0.9275676
4.8 2e-09 0.7526 0.0020369588 0.91315491
4.8 2.51188643151e-08 0.7536 0.11760028 0.93949387
4.8 3.16227766017e-08 0.7606 0.11218693 0.93739389
4.8 3.98107170553e-08 0.7572 0.089376599 0.94174598
4.8 4e-10 0.742 8.5890357e-05 0.88902716
4.8 4e-07 0.7614 8.8444921e-24 1
4.8 4e-08 0.7494 0.09046805 0.9289035
4.8 4e-09 0.76349206 0.0078787189 0.91562804
4.8 4.21696503429e-08 0.7618 0.083438142 0.93623751
4.8 4.46683592151e-08 0.747 0.076493895 0.95304472
4.8 4.73151258961e-08 0.7492 0.069617562 0.94490065
4.8 5.01187233627e-08 0.7518 0.059218538 0.94203666
4.8 6e-08 0.7544 0.033949302 0.95108748
4.8 6e-09 0.7474 0.016901098 0.89967527
4.8 6.3095734448e-08 0.7604 0.027589319 0.95559499
4.8 7.94328234724e-08 0.753 0.0094128702 0.9516485
4.8 8e-10 0.7502 0.00033379668 0.90524572
4.8 8e-08 0.76404494 0.011707811 0.96983621
4.8 8e-09 0.74418605 0.030372574 0.87815696
4.9 1.58489319246e-08 0.7598 0.083127773 0.91704605
4.9 1.99526231497e-08 0.7586 0.10279745 0.91144959
4.9 1e-07 0.7556 0.0016305506 0.94647204
4.9 1e-08 0.768 0.041723684 0.9069078
4.9 2e-07 0.75694444 1.1086309e-08 0.99999908
4.9 2e-08 0.744 0.10214907 0.92387746
4.9 2e-09 0.7604 0.002090329 0.89283446
4.9 2.51188643151e-08 0.7596 0.11424857 0.9282698
4.9 3.16227766017e-08 0.75510204 0.11093126 0.93488072
4.9 3.98107170553e-08 0.7538 0.087964872 0.94292873
4.9 4e-07 0.744 4.7515738e-23 0.99998801
4.9 4e-08 0.762 0.089302126 0.95195675
4.9 4.21696503429e-08 0.7604 0.086050308 0.93624625
4.9 4.46683592151e-08 0.7676 0.071504436 0.9440327
4.9 4.73151258961e-08 0.7478 0.065503371 0.94759793
4.9 5.01187233627e-08 0.7486 0.060519635 0.95276275
4.9 6e-10 0.7744 0.0001872128 0.90075648
4.9 6e-08 0.75 0.029353047 0.95807117
4.9 6e-09 0.753 0.017862097 0.88396848
4.9 6.3095734448e-08 0.7554 0.026337428 0.95587746
4.9 7.94328234724e-08 0.77 0.0087603886 0.97927624
4.9 8e-10 0.7616 0.0003462957 0.88398223
5 1e-07 0.75966667 0.001448953 0.96709559
5 1e-08 0.75825 0.045242202 0.90653517
5 2e-07 0.7566 3.4095226e-08 0.94817259
5 2e-08 0.764 0.10559121 0.92358575
5 2e-09 0.7708 0.0021189218 0.90222114
5 4e-10 0.75976634 8.7228925e-05 0.88095312
5 4e-07 0.7522 1.0720756e-25 0.99999883
5 4e-09 0.7644 0.0087454613 0.90982801
5 5e-08 0.7545 0.059998215 0.95593373
5 5e-09 0.76117394 0.013185324 0.90895781
5 6e-10 0.7566 0.0002023653 0.90329258
5 6e-09 0.7646 0.018755837 0.90139251
5 8e-10 0.7574 0.00034947127 0.90714572
5 8e-08 0.7608 0.007403206 0.96076242
5 8e-09 0.7641196 0.03340396 0.89386402
5.1 1.25892541179e-08 0.7684 0.064106393 0.91469714
5.1 1.58489319246e-08 0.75942225 0.088854424 0.9229213
5.1 1.99526231497e-08 0.759 0.10556536 0.92672456
5.1 1e-07 0.763 0.0012085688 0.91587683
5.1 1e-08 0.7746 0.045374354 0.90662212
5.1 2e-07 0.7674 1.4625061e-08 0.97741883
5.1 2e-08 0.7726 0.10175717 0.91680824
5.1 2e-09 0.78725962 0.0024065337 0.94245506
5.1 2.51188643151e-08 0.75487612 0.11741014 0.93749629
5.1 3.98107170553e-08 0.77121332 0.088545283 0.93222721
5.1 4e-10 0.7758 8.8815979e-05 0.91258084
5.1 4e-07 0.76 1.1020852e-24 0.26422121
5.1 4e-08 0.768 0.085787435 0.94400148
5.1 4e-09 0.7656 0.0085245977 0.92343928
5.1 5.01187233627e-08 0.7624 0.055459148 0.9440165
5.1 6e-10 0.7742 0.00020396366 0.89331365
5.1 6e-08 0.76150628 0.028859176 0.94064545
5.1 6e-09 0.7584 0.018482794 0.89714744
5.1 6.3095734448e-08 0.76775599 0.023489084 0.93416622
5.1 7.94328234724e-08 0.7676 0.0071799698 0.94616585
5.1 8e-10 0.75052521 0.0003640972 0.90552915
5.1 8e-09 0.76627907 0.031165067 0.89946097
5.2 1.25892541179e-08 0.779 0.065142048 0.92497746
5.2 1.58489319246e-08 0.7694 0.083159453 0.92567929
5.2 1.99526231497e-08 0.7636 0.10536581 0.92269941
5.2 1e-07 0.7776 0.001091557 0.97153787
5.2 1e-08 0.79438059 0.041653026 0.89227707
5.2 2e-07 0.766 6.6119023e-09 0.87813933
5.2 2e-08 0.7716 0.10378453 0.92963757
5.2 2e-09 0.767 0.0023100093 0.8997864
5.2 2.51188643151e-08 0.7774 0.11544398 0.92471562
5.2 3.98107170553e-08 0.77238806 0.087501679 0.9713664
5.2 4e-10 0.787 9.0244263e-05 0.89424022
5.2 4e-07 0.7858 6.5481368e-26 1
5.2 4e-08 0.7752 0.080315252 0.94758777
5.2 4e-09 0.79518072 0.0088559731 0.92791479
5.2 5.01187233627e-08 0.7738 0.05041548 0.95188296
5.2 6e-10 0.7716 0.00020376894 0.91030783
5.2 6e-08 0.7664 0.028492982 0.95211926
5.2 6e-09 0.7766 0.019693699 0.91586262
5.2 6.3095734448e-08 0.73151751 0.015692612 0.89606615
5.2 7.94328234724e-08 0.7798 0.0066135191 0.96286437
5.2 8e-10 0.7636 0.00039086048 0.91236532
5.2 8e-08 0.7678 0.0062419761 0.94061577
5.2 8e-09 0.77665245 0.03191012 0.90080298
5.3 1.25892541179e-08 0.7694 0.066772717 0.90719777
5.3 1.58489319246e-08 0.78294574 0.088967584 0.92355708
5.3 1.99526231497e-08 0.7776 0.10974962 0.90783355
5.3 1e-07 0.767 0.00089291299 0.95022964
5.3 1e-08 0.78492063 0.046822172 0.91640193
5.3 2e-07 0.71984436 8.3819058e-09 0.99954793
5.3 2e-08 0.7708 0.11085133 0.9166793
5.3 2e-09 0.7714 0.002478254 0.90097425
5.3 2.51188643151e-08 0.77254098 0.11807917 0.93847565
5.3 3.98107170553e-08 0.7824 0.07848802 0.94890089
5.3 4e-10 0.7748 9.7844366e-05 0.9174795
5.3 4e-09 0.77464789 0.0093052619 0.90503707
5.3 5.01187233627e-08 0.76549414 0.054213766 0.9294255
5.3 6e-10 0.7662 0.00021936972 0.89976191
5.3 6e-08 0.774 0.025895166 0.95482838
5.3 6e-09 0.7744 0.01955277 0.89852452
5.3 6.3095734448e-08 0.7668 0.020790791 0.94960313
5.3 7.94328234724e-08 0.7742 0.0053005782 0.94575693
5.3 8e-10 0.7908 0.0003672298 0.91085346
5.3 8e-08 0.762 0.0055698441 0.94343457
5.3 8e-09 0.75829384 0.0336959 0.89347023
5.4 1.25892541179e-08 0.75635277 0.071904137 0.9063045
5.4 1.58489319246e-08 0.7772 0.094558249 0.91998067
5.4 1.99526231497e-08 0.7662 0.11099779 0.92173084
5.4 1e-07 0.7948 0.00077435529 0.95205652
5.4 1e-08 0.775 0.048947573 0.90070379
5.4 2e-07 0.7774 7.6263151e-10 0.99997988
5.4 2e-08 0.7846 0.10822769 0.91321259
5.4 2e-09 0.7798 0.0024656199 0.90117529
5.4 2.51188643151e-08 0.7642 0.11787126 0.92505343
5.4 3.16227766017e-08 0.78519893 0.10674977 0.94552399
5.4 3.98107170553e-08 0.7736 0.0836173 0.95051913
5.4 4e-10 0.7846 9.4171904e-05 0.91489808
5.4 4e-07 0.7846 9.1776481e-29 1
5.4 4e-08 0.7792 0.082517244 0.95041774
5.4 4e-09 0.77986111 0.0097587542 0.91435931
5.4 5.01187233627e-08 0.786 0.04625701 0.96246678
5.4 6e-10 0.77367942 0.00021788033 0.91699462
5.4 6e-08 0.786 0.024739286 0.95607046
5.4 6e-09 0.7691886 0.020613689 0.92178966
5.4 6.3095734448e-08 0.79455253 0.01749616 0.92030607
5.4 7.94328234724e-08 0.7792 0.0051693424 0.97292941
5.4 8e-10 0.7814 0.00038508521 0.91436129
5.4 8e-08 0.7856 0.0052439977 0.94929696
5.4 8e-09 0.7712 0.035767077 0.90646635
5.5 1.25892541179e-08 0.7987988 0.066262857 0.89997867
5.5 1.99526231497e-08 0.7882 0.10945878 0.91791636
5.5 1e-07 0.7838 0.0005268458 0.97556323
5.5 1e-08 0.77790698 0.047809224 0.9208115
5.5 2e-08 0.77807018 0.10902124 0.91694423
5.5 2e-09 0.7748 0.002573453 0.89666577
5.5 2.51188643151e-08 0.7764 0.12112436 0.93033694
5.5 3.98107170553e-08 0.7801985 0.080424589 0.94709479
5.5 4e-08 0.7916 0.076762214 0.9440085
5.5 4e-09 0.77766798 0.0095225685 0.93647972
5.5 5.01187233627e-08 0.7724 0.045250908 0.94931595
5.5 6e-10 0.7758 0.00022614906 0.90469811
5.5 6e-08 0.76665594 0.023928624 0.95268673
5.5 6e-09 0.78186813 0.020968204 0.92366272
5.5 6.3095734448e-08 0.7786 0.017953086 0.95888752
5.5 7.94328234724e-08 0.78665828 0.0041039557 0.95668439
5.5 8e-10 0.7838 0.00041069412 0.90657439
5.5 8e-09 0.7806 0.035776621 0.92028708
5.6 1.25892541179e-08 0.7836 0.073268768 0.91690571
5.6 1.58489319246e-08 0.77236315 0.090382846 0.92194101
5.6 1.99526231497e-08 0.7906 0.11287492 0.92963516
5.6 1e-07 0.7834 0.00044203265 0.97439856
5.6 1e-08 0.7828 0.054614712 0.91729566
5.6 2e-07 0.79120879 2.3002884e-10 0.99999608
5.6 2e-09 0.784 0.0027262966 0.88661378
5.6 2.51188643151e-08 0.7786 0.11770942 0.93592882
5.6 3.16227766017e-08 0.7828 0.10385109 0.93565739
5.6 3.98107170553e-08 0.77234163 0.077450857 0.9475182
5.6 4e-10 0.778 0.00010722917 0.88851881
5.6 4e-08 0.7828 0.075549357 0.94920737
5.6 4e-09 0.7814 0.010163784 0.89871894
5.6 5.01187233627e-08 0.7754 0.041317385 0.94903259
5.6 6e-10 0.772 0.00024028766 0.91114126
5.6 6e-08 0.78635779 0.020668497 0.95333433
5.6 6e-09 0.79 0.021518973 0.8928819
5.6 6.3095734448e-08 0.7848 0.015791297 0.96481633
5.6 7.94328234724e-08 0.78772026 0.0036769644 0.94371573
5.6 8e-10 0.7826 0.00043592308 0.89741537
5.6 8e-08 0.78571429 0.0041787211 0.9491816
5.6 8e-09 0.7908 0.036240125 0.90827913
5.7 1.25892541179e-08 0.7906 0.075378623 0.92466601
5.7 1.58489319246e-08 0.7866 0.095860878 0.91221432
5.7 1.99526231497e-08 0.79382716 0.11418241 0.94682261
5.7 1e-07 0.7756 0.00040940229 0.9689174
5.7 1e-08 0.7828 0.054705186 0.90690471
5.7 2e-07 0.7824 3.0189928e-10 0.99549211
5.7 2e-08 0.7802 0.11704561 0.92743214
5.7 2e-09 0.7816 0.0027230772 0.89822583
5.7 2.51188643151e-08 0.7888 0.12066187 0.92091496
5.7 3.16227766017e-08 0.76643192 0.1091507 0.953954
5.7 3.98107170553e-08 0.7966 0.074238472 0.9461095
5.7 4e-10 0.7916 0.00010912366 0.91399094
5.7 4e-07 0.7802 1.1101628e-31 0.99999999
5.7 5.01187233627e-08 0.81436314 0.037116566 0.92956675
5.7 6e-10 0.7806 0.0002361428 0.89798369
5.7 6e-08 0.7816 0.019746439 0.95870079
5.7 6e-09 0.7862 0.022392242 0.90193623
5.7 6.3095734448e-08 0.7864 0.014323037 0.95184238
5.7 7.94328234724e-08 0.77902622 0.0026583998 0.94592288
5.7 8e-10 0.7756 0.00044610961 0.89161714
5.7 8e-08 0.7888 0.0032662432 0.95981705
5.8 1.25892541179e-08 0.79078341 0.074274135 0.91518528
5.8 1.58489319246e-08 0.7864 0.10019861 0.91695824
5.8 1.99526231497e-08 0.79 0.11856272 0.9287357
5.8 1e-07 0.7882 0.00044794582 0.95817413
5.8 1e-08 0.79835391 0.055596318 0.88214477
5.8 2e-07 0.7848 1.3568402e-10 0.99815031
5.8 2e-08 0.799 0.110803 0.91781172
5.8 2.51188643151e-08 0.78714859 0.12378263 0.9448252
5.8 3.16227766017e-08 0.7894 0.10450962 0.93949685
5.8 3.98107170553e-08 0.76787679 0.076080252 0.94856027
5.8 4e-10 0.80062042 0.00011045447 0.91962617
5.8 4e-07 0.7898 1.6752258e-32 0.99999997
5.8 4e-08 0.8 0.071817457 0.93857124
5.8 4e-09 0.78728992 0.010657601 0.90232667
5.8 5.01187233627e-08 0.7942 0.03635904 0.94573422
5.8 6e-08 0.7928 0.018547775 0.96047045
5.8 6e-09 0.79844961 0.022965518 0.8515243
5.8 6.3095734448e-08 0.7878 0.013348539 0.95790815
5.8 8e-10 0.7884 0.00046222654 0.90838952
5.8 8e-09 0.78479532 0.041272888 0.92370544
5.9 1.25892541179e-08 0.7912 0.079496688 0.92168516
5.9 1.58489319246e-08 0.7984 0.098302198 0.92286185
5.9 1.99526231497e-08 0.7906 0.11532129 0.92749776
5.9 1e-07 0.7938 0.00026526376 0.97218987
5.9 1e-08 0.7888 0.057080815 0.9248429
5.9 2e-07 0.794 1.9932872e-10 0.99802145
5.9 2e-08 0.8078 0.11485728 0.92823629
5.9 2e-09 0.7906 0.0028746023 0.90146309
5.9 2.51188643151e-08 0.75675676 0.12268461 0.9115265
5.9 3.16227766017e-08 0.794 0.10195876 0.93108619
5.9 3.98107170553e-08 0.796 0.07069721 0.9437941
5.9 4e-08 0.7892 0.074618107 0.93976858
5.9 4e-09 0.79 0.011128944 0.90348666
5.9 5.01187233627e-08 0.7872 0.037262625 0.93724848
5.9 6e-10 0.8058104 0.00024028837 0.9199571
5.9 6e-08 0.795 0.017402929 0.95346554
5.9 6e-09 0.73451327 0.025085998 0.91508755
5.9 6.3095734448e-08 0.7868 0.011788962 0.95220844
5.9 7.94328234724e-08 0.7998 0.0027693508 0.96480861
5.9 8e-10 0.7934 0.00046787659 0.91322401
5.9 8e-08 0.795 0.0026050819 0.95024568
5.9 8e-09 0.7832 0.039777769 0.91343848
6 1e-07 0.79085559 0.00024738713 0.96476456
6 1e-08 0.812 0.05738809 0.91849762
6 5e-08 0.79539749 0.035321478 0.94899469
6 5e-09 0.79675 0.017774882 0.91888666
6.1 1.25892541179e-08 0.77681159 0.086470199 0.92673077
6.1 1.58489319246e-08 0.795 0.10287472 0.91669332
6.1 1.99526231497e-08 0.7964 0.11885346 0.92782018
6.1 1e-07 0.7945269 0.00018192625 0.95523892
6.1 1e-08 0.795 0.056751601 0.91004191
6.1 2.51188643151e-08 0.7936 0.11915041 0.93607918
6.1 3.16227766017e-08 0.793 0.10130818 0.93908145
6.1 3.98107170553e-08 0.79644809 0.068710403 0.95592939
6.1 5.01187233627e-08 0.80168539 0.033054089 0.96153563
6.1 6.3095734448e-08 0.80229885 0.0099603161 0.96109037
6.1 7.94328234724e-08 0.79161491 0.0019768509 0.94067396
6.2 1.25892541179e-08 0.7958 0.084933553 0.91826551
6.2 1.58489319246e-08 0.8042 0.1068282 0.92519336
6.2 1.99526231497e-08 0.797 0.12615113 0.92549605
6.2 1e-07 0.796 0.00015810537 0.95797839
6.2 1e-08 0.7926 0.063991362 0.919577
6.2 2.51188643151e-08 0.8094 0.11992587 0.93810191
6.2 3.16227766017e-08 0.77202073 0.11024247 0.91426423
6.2 3.98107170553e-08 0.7954 0.063794841 0.94088853
6.2 5.01187233627e-08 0.8064 0.029870026 0.94099742
6.2 6.3095734448e-08 0.80190007 0.0094315011 0.94469964
6.3 1.25892541179e-08 0.8046 0.087523563 0.91388308
6.3 1.58489319246e-08 0.8044 0.10817051 0.92400054
6.3 1.99526231497e-08 0.7964 0.1244895 0.92721233
6.3 1e-07 0.76827094 0.0001210104 0.99784138
6.3 1e-08 0.80759162 0.061676158 0.91541304
6.3 2.51188643151e-08 0.7912 0.1217862 0.93756453
6.3 3.16227766017e-08 0.813 0.09632944 0.9309319
6.3 3.98107170553e-08 0.81162791 0.058154313 0.95305186
6.3 5.01187233627e-08 0.8048 0.027808271 0.94719705
6.3 6.3095734448e-08 0.80300825 0.0083058405 0.93903294
6.3 7.94328234724e-08 0.806 0.0017249711 0.9697647
6.4 1.25892541179e-08 0.8072 0.08887789 0.92585747
6.4 1.58489319246e-08 0.8082 0.11236975 0.92603909
6.4 1.99526231497e-08 0.7978 0.12587115 0.92817325
6.4 1e-07 0.8006 0.00010628571 0.95813533
6.4 1e-08 0.79288026 0.067242195 0.93594613
6.4 2.51188643151e-08 0.7996 0.12572363 0.92787142
6.4 3.16227766017e-08 0.84579439 0.090338994 0.93716718
6.4 3.98107170553e-08 0.79032258 0.060295237 0.95595035
6.4 5.01187233627e-08 0.8035545 0.026371678 0.94756794
6.4 6.3095734448e-08 0.8066 0.0076391273 0.97106514
6.4 7.94328234724e-08 0.77008929 0.0012925878 0.98775379
6.5 1.25892541179e-08 0.8084 0.091308639 0.91972453
6.5 1.58489319246e-08 0.80581479 0.11713228 0.93091925
6.5 1.99526231497e-08 0.8176 0.1232479 0.91771902
6.5 1e-07 0.8076 8.1938697e-05 0.92708648
6.5 2.51188643151e-08 0.81651376 0.12282872 0.9291566
6.5 5.01187233627e-08 0.82079208 0.025268948 0.96187593
6.5 6.3095734448e-08 0.802 0.0064895708 0.9548344
6.6 1.58489319246e-08 0.8056 0.11558462 0.91606124
6.6 1.99526231497e-08 0.8122 0.12584715 0.93181757
6.6 1e-07 0.808 6.3273262e-05 0.98839841
6.6 1e-08 0.80732759 0.065978919 0.91173695
6.6 2.51188643151e-08 0.8154 0.11820672 0.93242047
6.6 3.16227766017e-08 0.8076 0.093118267 0.9448595
6.6 3.98107170553e-08 0.8088 0.054847736 0.94768777
6.6 5.01187233627e-08 0.8082 0.023099086 0.94940729
6.6 6.3095734448e-08 0.8012 0.0065983339 0.94280644
6.6 7.94328234724e-08 0.802 0.00095055409 0.93930665
6.7 1.25892541179e-08 0.8058 0.096491724 0.93079168
6.7 1.58489319246e-08 0.79298246 0.12462297 0.93005037
6.7 1.99526231497e-08 0.8112 0.12300746 0.93151
6.7 1e-07 0.8068 3.7237824e-05 0.96312156
6.7 1e-08 0.80342385 0.068458781 0.91290087
6.7 2.51188643151e-08 0.81133889 0.11429019 0.9297571
6.7 3.16227766017e-08 0.806 0.089197954 0.93381675
6.7 3.98107170553e-08 0.8 0.05532406 0.93961772
6.7 5.01187233627e-08 0.80166205 0.021147266 0.95424422
6.7 6.3095734448e-08 0.8128 0.0055927852 0.96126074
6.7 7.94328234724e-08 0.8152 0.00086929141 0.9572641
6.8 1.25892541179e-08 0.79899497 0.10244988 0.90713122
6.8 1.58489319246e-08 0.78787879 0.13118993 0.82288894
6.8 1.99526231497e-08 0.80636943 0.13665197 0.9302664
6.8 1e-07 0.80528846 2.8297345e-05 0.97068161
6.8 1e-08 0.818 0.070931864 0.9120481
6.8 3.16227766017e-08 0.8178 0.089593951 0.93473606
6.8 3.98107170553e-08 0.8074 0.052793032 0.95586624
6.8 5.01187233627e-08 0.8218 0.020200252 0.94972085
6.8 6.3095734448e-08 0.8168 0.0049867898 0.97312406
6.8 7.94328234724e-08 0.77884615 0.00073837524 0.99507112
6.9 1.25892541179e-08 0.811 0.09849005 0.93164005
6.9 1.58489319246e-08 0.78896104 0.12888541 0.9470514
6.9 1.99526231497e-08 0.81 0.12704113 0.93144743
6.9 1e-07 0.80446735 2.7462258e-05 0.97765839
6.9 1e-08 0.8116 0.0767279 0.92210077
6.9 2.51188643151e-08 0.8038 0.12188694 0.94403124
6.9 3.16227766017e-08 0.8154 0.089881722 0.94348537
6.9 3.98107170553e-08 0.80274914 0.0480218 0.93269976
6.9 5.01187233627e-08 0.817 0.018571058 0.95941497
6.9 6.3095734448e-08 0.821 0.0046681071 0.94625649
6.9 7.94328234724e-08 0.8252 0.00052290923 0.95568014
7 1e-07 0.82633333 3.3889737e-05 0.99121564
7 1e-08 0.8128 0.074908493 0.91133189
7 5e-08 0.816 0.01818029 0.95479172
7 5e-09 0.80429185 0.02452964 0.93914803
7.1 1.25892541179e-08 0.82989691 0.083375076 0.92408592
7.1 1.99526231497e-08 0.8134 0.12989908 0.93917344
7.1 1e-07 0.8272 1.8977475e-05 0.876871
7.1 2.51188643151e-08 0.8146 0.11951234 0.92856482
7.1 3.16227766017e-08 0.82982456 0.086791401 0.94381499
7.1 3.98107170553e-08 0.80917367 0.047543161 0.94081259
7.1 6.3095734448e-08 0.8268 0.0039040332 0.93318699
7.1 7.94328234724e-08 0.85416667 0.00030839102 0.95654928
7.2 1.25892541179e-08 0.82154882 0.10464098 0.91048074
7.2 1.58489319246e-08 0.82348901 0.11956119 0.93306164
7.2 1.99526231497e-08 0.8204 0.12985982 0.93937886
7.2 1e-07 0.8162 1.9420945e-05 0.98813541
7.2 1e-08 0.79908676 0.077487556 0.95373232
7.2 2.51188643151e-08 0.76 0.1418214 0.95823512
7.2 3.16227766017e-08 0.8178 0.086443901 0.94409372
7.2 3.98107170553e-08 0.82010309 0.046545994 0.9507986
7.2 6.3095734448e-08 0.81827622 0.0033878018 0.94178166
7.2 7.94328234724e-08 0.8236 0.00044614283 0.94647147
7.3 1.25892541179e-08 0.8366 0.10054452 0.91738936
7.3 1.58489319246e-08 0.809 0.12929755 0.92089773
7.3 1.99526231497e-08 0.8128 0.13489189 0.92949307
7.3 1e-07 0.82461735 9.9525107e-06 0.90616181
7.3 1e-08 0.829 0.078514713 0.91452841
7.3 2.51188643151e-08 0.8238 0.11699652 0.93151571
7.3 3.98107170553e-08 0.8234127 0.042318037 0.94350145
7.3 5.01187233627e-08 0.82 0.01622279 0.95892574
7.3 6.3095734448e-08 0.83214677 0.0035898472 0.96547462
7.4 1.25892541179e-08 0.8256 0.10881278 0.91554526
7.4 1.58489319246e-08 0.827 0.12855686 0.92825492
7.4 1.99526231497e-08 0.8288 0.13196309 0.93475141
7.4 1e-07 0.8216 1.0806767e-05 0.98687868
7.4 1e-08 0.8316 0.082245329 0.91522637
7.4 2.51188643151e-08 0.82648402 0.11660877 0.93643587
7.4 3.98107170553e-08 0.816 0.041087825 0.94918544
7.4 5.01187233627e-08 0.8218 0.013167739 0.94564748
7.4 6.3095734448e-08 0.8218 0.0028863216 0.95662702
7.4 7.94328234724e-08 0.81842885 0.00026618516 0.94627971
7.5 1.58489319246e-08 0.8206 0.13563707 0.92678636
7.5 1.99526231497e-08 0.8297619 0.13398585 0.94433624
7.5 1e-07 0.8238 7.7501682e-06 0.91091416
7.5 1e-08 0.8228 0.086208756 0.92228031
7.5 2.51188643151e-08 0.81293706 0.12153663 0.93938003
7.5 3.16227766017e-08 0.8324 0.080293782 0.93998927
7.5 3.98107170553e-08 0.83669355 0.037721516 0.94838394
7.5 5.01187233627e-08 0.82 0.012994921 0.94835856
7.5 7.94328234724e-08 0.82105263 0.000254218 0.92054628
7.6 1.25892541179e-08 0.836 0.10675501 0.9333502
7.6 1.58489319246e-08 0.8396 0.12858037 0.91950429
7.6 1.99526231497e-08 0.83091787 0.13460122 0.9281491
7.6 1e-07 0.8288 1.1254498e-05 0.96480585
7.6 1e-08 0.81935484 0.079855428 0.9369184
7.6 3.16227766017e-08 0.83417085 0.083822406 0.97324091
7.6 3.98107170553e-08 0.84012681 0.039437318 0.94202512
7.6 5.01187233627e-08 0.8402 0.012956246 0.94377951
7.6 6.3095734448e-08 0.83356401 0.0027377876 0.95325758
7.6 7.94328234724e-08 0.8368 0.0002293527 0.94707521
7.7 1.25892541179e-08 0.8266 0.11532727 0.92573779
7.7 1.99526231497e-08 0.8252 0.13553305 0.94354138
7.7 1e-07 0.8174 4.1657442e-06 0.9617421
7.7 1e-08 0.82653061 0.085795834 0.91961612
7.7 2.51188643151e-08 0.8202 0.11732359 0.94492532
7.7 3.16227766017e-08 0.832 0.072264575 0.93521266
7.7 6.3095734448e-08 0.8168 0.0018965406 0.96382839
7.7 7.94328234724e-08 0.8274 0.00018549447 0.97318695
7.8 1.25892541179e-08 0.8382 0.11319554 0.91655057
7.8 1.58489319246e-08 0.82709447 0.13059804 0.92325888
7.8 1.99526231497e-08 0.83528139 0.13115714 0.92975273
7.8 1e-07 0.8422 4.6716464e-06 0.95603069
7.8 1e-08 0.83286279 0.084384223 0.92215896
7.8 2.51188643151e-08 0.84134881 0.11460182 0.91347683
7.8 3.16227766017e-08 0.84444444 0.077861524 0.95156425
7.8 3.98107170553e-08 0.8464 0.035205853 0.95651093
7.8 5.01187233627e-08 0.8342 0.011171996 0.94939408
7.8 6.3095734448e-08 0.8408 0.0018633769 0.94795116
7.8 7.94328234724e-08 0.8322 0.0002055579 0.95749858
7.9 1.25892541179e-08 0.8354 0.11445258 0.92695246
7.9 1.58489319246e-08 0.8416 0.13222702 0.92809427
7.9 1.99526231497e-08 0.8358 0.13465493 0.93589014
7.9 1e-07 0.844 4.1624706e-06 0.9680404
7.9 1e-08 0.82124352 0.088292048 0.91529137
7.9 2.51188643151e-08 0.85405405 0.1132431 0.94376755
7.9 3.16227766017e-08 0.836 0.072085528 0.92895268
7.9 3.98107170553e-08 0.8318 0.035400931 0.95145075
7.9 5.01187233627e-08 0.851 0.010497099 0.93212072
7.9 6.3095734448e-08 0.846 0.0018292667 0.91853951
8 1e-07 0.853 2.9882419e-06 0.88193632
8 1e-08 0.83966667 0.085088641 0.93481192
8 5e-08 0.84966667 0.0095908985 0.94257181
8 5e-09 0.829 0.031439102 0.91911423
9 1e-07 0.854 2.3891144e-07 0.97432581
9 1e-08 0.85350318 0.10046124 0.91663291
9 5e-08 0.851 0.0052723271 0.98055036
9 5e-09 0.85666105 0.033702412 0.91992196
