0.8 1e-07 0.081392818 0.00023017338 1
0.8 1.25892541179e-06 0.077992614 3.7635602e-13 1
0.8 1.58489319246e-06 0.078287197 2.3740487e-25 1
0.8 1.58489319246e-08 0.076437282 4.0223616e-05 0.23465602
0.8 1e-06 0.079895788 1.0951689e-11 1
0.8 1e-07 0.076906552 0.00044822809 1
0.8 2.51188643151e-06 0.078043478 1.3681513e-42 1
0.8 2.51188643151e-07 0.08266609 0.0012803389 1
0.8 2.51188643151e-08 0.079562842 0.00012437534 1
0.8 3.16227766017e-07 0.074124726 5.2432619e-05 0
0.8 3.16227766017e-08 0.079153947 0.00024029391 1
0.8 3.98107170553e-08 0.07703895 9.4121874e-05 1
0.8 5.01187233627e-07 0.074194952 0.00015357164 1
0.8 5.01187233627e-08 0.073929961 0.0001571094 0
0.8 6.3095734448e-07 0.079244464 1.9145228e-08 1
0.8 6.3095734448e-08 0.078769365 0.00049290518 0.56358297
0.8 7.94328234724e-07 0.07824386 9.8867361e-17 0
0.8 7.94328234724e-08 0.082066869 0.00036179514 0.60397904
0.8 1.5e-08 0.076506285 3.1935505e-05 1
0.8 1e-06 0.070165896 2.3601948e-17 1
0.8 1e-07 0.07866086 0.0010226341 1
0.8 1e-08 0.080760948 3.8847503e-05 0.64836694
0.8 2.5e-08 0.079887116 0.00011680821 1
0.8 2e-08 0.074914517 1.0009064e-05 0
0.8 3e-08 0.072842054 4.2836356e-05 1
0.8 5e-07 0.083938953 7.9031558e-06 1
0.9 1.58489319246e-08 0.024018872 1.546187e-05 1
0.9 1e-06 0.030075188 8.5238488e-14 1
0.9 3.98107170553e-07 0.028144989 0.0022909637 1
0.9 6.3095734448e-07 0.027534685 0.00056459323 1
0.9 6.3095734448e-08 0.028790787 0.0010456984 1
0.9 7.94328234724e-07 0.025679435 2.5006081e-05 1
0.9 1.5e-08 0.024297066 2.0635521e-05 1
0.9 1e-08 0.032497351 3.2206372e-05 0
0.9 2.5e-08 0.028355186 4.1448032e-05 1
0.9 2e-06 0.026828489 2.9710073e-16 1
0.9 2e-08 0.025621864 4.5505806e-05 0
1 1.25892541179e-06 0.016436555 5.4047291e-10 1
1 1.99526231497e-06 0.018134149 6.1407516e-17 1
1 1.99526231497e-08 0.016086957 6.3343433e-05 1
1 1e-06 0.015414677 5.8031578e-08 1
1 2.51188643151e-08 0.015956284 0.00014077647 1
1 3.16227766017e-08 0.015508956 7.7889071e-05 1
1 6.3095734448e-07 0.018380744 8.7741657e-05 1
1 6.3095734448e-08 0.022299956 0.0006875089 1
1 2e-08 0.014513313 2.5663892e-05 1
1 5e-07 0.012019797 8.3548982e-06 0
1.1 1.25892541179e-06 0.0078843627 2.3868163e-07 1
1.1 1e-06 0.013304253 1.28989e-07 1
1.1 2.51188643151e-06 0.0098901099 3.0013649e-33 1
1.1 3.98107170553e-07 0.0095589833 0.0025377489 1
1.1 5.01187233627e-08 0.01426377 0.0003408563 1
1.1 1e-08 0.011691633 2.0542509e-05 1
1.2 1.99526231497e-06 0.011333333 4.0019373e-24 1
1.2 2.51188643151e-07 0.01423171 0.0054936612 1
1.2 2.51188643151e-08 0.011970738 0.00025386196 1
1.2 3.98107170553e-08 0.0095491894 0.00075713268 1
1.2 6.3095734448e-08 0.01034331 0.001170185 1
1.2 7.94328234724e-07 0.017061821 8.7317412e-05 1
1.2 1e-06 0.011777696 1.4702988e-06 1
1.3 1.25892541179e-06 0.019191227 5.0046374e-46 1
1.3 1.99526231497e-08 0.013427401 0.0003093487 0
1.3 2.51188643151e-07 0.012594458 0.0037875089 1
1.3 5.01187233627e-08 0.014370438 0.0013360436 1
1.3 1.5e-07 0.016311966 0.0011725954 1
1.3 1e-07 0.0147496 0.00079119142 1
1.3 5e-07 0.012101911 0.00036704941 1
1.4 1.58489319246e-08 0.017574257 8.0640782e-05 1
1.4 2.51188643151e-08 0.020024722 0.00022524354 1
1.4 3.16227766017e-08 0.019880716 0.0014941577 1
1.4 3.98107170553e-07 0.016724913 0.0014807146 1
1.4 3.98107170553e-08 0.020503953 0.0003893537 0
1.4 5.01187233627e-08 0.020398132 0.00063164959 1
1.4 7.94328234724e-08 0.018222113 0.0031077888 1
1.4 1.5e-07 0.020719603 0.0012288327 1
1.4 1e-06 0.019188192 2.2209484e-14 1
1.4 2e-08 0.019117831 0.00023733476 0.3029651
1.4 5e-07 0.019832471 6.1954536e-08 0
1.4 7e-07 0.01987852 8.9323463e-06 1
1.5 1e-07 0.023317435 0.0051534095 0.44013775
1.5 2.51188643151e-07 0.02294197 0.0015390705 1
1.5 3.16227766017e-08 0.021533613 0.00043015531 1
1.5 3.98107170553e-08 0.024872961 0.00035301227 1
1.5 1e-07 0.021447721 0.0023217783 1
1.5 5e-08 0.022050401 0.0016695828 1
1.6 1e-07 0.026982829 0.0026147585 1
1.6 5.01187233627e-07 0.022609643 2.2750951e-18 1
1.6 5.01187233627e-08 0.024290393 0.0011689409 1
1.6 6.3095734448e-07 0.022877619 2.8787016e-06 1
1.6 1e-07 0.024873582 0.0010800152 1
1.7 1.58489319246e-08 0.034049679 0.00014383087 0.58209701
1.7 1.99526231497e-07 0.03281471 0.0026332561 0.41315391
1.7 1.99526231497e-08 0.027080395 9.2021597e-05 1
1.7 1e-07 0.033230941 0.0013514462 1
1.7 3.16227766017e-07 0.030898876 0.00011705757 1
1.7 3.98107170553e-08 0.031057639 0.0014527763 1
1.7 1e-07 0.028603635 0.0022355297 1
1.7 7e-07 0.028708134 8.3455894e-26 0
1.7 8e-08 0.028910615 0.00078603683 1
1.8 1e-07 0.033679484 0.0015410788 1
1.8 7.94328234724e-07 0.031154381 7.0337487e-25 1
1.8 5e-07 0.024919737 2.0227157e-06 1
1.8 7e-07 0.027842953 9.3356263e-13 0.86075831
1.8 8e-08 0.025444939 0.0024386736 0.48203856
1.9 1.25892541179e-06 0.023995686 3.5692255e-36 1
1.9 1.58489319246e-08 0.026792963 0.00099397581 0.67064704
1.9 1.99526231497e-07 0.024370431 0.0019548616 1
1.9 1.99526231497e-08 0.023700512 0.00019964146 1
1.9 1e-06 0.027367856 2.2031434e-42 1
1.9 1e-07 0.022060802 0.004818233 1
1.9 2.51188643151e-07 0.026584318 0.0057123729 1
1.9 2.51188643151e-08 0.021939328 0.00054563455 0.44057073
1.9 3.16227766017e-07 0.023317435 1.310152e-05 1
1.9 3.16227766017e-08 0.025013305 0.00047921754 1
1.9 3.98107170553e-07 0.02024838 0.00018274328 0.99997789
1.9 3.98107170553e-08 0.0248 0.0023796147 1
1.9 5.01187233627e-07 0.029584222 4.070494e-06 1
1.9 5.01187233627e-08 0.022556391 0.0016042074 1
1.9 6.3095734448e-07 0.02833467 5.03973e-09 1
1.9 6.3095734448e-08 0.022855606 0.0016972647 0
1.9 7.94328234724e-07 0.026094047 1.3197906e-38 1
1.9 7.94328234724e-08 0.024159956 0.0031031696 1
1.9 1.5e-07 0.025456484 0.0051186471 0.91966345
1.9 1e-07 0.02615156 0.001543267 1
1.9 5e-07 0.022260274 9.9636059e-12 1
1.9 5e-08 0.023050121 0.0011684897 1
1.9 7e-07 0.023637821 1.77934e-08 1
1.9 8e-08 0.029274161 0.0049335387 1
2 1.25892541179e-06 0.03607543 1.5242978e-30 1
2 1.58489319246e-06 0.031232877 6.3267326e-37 1
2 1.58489319246e-08 0.024728261 0.00041627183 1
2 1.99526231497e-07 0.029363337 0.0038093373 0.76957251
2 1.99526231497e-08 0.029371397 0.0013314984 0.86640361
2 1e-06 0.035975115 4.2262193e-20 1
2 1e-07 0.035498074 0.012152547 1
2 2.51188643151e-07 0.032231853 0.0028683344 0.99994027
2 2.51188643151e-08 0.02753304 0.0020858352 1
2 3.16227766017e-07 0.028989434 0.00083685579 0.97826527
2 3.16227766017e-08 0.027265216 0.001557059 0.79917973
2 3.98107170553e-07 0.027949476 2.5632615e-05 1
2 3.98107170553e-08 0.026127613 0.0013819791 1
2 5.01187233627e-07 0.031798246 1.4381717e-07 1
2 5.01187233627e-08 0.0269179 0.0084896346 1
2 6.3095734448e-07 0.03185407 3.6194697e-10 1
2 6.3095734448e-08 0.029547303 0.0038895008 1
2 7.94328234724e-07 0.03540305 8.5789805e-13 1
2 7.94328234724e-08 0.020702806 0.0056356994 1
2.1 1.58489319246e-08 0.036029912 0.00090695473 1
2.1 1.99526231497e-08 0.03495935 0.00077756786 1
2.1 1e-07 0.035664916 0.019265362 0.89200752
2.1 2.51188643151e-08 0.033686498 0.0034997267 0.887643
2.1 3.16227766017e-08 0.033270219 0.0044274978 1
2.1 3.98107170553e-08 0.031613078 0.0036451363 1
2.1 5.01187233627e-08 0.038492816 0.010715918 1
2.1 6.3095734448e-08 0.032994226 0.008034388 1
2.1 7.94328234724e-08 0.031855956 0.014534136 0.84561065
2.1 1.5e-07 0.033430011 0.013765542 1
2.1 1e-07 0.035446906 0.014695964 0.88881877
2.1 5e-07 0.034111311 2.8080027e-06 0.99953607
2.1 5e-08 0.034789755 0.0077109862 1
2.1 7e-07 0.034639801 7.2412213e-09 1
2.1 8e-08 0.033283112 0.018399526 0.94853446
2.2 1.58489319246e-08 0.046739435 0.0028115959 0.9233055
2.2 1.99526231497e-08 0.040866703 0.0016699736 1
2.2 1e-07 0.042478355 0.022082932 0.877742
2.2 2.51188643151e-08 0.050643307 0.0058986419 0.899495
2.2 3.16227766017e-08 0.04446263 0.0066324923 0.9143878
2.2 3.98107170553e-08 0.04571274 0.012795294 0.95002575
2.2 5.01187233627e-08 0.049781182 0.012145657 0.9590309
2.2 6.3095734448e-08 0.041518711 0.012775909 0.91536407
2.2 7.94328234724e-08 0.045765963 0.01394146 1
2.2 1.5e-07 0.041156228 0.013757254 0.90803091
2.2 1e-07 0.046109111 0.01968129 0.95220452
2.2 5e-07 0.043115227 5.8812754e-08 0.99992321
2.2 5e-08 0.044477898 0.012126544 0.97206668
2.2 7e-07 0.050527485 1.6377008e-11 0.99989719
2.2 8e-08 0.041614821 0.022918552 0.9386971
2 1e-06 0.027119808 1.1872899e-17 0.54411175
2 1e-07 0.024940212 0.019505705 1
2 1e-08 0.026975477 0.0001931034 0.78666429
2 5e-07 0.030253917 4.6405825e-06 1
2 5e-08 0.031947122 0.006480029 1
