0.2 1e-05 1 1.9662108e-05 0.99243061
0.2 1e-06 1 0.044765443 0.93541253
0.2 1e-07 1 0.00062355408 0.93776906
0.2 1e-08 1 6.5907078e-06 0.93046469
0.2 1.25892541179e-05 1 3.3935196e-07 0.84802399
0.2 1.25892541179e-06 1 0.051704119 0.92489889
0.2 1.58489319246e-05 1 7.6928432e-10 0.99956398
0.2 1.58489319246e-06 1 0.06374289 0.94552047
0.2 1.99526231497e-05 1 2.058422e-14 0.97351007
0.2 1.99526231497e-06 1 0.063981213 0.93440365
0.2 1.99526231497e-07 1 0.0023365065 0.93466589
0.2 1e-05 1 2.0314785e-05 0.84245214
0.2 1e-06 1 0.041351135 0.9366437
0.2 2.51188643151e-06 1 0.054983631 0.92225811
0.2 2.51188643151e-07 1 0.0039995017 0.91367107
0.2 3.16227766017e-06 1 0.039013236 0.92476797
0.2 3.16227766017e-07 1 0.00592565 0.92394012
0.2 3.98107170553e-06 1 0.019654685 0.9346609
0.2 3.98107170553e-07 1 0.008731876 0.91691408
0.2 5.01187233627e-06 1 0.0096188452 0.92493379
0.2 5.01187233627e-07 1 0.013231364 0.93650544
0.2 6.3095734448e-06 1 0.0027270372 0.97922798
0.2 6.3095734448e-07 1 0.020380342 0.9170041
0.2 7.94328234724e-06 1 0.00037487856 0.94336695
0.2 7.94328234724e-07 1 0.029683014 0.922705
0.3 1.25892541179e-05 1 4.1675398e-22 0.99801423
0.3 1.25892541179e-06 1 0.050153504 0.93126089
0.3 1.58489319246e-05 1 1.894051e-35 0.98340893
0.3 1.58489319246e-06 1 0.03542321 0.90321323
0.3 1.99526231497e-06 1 0.020366244 0.92032619
0.3 1.99526231497e-07 1 0.0089589263 0.93858141
0.3 1e-05 1 6.3733938e-16 0.99996345
0.3 1e-06 1 0.060750631 0.93707867
0.3 2.51188643151e-06 1 0.008185381 0.93362855
0.3 2.51188643151e-07 1 0.013540736 0.93440409
0.3 3.16227766017e-06 1 0.0025010007 0.93302935
0.3 3.16227766017e-07 1 0.021105627 0.92495614
0.3 3.98107170553e-06 1 0.00032751457 0.96982785
0.3 3.98107170553e-07 1 0.032006673 0.92239245
0.3 5.01187233627e-06 1 1.9968969e-05 0.94939024
0.3 5.01187233627e-07 1 0.042525987 0.93877454
0.3 6.3095734448e-06 1 1.8911244e-07 0.97354985
0.3 6.3095734448e-07 1 0.049411224 0.94240455
0.3 7.94328234724e-06 1 1.708364e-10 0.99793131
0.3 7.94328234724e-07 1 0.060104789 0.92317164
0.3 1e-05 1 2.0964928e-18 1
0.3 1e-06 1 0.0561635 0.84901119
0.3 1e-07 1 0.002319708 0.89463705
0.3 1e-08 1 1.4688036e-05 0.8807148
0.3 2e-08 1 6.863071e-05 1
0.3 5e-06 1 3.0232306e-07 0.99998857
0.3 5e-07 1 0.038168264 0.92797118
0.3 5e-08 1 0.00068744701 1
0.3 5e-09 1 4.1737943e-06 1
0.3 8e-06 1 1.2150952e-27 1
0.3 8e-09 1 2.0121736e-05 1
0.4 1e-05 0.55922369 4.5775549e-28 0.99193839
0.4 1e-06 0.54952972 0.041330589 0.9251929
0.4 1e-07 0.55562225 0.0045956498 0.93622034
0.4 1e-08 0.54472684 4.5965592e-05 0.93383606
0.4 1.25892541179e-05 0.55564452 5.4830951e-43 1
0.4 1.25892541179e-06 0.54503603 0.028912204 0.93122313
0.4 1.58489319246e-06 0.53953954 0.013440373 0.93035922
0.4 1.99526231497e-06 0.5492 0.0044901731 0.94924255
0.4 1.99526231497e-07 0.54761905 0.01709268 0.92625885
0.4 1e-05 0.54505406 1.2692262e-28 0.99998339
0.4 1e-06 0.53833834 0.045260309 0.91631745
0.4 2.51188643151e-06 0.55342137 0.00091490948 0.93686218
0.4 2.51188643151e-07 0.54656519 0.023716749 0.94295138
0.4 3.16227766017e-06 0.54390878 7.564405e-05 0.8669477
0.4 3.16227766017e-07 0.56476476 0.034041032 0.93128893
0.4 3.98107170553e-06 0.55135135 1.8022057e-06 0.97274238
0.4 3.98107170553e-07 0.54525431 0.046155754 0.94040376
0.4 5.01187233627e-06 0.54883907 1.0707123e-08 0.98711852
0.4 5.01187233627e-07 0.54496295 0.055406475 0.94786281
0.4 6.3095734448e-06 0.53544253 5.9857312e-13 0.99873765
0.4 6.3095734448e-07 0.55164131 0.060831756 0.94053909
0.4 7.94328234724e-06 0.55093056 1.2184375e-18 0.99999004
0.4 7.94328234724e-07 0.53134388 0.054780163 0.9487762
0.4 1.5e-08 0.55651216 0.00010065702 0.94083491
0.4 1e-06 0.55764612 0.042220969 0.94533802
0.4 1e-07 0.53136127 0.004358418 0.94108529
0.4 1e-08 0.5505 4.8120136e-05 0.93255536
0.4 2.5e-08 0.54441777 0.00029125229 0.9204066
0.4 2e-06 0.54305166 0.0044669574 0.92627002
0.4 2e-08 0.5492845 0.00018627813 0.92977649
0.4 3e-06 0.54723779 0.000138238 0.93709297
0.4 3e-08 0.5518311 0.00042755295 0.9397323
0.4 5e-06 0.54554555 4.9724168e-09 0.98229414
0.4 5e-07 0.54302151 0.056755875 0.93877281
0.4 5e-08 0.54223379 0.00115087 0.93898814
0.4 8e-06 0.54833062 1.0574326e-18 0.99999989
0.5 1.25892541179e-06 0.53804565 0.011413679 0.93936566
0.5 1.58489319246e-06 0.53341337 0.0031411424 0.90980351
0.5 1.99526231497e-06 0.52903484 0.00044105698 0.93984915
0.5 1.99526231497e-07 0.5286229 0.02611883 0.94615846
0.5 1e-05 0.52341873 5.3586939e-49 1
0.5 1e-06 0.52344689 0.022463488 0.95042098
0.5 2.51188643151e-06 0.52903484 3.5673111e-05 0.97796831
0.5 2.51188643151e-07 0.53382706 0.034426478 0.94829419
0.5 3.16227766017e-06 0.52643172 3.8365466e-07 0.93453678
0.5 3.16227766017e-07 0.52941176 0.044645927 0.92564518
0.5 3.98107170553e-06 0.5276 7.522282e-10 0.96559383
0.5 3.98107170553e-07 0.53710742 0.054067433 0.93615839
0.5 5.01187233627e-07 0.53174444 0.057781008 0.93611838
0.5 6.3095734448e-06 0.51632285 2.0057304e-21 0.97455381
0.5 6.3095734448e-07 0.5316253 0.052698704 0.93749117
0.5 7.94328234724e-06 0.53121248 2.1460674e-31 0.99999999
0.5 7.94328234724e-07 0.53293293 0.03832147 0.93887515
0.5 1.5e-08 0.52168112 0.00018007483 0.94442119
0.5 1e-06 0.53384461 0.022620908 0.95915847
0.5 1e-08 0.52052052 8.1390296e-05 0.92078998
0.5 2.5e-08 0.52808708 0.00050246155 0.92745448
0.5 2e-06 0.52897342 0.00045974613 0.97210503
0.5 2e-08 0.53108193 0.00032114315 0.93151574
0.5 3e-06 0.52241793 1.5141224e-06 0.97189669
0.5 3e-08 0.53221569 0.00072251249 0.9197647
0.5 5e-06 0.53428428 5.1065272e-14 0.99800625
0.5 5e-08 0.52814611 0.0019864458 0.93872927
0.6 1e-06 0.52830566 0.0074642507 0.9543603
0.6 1e-07 0.5130052 0.012252723 0.93822513
0.6 1e-08 0.51410282 0.0001339612 0.93006163
0.6 1.25892541179e-06 0.51191191 0.0016431149 0.93082188
0.6 1.58489319246e-06 0.52871723 0.00020514061 0.89931331
0.6 1.58489319246e-08 0.51580632 0.00033985757 0.93521412
0.6 1.99526231497e-06 0.50140168 5.5933292e-06 0.98878486
0.6 1.99526231497e-07 0.51270762 0.040246056 0.93736619
0.6 1.99526231497e-08 0.5130052 0.00054564017 0.93942779
0.6 1e-06 0.51911912 0.0071016515 0.9442827
0.6 1e-07 0.51682018 0.012172323 0.93323936
0.6 2.51188643151e-06 0.51210726 2.648351e-08 0.79255863
0.6 2.51188643151e-07 0.5240096 0.045379391 0.930433
0.6 2.51188643151e-08 0.52052874 0.00090152633 0.9472571
0.6 3.16227766017e-06 0.50450631 1.5416682e-11 0.99563533
0.6 3.16227766017e-07 0.51791792 0.053023986 0.93872566
0.6 3.16227766017e-08 0.51720688 0.0013981685 0.91852844
0.6 3.98107170553e-06 0.5155031 3.4795875e-16 0.99996723
0.6 3.98107170553e-07 0.51980792 0.057155885 0.9454573
0.6 3.98107170553e-08 0.52613659 0.0021274597 0.91153641
0.6 5.01187233627e-06 0.52491495 6.8628608e-24 0.99999998
0.6 5.01187233627e-07 0.51951171 0.04598332 0.92377174
0.6 5.01187233627e-08 0.53313313 0.0034655154 0.93879492
0.6 6.3095734448e-06 0.51520608 8.2580533e-37 1
0.6 6.3095734448e-07 0.51321586 0.033319609 0.95072097
0.6 6.3095734448e-08 0.52671603 0.0055776024 0.91880866
0.6 7.94328234724e-07 0.51551552 0.015712682 0.93906863
0.6 7.94328234724e-08 0.51430286 0.008948858 0.95305824
0.6 1.5e-08 0.52379893 0.00033380903 0.94834026
0.6 1e-06 0.52670534 0.006921945 0.95223989
0.6 1e-07 0.51451451 0.012592867 0.93244488
0.6 1e-08 0.5276873 0.00013965351 0.93345477
0.6 2.5e-08 0.52375654 0.00089330205 0.93069429
0.6 2e-06 0.51546392 5.7497039e-06 0.828008
0.6 2e-08 0.52151291 0.00055288748 0.93462428
0.6 3e-06 0.52157373 9.1360971e-11 0.99537014
0.6 3e-08 0.52514386 0.0013225145 0.94471004
0.6 5e-06 0.5286229 3.3938999e-24 0.99996305
0.6 5e-07 0.50500601 0.044111094 0.94847477
0.6 5e-08 0.52265437 0.0035730411 0.9551898
0.7 1.25892541179e-06 0.50760304 3.5729034e-06 0.83257184
0.7 1.58489319246e-06 0.52110422 1.0122736e-08 0.98929793
0.7 1.58489319246e-08 0.49649509 0.00094984094 0.90433258
0.7 1.99526231497e-06 0.50991388 2.0764284e-12 0.98336
0.7 1.99526231497e-07 0.50280224 0.052324938 0.94616961
0.7 1.99526231497e-08 0.50880705 0.0014999731 0.93955427
0.7 1e-06 0.51441153 0.00011409929 0.98521954
0.7 1e-07 0.50751051 0.028340305 0.92335786
0.7 2.51188643151e-06 0.50120096 1.0549719e-17 1
0.7 2.51188643151e-08 0.50760304 0.0024302785 0.95525783
0.7 3.16227766017e-06 0.502 1.6933614e-29 0.99996157
0.7 3.16227766017e-07 0.5030012 0.045338751 0.93707243
0.7 3.16227766017e-08 0.51570943 0.0035453381 0.93580695
0.7 3.98107170553e-06 0.51080432 7.6613709e-41 1
0.7 3.98107170553e-07 0.52422907 0.028789639 0.95880561
0.7 3.98107170553e-08 0.52221777 0.0057051982 0.95323926
0.7 5.01187233627e-07 0.5020016 0.016139046 0.91341926
0.7 5.01187233627e-08 0.5105063 0.0095191007 0.94383632
0.7 6.3095734448e-07 0.5060048 0.0049341015 0.93175347
0.7 6.3095734448e-08 0.50590354 0.013827836 0.95564201
0.7 7.94328234724e-07 0.50710426 0.0010648783 0.957724
0.7 7.94328234724e-08 0.50740889 0.01980586 0.93870889
0.7 1.5e-08 0.49727384 0.00085720516 0.93600015
0.7 1e-06 0.50875 7.0831514e-05 0.90779023
0.7 1e-08 0.51877817 0.00038198132 0.94885989
0.7 2.5e-08 0.51376239 0.0023515733 0.93856091
0.7 2e-06 0.50665599 2.9394294e-12 0.93514526
0.7 2e-08 0.51551163 0.0015439941 0.94240206
0.7 3e-06 0.50911719 2.3375814e-26 0.95512934
0.7 3e-08 0.5136541 0.0032894251 0.95391355
0.7 5e-08 0.50550826 0.0093178819 0.93390554
0.8 1e-06 0.31043422 1.8431089e-06 0.9741686
0.8 1e-07 0.30272035 0.037209665 0.90725818
0.8 1e-08 0.32065217 0.000652709 0.968386
0.8 1.25892541179e-06 0.3169672 2.8310197e-09 0.99974017
0.8 1.58489319246e-06 0.316609 3.1482243e-13 0.98112216
0.8 1.58489319246e-08 0.31641986 0.0017079895 0.92918117
0.8 1.99526231497e-06 0.30592817 5.434361e-20 0.99999631
0.8 1.99526231497e-07 0.3021148 0.049114019 0.95454089
0.8 1.99526231497e-08 0.30749298 0.0024447588 0.93744315
0.8 1e-06 0.31111594 1.3639149e-06 0.97534448
0.8 1e-07 0.30719656 0.034718619 0.94269286
0.8 2.51188643151e-06 0.30782609 1.9809486e-29 1
0.8 2.51188643151e-07 0.29560701 0.03781767 0.95395036
0.8 2.51188643151e-08 0.30775956 0.0042084952 0.96417841
0.8 3.16227766017e-06 0.30060817 1.2808111e-43 1
0.8 3.16227766017e-07 0.30935449 0.024731161 0.93983062
0.8 3.16227766017e-08 0.31836023 0.005824673 0.94718017
0.8 3.98107170553e-07 0.3137722 0.013479796 0.93494346
0.8 3.98107170553e-08 0.30213041 0.009673898 0.9460012
0.8 5.01187233627e-07 0.31570931 0.0036873966 0.97218809
0.8 5.01187233627e-08 0.31387808 0.013463364 0.91294164
0.8 6.3095734448e-07 0.30699088 0.00093585527 0.95135911
0.8 6.3095734448e-08 0.30787694 0.019909932 0.95011577
0.8 7.94328234724e-07 0.29776136 5.6724648e-05 0.91034091
0.8 7.94328234724e-08 0.3128528 0.029465722 0.9231914
0.8 1.5e-08 0.31176853 0.0014235148 0.93442837
0.8 1e-06 0.29806908 1.2879592e-06 0.92698164
0.8 1e-07 0.31164943 0.038115885 0.94503202
0.8 1e-08 0.31407035 0.00064694072 0.94113849
0.8 2.5e-08 0.3001194 0.0039055103 0.95106594
0.8 2e-06 0.31317755 1.7632906e-20 0.25889724
0.8 2e-08 0.31924153 0.0026594077 0.94651033
0.8 3e-06 0.32114261 1.1243496e-39 1
0.8 3e-08 0.31042855 0.0049624759 0.94704578
0.8 5e-07 0.31831395 0.0034610946 0.88506643
0.8 5e-08 0.30596206 0.014168867 0.93518944
0.9 1.25892541179e-06 0.42854073 5.837202e-06 0.95875616
0.9 1.58489319246e-06 0.42576792 1.8401228e-08 0.9917553
0.9 1.58489319246e-08 0.42976624 0.00080381454 0.93310705
0.9 1.99526231497e-06 0.43820464 2.0777544e-12 0.99999867
0.9 1.99526231497e-07 0.43438914 0.048286256 0.94958998
0.9 1.99526231497e-08 0.43190992 0.0013571939 0.93073843
0.9 1e-06 0.43909774 0.00014911985 0.92475377
0.9 1e-07 0.442226 0.024300896 0.93175315
0.9 2.51188643151e-06 0.43826498 1.102904e-17 0.71287802
0.9 2.51188643151e-07 0.4327335 0.049771471 0.93620921
0.9 2.51188643151e-08 0.42954594 0.0020078641 0.9354217
0.9 3.16227766017e-06 0.44197478 4.5698321e-25 0.99999938
0.9 3.16227766017e-07 0.43098652 0.044381603 0.91847904
0.9 3.16227766017e-08 0.45038494 0.0028395785 0.94322966
0.9 3.98107170553e-06 0.42783505 3.4496355e-38 0.047270766
0.9 3.98107170553e-07 0.43411514 0.030427666 0.91865801
0.9 3.98107170553e-08 0.44108178 0.0046774263 0.95431222
0.9 5.01187233627e-07 0.4334617 0.017772119 0.95044492
0.9 5.01187233627e-08 0.43920223 0.0075031085 0.94140871
0.9 6.3095734448e-07 0.42774813 0.0063329808 0.91304725
0.9 6.3095734448e-08 0.4318618 0.010541317 0.93022509
0.9 7.94328234724e-07 0.43055853 0.0015636132 0.9861181
0.9 7.94328234724e-08 0.44320617 0.015329969 0.95710345
0.9 1.5e-08 0.45354523 0.00071715222 0.93742245
0.9 1e-06 0.44440472 0.00017003545 0.92038552
0.9 1e-08 0.44154009 0.0003120572 0.91471046
0.9 2.5e-08 0.43748001 0.0019125468 0.93663501
0.9 2e-06 0.44000852 7.9641634e-12 0.99906181
0.9 2e-08 0.4370663 0.0012911128 0.92942196
0.9 3e-06 0.43584255 5.5629683e-23 0.99999969
0.9 3e-08 0.44369945 0.002832449 0.93953877
0.9 5e-08 0.43674053 0.0083525516 0.94690561
1 1.25892541179e-06 0.45540215 2.1195282e-06 0.95395447
1 1.58489319246e-06 0.4658844 1.2460748e-08 0.99160497
1 1.58489319246e-08 0.46227649 0.00084130976 0.93796074
1 1.99526231497e-06 0.45204282 9.1964183e-13 0.99460397
1 1.99526231497e-07 0.46535948 0.04880787 0.95315514
1 1.99526231497e-08 0.47521739 0.001203158 0.90256257
1 1e-06 0.47286149 7.878853e-05 0.93048495
1 1e-07 0.46675416 0.02452657 0.96577227
1 2.51188643151e-06 0.46676836 3.3039588e-18 0.99820132
1 2.51188643151e-07 0.45940078 0.044032019 0.93204146
1 2.51188643151e-08 0.4631694 0.0021649645 0.94967001
1 3.16227766017e-06 0.47301726 6.48812e-26 0.99999603
1 3.16227766017e-07 0.47202264 0.038546101 0.96961277
1 3.16227766017e-08 0.46352119 0.0030684127 0.94562187
1 3.98107170553e-06 0.4654498 1.0362168e-41 1
1 3.98107170553e-07 0.46984542 0.026049777 0.93175011
1 3.98107170553e-08 0.4679696 0.0049689636 0.93774246
1 5.01187233627e-07 0.46971678 0.015845459 0.94155508
1 5.01187233627e-08 0.45706128 0.0078228433 0.93254202
1 6.3095734448e-07 0.45733042 0.005238149 0.97323635
1 6.3095734448e-08 0.46676869 0.012414795 0.96700452
1 7.94328234724e-07 0.47395947 0.00083912177 0.95204311
1 7.94328234724e-08 0.44913962 0.017578354 0.94426603
1 1.5e-08 0.46669569 0.00077001357 0.92754136
1 1e-06 0.45917927 0.00011445978 0.92515164
1 1e-07 0.44492912 0.024591676 0.94151484
1 1e-08 0.4618782 0.0003359892 0.95701114
1 2.5e-08 0.46337926 0.0020278989 0.9446843
1 2e-06 0.46902364 2.6753505e-12 0.88610531
1 2e-08 0.46082497 0.0012719293 0.94016082
1 3e-06 0.46706783 1.0047182e-24 0.94925965
1 3e-08 0.46365399 0.0025676593 0.94722908
1 5e-07 0.47560688 0.014191859 0.95777885
1 5e-08 0.45824176 0.0068774011 0.94604908
1.1 1.25892541179e-06 0.46342532 1.6437342e-06 0.96536243
1.1 1.58489319246e-06 0.46743129 3.5978966e-09 0.99592861
1.1 1.58489319246e-08 0.45719252 0.00074542394 0.90880707
1.1 1.99526231497e-06 0.46640316 5.3432932e-13 0.9793676
1.1 1.99526231497e-07 0.47040905 0.047064976 0.95843918
1.1 1.99526231497e-08 0.47358036 0.0013726491 0.92098152
1.1 1e-06 0.46521265 4.7645273e-05 0.99277188
1.1 1e-07 0.47624285 0.025751513 0.94925698
1.1 2.51188643151e-06 0.45692308 3.5420253e-19 0.99999979
1.1 2.51188643151e-07 0.48273616 0.047401124 0.93982139
1.1 2.51188643151e-08 0.47499454 0.0021094719 0.91548994
1.1 3.16227766017e-06 0.47033063 6.4827093e-31 1
1.1 3.16227766017e-07 0.46426215 0.04033981 0.94592329
1.1 3.16227766017e-08 0.45428758 0.0029623351 0.93745318
1.1 3.98107170553e-06 0.46335079 4.6182153e-48 0.28571429
1.1 3.98107170553e-07 0.46904193 0.023302691 0.94933543
1.1 3.98107170553e-08 0.46105033 0.0046418821 0.92197141
1.1 5.01187233627e-07 0.47866988 0.012445924 0.91194007
1.1 5.01187233627e-08 0.47158218 0.0080678635 0.94735898
1.1 6.3095734448e-07 0.4670737 0.0042842707 0.96682054
1.1 6.3095734448e-08 0.45945355 0.011404229 0.94892827
1.1 7.94328234724e-07 0.45079642 0.0008275506 0.94570993
1.1 7.94328234724e-08 0.45524017 0.016622448 0.95687956
1.1 1e-06 0.47739602 5.0487445e-05 0.99580838
1.1 1e-08 0.46108878 0.00030161828 0.94128873
1.1 5e-08 0.47966594 0.0082339323 0.931295
1.2 1.25892541179e-06 0.45767544 2.4399963e-07 0.99979494
1.2 1.58489319246e-06 0.45705454 1.9484391e-10 0.9960636
1.2 1.58489319246e-08 0.45711111 0.0009530671 0.92443693
1.2 1.99526231497e-06 0.44333333 1.5736248e-15 0.99986672
1.2 1.99526231497e-07 0.45683374 0.044791144 0.93966195
1.2 1.99526231497e-08 0.46733112 0.0014906237 0.93243352
1.2 1e-06 0.45718109 1.5809441e-05 0.9749897
1.2 1e-07 0.44437101 0.026856555 0.94608274
1.2 2.51188643151e-06 0.46111478 2.1648061e-23 0.89355901
1.2 2.51188643151e-07 0.46808984 0.043378571 0.93437299
1.2 2.51188643151e-08 0.45134117 0.0025458092 0.94923078
1.2 3.16227766017e-06 0.44801762 9.7436922e-34 0.99999905
1.2 3.16227766017e-07 0.46878447 0.032510753 0.94409635
1.2 3.16227766017e-08 0.46102746 0.0037391584 0.917908
1.2 3.98107170553e-07 0.46563193 0.018590269 0.96501839
1.2 3.98107170553e-08 0.46502332 0.0054310367 0.91678693
1.2 5.01187233627e-07 0.44659116 0.0074514787 0.93118894
1.2 5.01187233627e-08 0.45926748 0.0084366733 0.95172832
1.2 6.3095734448e-07 0.44935179 0.0021548734 0.92605601
1.2 6.3095734448e-08 0.45246479 0.013091944 0.95216066
1.2 7.94328234724e-07 0.45756703 0.00026274366 0.9068747
1.2 7.94328234724e-08 0.45012165 0.018892834 0.94773069
1.2 1e-06 0.46190651 1.125147e-05 0.87888549
1.2 1e-07 0.46401766 0.02536624 0.94904685
1.2 1e-08 0.45813026 0.00037511543 0.93687725
1.2 5e-07 0.44892247 0.0095573888 0.92291449
1.2 5e-08 0.45769764 0.0087160167 0.94686954
1.3 1.25892541179e-06 0.45167923 9.6809259e-09 0.99833767
1.3 1.58489319246e-06 0.44306987 1.7528968e-12 0.98177114
1.3 1.58489319246e-08 0.45190105 0.0010726964 0.92085026
1.3 1.99526231497e-06 0.44555809 7.0941991e-20 0.98598592
1.3 1.99526231497e-07 0.43947008 0.040970584 0.95873594
1.3 1.99526231497e-08 0.45880746 0.0017973048 0.93557694
1.3 1e-06 0.43777218 1.7093846e-06 0.94625109
1.3 1e-07 0.45665002 0.027723501 0.95667543
1.3 2.51188643151e-06 0.44332953 3.4772194e-29 0.9999697
1.3 2.51188643151e-07 0.43874513 0.034562121 0.93960024
1.3 2.51188643151e-08 0.44552661 0.0029378942 0.93349948
1.3 3.16227766017e-07 0.44256293 0.024326621 0.94814065
1.3 3.16227766017e-08 0.43497143 0.0047540974 0.9490971
1.3 3.98107170553e-07 0.44800733 0.014068053 0.98194354
1.3 3.98107170553e-08 0.4547939 0.0073873642 0.94731472
1.3 5.01187233627e-07 0.44754768 0.0053424397 0.93818564
1.3 5.01187233627e-08 0.43499088 0.010433302 0.95177422
1.3 6.3095734448e-07 0.44779529 0.00090622577 0.93955004
1.3 6.3095734448e-08 0.44333182 0.016109682 0.94452012
1.3 7.94328234724e-07 0.44813467 7.5512016e-05 0.93460818
1.3 7.94328234724e-08 0.44966751 0.021279417 0.96755382
1.3 1.5e-07 0.45265707 0.042599323 0.93945881
1.3 1e-06 0.45179692 1.7157757e-06 0.91426676
1.3 1e-07 0.45289275 0.03017411 0.93449432
1.3 2e-08 0.43842616 0.001840482 0.92467333
1.3 5e-07 0.43719745 0.0046309736 0.96727915
1.3 5e-08 0.44039207 0.01017533 0.94552886
1.3 7e-07 0.44688803 0.00034679001 0.89135498
1.3 8e-08 0.45548607 0.023001613 0.94075941
1.4 1.25892541179e-06 0.42853664 2.0165842e-11 0.99999393
1.4 1.58489319246e-06 0.42758621 9.0088515e-16 0.97233664
1.4 1.58489319246e-08 0.44257426 0.0015265011 0.92449732
1.4 1.99526231497e-06 0.44561489 9.4336142e-24 1
1.4 1.99526231497e-07 0.4450725 0.035723882 0.93481625
1.4 1.99526231497e-08 0.44303178 0.0026604889 0.94098697
1.4 1e-06 0.43462292 7.2092686e-08 0.94910461
1.4 1e-07 0.42727049 0.033946984 0.93992708
1.4 2.51188643151e-06 0.43637706 2.990151e-35 0.96383396
1.4 2.51188643151e-07 0.41838509 0.030721467 0.95744266
1.4 2.51188643151e-08 0.45067985 0.0034742218 0.93001321
1.4 3.16227766017e-07 0.42931034 0.020455485 0.97007263
1.4 3.16227766017e-08 0.44607356 0.0054241732 0.91766047
1.4 3.98107170553e-07 0.42710934 0.0081585346 0.97259478
1.4 3.98107170553e-08 0.44688735 0.0076636231 0.90410738
1.4 5.01187233627e-07 0.44045276 0.0014183692 0.93027981
1.4 5.01187233627e-08 0.42909806 0.012773315 0.9463153
1.4 6.3095734448e-07 0.43608095 0.00025562192 0.94386325
1.4 6.3095734448e-08 0.43457828 0.019213473 0.95092622
1.4 7.94328234724e-07 0.4424932 5.0819326e-06 0.91301935
1.4 7.94328234724e-08 0.44471805 0.024475532 0.94767263
1.4 1.5e-07 0.43287841 0.040368904 0.95056957
1.4 1e-06 0.44071341 5.940222e-08 0.8857567
1.4 1e-07 0.44206114 0.034363027 0.92801132
1.4 2e-08 0.42696489 0.0022080765 0.9453146
1.4 5e-07 0.42843065 0.0016791138 0.94483919
1.4 5e-08 0.42496552 0.012319256 0.9378349
1.4 7e-07 0.42780232 6.2035301e-05 0.96293255
1.4 8e-08 0.43165761 0.025649712 0.92232761
1.5 1.25892541179e-06 0.42834604 1.1636922e-13 0.98236421
1.5 1.58489319246e-06 0.41039236 8.317017e-21 0.99999999
1.5 1.58489319246e-08 0.41380229 0.0017455279 0.91977105
1.5 1.99526231497e-06 0.41371032 4.5399129e-32 0.99999999
1.5 1.99526231497e-07 0.41298633 0.032114199 0.949231
1.5 1.99526231497e-08 0.42446043 0.003111991 0.92407458
1.5 1e-06 0.42153765 6.2369479e-10 0.99995354
1.5 1e-07 0.41017488 0.03388661 0.93024754
1.5 2.51188643151e-06 0.425 8.6767707e-48 1
1.5 2.51188643151e-07 0.41430499 0.021009832 0.94197858
1.5 2.51188643151e-08 0.42120885 0.0042750653 0.91976741
1.5 3.16227766017e-07 0.42417815 0.0099051867 0.9739531
1.5 3.16227766017e-08 0.42647059 0.0072280507 0.94276125
1.5 3.98107170553e-07 0.41231096 0.0028473791 0.94663586
1.5 3.98107170553e-08 0.4153517 0.011829226 0.94413298
1.5 5.01187233627e-07 0.42845745 0.00050637831 0.89286146
1.5 5.01187233627e-08 0.42020419 0.015381769 0.93261235
1.5 6.3095734448e-07 0.43291876 3.9978697e-05 0.97550686
1.5 6.3095734448e-08 0.43057392 0.022552021 0.94123881
1.5 7.94328234724e-07 0.42841852 8.37594e-07 0.7601296
1.5 7.94328234724e-08 0.43467742 0.02888165 0.96639722
1.5 1e-06 0.42604712 3.2935916e-09 0.99999995
1.5 1e-07 0.43197051 0.038754794 0.92520403
1.5 1e-08 0.42577778 0.00073350327 0.94838372
1.5 5e-07 0.42420256 0.00049832161 0.95707095
1.5 5e-08 0.40979381 0.01524945 0.93291854
1.6 1.25892541179e-06 0.42339602 2.8462262e-16 1
1.6 1.58489319246e-06 0.41861731 2.1892541e-25 0.99985783
1.6 1.58489319246e-08 0.41515069 0.0020779263 0.94453493
1.6 1.99526231497e-06 0.41561988 8.7788918e-36 1
1.6 1.99526231497e-07 0.4125817 0.027843189 0.95540689
1.6 1.99526231497e-08 0.41071429 0.0031648324 0.91133519
1.6 1e-06 0.4162103 5.498779e-11 0.53762945
1.6 1e-07 0.41155628 0.037733272 0.96399195
1.6 2.51188643151e-07 0.42293297 0.019240467 0.9330331
1.6 2.51188643151e-08 0.41767289 0.004568104 0.94836156
1.6 3.16227766017e-07 0.41098901 0.0059758834 0.95124532
1.6 3.16227766017e-08 0.42949932 0.0081898679 0.90009758
1.6 3.98107170553e-07 0.40952116 0.0021627553 0.92567163
1.6 3.98107170553e-08 0.41020742 0.0115925 0.95373463
1.6 5.01187233627e-07 0.42032144 0.00027349503 0.94420697
1.6 5.01187233627e-08 0.41730349 0.0146366 0.932847
1.6 6.3095734448e-07 0.42034179 1.2635068e-05 0.99457202
1.6 6.3095734448e-08 0.41896693 0.023343893 0.94766842
1.6 7.94328234724e-07 0.4226158 4.0567611e-08 0.83876341
1.6 7.94328234724e-08 0.40628445 0.031580211 0.93342772
1.6 1.5e-07 0.42245335 0.04145894 0.95007576
1.6 1e-07 0.4198442 0.036378207 0.93528319
1.6 5e-07 0.42919885 0.00026969436 0.973833
1.6 5e-08 0.41658972 0.016465511 0.94135483
1.6 7e-07 0.41887367 8.7576883e-07 0.95248081
1.6 8e-08 0.41507122 0.032752379 0.94655097
1.7 1.25892541179e-06 0.42075418 4.0423242e-18 0.84099913
1.7 1.58489319246e-06 0.41885109 1.7637598e-30 1
1.7 1.58489319246e-08 0.38180296 0.0024264856 0.92726372
1.7 1.99526231497e-06 0.40803145 8.7665541e-46 1
1.7 1.99526231497e-07 0.41046676 0.025524213 0.94017647
1.7 1.99526231497e-08 0.40253879 0.0035439266 0.94063952
1.7 1e-06 0.41124096 2.7289787e-12 0.99810292
1.7 1e-07 0.43032672 0.033044084 0.95892422
1.7 2.51188643151e-07 0.40939786 0.01227218 0.93954676
1.7 2.51188643151e-08 0.40173088 0.0060024109 0.91147619
1.7 3.16227766017e-07 0.41011236 0.0043129105 0.95149479
1.7 3.98107170553e-07 0.40841866 0.00087539746 0.94203342
1.7 3.98107170553e-08 0.41885842 0.012151215 0.94355894
1.7 5.01187233627e-07 0.39160045 8.6237564e-05 0.97433091
1.7 5.01187233627e-08 0.40205899 0.02019956 0.90405396
1.7 6.3095734448e-07 0.4015411 2.0221467e-06 0.93607612
1.7 6.3095734448e-08 0.42155487 0.025240375 0.94401923
1.7 7.94328234724e-07 0.40894931 8.7941663e-09 0.99682683
1.7 7.94328234724e-08 0.41657175 0.029010809 0.94438656
1.7 1.5e-07 0.40662735 0.03498233 0.93597257
1.7 1e-07 0.41693673 0.037028092 0.95551428
1.7 5e-07 0.40835787 0.00011336903 0.96971356
1.7 5e-08 0.41878882 0.018375841 0.97140075
1.7 7e-07 0.40500077 2.7040395e-07 0.92567068
1.7 8e-08 0.40837989 0.033258369 0.92678048
1.8 1.25892541179e-06 0.4099692 2.131328e-19 0.99848807
1.8 1.58489319246e-06 0.43055942 1.0134574e-29 0.99972946
1.8 1.58489319246e-08 0.42837157 0.002257358 0.94395124
1.8 1.99526231497e-06 0.42161254 2.5308976e-46 1
1.8 1.99526231497e-07 0.4279649 0.021810567 0.96619305
1.8 1.99526231497e-08 0.41261462 0.0037902017 0.91529189
1.8 1e-06 0.40684624 5.8029772e-13 0.99998885
1.8 1e-07 0.40780241 0.037517768 0.94239079
1.8 2.51188643151e-07 0.41607699 0.010900692 0.96697527
1.8 2.51188643151e-08 0.41024214 0.0062025277 0.92922451
1.8 3.16227766017e-07 0.41782343 0.0039949126 0.96326701
1.8 3.16227766017e-08 0.42008253 0.010111068 0.96865391
1.8 3.98107170553e-07 0.42857143 0.00070946933 0.90165239
1.8 3.98107170553e-08 0.40778295 0.01190149 0.93896918
1.8 5.01187233627e-07 0.43217489 5.071051e-05 0.90091061
1.8 5.01187233627e-08 0.41953385 0.020885937 0.94740142
1.8 6.3095734448e-07 0.40976413 1.0151232e-06 0.97888706
1.8 6.3095734448e-08 0.42331288 0.025947834 0.93852486
1.8 7.94328234724e-07 0.43031989 3.1266152e-09 0.80297024
1.8 7.94328234724e-08 0.41077348 0.030599448 0.93838522
1.8 1.5e-07 0.41013695 0.034447728 0.93977229
1.8 1e-07 0.40573828 0.036760501 0.94225176
1.8 5e-07 0.42271824 4.2135691e-05 0.985293
1.8 5e-08 0.41666667 0.019845477 0.92459838
1.8 7e-07 0.41060535 1.0010825e-07 0.94936774
1.8 8e-08 0.4243604 0.030211776 0.93059522
1.9 1.25892541179e-06 0.42895659 1.4105859e-19 1
1.9 1.58489319246e-06 0.41054313 8.0645212e-30 1
1.9 1.58489319246e-08 0.43870095 0.002169995 0.92829136
1.9 1.99526231497e-06 0.43204012 3.2528614e-47 1
1.9 1.99526231497e-07 0.4270241 0.022113229 0.95838012
1.9 1.99526231497e-08 0.44600054 0.0034108946 0.93882294
1.9 1e-06 0.43734907 1.0687372e-13 0.96004374
1.9 1e-07 0.43852569 0.03597585 0.923792
1.9 2.51188643151e-07 0.43609023 0.011182603 0.96858614
1.9 2.51188643151e-08 0.44149512 0.0056884134 0.93032905
1.9 3.16227766017e-07 0.42554319 0.0033398153 0.9706622
1.9 3.16227766017e-08 0.43320915 0.0077442165 0.90364003
1.9 3.98107170553e-07 0.42089633 0.00052840338 0.80025354
1.9 3.98107170553e-08 0.42933333 0.01307735 0.95550267
1.9 5.01187233627e-07 0.43470149 6.7520833e-05 0.95298923
1.9 5.01187233627e-08 0.4395811 0.018881573 0.93028741
1.9 6.3095734448e-07 0.43892007 1.0194946e-06 0.85387247
1.9 6.3095734448e-08 0.43667653 0.023092992 0.9244123
1.9 7.94328234724e-07 0.43000815 2.5183763e-09 0.9894526
1.9 7.94328234724e-08 0.44154402 0.032438178 0.94989346
1.9 1.5e-07 0.42356391 0.033137755 0.94654216
1.9 1e-07 0.43402675 0.035400211 0.95650325
1.9 5e-07 0.42571128 6.5315724e-05 0.99061779
1.9 5e-08 0.44277674 0.017829937 0.91785577
1.9 7e-07 0.42694979 1.1394738e-07 0.9999358
1.9 8e-08 0.43590429 0.030459839 0.94528741
2 1.25892541179e-06 0.41678054 6.3137837e-23 1
2 1.58489319246e-06 0.4139726 3.6841194e-34 1
2 1.58489319246e-08 0.42690217 0.0027853055 0.91823669
2 1.99526231497e-07 0.42892426 0.016994563 0.91281291
2 1.99526231497e-08 0.41614054 0.0039743712 0.90144274
2 1e-06 0.41249662 2.4412691e-15 0.99999319
2 1e-07 0.43258118 0.035987254 0.92578896
2 2.51188643151e-07 0.42903575 0.00674944 0.93469767
2 2.51188643151e-08 0.42951542 0.0061915007 0.95087419
2 3.16227766017e-07 0.42535898 0.0019819442 0.95123005
2 3.16227766017e-08 0.43211237 0.0098708939 0.94695048
2 3.98107170553e-07 0.43348562 0.00029146877 0.9199279
2 3.98107170553e-08 0.43289329 0.013929603 0.93797273
2 5.01187233627e-07 0.42379386 1.5468763e-05 0.99972975
2 5.01187233627e-08 0.42072678 0.018631882 0.89968513
2 6.3095734448e-07 0.42063708 2.9846601e-07 0.99622844
2 6.3095734448e-08 0.42504744 0.021858779 0.9454088
2 7.94328234724e-07 0.43600218 2.1344033e-10 0.99983723
2 7.94328234724e-08 0.43748297 0.031803123 0.94692454
2.1 1.58489319246e-08 0.4225017 0.0028106756 0.94391932
2.1 1.99526231497e-08 0.42411924 0.0045407966 0.94292519
2.1 1e-07 0.42023777 0.033768738 0.94038988
2.1 2.51188643151e-08 0.43412116 0.0069255176 0.92483544
2.1 3.16227766017e-08 0.41655396 0.0097561682 0.95203177
2.1 3.98107170553e-08 0.42772224 0.014525431 0.94435445
2.1 5.01187233627e-08 0.42396313 0.019269662 0.94907431
2.1 6.3095734448e-08 0.41682706 0.026209081 0.93897506
2.1 7.94328234724e-08 0.42686981 0.029814511 0.92511453
2.1 1.5e-07 0.41001374 0.026808681 0.96438726
2.1 1e-07 0.41405653 0.03202935 0.90517111
2.1 5e-07 0.42121254 5.9026691e-06 0.99402949
2.1 5e-08 0.40638269 0.020549943 0.92596831
2.1 7e-07 0.41816174 1.9208123e-09 0.89018869
2.1 8e-08 0.42295576 0.03233435 0.95003009
2.2 1.58489319246e-08 0.40106353 0.0030808935 0.93387905
2.2 1.99526231497e-08 0.41908941 0.0042875902 0.92953826
2.2 1e-07 0.4099026 0.034177621 0.96346451
2.2 2.51188643151e-08 0.39501779 0.0065152352 0.92868027
2.2 3.16227766017e-08 0.41462084 0.010018839 0.93058206
2.2 3.98107170553e-08 0.40627536 0.014459144 0.93458774
2.2 5.01187233627e-08 0.40809628 0.020921343 0.91577846
2.2 6.3095734448e-08 0.40316853 0.028364089 0.92946165
2.2 7.94328234724e-08 0.41682653 0.033082668 0.94929704
2.2 1.5e-07 0.40137646 0.023793117 0.95719155
2.2 1e-07 0.41622819 0.033660597 0.93261012
2.2 5e-07 0.40124488 3.0454332e-06 0.92145892
2.2 5e-08 0.41083892 0.02260285 0.93758315
2.2 7e-07 0.41490838 1.7770023e-10 0.99993931
2.2 8e-08 0.41918982 0.03299391 0.94840313
2 1e-06 0.41297631 7.4527627e-15 1
2 1e-07 0.42330031 0.030586707 0.94635028
2 1e-08 0.42861035 0.00093443462 0.92862905
2 5e-07 0.41491086 2.9624064e-05 0.98070548
2 5e-08 0.41641421 0.017908233 0.97241806
